Vehicle_label,Road_order,Total_time,Leading_vehicles,Stopped_time,Stop_while_front,Round_number
0,"[2, 1]",36.45000000000007,"[-999, -999]","[0, 0]","[0, 0]",1
1,"[2, 3]",70.34999999999815,"[0, -999]","[1.850000000000001, 0]","[0, 0]",1
2,"[0, 3]",107.04999999999606,"[-999, 17]","[0, 0]","[2.799999999999998, 0]",1
3,"[0, 3]",110.44999999999587,"[2, 2]","[1.950000000000001, 0]","[0, 0]",1
4,"[0, 3]",113.89999999999567,"[3, 3]","[4.499999999999992, 0]","[0, 0]",1
5,"[2, 3]",71.1999999999981,"[1, 1]","[0.05, 0]","[0, 0]",1
6,"[2, 3]",75.29999999999787,"[5, 5]","[2.25, 0]","[0, 0]",1
7,"[0, 3]",120.09999999999532,"[4, 28]","[6.449999999999985, 0.05]","[2.0500000000000007, 0]",1
8,"[0, 1]",91.39999999999695,"[7, -999]","[6.999999999999983, 0]","[0, 0]",1
9,"[0, 1]",95.19999999999673,"[8, 8]","[9.600000000000001, 0]","[0, 0]",1
10,"[0, 1]",103.44999999999627,"[9, 34]","[14.650000000000073, 0]","[2.3999999999999995, 0]",1
11,"[2, 3]",73.64999999999796,"[6, 6]","[0.05, 0]","[0, 0]",1
12,"[2, 1]",45.59999999999955,"[11, -999]","[1.950000000000001, 0]","[0, 0]",1
13,"[0, 3]",135.29999999999652,"[10, 35]","[12.200000000000038, 0]","[0, 0]",1
14,"[2, 3]",75.49999999999785,"[12, 11]","[2.799999999999998, 0]","[0, 0]",1
15,"[2, 3]",79.64999999999762,"[14, 14]","[5.04999999999999, 0]","[0, 0]",1
16,"[0, 1]",106.19999999999611,"[13, 10]","[12.100000000000037, 0]","[0, 0]",1
17,"[2, 3]",81.89999999999749,"[15, 15]","[5.899999999999987, 0]","[0, 0]",1
18,"[0, 1]",108.59999999999597,"[16, 16]","[13.400000000000055, 0]","[0, 0]",1
19,"[0, 1]",112.34999999999576,"[18, 18]","[16.050000000000093, 0]","[0, 0]",1
20,"[0, 3]",145.99999999999895,"[19, 42]","[18.70000000000013, 0]","[0, 0]",1
21,"[0, 1]",119.84999999999533,"[20, 43]","[21.300000000000168, 0]","[0, 0]",1
22,"[0, 1]",128.54999999999498,"[21, 45]","[26.550000000000242, 0]","[2.5999999999999988, 0]",1
23,"[2, 1]",46.29999999999951,"[17, 12]","[1.4000000000000006, 0]","[0, 0]",1
24,"[0, 1]",130.14999999999534,"[22, 22]","[25.250000000000224, 0]","[0, 0]",1
25,"[0, 3]",163.50000000000293,"[24, 20]","[27.90000000000026, 0]","[0, 0]",1
26,"[0, 3]",168.50000000000406,"[25, 25]","[30.5000000000003, 0]","[0, 0]",1
27,"[2, 1]",45.54999999999955,"[23, 23]","[0.05, 0]","[0, 0]",1
28,"[2, 3]",86.64999999999722,"[27, 4]","[8.649999999999988, 0]","[6.649999999999984, 0]",1
29,"[2, 3]",95.29999999999673,"[28, 7]","[4.249999999999993, 0]","[0, 0]",1
30,"[0, 1]",138.49999999999724,"[26, 52]","[29.10000000000028, 0]","[0, 0]",1
31,"[0, 1]",142.19999999999808,"[30, 30]","[31.750000000000316, 0]","[0, 0]",1
32,"[0, 1]",145.89999999999893,"[31, 31]","[34.350000000000186, 0]","[0, 0]",1
33,"[0, 3]",179.7000000000066,"[32, 53]","[37.000000000000036, 0]","[0, 0]",1
34,"[2, 1]",67.19999999999833,"[29, 9]","[13.00000000000005, 0]","[0, 0]",1
35,"[2, 3]",99.09999999999651,"[34, 29]","[22.350000000000183, 0]","[0.35, 0]",1
36,"[0, 3]",181.95000000000712,"[33, 33]","[36.95000000000004, 0]","[0, 0]",1
37,"[0, 1]",155.9000000000012,"[36, 58]","[39.59999999999989, 0]","[0, 0]",1
38,"[0, 1]",159.50000000000202,"[37, 37]","[42.19999999999974, 0]","[0, 0]",1
39,"[2, 3]",105.69999999999614,"[35, 13]","[20.500000000000156, 0]","[0, 0]",1
40,"[0, 1]",166.25000000000355,"[38, 61]","[46.99999999999947, 0]","[2.499999999999999, 0]",1
41,"[0, 3]",198.950000000011,"[40, 59]","[47.64999999999943, 0]","[0, 0]",1
42,"[2, 3]",106.99999999999606,"[39, 39]","[17.650000000000116, 0]","[0, 0]",1
43,"[2, 1]",85.64999999999728,"[42, 19]","[18.200000000000124, 0]","[0, 0]",1
44,"[0, 1]",170.65000000000455,"[41, 62]","[47.94999999999941, 0]","[0, 0]",1
45,"[2, 1]",93.84999999999681,"[43, 21]","[20.600000000000158, 0.05]","[3.099999999999997, 0]",1
46,"[0, 1]",179.00000000000645,"[44, 66]","[52.09999999999918, 0.05]","[2.6499999999999986, 0]",1
47,"[0, 3]",210.10000000001352,"[46, 41]","[52.34999999999916, 0]","[0, 0]",1
48,"[0, 1]",183.90000000000757,"[47, 67]","[55.149999999999004, 0]","[0, 0]",1
49,"[0, 1]",192.10000000000943,"[48, 68]","[60.5499999999987, 0]","[2.5999999999999988, 0]",1
50,"[0, 1]",201.2500000000115,"[49, 69]","[62.79999999999857, 0.05]","[2.1000000000000005, 0]",1
51,"[0, 1]",209.00000000001327,"[50, 70]","[65.74999999999841, 0.05]","[2.25, 0]",1
52,"[2, 1]",98.39999999999655,"[45, 24]","[17.100000000000108, 0]","[6.5999999999999845, 0]",1
53,"[2, 3]",138.09999999999715,"[52, 26]","[14.150000000000066, 0]","[3.149999999999997, 0]",1
54,"[0, 1]",208.2500000000131,"[51, 51]","[63.69999999999852, 0]","[0, 0]",1
55,"[2, 1]",120.99999999999527,"[53, 32]","[17.050000000000107, 0]","[6.549999999999985, 0]",1
56,"[0, 3]",239.55000000002022,"[54, 75]","[65.24999999999844, 0]","[0, 0]",1
57,"[0, 1]",214.25000000001447,"[56, 54]","[68.69999999999824, 0]","[0, 0]",1
58,"[2, 1]",121.29999999999525,"[55, 55]","[8.649999999999988, 0]","[0, 0]",1
59,"[2, 3]",157.00000000000145,"[58, 36]","[9.45, 0]","[0, 0]",1
60,"[0, 3]",245.50000000002157,"[57, 56]","[69.4999999999982, 0]","[0, 0]",1
61,"[2, 1]",133.64999999999614,"[59, 38]","[8.949999999999992, 0]","[0, 0]",1
62,"[2, 1]",141.69999999999797,"[61, 40]","[11.60000000000003, 0]","[0, 0]",1
63,"[0, 1]",217.9500000000153,"[60, 57]","[69.69999999999818, 0]","[0, 0]",1
64,"[0, 1]",221.75000000001617,"[63, 63]","[72.54999999999802, 0]","[0, 0]",1
65,"[0, 1]",225.50000000001702,"[64, 64]","[77.04999999999777, 0]","[0, 0]",1
66,"[2, 1]",146.6999999999991,"[62, 44]","[11.350000000000026, 0]","[0, 0]",1
67,"[2, 1]",153.95000000000076,"[66, 46]","[17.90000000000012, 0]","[0, 0]",1
68,"[2, 1]",162.40000000000268,"[67, 48]","[22.80000000000019, 0]","[0, 0]",1
69,"[2, 1]",170.10000000000443,"[68, 49]","[35.65000000000011, 0]","[0, 0]",1
70,"[2, 1]",177.55000000000612,"[69, 50]","[41.399999999999785, 0]","[0, 0]",1
71,"[0, 3]",252.45000000002315,"[65, 60]","[80.0499999999976, 0]","[0, 0]",1
72,"[0, 3]",257.40000000002425,"[71, 71]","[83.84999999999738, 0]","[0, 0]",1
73,"[0, 1]",231.5500000000184,"[72, 65]","[86.69999999999722, 0]","[0, 0]",1
74,"[0, 1]",235.25000000001924,"[73, 73]","[89.24999999999707, 0]","[0, 0]",1
75,"[2, 3]",205.5500000000125,"[70, 47]","[41.49999999999978, 0]","[0, 0]",1
76,"[0, 1]",237.6500000000198,"[74, 74]","[90.94999999999698, 0]","[0, 0]",1
77,"[0, 1]",241.35000000002063,"[76, 76]","[94.59999999999677, 0]","[0, 0]",1
78,"[0, 3]",274.95000000002824,"[77, 72]","[100.54999999999643, 0]","[0, 0]",1
79,"[0, 3]",279.9500000000294,"[78, 78]","[107.74999999999602, 0]","[0, 0]",1
0,"[0, 1]",75.34999999999786,"[-999, 17]","[0, 0.05]","[3.399999999999996, 0]",2
1,"[0, 1]",77.39999999999775,"[0, 0]","[1.950000000000001, 0]","[0, 0]",2
2,"[2, 3]",67.79999999999829,"[-999, -999]","[0, 0]","[0, 0]",2
3,"[0, 1]",84.29999999999735,"[1, 18]","[5.649999999999988, 0]","[2.499999999999999, 0]",2
4,"[0, 1]",87.24999999999719,"[3, 3]","[5.749999999999988, 0]","[0, 0]",2
5,"[0, 3]",120.4999999999953,"[4, 19]","[8.349999999999984, 0]","[0, 0]",2
6,"[0, 1]",94.84999999999675,"[5, 20]","[10.95000000000002, 0]","[0, 0]",2
7,"[2, 3]",69.09999999999822,"[2, 2]","[0.05, 0]","[0, 0]",2
8,"[0, 3]",128.649999999995,"[6, 21]","[12.250000000000039, 0]","[0, 0]",2
9,"[2, 1]",37.79999999999999,"[7, -999]","[0.49999999999999994, 0]","[0, 0]",2
10,"[2, 3]",73.049999999998,"[9, 7]","[2.6999999999999984, 0]","[0, 0]",2
11,"[0, 1]",100.09999999999646,"[8, 25]","[12.200000000000038, 0]","[0, 0]",2
12,"[2, 3]",76.29999999999781,"[10, 10]","[3.599999999999995, 0]","[0, 0]",2
13,"[2, 1]",44.29999999999962,"[12, 9]","[5.849999999999987, 0]","[0, 0]",2
14,"[0, 1]",106.94999999999607,"[11, 29]","[14.000000000000064, 0.05]","[1.900000000000001, 0]",2
15,"[0, 3]",140.39999999999768,"[14, 31]","[14.750000000000075, 0]","[0, 0]",2
16,"[0, 3]",150.09999999999988,"[15, 34]","[19.45000000000014, 0.05]","[2.0500000000000007, 0]",2
17,"[2, 1]",44.749999999999595,"[13, 13]","[3.999999999999994, 0]","[0, 0]",2
18,"[2, 1]",60.4499999999987,"[17, 1]","[12.850000000000048, 0.05]","[6.5999999999999845, 0]",2
19,"[2, 3]",91.74999999999693,"[18, 12]","[8.449999999999985, 0]","[0, 0]",2
20,"[2, 1]",71.04999999999811,"[19, 4]","[18.70000000000013, 0]","[0.44999999999999996, 0]",2
21,"[2, 3]",105.29999999999616,"[20, 5]","[26.050000000000235, 0]","[0.05, 0]",2
22,"[0, 3]",146.89999999999915,"[16, 16]","[13.300000000000054, 0]","[0, 0]",2
23,"[0, 1]",119.09999999999538,"[22, -999]","[15.900000000000091, 0]","[0, 0]",2
24,"[0, 3]",154.25000000000082,"[23, 38]","[18.55000000000013, 0]","[0, 0]",2
25,"[2, 1]",74.49999999999791,"[21, 6]","[25.950000000000234, 0]","[0, 0]",2
26,"[0, 1]",126.09999999999498,"[24, 41]","[19.850000000000147, 0]","[0, 0]",2
27,"[0, 1]",129.84999999999528,"[26, 26]","[22.500000000000185, 0]","[0, 0]",2
28,"[0, 3]",165.80000000000345,"[27, 46]","[25.10000000000022, 0]","[0, 0]",2
29,"[2, 1]",81.04999999999754,"[25, 11]","[21.800000000000175, 0]","[0, 0]",2
30,"[0, 3]",173.75000000000526,"[28, 47]","[28.50000000000027, 0.05]","[2.1000000000000005, 0]",2
31,"[2, 3]",112.24999999999577,"[29, 8]","[20.900000000000162, 0]","[0, 0]",2
32,"[0, 3]",175.95000000000576,"[30, 30]","[27.70000000000026, 0]","[0, 0]",2
33,"[0, 1]",150.1999999999999,"[32, 49]","[30.300000000000296, 0]","[0, 0]",2
34,"[2, 3]",120.3999999999953,"[31, 15]","[18.950000000000134, 0]","[0, 0]",2
35,"[0, 3]",181.9000000000071,"[33, 32]","[31.600000000000314, 0]","[0, 0]",2
36,"[0, 1]",155.8500000000012,"[35, 51]","[34.25000000000019, 0]","[0, 0]",2
37,"[0, 3]",189.70000000000888,"[36, 35]","[36.90000000000004, 0]","[0, 0]",2
38,"[2, 3]",130.24999999999537,"[34, 22]","[17.95000000000012, 0.05]","[2.25, 0]",2
39,"[0, 1]",167.15000000000376,"[37, 54]","[40.49999999999984, 0]","[2.3499999999999996, 0]",2
40,"[0, 3]",201.75000000001162,"[39, 55]","[40.79999999999982, 0]","[0, 0]",2
41,"[2, 1]",99.49999999999649,"[38, 23]","[13.950000000000063, 0]","[0, 0]",2
42,"[0, 1]",174.00000000000531,"[40, 39]","[42.099999999999746, 0]","[0, 0]",2
43,"[0, 1]",177.75000000000617,"[42, 42]","[44.749999999999595, 0]","[0, 0]",2
44,"[2, 3]",132.89999999999597,"[41, 24]","[12.150000000000038, 0]","[0, 0]",2
45,"[0, 1]",184.5500000000077,"[43, 59]","[48.39999999999939, 0]","[2.3999999999999995, 0]",2
46,"[2, 3]",135.94999999999666,"[44, 44]","[11.60000000000003, 0]","[0, 0]",2
47,"[2, 3]",145.44999999999882,"[46, 28]","[12.450000000000042, 0]","[0, 0]",2
48,"[2, 1]",117.34999999999548,"[47, 27]","[15.200000000000081, 0]","[0, 0]",2
49,"[2, 1]",122.39999999999519,"[48, 48]","[17.30000000000011, 0]","[0, 0]",2
50,"[0, 3]",211.95000000001394,"[45, 57]","[43.24999999999968, 0]","[0, 0]",2
51,"[2, 1]",130.94999999999553,"[49, 33]","[18.65000000000013, 0]","[0, 0]",2
52,"[0, 1]",185.15000000000785,"[50, 64]","[45.69999999999954, 0]","[0, 0]",2
53,"[2, 1]",139.29999999999742,"[51, 36]","[23.000000000000192, 0.05]","[3.2499999999999964, 0]",2
54,"[2, 1]",141.14999999999785,"[53, 53]","[23.300000000000196, 0]","[0, 0]",2
55,"[2, 3]",175.15000000000558,"[54, 37]","[30.00000000000029, 0]","[0, 0]",2
56,"[0, 1]",184.80000000000777,"[52, 52]","[44.6499999999996, 0]","[0, 0]",2
57,"[2, 3]",184.4500000000077,"[55, 40]","[33.95000000000021, 0]","[0, 0]",2
58,"[0, 3]",219.55000000001567,"[56, 74]","[45.649999999999544, 0]","[0, 0]",2
59,"[2, 1]",161.75000000000253,"[57, 43]","[36.05000000000009, 0]","[0, 0]",2
60,"[0, 1]",192.50000000000952,"[58, 76]","[46.849999999999476, 0]","[0, 0]",2
61,"[0, 1]",195.60000000001023,"[60, 60]","[49.39999999999933, 0]","[0, 0]",2
62,"[0, 3]",231.9500000000185,"[61, 78]","[52.44999999999916, 0]","[0, 0]",2
63,"[0, 3]",235.85000000001938,"[62, 62]","[55.44999999999899, 0]","[0, 0]",2
64,"[2, 1]",163.95000000000303,"[59, 45]","[36.95000000000004, 0]","[0, 0]",2
65,"[0, 3]",238.25000000001992,"[63, 63]","[57.399999999998876, 0]","[0, 0]",2
66,"[0, 3]",242.00000000002078,"[65, 65]","[64.59999999999847, 0]","[0, 0]",2
67,"[0, 3]",245.75000000002163,"[66, 66]","[69.59999999999819, 0]","[0, 0]",2
68,"[0, 3]",249.50000000002248,"[67, 67]","[73.49999999999797, 0]","[0, 0]",2
69,"[2, 3]",192.9000000000096,"[64, 50]","[35.00000000000015, 0]","[0, 0]",2
70,"[0, 3]",251.90000000002303,"[68, 68]","[75.54999999999785, 0]","[0, 0]",2
71,"[0, 1]",225.20000000001696,"[70, -999]","[78.74999999999767, 0]","[0, 0]",2
72,"[0, 1]",228.9500000000178,"[71, 71]","[81.99999999999748, 0]","[0, 0]",2
73,"[0, 3]",262.8000000000255,"[72, 70]","[86.14999999999725, 0]","[0, 0]",2
74,"[2, 3]",192.25000000000946,"[69, 69]","[34.700000000000166, 0]","[0, 0]",2
75,"[0, 1]",236.75000000001958,"[73, 72]","[95.04999999999674, 0]","[0, 0]",2
76,"[2, 1]",163.95000000000303,"[74, 56]","[37.99999999999998, 0]","[0, 0]",2
77,"[2, 3]",200.00000000001123,"[76, 58]","[42.14999999999974, 0]","[0, 0]",2
78,"[2, 3]",204.65000000001228,"[77, 77]","[45.94999999999953, 0]","[0, 0]",2
79,"[0, 1]",236.45000000001951,"[75, 75]","[94.49999999999677, 0]","[0, 0]",2
0,"[2, 3]",67.79999999999829,"[-999, -999]","[0, 0]","[0, 0]",3
1,"[0, 3]",97.14999999999662,"[-999, 9]","[0, 0]","[0, 0]",3
2,"[2, 1]",37.65,"[0, -999]","[0.49999999999999994, 0]","[0, 0]",3
3,"[2, 1]",41.599999999999774,"[2, 2]","[2.6999999999999984, 0]","[0, 0]",3
4,"[2, 1]",45.69999999999954,"[3, 3]","[4.94999999999999, 0]","[0, 0]",3
5,"[0, 1]",73.44999999999797,"[1, 15]","[2.499999999999999, 0]","[2.4499999999999993, 0]",3
6,"[0, 3]",106.79999999999607,"[5, 13]","[2.0500000000000007, 0]","[0, 0]",3
7,"[0, 1]",85.04999999999731,"[6, 19]","[5.899999999999987, 0]","[1.3000000000000005, 0]",3
8,"[2, 3]",72.54999999999802,"[4, 0]","[3.099999999999997, 0]","[0, 0]",3
9,"[2, 3]",77.39999999999775,"[8, 8]","[5.349999999999989, 0]","[0, 0]",3
10,"[2, 1]",49.849999999999305,"[9, 4]","[7.599999999999981, 0]","[0, 0]",3
11,"[2, 1]",53.699999999999086,"[10, 10]","[9.800000000000004, 0]","[0, 0]",3
12,"[0, 1]",82.99999999999743,"[7, 7]","[1.800000000000001, 0]","[0, 0]",3
13,"[2, 3]",87.0499999999972,"[11, 1]","[10.700000000000017, 0]","[0, 0]",3
14,"[0, 3]",115.0499999999956,"[12, 20]","[3.049999999999997, 0]","[0, 0]",3
15,"[2, 1]",53.549999999999095,"[13, 11]","[11.55000000000003, 0]","[0, 0]",3
16,"[2, 1]",64.44999999999848,"[15, 5]","[15.750000000000089, 0.05]","[1.950000000000001, 0]",3
17,"[0, 3]",117.09999999999549,"[14, 14]","[2.9999999999999973, 0]","[0, 0]",3
18,"[0, 3]",121.29999999999525,"[17, 17]","[5.649999999999988, 0]","[0, 0]",3
19,"[2, 1]",64.54999999999848,"[16, 16]","[16.5000000000001, 0]","[3.1999999999999966, 0]",3
20,"[2, 3]",97.5499999999966,"[19, 6]","[20.900000000000162, 0]","[2.6499999999999986, 0]",3
21,"[0, 3]",122.54999999999518,"[18, 18]","[5.549999999999988, 0]","[0, 0]",3
22,"[2, 1]",75.04999999999788,"[20, 12]","[23.250000000000195, 0]","[0.39999999999999997, 0]",3
23,"[2, 3]",125.19999999999503,"[22, 21]","[39.54999999999989, 0.05]","[9.650000000000002, 0]",3
24,"[2, 1]",97.94999999999658,"[23, 25]","[49.24999999999934, 0]","[0, 0]",3
25,"[0, 1]",91.84999999999692,"[21, -999]","[4.149999999999993, 0]","[0, 0]",3
26,"[2, 3]",137.19999999999695,"[24, 29]","[47.69999999999943, 0]","[0, 0]",3
27,"[0, 3]",125.34999999999502,"[25, 23]","[5.449999999999989, 0]","[0, 0]",3
28,"[2, 1]",115.1999999999956,"[26, 35]","[50.29999999999928, 0]","[3.399999999999996, 0]",3
29,"[0, 3]",127.99999999999487,"[27, 27]","[6.749999999999984, 0]","[0, 0]",3
30,"[2, 1]",116.8999999999955,"[28, 28]","[46.3999999999995, 0]","[0, 0]",3
31,"[2, 1]",121.09999999999526,"[30, 30]","[47.399999999999444, 0]","[0, 0]",3
32,"[2, 3]",161.1500000000024,"[31, 44]","[48.449999999999385, 0]","[0, 0]",3
33,"[2, 3]",174.55000000000544,"[32, 51]","[52.09999999999918, 0.05]","[2.6999999999999984, 0]",3
34,"[0, 1]",95.8999999999967,"[29, 24]","[3.949999999999994, 0]","[0, 0]",3
35,"[0, 1]",99.64999999999648,"[34, 34]","[6.5999999999999845, 0]","[0, 0]",3
36,"[2, 3]",180.20000000000672,"[33, 52]","[47.64999999999943, 0]","[0, 0]",3
37,"[2, 3]",183.90000000000757,"[36, 36]","[48.54999999999938, 0]","[0, 0]",3
38,"[0, 3]",130.94999999999553,"[35, 26]","[6.549999999999985, 0]","[0, 0]",3
39,"[0, 3]",135.74999999999662,"[38, 38]","[9.149999999999995, 0]","[0, 0]",3
40,"[2, 1]",153.50000000000065,"[37, 55]","[46.64999999999949, 0]","[0, 0]",3
41,"[2, 3]",189.60000000000886,"[40, 57]","[49.54999999999932, 0]","[0, 0]",3
42,"[0, 3]",137.19999999999695,"[39, 39]","[9.099999999999994, 0]","[0, 0]",3
43,"[2, 3]",203.25000000001197,"[41, 64]","[53.14999999999912, 0.05]","[2.9499999999999975, 0]",3
44,"[0, 3]",139.79999999999754,"[42, 42]","[10.400000000000013, 0]","[0, 0]",3
45,"[2, 3]",215.3000000000147,"[43, 74]","[53.79999999999908, 0.05]","[2.9999999999999973, 0]",3
46,"[2, 1]",185.55000000000794,"[45, -999]","[52.149999999999174, 0]","[0, 0]",3
47,"[2, 1]",196.60000000001045,"[46, 78]","[53.04999999999912, 0]","[0, 0]",3
48,"[0, 3]",144.54999999999862,"[44, 32]","[11.60000000000003, 0]","[2.5999999999999988, 0]",3
49,"[2, 3]",228.20000000001764,"[47, 75]","[55.249999999999, 0]","[0, 0]",3
50,"[2, 3]",233.7000000000189,"[49, 49]","[61.099999999998666, 0]","[0, 0]",3
51,"[0, 3]",145.2999999999988,"[48, 48]","[8.899999999999991, 0]","[0, 0]",3
52,"[0, 3]",153.7500000000007,"[51, 33]","[13.950000000000063, 0]","[2.3999999999999995, 0]",3
53,"[0, 1]",125.599999999995,"[52, -999]","[14.200000000000067, 0]","[0, 0]",3
54,"[2, 3]",234.50000000001907,"[50, 50]","[60.4999999999987, 0]","[0, 0]",3
55,"[0, 1]",128.04999999999487,"[53, 53]","[15.500000000000085, 0]","[0, 0]",3
56,"[2, 1]",206.25000000001265,"[54, -999]","[61.449999999998646, 0]","[0, 0]",3
57,"[0, 3]",162.15000000000262,"[55, 37]","[17.050000000000107, 0]","[0, 0]",3
58,"[2, 3]",240.20000000002037,"[56, 54]","[61.799999999998626, 0]","[0, 0]",3
59,"[0, 1]",134.49999999999633,"[57, 40]","[18.850000000000133, 0]","[0, 0]",3
60,"[2, 1]",213.5500000000143,"[58, 56]","[61.799999999998626, 0]","[0, 0]",3
61,"[0, 3]",168.30000000000402,"[59, 41]","[20.500000000000156, 0]","[0, 0]",3
62,"[2, 3]",247.8000000000221,"[60, 58]","[67.09999999999833, 0]","[0, 0]",3
63,"[2, 3]",253.1000000000233,"[62, 62]","[73.94999999999794, 0]","[0, 0]",3
64,"[0, 3]",169.60000000000431,"[61, 61]","[20.80000000000016, 0]","[0, 0]",3
65,"[2, 1]",224.80000000001687,"[63, -999]","[84.74999999999733, 0]","[0, 0]",3
66,"[2, 3]",260.800000000025,"[65, 63]","[92.79999999999687, 0]","[0, 0]",3
67,"[2, 3]",265.80000000002616,"[66, 66]","[99.59999999999648, 0]","[0, 0]",3
68,"[2, 3]",270.25000000002717,"[67, 67]","[104.09999999999623, 0]","[0, 0]",3
69,"[0, 3]",173.1000000000051,"[64, 43]","[20.70000000000016, 0]","[2.3999999999999995, 0]",3
70,"[2, 3]",273.4000000000279,"[68, 68]","[112.04999999999578, 0]","[0, 0]",3
71,"[2, 1]",246.25000000002174,"[70, -999]","[124.84999999999505, 0]","[0, 0]",3
72,"[2, 3]",282.60000000003,"[71, 70]","[130.54999999999544, 0]","[0, 0]",3
73,"[2, 3]",287.6000000000311,"[72, 72]","[132.94999999999598, 0]","[0, 0]",3
74,"[0, 3]",171.20000000000468,"[69, 69]","[15.900000000000091, 0]","[0, 0]",3
75,"[0, 3]",179.6000000000066,"[74, 45]","[21.250000000000167, 0]","[2.3999999999999995, 0]",3
76,"[2, 3]",289.3500000000315,"[73, 73]","[133.14999999999603, 0]","[0, 0]",3
77,"[2, 1]",262.20000000002534,"[76, -999]","[142.14999999999807, 0]","[0, 0]",3
78,"[0, 1]",149.54999999999976,"[75, 46]","[19.050000000000136, 0]","[0, 0]",3
79,"[2, 1]",265.40000000002607,"[77, 77]","[145.19999999999877, 0]","[0, 0]",3
0,"[0, 3]",96.74999999999665,"[-999, 4]","[0, 0]","[0, 0]",4
1,"[2, 1]",36.45000000000007,"[-999, -999]","[0, 0]","[0, 0]",4
2,"[0, 1]",74.7999999999979,"[0, 14]","[1.7500000000000009, 0]","[1.1500000000000004, 0]",4
3,"[2, 3]",68.99999999999822,"[1, -999]","[0.49999999999999994, 0]","[0, 0]",4
4,"[2, 3]",73.89999999999795,"[3, 3]","[2.6999999999999984, 0]","[0, 0]",4
5,"[2, 1]",46.04999999999952,"[4, 1]","[4.94999999999999, 0]","[0, 0]",4
6,"[2, 1]",50.199999999999285,"[5, 5]","[7.149999999999983, 0]","[0, 0]",4
7,"[2, 1]",53.99999999999907,"[6, 6]","[9.399999999999999, 0]","[0, 0]",4
8,"[2, 1]",57.64999999999886,"[7, 7]","[11.65000000000003, 0]","[0, 0]",4
9,"[0, 3]",100.49999999999643,"[2, 16]","[0.05, 0]","[0, 0]",4
10,"[0, 3]",104.39999999999621,"[9, 9]","[2.000000000000001, 0]","[0, 0]",4
11,"[0, 3]",107.94999999999601,"[10, 10]","[4.499999999999992, 0]","[0, 0]",4
12,"[0, 3]",111.34999999999582,"[11, 11]","[7.149999999999983, 0]","[0, 0]",4
13,"[0, 1]",84.19999999999736,"[12, -999]","[9.750000000000004, 0]","[0, 0]",4
14,"[2, 1]",54.249999999999055,"[8, 8]","[7.099999999999983, 0]","[0, 0]",4
15,"[0, 1]",86.59999999999722,"[13, 13]","[11.050000000000022, 0]","[0, 0]",4
16,"[2, 3]",85.1499999999973,"[14, 0]","[7.99999999999998, 0]","[0, 0]",4
17,"[0, 1]",95.14999999999674,"[15, 21]","[14.000000000000064, 0.05]","[1.7000000000000008, 0]",4
18,"[2, 3]",108.24999999999599,"[16, 12]","[22.350000000000183, 0]","[13.500000000000057, 0]",4
19,"[0, 3]",127.5499999999949,"[17, 22]","[13.600000000000058, 0]","[0, 0]",4
20,"[0, 1]",101.0499999999964,"[19, 17]","[16.250000000000096, 0]","[0, 0]",4
21,"[2, 1]",84.84999999999732,"[18, 15]","[11.65000000000003, 0]","[3.2499999999999964, 0]",4
22,"[2, 3]",116.8499999999955,"[21, 18]","[10.600000000000016, 0]","[0, 0]",4
23,"[0, 3]",132.94999999999598,"[20, 24]","[16.150000000000095, 0]","[0, 0]",4
24,"[2, 3]",126.39999999999496,"[22, 19]","[40.79999999999982, 0]","[0, 0]",4
25,"[2, 3]",135.34999999999653,"[24, 23]","[45.59999999999955, 0]","[0, 0]",4
26,"[2, 1]",114.19999999999565,"[25, 29]","[45.449999999999555, 0]","[0, 0]",4
27,"[2, 3]",154.00000000000077,"[26, 34]","[45.94999999999953, 0]","[0, 0]",4
28,"[0, 1]",100.59999999999643,"[23, 20]","[13.400000000000055, 0]","[0, 0]",4
29,"[0, 1]",104.29999999999622,"[28, 28]","[16.050000000000093, 0]","[0, 0]",4
30,"[2, 3]",165.85000000000346,"[27, 45]","[50.749999999999254, 0]","[6.799999999999984, 0]",4
31,"[0, 3]",136.84999999999687,"[29, 25]","[17.30000000000011, 0]","[0, 0]",4
32,"[2, 1]",135.84999999999664,"[30, -999]","[43.349999999999675, 0]","[0, 0]",4
33,"[2, 1]",146.39999999999904,"[32, 47]","[44.14999999999963, 0]","[0, 0]",4
34,"[0, 3]",138.94999999999735,"[31, 31]","[17.25000000000011, 0]","[0, 0]",4
35,"[2, 1]",147.64999999999932,"[33, 33]","[43.54999999999966, 0]","[0, 0]",4
36,"[2, 1]",152.0000000000003,"[35, 35]","[46.19999999999951, 0]","[0, 0]",4
37,"[2, 1]",156.50000000000134,"[36, 36]","[48.64999999999937, 0]","[0, 0]",4
38,"[2, 1]",167.25000000000378,"[37, 58]","[53.349999999999106, 0]","[3.149999999999997, 0]",4
39,"[2, 1]",187.35000000000835,"[38, 67]","[63.549999999998526, 0.05]","[9.800000000000004, 0]",4
40,"[2, 3]",218.95000000001554,"[39, 59]","[57.89999999999885, 0]","[0, 0]",4
41,"[0, 1]",104.84999999999619,"[34, 26]","[11.800000000000033, 0]","[0, 0]",4
42,"[2, 1]",196.60000000001045,"[40, 69]","[57.749999999998856, 0]","[0, 0]",4
43,"[0, 3]",137.74999999999707,"[41, 27]","[13.100000000000051, 0]","[0, 0]",4
44,"[2, 1]",203.05000000001192,"[42, 70]","[58.54999999999881, 0]","[0, 0]",4
45,"[0, 3]",140.24999999999764,"[43, 43]","[14.350000000000069, 0]","[0, 0]",4
46,"[0, 3]",149.39999999999972,"[45, 30]","[19.45000000000014, 0]","[2.4499999999999993, 0]",4
47,"[0, 1]",122.54999999999518,"[46, 32]","[19.650000000000144, 0]","[0, 0]",4
48,"[2, 3]",238.90000000002007,"[44, 77]","[61.39999999999865, 0]","[3.1999999999999966, 0]",4
49,"[0, 3]",154.2000000000008,"[47, 46]","[20.950000000000163, 0]","[0, 0]",4
50,"[2, 1]",210.25000000001356,"[48, 44]","[60.84999999999868, 0]","[0, 0]",4
51,"[2, 3]",246.65000000002183,"[50, 48]","[64.0499999999985, 0]","[0, 0]",4
52,"[2, 3]",251.60000000002296,"[51, 51]","[66.39999999999837, 0]","[0, 0]",4
53,"[0, 3]",154.90000000000097,"[49, 49]","[19.500000000000142, 0]","[0, 0]",4
54,"[0, 3]",159.05000000000192,"[53, 53]","[22.15000000000018, 0]","[0, 0]",4
55,"[0, 3]",163.0000000000028,"[54, 54]","[24.800000000000217, 0]","[0, 0]",4
56,"[2, 3]",252.05000000002306,"[52, 52]","[66.79999999999835, 0]","[0, 0]",4
57,"[2, 1]",224.85000000001688,"[56, -999]","[70.94999999999811, 0]","[0, 0]",4
58,"[0, 1]",135.09999999999647,"[55, 37]","[24.700000000000216, 0]","[0, 0]",4
59,"[0, 3]",167.95000000000394,"[58, 55]","[27.350000000000254, 0]","[0, 0]",4
60,"[2, 3]",257.3000000000242,"[57, 56]","[77.39999999999775, 0]","[0, 0]",4
61,"[2, 3]",262.70000000002545,"[60, 60]","[82.69999999999744, 0]","[0, 0]",4
62,"[0, 1]",139.89999999999756,"[59, 38]","[27.300000000000253, 0]","[0, 0]",4
63,"[2, 1]",234.55000000001908,"[61, -999]","[90.89999999999698, 0]","[0, 0]",4
64,"[2, 3]",270.10000000002714,"[63, 61]","[101.24999999999639, 0]","[0, 0]",4
65,"[2, 3]",275.2500000000283,"[64, 64]","[107.84999999999602, 0]","[0, 0]",4
66,"[0, 1]",139.54999999999748,"[62, 62]","[25.900000000000233, 0]","[0, 0]",4
67,"[0, 1]",143.1999999999983,"[66, 66]","[28.50000000000027, 0]","[0, 0]",4
68,"[0, 1]",151.80000000000027,"[67, 39]","[33.60000000000023, 0]","[2.4499999999999993, 0]",4
69,"[0, 1]",154.80000000000095,"[68, 68]","[33.80000000000022, 0]","[0, 0]",4
70,"[0, 1]",162.85000000000278,"[69, 42]","[38.949999999999925, 0]","[2.499999999999999, 0]",4
71,"[2, 3]",273.20000000002784,"[65, 65]","[110.69999999999585, 0]","[0, 0]",4
72,"[2, 1]",246.15000000002172,"[71, -999]","[121.14999999999526, 0]","[0, 0]",4
73,"[2, 1]",250.9000000000228,"[72, 72]","[135.29999999999652, 0]","[0, 0]",4
74,"[2, 1]",255.40000000002382,"[73, 73]","[138.84999999999732, 0]","[0, 0]",4
75,"[2, 1]",259.7500000000248,"[74, 74]","[142.2999999999981, 0]","[0, 0]",4
76,"[0, 3]",188.80000000000868,"[70, 40]","[32.3000000000003, 0]","[0, 0]",4
77,"[0, 3]",193.7500000000098,"[76, 76]","[34.95000000000015, 0]","[0, 0]",4
78,"[2, 1]",261.5500000000252,"[75, 75]","[148.79999999999959, 0]","[0, 0]",4
79,"[2, 3]",296.3000000000331,"[78, 71]","[151.5500000000002, 0]","[0, 0]",4
0,"[0, 3]",100.69999999999642,"[-999, 10]","[0, 0]","[0, 0]",5
1,"[2, 3]",67.79999999999829,"[-999, -999]","[0, 0]","[0, 0]",5
2,"[0, 1]",71.59999999999808,"[0, 11]","[0.6, 0]","[0, 0]",5
3,"[0, 3]",105.99999999999612,"[2, 0]","[3.149999999999997, 0]","[0, 0]",5
4,"[0, 1]",84.39999999999735,"[3, 13]","[7.699999999999981, 0]","[1.950000000000001, 0]",5
5,"[2, 3]",69.4999999999982,"[1, 1]","[0.05, 0]","[0, 0]",5
6,"[2, 3]",73.79999999999795,"[5, 5]","[1.850000000000001, 0]","[0, 0]",5
7,"[2, 3]",77.74999999999773,"[6, 6]","[4.099999999999993, 0]","[0, 0]",5
8,"[2, 1]",45.94999999999953,"[7, -999]","[6.299999999999986, 0]","[0, 0]",5
9,"[2, 1]",50.59999999999926,"[8, 8]","[8.549999999999986, 0]","[0, 0]",5
10,"[2, 3]",80.99999999999754,"[9, 7]","[10.750000000000018, 0]","[0, 0]",5
11,"[2, 1]",53.79999999999908,"[10, 9]","[13.00000000000005, 0]","[0, 0]",5
12,"[2, 1]",64.59999999999847,"[11, 2]","[18.200000000000124, 0.05]","[2.9499999999999975, 0]",5
13,"[2, 1]",67.19999999999833,"[12, 12]","[20.65000000000016, 0]","[3.1999999999999966, 0]",5
14,"[2, 1]",76.19999999999781,"[13, 4]","[24.600000000000215, 0]","[2.2, 0]",5
15,"[2, 3]",111.09999999999583,"[14, 19]","[31.450000000000312, 0]","[0.05, 0]",5
16,"[2, 1]",89.64999999999705,"[15, 24]","[36.25000000000008, 0]","[0, 0]",5
17,"[2, 3]",122.54999999999518,"[16, 15]","[45.649999999999544, 0]","[0.05, 0]",5
18,"[2, 3]",133.54999999999612,"[17, 30]","[47.749999999999424, 0.05]","[2.25, 0]",5
19,"[0, 3]",99.14999999999651,"[4, 3]","[0.05, 0]","[0, 0]",5
20,"[0, 1]",74.04999999999794,"[19, 14]","[1.950000000000001, 0]","[0, 0]",5
21,"[2, 1]",102.04999999999634,"[18, 25]","[43.29999999999968, 0]","[0, 0]",5
22,"[2, 3]",143.24999999999832,"[21, 34]","[47.14999999999946, 0]","[3.1999999999999966, 0]",5
23,"[2, 1]",121.14999999999526,"[22, 37]","[44.6999999999996, 0]","[0, 0]",5
24,"[0, 1]",73.44999999999797,"[20, 20]","[0.44999999999999996, 0]","[0, 0]",5
25,"[0, 1]",81.7499999999975,"[24, 16]","[5.549999999999988, 0]","[2.499999999999999, 0]",5
26,"[2, 1]",126.14999999999498,"[23, 40]","[42.74999999999971, 0]","[0, 0]",5
27,"[2, 1]",133.74999999999616,"[26, 41]","[43.499999999999666, 0]","[0, 0]",5
28,"[2, 3]",166.9000000000037,"[27, 22]","[44.24999999999962, 0]","[0, 0]",5
29,"[2, 3]",178.05000000000624,"[28, 48]","[48.84999999999936, 0.05]","[2.1000000000000005, 0]",5
30,"[0, 3]",111.5499999999958,"[25, 17]","[2.499999999999999, 0]","[2.25, 0]",5
31,"[0, 3]",121.14999999999526,"[30, 18]","[5.349999999999989, 0]","[2.4499999999999993, 0]",5
32,"[2, 1]",146.39999999999904,"[29, 44]","[46.19999999999951, 0]","[0, 0]",5
33,"[2, 1]",150.85000000000005,"[32, 32]","[48.39999999999939, 0]","[0, 0]",5
34,"[0, 3]",121.89999999999522,"[31, 31]","[2.799999999999998, 0]","[0, 0]",5
35,"[0, 1]",94.0999999999968,"[34, 21]","[5.449999999999989, 0]","[0, 0]",5
36,"[2, 3]",188.30000000000857,"[33, 57]","[49.34999999999933, 0]","[0, 0]",5
37,"[0, 1]",96.49999999999666,"[35, 35]","[6.749999999999984, 0]","[0, 0]",5
38,"[2, 3]",190.50000000000907,"[36, 36]","[51.19999999999923, 0]","[0, 0]",5
39,"[2, 3]",204.2500000000122,"[38, 64]","[58.14999999999883, 0.05]","[2.549999999999999, 0]",5
40,"[0, 1]",102.34999999999633,"[37, 23]","[9.249999999999996, 0]","[2.549999999999999, 0]",5
41,"[0, 1]",111.49999999999581,"[40, 26]","[11.050000000000022, 0.05]","[1.7500000000000009, 0]",5
42,"[2, 3]",209.80000000001345,"[39, 65]","[60.79999999999868, 0]","[3.149999999999997, 0]",5
43,"[2, 1]",187.5500000000084,"[42, 71]","[62.2499999999986, 0]","[0, 0]",5
44,"[0, 1]",116.54999999999552,"[41, 27]","[11.700000000000031, 0.05]","[2.4499999999999993, 0]",5
45,"[2, 1]",188.70000000000866,"[43, 43]","[65.8499999999984, 0]","[0, 0]",5
46,"[2, 3]",224.9500000000169,"[45, 77]","[74.39999999999792, 0]","[0, 0]",5
47,"[2, 3]",234.70000000001912,"[46, 79]","[78.79999999999767, 0]","[0, 0]",5
48,"[0, 3]",146.54999999999907,"[44, 28]","[10.15000000000001, 0]","[2.3, 0]",5
49,"[2, 1]",205.70000000001252,"[47, 78]","[79.64999999999762, 0]","[0, 0]",5
50,"[2, 1]",210.75000000001367,"[49, 49]","[82.24999999999747, 0]","[0, 0]",5
51,"[2, 3]",244.90000000002144,"[50, 47]","[86.9999999999972, 0]","[0, 0]",5
52,"[0, 3]",152.10000000000034,"[48, 29]","[8.84999999999999, 0]","[2.4499999999999993, 0]",5
53,"[2, 1]",217.80000000001527,"[51, 50]","[89.29999999999707, 0]","[0, 0]",5
54,"[0, 3]",154.25000000000082,"[52, 52]","[7.699999999999981, 0]","[0, 0]",5
55,"[2, 3]",252.40000000002314,"[53, 51]","[91.09999999999697, 0]","[0, 0]",5
56,"[2, 1]",226.6500000000173,"[55, 53]","[94.54999999999677, 0]","[0, 0]",5
57,"[0, 3]",155.050000000001,"[54, 54]","[7.649999999999981, 0]","[0, 0]",5
58,"[0, 1]",127.4499999999949,"[57, 33]","[11.100000000000023, 0]","[0, 0]",5
59,"[0, 3]",167.4000000000038,"[58, 38]","[17.30000000000011, 0.05]","[3.1999999999999966, 0]",5
60,"[2, 3]",258.0000000000244,"[56, 55]","[94.44999999999678, 0]","[0, 0]",5
61,"[2, 1]",232.50000000001862,"[60, 56]","[97.29999999999661, 0]","[0, 0]",5
62,"[2, 1]",237.55000000001976,"[61, 61]","[99.54999999999649, 0]","[0, 0]",5
63,"[2, 3]",271.2000000000274,"[62, 60]","[102.99999999999629, 0]","[0, 0]",5
64,"[0, 3]",165.5500000000034,"[59, 59]","[11.700000000000031, 0]","[0, 0]",5
65,"[0, 3]",173.85000000000528,"[64, 39]","[17.100000000000108, 0]","[2.499999999999999, 0]",5
66,"[2, 1]",242.70000000002094,"[63, 62]","[110.49999999999586, 0]","[0, 0]",5
67,"[2, 1]",247.400000000022,"[66, 66]","[115.49999999999558, 0]","[0, 0]",5
68,"[2, 1]",251.85000000002302,"[67, 67]","[118.94999999999538, 0]","[0, 0]",5
69,"[0, 1]",141.54999999999794,"[65, -999]","[13.400000000000055, 0]","[0, 0]",5
70,"[2, 1]",255.00000000002373,"[68, 68]","[126.54999999999495, 0]","[0, 0]",5
71,"[0, 1]",143.9999999999985,"[69, 69]","[14.850000000000076, 0]","[0, 0]",5
72,"[2, 3]",288.3500000000313,"[70, 63]","[129.4999999999952, 0]","[0, 0]",5
73,"[2, 1]",263.20000000002557,"[72, 70]","[132.69999999999592, 0]","[0, 0]",5
74,"[0, 3]",175.2500000000056,"[71, 42]","[15.000000000000078, 0]","[0, 0]",5
75,"[2, 3]",297.40000000003334,"[73, 72]","[134.49999999999633, 0]","[0, 0]",5
76,"[2, 1]",271.55000000002747,"[75, 73]","[144.24999999999855, 0]","[0, 0]",5
77,"[0, 3]",177.35000000000608,"[74, 74]","[15.10000000000008, 0]","[0, 0]",5
78,"[0, 1]",150.44999999999996,"[77, 45]","[17.90000000000012, 0]","[0, 0]",5
79,"[0, 3]",185.95000000000803,"[78, 46]","[20.75000000000016, 0]","[0, 0]",5
0,"[2, 3]",67.79999999999829,"[-999, -999]","[0, 0]","[0, 0]",6
1,"[2, 3]",72.69999999999801,"[0, 0]","[1.850000000000001, 0]","[0, 0]",6
2,"[2, 3]",76.74999999999778,"[1, 1]","[4.049999999999994, 0]","[0, 0]",6
3,"[0, 1]",67.44999999999831,"[-999, 9]","[0, 0]","[0, 0]",6
4,"[0, 1]",75.89999999999783,"[3, 22]","[1.950000000000001, 0]","[0, 0]",6
5,"[0, 1]",83.94999999999737,"[4, 30]","[6.849999999999984, 0]","[2.3499999999999996, 0]",6
6,"[2, 1]",40.49999999999984,"[2, -999]","[2.25, 0]","[0, 0]",6
7,"[0, 1]",85.64999999999728,"[5, 5]","[5.749999999999988, 0]","[0, 0]",6
8,"[2, 3]",74.7999999999979,"[6, 2]","[3.099999999999997, 0]","[0, 0]",6
9,"[2, 1]",43.89999999999964,"[8, 6]","[5.349999999999989, 0]","[0, 0]",6
10,"[0, 3]",116.44999999999553,"[7, 33]","[5.649999999999988, 0]","[0, 0]",6
11,"[2, 3]",77.74999999999773,"[9, 8]","[6.249999999999986, 0]","[0, 0]",6
12,"[0, 1]",88.94999999999709,"[10, 36]","[6.8999999999999835, 0]","[0, 0]",6
13,"[0, 1]",92.59999999999688,"[12, 12]","[9.55, 0]","[0, 0]",6
14,"[2, 3]",79.44999999999763,"[11, 11]","[5.749999999999988, 0]","[0, 0]",6
15,"[0, 1]",94.94999999999675,"[13, 13]","[10.85000000000002, 0]","[0, 0]",6
16,"[0, 1]",103.54999999999626,"[15, 37]","[15.950000000000092, 0]","[2.499999999999999, 0]",6
17,"[0, 3]",135.99999999999667,"[16, 10]","[16.100000000000094, 0]","[0, 0]",6
18,"[0, 3]",141.04999999999782,"[17, 17]","[18.75000000000013, 0]","[0, 0]",6
19,"[0, 1]",114.59999999999563,"[18, 46]","[21.40000000000017, 0]","[0, 0]",6
20,"[0, 1]",118.29999999999542,"[19, 19]","[24.000000000000206, 0]","[0, 0]",6
21,"[2, 3]",75.24999999999787,"[14, 14]","[0.05, 0]","[0, 0]",6
22,"[2, 1]",46.74999999999948,"[21, 3]","[2.1500000000000004, 0]","[0, 0]",6
23,"[0, 3]",151.85000000000028,"[20, 50]","[23.950000000000205, 0]","[0, 0]",6
24,"[0, 1]",125.04999999999504,"[23, 20]","[26.600000000000243, 0]","[0, 0]",6
25,"[0, 1]",128.79999999999504,"[24, 24]","[29.25000000000028, 0]","[0, 0]",6
26,"[0, 1]",132.5499999999959,"[25, 25]","[31.850000000000318, 0]","[0, 0]",6
27,"[0, 3]",166.30000000000356,"[26, 54]","[34.50000000000018, 0]","[0, 0]",6
28,"[0, 1]",140.5499999999977,"[27, 56]","[37.15000000000003, 0]","[0, 0]",6
29,"[0, 3]",175.85000000000574,"[28, 64]","[39.74999999999988, 0]","[0, 0]",6
30,"[2, 1]",46.64999999999949,"[22, 4]","[0.9000000000000002, 0.05]","[0.8500000000000002, 0]",6
31,"[0, 3]",178.50000000000634,"[29, 29]","[41.049999999999805, 0]","[0, 0]",6
32,"[0, 1]",151.9000000000003,"[31, 28]","[43.699999999999655, 0]","[0, 0]",6
33,"[2, 3]",74.49999999999791,"[30, 21]","[0.05, 0]","[0, 0]",6
34,"[0, 1]",154.25000000000082,"[32, 32]","[44.99999999999958, 0]","[0, 0]",6
35,"[0, 1]",158.00000000000168,"[34, 34]","[47.59999999999943, 0]","[0, 0]",6
36,"[2, 1]",52.499999999999154,"[33, 7]","[6.5999999999999845, 0]","[6.549999999999985, 0]",6
37,"[2, 1]",71.59999999999808,"[36, 15]","[8.349999999999984, 0.05]","[6.399999999999985, 0]",6
38,"[0, 3]",191.5000000000093,"[35, 73]","[47.549999999999436, 0]","[0, 0]",6
39,"[0, 3]",195.35000000001017,"[38, 38]","[50.199999999999285, 0]","[0, 0]",6
40,"[0, 1]",168.250000000004,"[39, 76]","[52.849999999999135, 0]","[0, 0]",6
41,"[0, 1]",172.00000000000486,"[40, 40]","[55.44999999999899, 0]","[0, 0]",6
42,"[0, 3]",206.65000000001274,"[41, 78]","[58.49999999999881, 0]","[0, 0]",6
43,"[0, 3]",210.5000000000136,"[42, 42]","[62.1999999999986, 0]","[0, 0]",6
44,"[0, 1]",183.90000000000757,"[43, 41]","[65.44999999999843, 0]","[0, 0]",6
45,"[2, 1]",69.24999999999821,"[37, 16]","[0.05, 0]","[0, 0]",6
46,"[2, 1]",71.94999999999806,"[45, 45]","[19.35000000000014, 0]","[0, 0]",6
47,"[0, 1]",184.9500000000078,"[44, 44]","[65.74999999999841, 0]","[0, 0]",6
48,"[2, 3]",106.54999999999609,"[46, 18]","[22.650000000000187, 0]","[0, 0]",6
49,"[0, 3]",217.4500000000152,"[47, 43]","[67.44999999999831, 0]","[0, 0]",6
50,"[2, 3]",109.74999999999591,"[48, 48]","[21.35000000000017, 0]","[0, 0]",6
51,"[0, 3]",221.050000000016,"[49, 49]","[68.94999999999823, 0]","[0, 0]",6
52,"[0, 3]",225.25000000001697,"[51, 51]","[71.44999999999808, 0]","[0, 0]",6
53,"[2, 3]",116.7999999999955,"[50, 23]","[19.600000000000144, 0]","[0, 0]",6
54,"[2, 3]",120.89999999999527,"[53, 53]","[21.150000000000166, 0]","[0, 0]",6
55,"[0, 1]",196.15000000001035,"[52, -999]","[70.99999999999811, 0]","[0, 0]",6
56,"[2, 1]",97.4999999999966,"[54, 26]","[21.600000000000172, 0]","[0, 0]",6
57,"[0, 3]",228.9000000000178,"[55, 52]","[71.74999999999807, 0]","[0, 0]",6
58,"[0, 1]",204.05000000001215,"[57, 55]","[73.74999999999795, 0]","[0, 0]",6
59,"[0, 3]",238.1000000000199,"[58, 57]","[75.69999999999784, 0]","[0, 0]",6
60,"[0, 1]",213.25000000001424,"[59, 58]","[77.84999999999772, 0]","[0, 0]",6
61,"[0, 3]",247.25000000002197,"[60, 59]","[85.1999999999973, 0]","[0, 0]",6
62,"[0, 3]",252.10000000002307,"[61, 61]","[88.6499999999971, 0]","[0, 0]",6
63,"[0, 1]",226.20000000001718,"[62, 60]","[91.44999999999695, 0]","[0, 0]",6
64,"[2, 3]",122.79999999999517,"[56, 27]","[14.40000000000007, 0]","[0, 0]",6
65,"[2, 3]",138.14999999999716,"[64, 31]","[22.600000000000186, 0]","[6.649999999999984, 0]",6
66,"[0, 1]",227.2000000000174,"[63, 63]","[91.49999999999694, 0]","[0, 0]",6
67,"[0, 1]",230.95000000001826,"[66, 66]","[94.24999999999679, 0]","[0, 0]",6
68,"[0, 3]",264.6500000000259,"[67, 62]","[97.24999999999662, 0]","[0, 0]",6
69,"[2, 3]",138.3499999999972,"[65, 65]","[13.150000000000052, 0]","[0, 0]",6
70,"[0, 1]",238.65000000002001,"[68, 67]","[101.69999999999636, 0]","[0, 0]",6
71,"[0, 1]",242.40000000002087,"[70, 70]","[108.94999999999595, 0]","[0, 0]",6
72,"[0, 1]",246.15000000002172,"[71, 71]","[111.89999999999579, 0]","[0, 0]",6
73,"[2, 3]",138.6999999999973,"[69, 69]","[10.400000000000013, 0]","[0, 0]",6
74,"[0, 3]",278.45000000002904,"[72, 68]","[113.2999999999957, 0]","[0, 0]",6
75,"[0, 3]",283.4500000000302,"[74, 74]","[116.04999999999555, 0]","[0, 0]",6
76,"[2, 1]",108.84999999999596,"[73, 35]","[8.549999999999986, 0]","[0, 0]",6
77,"[2, 3]",149.14999999999966,"[76, 39]","[10.750000000000018, 0]","[0, 0]",6
78,"[2, 3]",152.8000000000005,"[77, 77]","[12.600000000000044, 0]","[0, 0]",6
79,"[0, 3]",283.6000000000302,"[75, 75]","[114.84999999999562, 0]","[0, 0]",6
0,"[2, 1]",36.45000000000007,"[-999, -999]","[0, 0]","[0, 0]",7
1,"[2, 1]",39.94999999999987,"[0, 0]","[1.850000000000001, 0]","[0, 0]",7
2,"[2, 1]",43.94999999999964,"[1, 1]","[4.049999999999994, 0]","[0, 0]",7
3,"[0, 1]",67.44999999999831,"[-999, 10]","[0, 0]","[0, 0]",7
4,"[2, 1]",46.74999999999948,"[2, 2]","[4.94999999999999, 0]","[0, 0]",7
5,"[2, 3]",77.39999999999775,"[4, -999]","[7.149999999999983, 0]","[0, 0]",7
6,"[0, 1]",73.19999999999798,"[3, 15]","[0.05, 0]","[0, 0]",7
7,"[0, 3]",106.84999999999607,"[6, 16]","[2.2, 0]","[0, 0]",7
8,"[0, 1]",85.2999999999973,"[7, 19]","[7.649999999999981, 0.05]","[2.8999999999999977, 0]",7
9,"[0, 1]",87.24999999999719,"[8, 8]","[7.399999999999982, 0]","[0, 0]",7
10,"[2, 1]",42.69999999999971,"[5, 4]","[3.999999999999994, 0]","[0, 0]",7
11,"[2, 3]",77.44999999999774,"[10, 5]","[6.249999999999986, 0]","[0, 0]",7
12,"[2, 3]",82.04999999999748,"[11, 11]","[8.449999999999985, 0]","[0, 0]",7
13,"[0, 1]",86.54999999999723,"[9, 9]","[5.949999999999987, 0]","[0, 0]",7
14,"[2, 3]",84.64999999999733,"[12, 12]","[9.349999999999998, 0]","[0, 0]",7
15,"[2, 1]",56.199999999998944,"[14, 3]","[11.55000000000003, 0]","[0, 0]",7
16,"[2, 3]",88.6999999999971,"[15, 14]","[13.800000000000061, 0]","[0, 0]",7
17,"[0, 1]",90.94999999999698,"[13, 20]","[6.999999999999983, 0]","[2.4499999999999993, 0]",7
18,"[2, 1]",61.84999999999862,"[16, 6]","[14.650000000000073, 0]","[0, 0]",7
19,"[2, 1]",64.74999999999847,"[18, 18]","[16.900000000000105, 0]","[0, 0]",7
20,"[2, 1]",83.34999999999741,"[19, 13]","[28.750000000000274, 0.05]","[9.600000000000001, 0]",7
21,"[2, 1]",90.649999999997,"[20, 17]","[34.50000000000018, 0]","[2.3, 0]",7
22,"[0, 3]",118.14999999999543,"[17, 7]","[1.7500000000000009, 0]","[0, 0]",7
23,"[0, 1]",92.64999999999688,"[22, 21]","[4.399999999999992, 0]","[0, 0]",7
24,"[0, 1]",96.39999999999667,"[23, 23]","[7.049999999999983, 0]","[0, 0]",7
25,"[0, 1]",100.04999999999646,"[24, 24]","[9.700000000000003, 0]","[0, 0]",7
26,"[0, 3]",133.54999999999612,"[25, 28]","[12.30000000000004, 0]","[0, 0]",7
27,"[2, 3]",118.19999999999543,"[21, 22]","[37.50000000000001, 0]","[0, 0]",7
28,"[2, 3]",122.99999999999515,"[27, 27]","[38.99999999999992, 0]","[0, 0]",7
29,"[2, 1]",99.54999999999649,"[28, 25]","[46.29999999999951, 0]","[0, 0]",7
30,"[0, 1]",103.59999999999626,"[26, 29]","[10.90000000000002, 0]","[0, 0]",7
31,"[0, 3]",138.99999999999736,"[30, 32]","[13.550000000000058, 0]","[0, 0]",7
32,"[2, 3]",131.84999999999573,"[29, 26]","[43.44999999999967, 0]","[0, 0]",7
33,"[0, 1]",111.09999999999583,"[31, 30]","[14.800000000000075, 0]","[0, 0]",7
34,"[2, 3]",140.5499999999977,"[32, 31]","[42.649999999999714, 0]","[0, 0]",7
35,"[2, 3]",144.74999999999866,"[34, 34]","[43.39999999999967, 0]","[0, 0]",7
36,"[0, 1]",112.14999999999577,"[33, 33]","[14.750000000000075, 0]","[0, 0]",7
37,"[2, 3]",152.95000000000053,"[35, 38]","[42.69999999999971, 0]","[0, 0]",7
38,"[0, 3]",146.14999999999898,"[36, 35]","[16.050000000000093, 0]","[0, 0]",7
39,"[2, 1]",130.24999999999537,"[37, 43]","[42.19999999999974, 0]","[0, 0]",7
40,"[0, 1]",118.14999999999543,"[38, 36]","[17.35000000000011, 0]","[0, 0]",7
41,"[2, 1]",136.4999999999968,"[39, 44]","[41.599999999999774, 0]","[0, 0]",7
42,"[2, 3]",170.8000000000046,"[41, 45]","[42.39999999999973, 0]","[0, 0]",7
43,"[0, 1]",119.19999999999537,"[40, 40]","[17.25000000000011, 0]","[0, 0]",7
44,"[0, 1]",127.3999999999949,"[43, 39]","[22.300000000000182, 0]","[2.3999999999999995, 0]",7
45,"[0, 3]",160.10000000000215,"[44, 37]","[22.550000000000185, 0]","[0, 0]",7
46,"[0, 1]",134.64999999999637,"[45, 41]","[25.200000000000223, 0]","[0, 0]",7
47,"[0, 1]",138.39999999999722,"[46, 46]","[27.80000000000026, 0]","[0, 0]",7
48,"[2, 3]",168.80000000000413,"[42, 42]","[36.45000000000007, 0]","[0, 0]",7
49,"[2, 3]",178.40000000000632,"[48, 50]","[37.25000000000002, 0]","[0, 0]",7
50,"[0, 3]",171.80000000000481,"[47, 48]","[27.75000000000026, 0]","[0, 0]",7
51,"[0, 1]",145.04999999999873,"[50, 47]","[30.400000000000297, 0]","[0, 0]",7
52,"[2, 1]",148.29999999999947,"[49, 51]","[35.40000000000013, 0]","[0, 0]",7
53,"[0, 3]",178.3500000000063,"[51, 49]","[31.700000000000315, 0]","[0, 0]",7
54,"[2, 3]",187.50000000000838,"[52, 55]","[35.70000000000011, 0]","[0, 0]",7
55,"[0, 3]",180.9500000000069,"[53, 53]","[32.950000000000266, 0]","[0, 0]",7
56,"[2, 3]",189.85000000000892,"[54, 54]","[37.79999999999999, 0]","[0, 0]",7
57,"[2, 3]",198.70000000001093,"[56, 63]","[40.14999999999986, 0]","[0, 0]",7
58,"[2, 1]",177.4000000000061,"[57, 66]","[43.349999999999675, 0]","[0, 0]",7
59,"[2, 1]",179.90000000000666,"[58, 58]","[46.24999999999951, 0]","[0, 0]",7
60,"[2, 1]",190.7000000000091,"[59, 70]","[56.9999999999989, 0]","[3.349999999999996, 0]",7
61,"[0, 1]",147.44999999999928,"[55, 52]","[28.850000000000275, 0]","[0, 0]",7
62,"[0, 1]",151.20000000000013,"[61, 61]","[31.500000000000313, 0]","[0, 0]",7
63,"[0, 3]",185.3500000000079,"[62, 56]","[34.1000000000002, 0]","[0, 0]",7
64,"[2, 1]",189.7500000000089,"[60, 60]","[53.64999999999909, 0]","[0, 0]",7
65,"[0, 1]",157.10000000000147,"[63, 62]","[35.40000000000013, 0]","[0, 0]",7
66,"[0, 1]",160.8000000000023,"[65, 65]","[38.049999999999976, 0]","[0, 0]",7
67,"[0, 3]",194.70000000001002,"[66, 57]","[40.699999999999825, 0]","[0, 0]",7
68,"[2, 1]",201.50000000001157,"[64, 75]","[56.79999999999891, 0]","[3.349999999999996, 0]",7
69,"[0, 3]",198.1000000000108,"[67, 67]","[41.949999999999754, 0]","[0, 0]",7
70,"[0, 1]",171.10000000000466,"[69, 59]","[44.89999999999959, 0]","[0, 0]",7
71,"[0, 3]",205.00000000001236,"[70, 69]","[47.24999999999945, 0]","[0, 0]",7
72,"[0, 3]",209.75000000001344,"[71, 71]","[49.8999999999993, 0]","[0, 0]",7
73,"[0, 1]",183.85000000000755,"[72, 64]","[52.54999999999915, 0]","[0, 0]",7
74,"[2, 3]",234.6500000000191,"[68, 79]","[50.199999999999285, 0]","[0, 0]",7
75,"[0, 1]",186.00000000000804,"[73, 73]","[53.84999999999908, 0]","[0, 0]",7
76,"[0, 3]",219.6500000000157,"[75, 72]","[57.29999999999888, 0]","[0, 0]",7
77,"[2, 3]",236.30000000001948,"[74, 74]","[50.79999999999925, 0]","[0, 0]",7
78,"[2, 3]",240.7500000000205,"[77, 77]","[54.74999999999903, 0]","[0, 0]",7
79,"[0, 3]",221.9000000000162,"[76, 76]","[58.84999999999879, 0]","[0, 0]",7
0,"[2, 3]",67.79999999999829,"[-999, -999]","[0, 0]","[0, 0]",8
1,"[0, 3]",107.79999999999602,"[-999, 11]","[0, 0.05]","[4.549999999999992, 0]",8
2,"[2, 3]",71.2999999999981,"[0, 0]","[0.49999999999999994, 0]","[0, 0]",8
3,"[0, 3]",114.74999999999562,"[1, 13]","[3.099999999999997, 0]","[2.499999999999999, 0]",8
4,"[2, 3]",74.09999999999793,"[2, 2]","[1.3500000000000005, 0]","[0, 0]",8
5,"[2, 1]",42.299999999999734,"[4, -999]","[3.599999999999995, 0]","[0, 0]",8
6,"[2, 1]",46.89999999999947,"[5, 5]","[5.799999999999987, 0]","[0, 0]",8
7,"[2, 3]",78.04999999999771,"[6, 4]","[8.04999999999998, 0]","[0, 0]",8
8,"[0, 1]",80.94999999999754,"[3, 15]","[0.05, 0]","[0, 0]",8
9,"[2, 3]",81.24999999999753,"[7, 7]","[8.949999999999992, 0]","[0, 0]",8
10,"[2, 3]",85.2999999999973,"[9, 9]","[11.150000000000023, 0]","[0, 0]",8
11,"[2, 3]",88.99999999999709,"[10, 10]","[13.400000000000055, 0]","[0, 0]",8
12,"[0, 3]",110.54999999999586,"[8, 3]","[0.05, 0]","[0, 0]",8
13,"[2, 3]",96.59999999999665,"[11, 1]","[15.750000000000089, 0.05]","[1.5000000000000007, 0]",8
14,"[0, 3]",113.89999999999567,"[12, 12]","[0.7000000000000001, 0]","[0, 0]",8
15,"[2, 1]",66.24999999999838,"[13, -999]","[18.400000000000126, 0]","[3.1999999999999966, 0]",8
16,"[0, 1]",86.39999999999723,"[14, 17]","[1.900000000000001, 0]","[0, 0]",8
17,"[2, 1]",74.24999999999793,"[15, 8]","[22.400000000000183, 0]","[2.2, 0]",8
18,"[0, 1]",88.7499999999971,"[16, 16]","[3.1999999999999966, 0]","[0, 0]",8
19,"[0, 1]",92.44999999999689,"[18, 18]","[5.799999999999987, 0]","[0, 0]",8
20,"[2, 3]",111.6999999999958,"[17, 14]","[30.100000000000293, 0]","[3.2999999999999963, 0]",8
21,"[2, 1]",101.0999999999964,"[20, 22]","[42.799999999999706, 0]","[6.699999999999984, 0]",8
22,"[0, 1]",93.44999999999683,"[19, 19]","[5.749999999999988, 0]","[0, 0]",8
23,"[2, 3]",132.04999999999578,"[21, 20]","[55.249999999999, 0]","[0.05, 0]",8
24,"[0, 1]",101.74999999999636,"[22, 21]","[9.299999999999997, 0.05]","[2.3, 0]",8
25,"[2, 1]",114.59999999999563,"[23, 28]","[56.84999999999891, 0.05]","[3.049999999999997, 0]",8
26,"[2, 3]",148.34999999999948,"[25, 30]","[54.29999999999905, 0]","[0, 0]",8
27,"[0, 1]",100.9999999999964,"[24, 24]","[6.949999999999983, 0]","[0, 0]",8
28,"[0, 1]",104.29999999999622,"[27, 27]","[9.600000000000001, 0]","[0, 0]",8
29,"[2, 1]",124.09999999999509,"[26, 35]","[52.24999999999917, 0]","[0, 0]",8
30,"[0, 3]",136.44999999999678,"[28, 23]","[10.85000000000002, 0]","[0, 0]",8
31,"[2, 3]",155.000000000001,"[29, 26]","[51.6499999999992, 0]","[0, 0]",8
32,"[0, 1]",109.8499999999959,"[30, 25]","[12.150000000000038, 0]","[0, 0]",8
33,"[2, 3]",169.75000000000435,"[31, 42]","[53.699999999999086, 0.05]","[2.6999999999999984, 0]",8
34,"[2, 1]",142.54999999999816,"[33, 44]","[51.799999999999194, 0]","[0, 0]",8
35,"[0, 1]",110.64999999999586,"[32, 32]","[12.100000000000037, 0]","[0, 0]",8
36,"[0, 1]",118.79999999999539,"[35, 29]","[17.15000000000011, 0]","[2.3999999999999995, 0]",8
37,"[0, 3]",153.45000000000064,"[36, 31]","[17.35000000000011, 0]","[0, 0]",8
38,"[2, 3]",174.25000000000537,"[34, 46]","[48.49999999999938, 0]","[0, 0]",8
39,"[2, 3]",189.15000000000876,"[38, 51]","[53.199999999999115, 0.05]","[2.6499999999999986, 0]",8
40,"[2, 1]",161.90000000000256,"[39, 53]","[52.69999999999914, 0]","[0, 0]",8
41,"[2, 1]",165.85000000000346,"[40, 40]","[55.44999999999899, 0]","[0, 0]",8
42,"[0, 3]",152.20000000000036,"[37, 37]","[14.600000000000072, 0]","[0, 0]",8
43,"[2, 3]",205.00000000001236,"[41, 57]","[56.199999999998944, 0]","[0, 0]",8
44,"[0, 1]",124.24999999999508,"[42, 36]","[15.900000000000091, 0]","[0, 0]",8
45,"[2, 1]",182.80000000000732,"[43, 62]","[61.59999999999864, 0]","[3.349999999999996, 0]",8
46,"[0, 3]",157.75000000000162,"[44, 33]","[17.15000000000011, 0]","[0, 0]",8
47,"[2, 3]",221.30000000001607,"[45, 65]","[60.4999999999987, 0]","[0, 0]",8
48,"[0, 1]",129.59999999999522,"[46, 34]","[18.450000000000127, 0]","[0, 0]",8
49,"[2, 1]",198.950000000011,"[47, 69]","[61.649999999998634, 0]","[0, 0]",8
50,"[0, 3]",163.60000000000295,"[48, 38]","[19.750000000000146, 0]","[0, 0]",8
51,"[0, 3]",167.55000000000385,"[50, 50]","[22.400000000000183, 0]","[0, 0]",8
52,"[2, 1]",199.25000000001106,"[49, 49]","[62.499999999998586, 0]","[0, 0]",8
53,"[0, 1]",139.54999999999748,"[51, 48]","[23.6500000000002, 0]","[0, 0]",8
54,"[0, 3]",174.45000000000542,"[53, 39]","[26.30000000000024, 0]","[0, 0]",8
55,"[2, 3]",237.7000000000198,"[52, 76]","[70.74999999999812, 0]","[3.1999999999999966, 0]",8
56,"[0, 3]",177.10000000000602,"[54, 54]","[27.600000000000257, 0]","[0, 0]",8
57,"[0, 3]",180.9500000000069,"[56, 56]","[30.250000000000295, 0]","[0, 0]",8
58,"[2, 3]",239.35000000002017,"[55, 55]","[67.84999999999829, 0]","[0, 0]",8
59,"[2, 3]",243.65000000002115,"[58, 58]","[71.69999999999807, 0]","[0, 0]",8
60,"[2, 3]",248.2000000000222,"[59, 59]","[78.94999999999766, 0]","[0, 0]",8
61,"[0, 1]",150.04999999999987,"[57, 41]","[28.800000000000274, 0]","[0, 0]",8
62,"[0, 1]",153.80000000000072,"[61, 61]","[31.450000000000312, 0]","[0, 0]",8
63,"[2, 1]",218.45000000001542,"[60, -999]","[79.8499999999976, 0]","[0, 0]",8
64,"[0, 3]",186.40000000000813,"[62, 43]","[32.75000000000028, 0]","[0, 0]",8
65,"[0, 3]",191.20000000000923,"[64, 64]","[35.40000000000013, 0]","[0, 0]",8
66,"[2, 3]",251.3500000000229,"[63, 60]","[80.29999999999758, 0]","[0, 0]",8
67,"[2, 3]",256.50000000002404,"[66, 66]","[83.24999999999741, 0]","[0, 0]",8
68,"[0, 1]",162.4500000000027,"[65, 45]","[35.30000000000013, 0]","[0, 0]",8
69,"[0, 1]",166.15000000000353,"[68, 68]","[37.94999999999998, 0]","[0, 0]",8
70,"[2, 1]",226.85000000001733,"[67, -999]","[83.29999999999741, 0]","[0, 0]",8
71,"[0, 3]",198.70000000001093,"[69, 47]","[39.24999999999991, 0]","[0, 0]",8
72,"[2, 1]",230.2000000000181,"[70, 70]","[86.19999999999725, 0]","[0, 0]",8
73,"[0, 3]",202.20000000001173,"[71, 71]","[40.549999999999834, 0]","[0, 0]",8
74,"[2, 3]",264.35000000002583,"[72, 67]","[93.74999999999682, 0]","[0, 0]",8
75,"[2, 3]",269.400000000027,"[74, 74]","[97.74999999999659, 0]","[0, 0]",8
76,"[0, 3]",203.70000000001207,"[73, 73]","[40.44999999999984, 0]","[0, 0]",8
77,"[2, 1]",240.85000000002051,"[75, -999]","[99.69999999999648, 0]","[0, 0]",8
78,"[2, 3]",275.80000000002843,"[77, 75]","[109.19999999999594, 0]","[0, 0]",8
79,"[0, 1]",174.4000000000054,"[76, 52]","[40.39999999999984, 0]","[0, 0]",8
0,"[2, 1]",36.45000000000007,"[-999, -999]","[0, 0]","[0, 0]",9
1,"[2, 3]",70.34999999999815,"[0, -999]","[1.850000000000001, 0]","[0, 0]",9
2,"[2, 3]",75.24999999999787,"[1, 1]","[4.049999999999994, 0]","[0, 0]",9
3,"[0, 1]",67.44999999999831,"[-999, 15]","[0, 0]","[0, 0]",9
4,"[0, 1]",80.49999999999757,"[3, 27]","[4.899999999999991, 0]","[2.9499999999999975, 0]",9
5,"[0, 1]",83.09999999999742,"[4, 4]","[4.499999999999992, 0]","[0, 0]",9
6,"[2, 1]",39.94999999999987,"[2, 0]","[2.25, 0]","[0, 0]",9
7,"[0, 1]",85.2499999999973,"[5, 5]","[5.749999999999988, 0]","[0, 0]",9
8,"[0, 3]",123.9999999999951,"[7, 38]","[10.85000000000002, 0]","[2.499999999999999, 0]",9
9,"[0, 3]",127.4999999999949,"[8, 8]","[10.95000000000002, 0]","[0, 0]",9
10,"[2, 3]",71.34999999999809,"[6, 2]","[0.39999999999999997, 0]","[0, 0]",9
11,"[0, 3]",129.64999999999523,"[9, 9]","[12.250000000000039, 0]","[0, 0]",9
12,"[0, 1]",101.89999999999635,"[11, 47]","[14.900000000000077, 0]","[0, 0]",9
13,"[0, 1]",105.64999999999614,"[12, 12]","[17.500000000000114, 0]","[0, 0]",9
14,"[0, 3]",139.29999999999742,"[13, 11]","[20.15000000000015, 0]","[0, 0]",9
15,"[2, 1]",36.850000000000044,"[10, 6]","[0.05, 0]","[0, 0]",9
16,"[0, 1]",112.69999999999574,"[14, 52]","[21.45000000000017, 0]","[0, 0]",9
17,"[0, 1]",116.24999999999554,"[16, 16]","[24.100000000000207, 0]","[0, 0]",9
18,"[0, 3]",150.09999999999988,"[17, 53]","[26.700000000000244, 0]","[0, 0]",9
19,"[0, 3]",154.90000000000097,"[18, 18]","[29.350000000000282, 0]","[0, 0]",9
20,"[0, 1]",128.84999999999505,"[19, 55]","[32.00000000000032, 0]","[0, 0]",9
21,"[0, 3]",163.65000000000296,"[20, 57]","[34.65000000000017, 0]","[0, 0]",9
22,"[2, 3]",68.29999999999826,"[15, 10]","[0.05, 0]","[0, 0]",9
23,"[2, 1]",45.19999999999957,"[22, 3]","[1.850000000000001, 0]","[0, 0]",9
24,"[0, 1]",134.7499999999964,"[21, 63]","[34.550000000000175, 0]","[0, 0]",9
25,"[0, 1]",138.19999999999717,"[24, 24]","[37.200000000000024, 0]","[0, 0]",9
26,"[0, 3]",171.90000000000484,"[25, 21]","[39.84999999999987, 0]","[0, 0]",9
27,"[2, 1]",44.049999999999635,"[23, 23]","[0.05, 0]","[0, 0]",9
28,"[0, 3]",175.50000000000566,"[26, 26]","[41.0999999999998, 0]","[0, 0]",9
29,"[0, 1]",149.39999999999972,"[28, 66]","[43.74999999999965, 0]","[0, 0]",9
30,"[0, 3]",184.60000000000773,"[29, 69]","[46.3999999999995, 0]","[0, 0]",9
31,"[2, 3]",71.59999999999808,"[27, 22]","[0.05, 0]","[0, 0]",9
32,"[2, 3]",76.3499999999978,"[31, 31]","[1.900000000000001, 0]","[0, 0]",9
33,"[2, 3]",80.39999999999758,"[32, 32]","[4.099999999999993, 0]","[0, 0]",9
34,"[0, 3]",184.60000000000773,"[30, 30]","[44.99999999999958, 0]","[0, 0]",9
35,"[0, 1]",159.10000000000193,"[34, 75]","[47.59999999999943, 0]","[0, 0]",9
36,"[0, 3]",192.25000000000946,"[35, 34]","[50.24999999999928, 0]","[0, 0]",9
37,"[0, 1]",166.60000000000363,"[36, 76]","[52.89999999999913, 0]","[0, 0]",9
38,"[2, 3]",78.64999999999768,"[33, 33]","[0.9500000000000003, 0]","[0, 0]",9
39,"[0, 1]",168.90000000000416,"[37, 37]","[54.19999999999906, 0]","[0, 0]",9
40,"[0, 3]",205.1000000000124,"[39, 79]","[56.79999999999891, 0]","[0, 0]",9
41,"[0, 1]",178.40000000000632,"[40, 39]","[59.44999999999876, 0]","[0, 0]",9
42,"[2, 1]",46.4499999999995,"[38, 7]","[0.05, 0]","[0, 0]",9
43,"[0, 1]",180.80000000000686,"[41, 41]","[60.749999999998685, 0]","[0, 0]",9
44,"[2, 1]",48.449999999999385,"[42, 42]","[0.6, 0]","[0, 0]",9
45,"[0, 3]",213.30000000001425,"[43, 40]","[62.04999999999861, 0]","[0, 0]",9
46,"[0, 3]",218.20000000001536,"[45, 45]","[64.64999999999847, 0]","[0, 0]",9
47,"[2, 1]",49.44999999999933,"[44, 44]","[0.1, 0]","[0, 0]",9
48,"[0, 3]",221.050000000016,"[46, 46]","[65.9499999999984, 0]","[0, 0]",9
49,"[0, 1]",194.65000000001,"[48, -999]","[68.59999999999825, 0]","[0, 0]",9
50,"[0, 1]",198.35000000001085,"[49, 49]","[71.2499999999981, 0]","[0, 0]",9
51,"[0, 1]",202.1000000000117,"[50, 50]","[73.84999999999795, 0]","[0, 0]",9
52,"[2, 1]",59.29999999999877,"[47, 13]","[6.249999999999986, 0.05]","[6.199999999999986, 0]",9
53,"[2, 3]",92.94999999999686,"[52, 14]","[1.850000000000001, 0]","[0, 0]",9
54,"[0, 1]",203.05000000001192,"[51, 51]","[73.79999999999795, 0]","[0, 0]",9
55,"[2, 1]",70.74999999999812,"[53, 17]","[2.6999999999999984, 0]","[0, 0]",9
56,"[0, 1]",205.35000000001244,"[54, 54]","[75.14999999999787, 0]","[0, 0]",9
57,"[2, 3]",109.54999999999592,"[55, 19]","[6.849999999999984, 0]","[3.2499999999999964, 0]",9
58,"[0, 1]",207.65000000001297,"[56, 56]","[76.4999999999978, 0]","[0, 0]",9
59,"[0, 1]",211.3000000000138,"[58, 58]","[79.19999999999764, 0]","[0, 0]",9
60,"[0, 1]",215.00000000001464,"[59, 59]","[82.19999999999747, 0]","[0, 0]",9
61,"[0, 3]",248.55000000002227,"[60, 48]","[85.79999999999727, 0]","[0, 0]",9
62,"[0, 1]",223.95000000001667,"[61, 60]","[90.04999999999703, 0]","[0, 0]",9
63,"[2, 1]",75.49999999999785,"[57, 20]","[26.950000000000248, 0]","[0, 0]",9
64,"[0, 1]",226.40000000001723,"[62, 62]","[97.5999999999966, 0]","[0, 0]",9
65,"[2, 1]",90.29999999999701,"[63, 25]","[31.750000000000316, 0]","[6.549999999999985, 0]",9
66,"[2, 1]",93.29999999999684,"[65, 65]","[25.65000000000023, 0]","[0, 0]",9
67,"[0, 1]",227.45000000001747,"[64, 64]","[99.74999999999648, 0]","[0, 0]",9
68,"[0, 1]",231.1000000000183,"[67, 67]","[103.24999999999628, 0]","[0, 0]",9
69,"[2, 3]",126.24999999999497,"[66, 28]","[23.6500000000002, 0]","[0, 0]",9
70,"[0, 3]",263.3500000000256,"[68, 61]","[105.14999999999617, 0]","[0, 0]",9
71,"[0, 3]",268.35000000002674,"[70, 70]","[108.29999999999599, 0]","[0, 0]",9
72,"[0, 3]",272.5000000000277,"[71, 71]","[111.39999999999581, 0]","[0, 0]",9
73,"[2, 1]",95.29999999999673,"[69, 29]","[20.300000000000153, 0]","[0, 0]",9
74,"[0, 3]",275.1500000000283,"[72, 72]","[113.69999999999568, 0]","[0, 0]",9
75,"[2, 1]",98.59999999999654,"[73, 73]","[19.750000000000146, 0]","[0, 0]",9
76,"[2, 1]",108.94999999999595,"[75, 35]","[20.500000000000156, 0]","[0, 0]",9
77,"[0, 3]",276.25000000002854,"[74, 74]","[114.94999999999561, 0]","[0, 0]",9
78,"[2, 3]",142.09999999999806,"[76, 36]","[19.95000000000015, 0]","[0, 0]",9
79,"[2, 3]",146.74999999999912,"[78, 78]","[20.75000000000016, 0]","[0, 0]",9
0,"[0, 1]",71.54999999999808,"[-999, 12]","[0, 0]","[0, 0]",10
1,"[2, 1]",36.45000000000007,"[-999, -999]","[0, 0]","[0, 0]",10
2,"[0, 3]",103.29999999999627,"[0, 14]","[0.6, 0]","[0, 0]",10
3,"[0, 3]",107.54999999999603,"[2, 2]","[3.149999999999997, 0]","[0, 0]",10
4,"[0, 1]",89.89999999999704,"[3, 20]","[11.000000000000021, 0.05]","[5.249999999999989, 0]",10
5,"[2, 3]",67.94999999999828,"[1, -999]","[0.05, 0]","[0, 0]",10
6,"[2, 3]",72.849999999998,"[5, 5]","[1.850000000000001, 0]","[0, 0]",10
7,"[0, 1]",89.19999999999708,"[4, 4]","[5.649999999999988, 0]","[0, 0]",10
8,"[2, 1]",40.29999999999985,"[6, 1]","[2.7499999999999982, 0]","[0, 0]",10
9,"[2, 3]",75.79999999999784,"[8, 6]","[4.94999999999999, 0]","[0, 0]",10
10,"[0, 1]",95.8999999999967,"[7, 21]","[6.749999999999984, 0.05]","[1.2000000000000004, 0]",10
11,"[2, 1]",43.94999999999964,"[9, 8]","[5.849999999999987, 0]","[0, 0]",10
12,"[2, 1]",48.249999999999396,"[11, 11]","[8.04999999999998, 0]","[0, 0]",10
13,"[0, 1]",95.14999999999674,"[10, 10]","[5.4999999999999885, 0]","[0, 0]",10
14,"[2, 3]",80.74999999999756,"[12, 9]","[8.949999999999992, 0]","[0, 0]",10
15,"[2, 1]",55.04999999999901,"[14, 0]","[11.200000000000024, 0]","[0, 0]",10
16,"[2, 1]",58.649999999998805,"[15, 15]","[13.400000000000055, 0]","[0, 0]",10
17,"[2, 1]",62.1999999999986,"[16, 16]","[15.650000000000087, 0]","[0, 0]",10
18,"[0, 1]",98.94999999999652,"[13, 23]","[4.899999999999991, 0.05]","[2.1500000000000004, 0]",10
19,"[0, 3]",132.6499999999959,"[18, 30]","[5.349999999999989, 0]","[0, 0]",10
20,"[2, 1]",62.64999999999858,"[17, 17]","[15.15000000000008, 0]","[0, 0]",10
21,"[2, 1]",76.04999999999782,"[20, 7]","[24.150000000000208, 0]","[6.749999999999984, 0]",10
22,"[0, 1]",103.54999999999626,"[19, 18]","[5.299999999999989, 0]","[0, 0]",10
23,"[2, 1]",87.44999999999717,"[21, 13]","[31.40000000000031, 0]","[5.699999999999988, 0]",10
24,"[0, 1]",105.94999999999612,"[22, 22]","[7.249999999999982, 0]","[0, 0]",10
25,"[0, 1]",109.69999999999591,"[24, 24]","[10.20000000000001, 0]","[0, 0]",10
26,"[0, 1]",117.79999999999545,"[25, 36]","[15.550000000000086, 0]","[2.4499999999999993, 0]",10
27,"[0, 3]",150.6,"[26, 33]","[16.300000000000097, 0]","[0, 0]",10
28,"[0, 1]",124.64999999999506,"[27, 38]","[19.550000000000143, 0]","[0, 0]",10
29,"[0, 3]",158.5000000000018,"[28, 27]","[22.10000000000018, 0]","[0, 0]",10
30,"[2, 3]",111.14999999999583,"[23, 3]","[34.200000000000195, 0]","[1.3500000000000005, 0]",10
31,"[2, 3]",122.1999999999952,"[30, 19]","[37.10000000000003, 0]","[0, 0]",10
32,"[0, 1]",129.9999999999953,"[29, 40]","[21.55000000000017, 0]","[0, 0]",10
33,"[2, 3]",124.94999999999504,"[31, 31]","[40.199999999999854, 0]","[0, 0]",10
34,"[0, 3]",162.4500000000027,"[32, 29]","[22.300000000000182, 0]","[0, 0]",10
35,"[0, 1]",136.84999999999687,"[34, 41]","[24.35000000000021, 0]","[0, 0]",10
36,"[2, 1]",100.24999999999645,"[33, 25]","[37.40000000000001, 0]","[0, 0]",10
37,"[0, 1]",139.29999999999742,"[35, 35]","[24.90000000000022, 0]","[0, 0]",10
38,"[2, 1]",106.64999999999608,"[36, 26]","[36.650000000000055, 0]","[0, 0]",10
39,"[0, 3]",171.7000000000048,"[37, 34]","[26.200000000000237, 0]","[0, 0]",10
40,"[2, 1]",114.49999999999564,"[38, 28]","[39.299999999999905, 0]","[3.349999999999996, 0]",10
41,"[2, 1]",123.8499999999951,"[40, 32]","[39.999999999999865, 0]","[3.2499999999999964, 0]",10
42,"[2, 1]",138.7999999999973,"[41, 37]","[44.24999999999962, 0]","[6.699999999999984, 0]",10
43,"[0, 3]",172.600000000005,"[39, 39]","[24.800000000000217, 0]","[0, 0]",10
44,"[0, 1]",146.199999999999,"[43, 45]","[27.450000000000255, 0]","[0, 0]",10
45,"[2, 1]",138.7999999999973,"[42, 42]","[35.70000000000011, 0]","[0, 0]",10
46,"[2, 1]",149.54999999999976,"[45, 44]","[39.999999999999865, 0]","[3.399999999999996, 0]",10
47,"[2, 3]",189.10000000000875,"[46, 53]","[37.40000000000001, 0]","[0, 0]",10
48,"[2, 1]",160.90000000000234,"[47, 46]","[38.249999999999964, 0]","[0, 0]",10
49,"[2, 1]",171.7000000000048,"[48, 57]","[41.89999999999976, 0]","[0, 0]",10
50,"[2, 1]",179.35000000000653,"[49, 59]","[45.799999999999535, 0]","[0, 0]",10
51,"[0, 3]",171.85000000000483,"[44, 43]","[21.950000000000177, 0]","[0, 0]",10
52,"[2, 1]",186.05000000000805,"[50, 61]","[47.749999999999424, 0]","[0, 0]",10
53,"[0, 3]",175.35000000000562,"[51, 51]","[24.20000000000021, 0]","[0, 0]",10
54,"[0, 3]",185.10000000000784,"[53, 47]","[29.500000000000284, 0.05]","[2.1000000000000005, 0]",10
55,"[2, 3]",216.00000000001486,"[52, 60]","[50.69999999999926, 0]","[0, 0]",10
56,"[2, 3]",232.20000000001855,"[55, 66]","[64.0499999999985, 0.05]","[6.249999999999986, 0]",10
57,"[0, 1]",156.15000000000126,"[54, 48]","[27.80000000000026, 0]","[0, 0]",10
58,"[2, 1]",203.70000000001207,"[56, 67]","[61.449999999998646, 0]","[0, 0]",10
59,"[0, 1]",163.850000000003,"[57, 49]","[31.30000000000031, 0.05]","[1.850000000000001, 0]",10
60,"[0, 3]",194.90000000001007,"[59, 54]","[32.20000000000031, 0]","[0, 0]",10
61,"[0, 1]",168.6500000000041,"[60, 50]","[34.550000000000175, 0]","[0, 0]",10
62,"[0, 1]",176.75000000000594,"[61, 52]","[39.24999999999991, 0]","[2.549999999999999, 0]",10
63,"[2, 1]",208.55000000001317,"[58, 69]","[62.499999999998586, 0]","[3.1999999999999966, 0]",10
64,"[2, 1]",218.3000000000154,"[63, 72]","[69.89999999999817, 0]","[3.4499999999999957, 0]",10
65,"[0, 3]",209.25000000001333,"[62, 55]","[36.00000000000009, 0]","[0, 0]",10
66,"[0, 3]",213.40000000001427,"[65, 65]","[37.899999999999984, 0]","[0, 0]",10
67,"[0, 1]",186.50000000000816,"[66, 62]","[40.24999999999985, 0]","[0, 0]",10
68,"[0, 3]",221.4000000000161,"[67, 56]","[43.09999999999969, 0]","[0, 0]",10
69,"[0, 1]",194.45000000000996,"[68, 58]","[49.499999999999325, 0]","[0, 0]",10
70,"[2, 3]",251.3000000000229,"[64, 77]","[66.39999999999837, 0]","[3.1999999999999966, 0]",10
71,"[0, 3]",226.90000000001734,"[69, 68]","[51.6999999999992, 0]","[0, 0]",10
72,"[0, 1]",201.35000000001153,"[71, 63]","[54.49999999999904, 0]","[0, 0]",10
73,"[2, 1]",221.30000000001607,"[70, 79]","[65.74999999999841, 0]","[0, 0]",10
74,"[2, 3]",256.350000000024,"[73, 70]","[69.74999999999818, 0]","[0, 0]",10
75,"[0, 3]",232.4000000000186,"[72, 71]","[54.69999999999903, 0]","[0, 0]",10
76,"[2, 1]",229.10000000001784,"[74, 73]","[73.29999999999798, 0]","[0, 0]",10
77,"[0, 3]",235.9000000000194,"[75, 75]","[59.549999999998754, 0]","[0, 0]",10
78,"[2, 3]",263.55000000002565,"[76, 74]","[76.99999999999777, 0]","[0, 0]",10
79,"[0, 1]",208.45000000001315,"[77, 64]","[62.149999999998606, 0]","[0, 0]",10
0,"[0, 1]",67.6499999999983,"[-999, 11]","[0, 0]","[0, 0]",11
1,"[0, 1]",78.2499999999977,"[0, 12]","[4.699999999999991, 0.05]","[2.7499999999999982, 0]",11
2,"[0, 1]",80.29999999999758,"[1, 1]","[4.499999999999992, 0]","[0, 0]",11
3,"[2, 1]",36.45000000000007,"[-999, -999]","[0, 0]","[0, 0]",11
4,"[0, 1]",82.34999999999746,"[2, 2]","[5.749999999999988, 0]","[0, 0]",11
5,"[2, 3]",68.99999999999822,"[3, -999]","[0.49999999999999994, 0]","[0, 0]",11
6,"[0, 3]",114.34999999999565,"[4, 17]","[6.999999999999983, 0]","[0, 0]",11
7,"[2, 3]",72.54999999999802,"[5, 5]","[1.3500000000000005, 0]","[0, 0]",11
8,"[0, 1]",87.19999999999719,"[6, 18]","[8.249999999999982, 0]","[0, 0]",11
9,"[2, 3]",75.29999999999787,"[7, 7]","[2.25, 0]","[0, 0]",11
10,"[2, 1]",43.04999999999969,"[9, 3]","[4.449999999999992, 0]","[0, 0]",11
11,"[2, 1]",47.549999999999436,"[10, 10]","[6.699999999999984, 0]","[0, 0]",11
12,"[2, 1]",57.69999999999886,"[11, 0]","[12.30000000000004, 0]","[3.349999999999996, 0]",11
13,"[2, 3]",90.599999999997,"[12, 9]","[11.150000000000023, 0]","[0, 0]",11
14,"[0, 1]",84.14999999999736,"[8, 8]","[4.149999999999993, 0]","[0, 0]",11
15,"[0, 3]",117.74999999999545,"[14, 19]","[6.799999999999984, 0]","[0, 0]",11
16,"[0, 1]",97.34999999999661,"[15, 23]","[12.600000000000044, 0]","[3.1999999999999966, 0]",11
17,"[2, 3]",92.14999999999691,"[13, 13]","[12.550000000000043, 0]","[0, 0]",11
18,"[2, 1]",68.09999999999827,"[17, 4]","[15.300000000000082, 0]","[0, 0]",11
19,"[2, 3]",103.14999999999628,"[18, 6]","[23.900000000000205, 0]","[0, 0]",11
20,"[0, 1]",95.94999999999669,"[16, 16]","[7.99999999999998, 0]","[0, 0]",11
21,"[2, 1]",79.9499999999976,"[19, 14]","[22.400000000000183, 0]","[0, 0]",11
22,"[0, 1]",102.39999999999633,"[20, 27]","[11.750000000000032, 0]","[2.4499999999999993, 0]",11
23,"[2, 1]",80.99999999999754,"[21, 21]","[21.55000000000017, 0]","[0, 0]",11
24,"[0, 1]",109.7999999999959,"[22, 28]","[13.400000000000055, 0]","[2.799999999999998, 0]",11
25,"[0, 1]",118.24999999999542,"[24, 29]","[15.10000000000008, 0.05]","[1.900000000000001, 0]",11
26,"[2, 3]",112.84999999999573,"[23, 15]","[19.900000000000148, 0]","[0, 0]",11
27,"[2, 1]",91.34999999999695,"[26, 20]","[21.050000000000164, 0]","[0, 0]",11
28,"[2, 1]",99.3499999999965,"[27, 22]","[22.05000000000018, 0]","[0, 0]",11
29,"[2, 1]",107.19999999999605,"[28, 24]","[22.95000000000019, 0]","[0, 0]",11
30,"[0, 3]",143.79999999999845,"[25, 26]","[10.450000000000014, 0]","[0, 0]",11
31,"[2, 1]",113.54999999999569,"[29, 25]","[22.650000000000187, 0]","[0, 0]",11
32,"[2, 1]",116.14999999999554,"[31, 31]","[24.90000000000022, 0]","[0, 0]",11
33,"[2, 1]",137.64999999999705,"[32, 40]","[37.000000000000036, 0.05]","[9.900000000000006, 0]",11
34,"[0, 3]",144.74999999999866,"[30, 30]","[9.049999999999994, 0]","[0, 0]",11
35,"[2, 3]",167.3500000000038,"[33, 34]","[28.000000000000263, 0]","[0, 0]",11
36,"[0, 1]",117.19999999999548,"[34, 32]","[10.600000000000016, 0]","[0, 0]",11
37,"[2, 3]",182.3000000000072,"[35, 45]","[32.100000000000314, 0.05]","[2.7499999999999982, 0]",11
38,"[0, 1]",119.54999999999535,"[36, 36]","[12.400000000000041, 0]","[0, 0]",11
39,"[2, 3]",184.70000000000775,"[37, 37]","[32.70000000000028, 0]","[0, 0]",11
40,"[0, 1]",121.84999999999522,"[38, 38]","[14.000000000000064, 0]","[0, 0]",11
41,"[2, 1]",155.40000000000109,"[39, 46]","[35.800000000000104, 0]","[0, 0]",11
42,"[0, 1]",129.0499999999951,"[40, 33]","[18.150000000000123, 0]","[2.499999999999999, 0]",11
43,"[2, 3]",190.40000000000904,"[41, 47]","[36.95000000000004, 0]","[0, 0]",11
44,"[0, 3]",161.75000000000253,"[42, 35]","[17.20000000000011, 0]","[0, 0]",11
45,"[0, 3]",166.0000000000035,"[44, 44]","[20.05000000000015, 0]","[0, 0]",11
46,"[0, 1]",139.44999999999746,"[45, 42]","[22.85000000000019, 0]","[0, 0]",11
47,"[0, 3]",179.2000000000065,"[46, 39]","[28.700000000000273, 0]","[3.049999999999997, 0]",11
48,"[0, 1]",152.8500000000005,"[47, 41]","[28.55000000000027, 0]","[0, 0]",11
49,"[2, 3]",203.8000000000121,"[43, 58]","[42.099999999999746, 0.05]","[9.650000000000002, 0]",11
50,"[2, 1]",176.45000000000587,"[49, 60]","[36.05000000000009, 0]","[0, 0]",11
51,"[2, 1]",192.65000000000956,"[50, 64]","[43.99999999999964, 0.05]","[3.049999999999997, 0]",11
52,"[2, 3]",224.40000000001677,"[51, 62]","[44.89999999999959, 0]","[0, 0]",11
53,"[0, 3]",182.65000000000728,"[48, 43]","[26.550000000000242, 0]","[0, 0]",11
54,"[2, 1]",201.75000000001162,"[52, 68]","[49.09999999999935, 0]","[0, 0]",11
55,"[2, 1]",215.7000000000148,"[54, 73]","[62.64999999999858, 0]","[6.799999999999984, 0]",11
56,"[2, 3]",249.80000000002255,"[55, 75]","[61.19999999999866, 0]","[0, 0]",11
57,"[0, 3]",182.55000000000726,"[53, 53]","[25.400000000000226, 0]","[0, 0]",11
58,"[0, 3]",186.35000000000812,"[57, 57]","[27.70000000000026, 0]","[0, 0]",11
59,"[2, 1]",225.75000000001708,"[56, 78]","[63.399999999998535, 0]","[0, 0]",11
60,"[0, 1]",158.25000000000173,"[58, -999]","[28.45000000000027, 0]","[0, 0]",11
61,"[2, 1]",226.40000000001723,"[59, 59]","[67.09999999999833, 0]","[0, 0]",11
62,"[0, 3]",191.80000000000936,"[60, 49]","[29.15000000000028, 0]","[0, 0]",11
63,"[0, 1]",165.00000000000327,"[62, 50]","[31.25000000000031, 0]","[0, 0]",11
64,"[0, 1]",168.75000000000412,"[63, 63]","[33.35000000000024, 0]","[0, 0]",11
65,"[2, 1]",226.40000000001723,"[61, 61]","[70.14999999999816, 0]","[0, 0]",11
66,"[0, 1]",176.00000000000577,"[64, 51]","[36.25000000000008, 0]","[2.499999999999999, 0]",11
67,"[2, 3]",260.40000000002493,"[65, 79]","[75.79999999999784, 0]","[0, 0]",11
68,"[0, 1]",177.70000000000616,"[66, 66]","[34.900000000000155, 0]","[0, 0]",11
69,"[2, 3]",264.1000000000258,"[67, 67]","[80.09999999999759, 0]","[0, 0]",11
70,"[0, 3]",209.30000000001334,"[68, 52]","[36.20000000000008, 0]","[0, 0]",11
71,"[2, 3]",267.3500000000265,"[69, 69]","[83.94999999999737, 0]","[0, 0]",11
72,"[0, 1]",181.50000000000702,"[70, 54]","[37.45000000000001, 0]","[0, 0]",11
73,"[0, 1]",185.10000000000784,"[72, 72]","[40.09999999999986, 0]","[0, 0]",11
74,"[2, 1]",237.45000000001974,"[71, -999]","[87.89999999999715, 0]","[0, 0]",11
75,"[0, 3]",217.5000000000152,"[73, 70]","[42.49999999999972, 0]","[0, 0]",11
76,"[2, 1]",240.85000000002051,"[74, 74]","[92.2999999999969, 0]","[0, 0]",11
77,"[0, 1]",190.7000000000091,"[75, 55]","[45.39999999999956, 0]","[0, 0]",11
78,"[0, 1]",194.40000000000995,"[77, 77]","[52.94999999999913, 0]","[0, 0]",11
79,"[0, 3]",228.15000000001763,"[78, 56]","[59.49999999999876, 0]","[0, 0]",11
0,"[2, 1]",36.45000000000007,"[-999, -999]","[0, 0]","[0, 0]",12
1,"[0, 3]",111.49999999999581,"[-999, 12]","[0, 0]","[7.649999999999981, 0]",12
2,"[0, 1]",87.64999999999716,"[1, 14]","[4.6499999999999915, 0]","[2.6999999999999984, 0]",12
3,"[2, 1]",37.05000000000003,"[0, 0]","[0.05, 0]","[0, 0]",12
4,"[2, 3]",70.49999999999814,"[3, -999]","[1.950000000000001, 0]","[0, 0]",12
5,"[2, 1]",42.8999999999997,"[4, 3]","[4.149999999999993, 0]","[0, 0]",12
6,"[0, 3]",122.2499999999952,"[2, 16]","[3.099999999999997, 0.05]","[2.6499999999999986, 0]",12
7,"[2, 1]",45.84999999999953,"[5, 5]","[5.04999999999999, 0]","[0, 0]",12
8,"[2, 1]",49.8999999999993,"[7, 7]","[7.249999999999982, 0]","[0, 0]",12
9,"[2, 1]",53.74999999999908,"[8, 8]","[9.5, 0]","[0, 0]",12
10,"[2, 3]",82.99999999999743,"[9, 4]","[11.750000000000032, 0]","[0, 0]",12
11,"[2, 3]",87.89999999999715,"[10, 10]","[13.950000000000063, 0]","[0, 0]",12
12,"[2, 3]",91.64999999999694,"[11, 11]","[16.200000000000095, 0]","[0, 0]",12
13,"[2, 1]",62.89999999999856,"[12, 9]","[18.400000000000126, 0]","[0, 0]",12
14,"[2, 1]",66.44999999999837,"[13, 13]","[20.65000000000016, 0]","[0, 0]",12
15,"[2, 3]",99.09999999999651,"[14, 1]","[22.85000000000019, 0]","[0, 0]",12
16,"[2, 3]",103.34999999999627,"[15, 15]","[25.10000000000022, 0]","[0, 0]",12
17,"[0, 3]",112.24999999999577,"[6, 6]","[0.05, 0]","[0, 0]",12
18,"[0, 3]",115.69999999999557,"[17, 17]","[1.950000000000001, 0]","[0, 0]",12
19,"[2, 1]",73.49999999999797,"[16, 2]","[24.650000000000215, 0]","[0, 0]",12
20,"[2, 3]",122.94999999999516,"[19, 21]","[36.40000000000007, 0.05]","[9.55, 0]",12
21,"[0, 3]",116.49999999999552,"[18, 18]","[1.800000000000001, 0]","[0, 0]",12
22,"[0, 3]",125.14999999999503,"[21, 20]","[6.749999999999984, 0]","[2.3499999999999996, 0]",12
23,"[0, 3]",133.4999999999961,"[22, 26]","[8.84999999999999, 0.05]","[1.850000000000001, 0]",12
24,"[0, 1]",104.79999999999619,"[23, -999]","[9.650000000000002, 0]","[0, 0]",12
25,"[0, 1]",108.59999999999597,"[24, 24]","[12.250000000000039, 0]","[0, 0]",12
26,"[2, 3]",124.49999999999507,"[20, 22]","[22.350000000000183, 0]","[0, 0]",12
27,"[2, 3]",132.89999999999597,"[26, 23]","[24.550000000000214, 0]","[0, 0]",12
28,"[0, 1]",114.09999999999566,"[25, 30]","[14.550000000000072, 0]","[2.3499999999999996, 0]",12
29,"[0, 3]",146.89999999999915,"[28, 27]","[14.850000000000076, 0]","[0, 0]",12
30,"[2, 1]",107.54999999999603,"[27, 25]","[52.79999999999914, 0]","[0, 0]",12
31,"[2, 1]",115.0999999999956,"[30, 28]","[52.849999999999135, 0]","[0, 0]",12
32,"[0, 3]",149.19999999999968,"[29, 29]","[14.800000000000075, 0]","[0, 0]",12
33,"[2, 1]",116.24999999999554,"[31, 31]","[51.949999999999186, 0]","[0, 0]",12
34,"[2, 3]",152.3500000000004,"[33, 32]","[52.649999999999146, 0]","[0, 0]",12
35,"[0, 1]",119.79999999999534,"[32, 33]","[14.700000000000074, 0]","[0, 0]",12
36,"[2, 3]",165.90000000000347,"[34, 38]","[54.89999999999902, 0.05]","[2.8999999999999977, 0]",12
37,"[0, 3]",153.90000000000074,"[35, 34]","[16.000000000000092, 0]","[0, 0]",12
38,"[0, 3]",157.85000000000164,"[37, 37]","[18.65000000000013, 0]","[0, 0]",12
39,"[0, 3]",166.80000000000368,"[38, 36]","[23.5500000000002, 0]","[2.3, 0]",12
40,"[0, 1]",138.84999999999732,"[39, -999]","[24.550000000000214, 0]","[0, 0]",12
41,"[0, 1]",142.6499999999982,"[40, 40]","[27.450000000000255, 0]","[0, 0]",12
42,"[2, 3]",167.65000000000387,"[36, 39]","[46.04999999999952, 0]","[0, 0]",12
43,"[2, 1]",145.94999999999894,"[42, 41]","[50.09999999999929, 0]","[3.1999999999999966, 0]",12
44,"[0, 3]",173.9000000000053,"[41, 42]","[27.00000000000025, 0]","[0, 0]",12
45,"[0, 3]",178.65000000000637,"[44, 44]","[29.10000000000028, 0]","[0, 0]",12
46,"[2, 3]",188.4000000000086,"[43, 49]","[48.1999999999994, 0]","[3.2499999999999964, 0]",12
47,"[2, 3]",197.85000000001074,"[46, 57]","[48.64999999999937, 0.05]","[2.25, 0]",12
48,"[2, 1]",168.90000000000416,"[47, 51]","[48.74999999999937, 0]","[0, 0]",12
49,"[0, 3]",178.8000000000064,"[45, 45]","[27.70000000000026, 0]","[0, 0]",12
50,"[2, 3]",208.45000000001315,"[48, 61]","[48.99999999999935, 0]","[0, 0]",12
51,"[0, 1]",151.0500000000001,"[49, 43]","[29.000000000000277, 0]","[0, 0]",12
52,"[2, 1]",177.4500000000061,"[50, 48]","[48.99999999999935, 0]","[0, 0]",12
53,"[2, 3]",218.50000000001543,"[52, 65]","[50.34999999999928, 0]","[0, 0]",12
54,"[2, 1]",188.8500000000087,"[53, 52]","[53.14999999999912, 0]","[0, 0]",12
55,"[2, 1]",205.40000000001245,"[54, 71]","[60.049999999998725, 0.05]","[2.799999999999998, 0]",12
56,"[2, 3]",236.45000000001951,"[55, 66]","[60.049999999998725, 0]","[0, 0]",12
57,"[0, 3]",178.85000000000642,"[51, 46]","[24.90000000000022, 0]","[0, 0]",12
58,"[2, 3]",240.60000000002046,"[56, 56]","[62.39999999999859, 0]","[0, 0]",12
59,"[0, 3]",186.7000000000082,"[57, 47]","[28.55000000000027, 0]","[2.3999999999999995, 0]",12
60,"[2, 1]",216.45000000001497,"[58, 77]","[75.54999999999785, 0]","[0, 0]",12
61,"[0, 3]",188.75000000000867,"[59, 59]","[27.450000000000255, 0]","[0, 0]",12
62,"[2, 3]",249.85000000002256,"[60, 79]","[79.59999999999762, 0]","[0, 0]",12
63,"[0, 3]",195.55000000001021,"[61, 50]","[31.150000000000308, 0]","[2.3999999999999995, 0]",12
64,"[2, 1]",222.05000000001624,"[62, 60]","[81.29999999999752, 0]","[0, 0]",12
65,"[0, 3]",197.55000000001067,"[63, 63]","[30.00000000000029, 0]","[0, 0]",12
66,"[0, 3]",205.6500000000125,"[65, 53]","[35.10000000000014, 0]","[2.4499999999999993, 0]",12
67,"[0, 1]",178.45000000000633,"[66, 54]","[35.800000000000104, 0]","[0, 0]",12
68,"[2, 1]",223.00000000001646,"[64, 64]","[80.34999999999758, 0]","[0, 0]",12
69,"[2, 1]",226.7000000000173,"[68, 68]","[91.54999999999694, 0]","[0, 0]",12
70,"[2, 3]",261.2500000000251,"[69, 62]","[96.49999999999666, 0]","[0, 0]",12
71,"[0, 1]",177.5000000000061,"[67, 67]","[34.900000000000155, 0]","[0, 0]",12
72,"[2, 1]",234.35000000001904,"[70, 69]","[99.79999999999647, 0]","[0, 0]",12
73,"[2, 3]",270.3500000000272,"[72, 70]","[104.09999999999623, 0]","[0, 0]",12
74,"[0, 1]",183.35000000000744,"[71, 55]","[37.50000000000001, 0]","[2.3999999999999995, 0]",12
75,"[2, 1]",243.25000000002106,"[73, 72]","[107.84999999999602, 0]","[0, 0]",12
76,"[0, 1]",185.00000000000782,"[74, 74]","[36.55000000000006, 0]","[0, 0]",12
77,"[0, 1]",188.55000000000862,"[76, 76]","[39.799999999999876, 0]","[0, 0]",12
78,"[2, 3]",275.95000000002847,"[75, 73]","[109.09999999999594, 0]","[0, 0]",12
79,"[0, 3]",220.5500000000159,"[77, 58]","[42.24999999999974, 0]","[0, 0]",12
0,"[0, 3]",96.94999999999663,"[-999, 6]","[0, 0]","[0, 0]",13
1,"[2, 1]",36.45000000000007,"[-999, -999]","[0, 0]","[0, 0]",13
2,"[2, 3]",70.34999999999815,"[1, -999]","[1.850000000000001, 0]","[0, 0]",13
3,"[2, 1]",42.69999999999971,"[2, 1]","[4.049999999999994, 0]","[0, 0]",13
4,"[2, 1]",46.849999999999476,"[3, 3]","[6.299999999999986, 0]","[0, 0]",13
5,"[0, 1]",73.44999999999797,"[0, 11]","[2.799999999999998, 0]","[2.7499999999999982, 0]",13
6,"[2, 3]",76.74999999999778,"[4, 2]","[7.149999999999983, 0]","[0, 0]",13
7,"[2, 1]",49.79999999999931,"[6, 4]","[9.399999999999999, 0]","[0, 0]",13
8,"[2, 1]",53.899999999999075,"[7, 7]","[11.65000000000003, 0]","[0, 0]",13
9,"[0, 3]",102.59999999999631,"[5, 14]","[0.05, 0]","[0, 0]",13
10,"[2, 1]",56.349999999998936,"[8, 8]","[12.500000000000043, 0]","[0, 0]",13
11,"[2, 1]",60.09999999999872,"[10, 10]","[14.750000000000075, 0]","[0, 0]",13
12,"[0, 3]",104.14999999999623,"[9, 9]","[0.05, 0]","[0, 0]",13
13,"[0, 3]",108.199999999996,"[12, 12]","[2.25, 0]","[0, 0]",13
14,"[2, 3]",89.59999999999705,"[11, 0]","[14.250000000000068, 0]","[0, 0]",13
15,"[0, 3]",110.64999999999586,"[13, 13]","[3.4499999999999957, 0]","[0, 0]",13
16,"[2, 1]",63.44999999999853,"[14, 5]","[15.15000000000008, 0]","[0, 0]",13
17,"[0, 3]",113.14999999999571,"[15, 15]","[4.749999999999991, 0]","[0, 0]",13
18,"[2, 1]",65.59999999999842,"[16, 16]","[16.000000000000092, 0]","[0, 0]",13
19,"[0, 3]",115.54999999999558,"[17, 17]","[5.999999999999987, 0]","[0, 0]",13
20,"[2, 1]",68.34999999999826,"[18, 18]","[16.900000000000105, 0]","[0, 0]",13
21,"[0, 1]",86.54999999999723,"[19, 28]","[7.299999999999982, 0]","[0, 0]",13
22,"[2, 1]",71.1499999999981,"[20, 20]","[17.800000000000118, 0]","[0, 0]",13
23,"[0, 1]",88.99999999999709,"[21, 21]","[8.599999999999987, 0]","[0, 0]",13
24,"[0, 1]",92.74999999999687,"[23, 23]","[11.200000000000024, 0]","[0, 0]",13
25,"[0, 3]",129.0499999999951,"[24, 36]","[13.850000000000062, 0]","[0, 0]",13
26,"[0, 1]",103.24999999999628,"[25, 37]","[16.5000000000001, 0]","[0, 0]",13
27,"[0, 1]",106.3499999999961,"[26, 26]","[19.150000000000137, 0]","[0, 0]",13
28,"[2, 1]",68.64999999999824,"[22, 22]","[20.10000000000015, 0]","[0, 0]",13
29,"[2, 3]",107.09999999999606,"[28, 19]","[22.300000000000182, 0]","[0, 0]",13
30,"[0, 1]",112.19999999999577,"[27, 41]","[21.50000000000017, 0]","[2.4499999999999993, 0]",13
31,"[0, 3]",146.44999999999905,"[30, 44]","[21.700000000000173, 0]","[0, 0]",13
32,"[0, 1]",121.14999999999526,"[31, 45]","[24.35000000000021, 0]","[0, 0]",13
33,"[0, 3]",156.00000000000122,"[32, 47]","[27.00000000000025, 0]","[0, 0]",13
34,"[2, 3]",105.69999999999614,"[29, 29]","[16.800000000000104, 0]","[0, 0]",13
35,"[0, 1]",129.14999999999512,"[33, 48]","[28.250000000000266, 0]","[0, 0]",13
36,"[2, 3]",108.59999999999597,"[34, 34]","[16.000000000000092, 0]","[0, 0]",13
37,"[2, 1]",81.44999999999752,"[36, 24]","[16.750000000000103, 0]","[0, 0]",13
38,"[0, 1]",129.4999999999952,"[35, 35]","[28.200000000000266, 0]","[0, 0]",13
39,"[0, 3]",165.90000000000347,"[38, 52]","[30.850000000000303, 0]","[0, 0]",13
40,"[0, 1]",139.84999999999755,"[39, 55]","[33.45000000000024, 0]","[0, 0]",13
41,"[2, 1]",93.74999999999682,"[37, 27]","[16.750000000000103, 0.05]","[3.149999999999997, 0]",13
42,"[0, 3]",173.70000000000525,"[40, 57]","[34.75000000000016, 0]","[0, 0]",13
43,"[0, 3]",177.65000000000614,"[42, 42]","[37.40000000000001, 0]","[0, 0]",13
44,"[2, 3]",122.2999999999952,"[41, 25]","[13.150000000000052, 0]","[0, 0]",13
45,"[2, 1]",96.74999999999665,"[44, 30]","[15.350000000000083, 0]","[0, 0]",13
46,"[0, 3]",178.8000000000064,"[43, 43]","[37.350000000000016, 0]","[0, 0]",13
47,"[2, 3]",131.2999999999956,"[45, 31]","[16.250000000000096, 0]","[0, 0]",13
48,"[2, 1]",104.6999999999962,"[47, 32]","[18.500000000000128, 0]","[0, 0]",13
49,"[0, 1]",151.70000000000024,"[46, 62]","[37.25000000000002, 0]","[0, 0]",13
50,"[0, 1]",160.50000000000225,"[49, 63]","[42.449999999999726, 0.05]","[2.549999999999999, 0]",13
51,"[2, 3]",138.04999999999714,"[48, 33]","[19.750000000000146, 0]","[0, 0]",13
52,"[2, 3]",142.6999999999982,"[51, 51]","[22.25000000000018, 0]","[0, 0]",13
53,"[0, 1]",165.50000000000338,"[50, 64]","[42.34999999999973, 0.05]","[2.499999999999999, 0]",13
54,"[0, 3]",196.50000000001043,"[53, 46]","[42.49999999999972, 0]","[0, 0]",13
55,"[2, 1]",112.94999999999573,"[52, 38]","[20.65000000000016, 0]","[0, 0]",13
56,"[0, 1]",169.00000000000418,"[54, 65]","[43.74999999999965, 0]","[0, 0]",13
57,"[2, 3]",147.64999999999932,"[55, 39]","[20.65000000000016, 0]","[0, 0]",13
58,"[0, 3]",201.50000000001157,"[56, 54]","[45.04999999999958, 0]","[0, 0]",13
59,"[0, 3]",206.25000000001265,"[58, 58]","[47.69999999999943, 0]","[0, 0]",13
60,"[2, 1]",118.14999999999543,"[57, 40]","[20.65000000000016, 0]","[0, 0]",13
61,"[2, 1]",122.79999999999517,"[60, 60]","[24.800000000000217, 0]","[0, 0]",13
62,"[2, 1]",127.09999999999492,"[61, 61]","[28.250000000000266, 0]","[0, 0]",13
63,"[2, 1]",137.449999999997,"[62, 49]","[31.700000000000315, 0]","[0, 0]",13
64,"[2, 1]",144.8999999999987,"[63, 50]","[36.10000000000009, 0]","[0, 0]",13
65,"[2, 1]",152.65000000000046,"[64, 53]","[41.1499999999998, 0]","[0, 0]",13
66,"[0, 1]",170.4500000000045,"[59, 72]","[42.19999999999974, 0]","[0, 0]",13
67,"[0, 3]",204.55000000001226,"[66, 59]","[44.84999999999959, 0]","[0, 0]",13
68,"[2, 1]",158.20000000000172,"[65, 56]","[40.899999999999814, 0]","[0, 0]",13
69,"[0, 1]",177.30000000000607,"[67, 73]","[46.149999999999515, 0]","[0, 0]",13
70,"[0, 1]",181.05000000000692,"[69, 69]","[48.799999999999365, 0]","[0, 0]",13
71,"[0, 3]",214.75000000001458,"[70, 78]","[51.39999999999922, 0]","[0, 0]",13
72,"[2, 1]",156.3000000000013,"[68, 68]","[38.399999999999956, 0]","[0, 0]",13
73,"[2, 1]",167.20000000000377,"[72, 66]","[43.149999999999686, 0]","[3.399999999999996, 0]",13
74,"[0, 1]",187.00000000000827,"[71, 70]","[51.34999999999922, 0]","[0, 0]",13
75,"[0, 3]",220.950000000016,"[74, 71]","[53.99999999999907, 0]","[0, 0]",13
76,"[0, 3]",225.8000000000171,"[75, 75]","[56.64999999999892, 0]","[0, 0]",13
77,"[0, 3]",230.05000000001806,"[76, 76]","[59.24999999999877, 0]","[0, 0]",13
78,"[2, 3]",196.05000000001033,"[73, 67]","[35.55000000000012, 0]","[0, 0]",13
79,"[0, 1]",202.30000000001175,"[77, -999]","[60.5499999999987, 0]","[0, 0]",13
0,"[0, 3]",98.49999999999655,"[-999, 14]","[0, 0]","[0, 0]",14
1,"[0, 1]",76.09999999999782,"[0, 17]","[1.950000000000001, 0]","[0, 0]",14
2,"[0, 3]",119.79999999999534,"[1, 21]","[9.650000000000002, 0.05]","[5.14999999999999, 0]",14
3,"[0, 1]",91.99999999999692,"[2, 26]","[7.099999999999983, 0]","[0, 0]",14
4,"[0, 3]",125.54999999999501,"[3, 2]","[9.700000000000003, 0]","[0, 0]",14
5,"[0, 1]",99.79999999999647,"[4, 27]","[12.30000000000004, 0]","[0, 0]",14
6,"[0, 3]",133.54999999999612,"[5, 4]","[14.950000000000077, 0]","[0, 0]",14
7,"[0, 1]",113.24999999999571,"[6, 29]","[20.75000000000016, 0]","[3.149999999999997, 0]",14
8,"[2, 3]",67.79999999999829,"[-999, -999]","[0, 0]","[0, 0]",14
9,"[0, 1]",114.64999999999563,"[7, 7]","[18.850000000000133, 0]","[0, 0]",14
10,"[2, 1]",37.65,"[8, -999]","[0.49999999999999994, 0]","[0, 0]",14
11,"[2, 3]",72.14999999999804,"[10, 8]","[2.6999999999999984, 0]","[0, 0]",14
12,"[0, 3]",148.19999999999945,"[9, 32]","[18.800000000000132, 0]","[0, 0]",14
13,"[0, 3]",152.20000000000036,"[12, 12]","[21.45000000000017, 0]","[0, 0]",14
14,"[2, 3]",74.04999999999794,"[11, 11]","[2.25, 0]","[0, 0]",14
15,"[0, 3]",154.6000000000009,"[13, 13]","[22.75000000000019, 0]","[0, 0]",14
16,"[2, 1]",44.84999999999959,"[14, 10]","[3.099999999999997, 0]","[0, 0]",14
17,"[2, 1]",48.89999999999936,"[16, 16]","[5.349999999999989, 0]","[0, 0]",14
18,"[0, 1]",127.19999999999492,"[15, 39]","[22.650000000000187, 0]","[0, 0]",14
19,"[2, 3]",80.69999999999756,"[17, 0]","[6.249999999999986, 0]","[0, 0]",14
20,"[2, 3]",85.1499999999973,"[19, 19]","[8.449999999999985, 0]","[0, 0]",14
21,"[2, 3]",88.94999999999709,"[20, 20]","[10.700000000000017, 0]","[0, 0]",14
22,"[0, 1]",131.64999999999569,"[18, 40]","[24.100000000000207, 0]","[2.849999999999998, 0]",14
23,"[0, 1]",134.14999999999625,"[22, 22]","[23.900000000000205, 0]","[0, 0]",14
24,"[0, 1]",142.39999999999813,"[23, 41]","[28.950000000000276, 0]","[2.3999999999999995, 0]",14
25,"[0, 1]",145.49999999999883,"[24, 24]","[29.15000000000028, 0]","[0, 0]",14
26,"[2, 1]",55.89999999999896,"[21, 1]","[7.499999999999981, 0]","[0, 0]",14
27,"[2, 1]",65.29999999999843,"[26, 3]","[13.100000000000051, 0]","[3.349999999999996, 0]",14
28,"[2, 1]",74.29999999999792,"[27, 5]","[11.950000000000035, 0]","[0, 0]",14
29,"[2, 1]",76.59999999999779,"[28, 28]","[14.200000000000067, 0]","[0, 0]",14
30,"[0, 1]",148.14999999999944,"[25, 45]","[28.950000000000276, 0]","[2.549999999999999, 0]",14
31,"[2, 3]",109.9499999999959,"[29, 6]","[26.900000000000247, 0]","[0, 0]",14
32,"[2, 3]",115.34999999999559,"[31, 31]","[34.900000000000155, 0]","[0, 0]",14
33,"[0, 3]",179.85000000000664,"[30, 46]","[26.35000000000024, 0]","[0, 0]",14
34,"[2, 1]",87.29999999999718,"[32, 9]","[33.45000000000024, 0]","[0, 0]",14
35,"[0, 1]",153.2500000000006,"[33, 47]","[27.600000000000257, 0]","[0, 0]",14
36,"[0, 1]",156.3000000000013,"[35, 35]","[30.250000000000295, 0]","[0, 0]",14
37,"[2, 1]",88.94999999999709,"[34, 34]","[31.30000000000031, 0]","[0, 0]",14
38,"[0, 3]",188.4500000000086,"[36, 50]","[31.550000000000313, 0]","[0, 0]",14
39,"[2, 1]",91.89999999999692,"[37, 37]","[30.6000000000003, 0]","[0, 0]",14
40,"[2, 1]",102.24999999999633,"[39, 18]","[31.35000000000031, 0]","[0, 0]",14
41,"[2, 1]",115.89999999999556,"[40, 23]","[34.85000000000016, 0.05]","[2.7499999999999982, 0]",14
42,"[2, 3]",146.79999999999913,"[41, 15]","[32.85000000000027, 0]","[0, 0]",14
43,"[0, 3]",187.85000000000846,"[38, 38]","[28.800000000000274, 0]","[0, 0]",14
44,"[0, 3]",197.15000000001058,"[43, 55]","[34.1000000000002, 0]","[2.6999999999999984, 0]",14
45,"[2, 1]",123.69999999999511,"[42, 25]","[30.900000000000304, 0]","[0, 0]",14
46,"[2, 3]",155.75000000000117,"[45, 42]","[32.250000000000306, 0]","[0, 0]",14
47,"[2, 1]",130.09999999999533,"[46, 30]","[34.65000000000017, 0]","[0, 0]",14
48,"[0, 3]",196.65000000001046,"[44, 44]","[30.00000000000029, 0]","[0, 0]",14
49,"[0, 1]",169.45000000000428,"[48, -999]","[32.65000000000028, 0]","[0, 0]",14
50,"[2, 3]",163.3500000000029,"[47, 33]","[33.500000000000234, 0]","[0, 0]",14
51,"[2, 1]",141.09999999999783,"[50, 36]","[34.40000000000018, 0]","[0, 0]",14
52,"[0, 3]",201.6000000000116,"[49, 59]","[32.600000000000286, 0]","[0, 0]",14
53,"[0, 3]",205.50000000001248,"[52, 52]","[35.20000000000014, 0]","[0, 0]",14
54,"[0, 1]",179.80000000000663,"[53, 64]","[37.84999999999999, 0]","[0, 0]",14
55,"[2, 3]",177.15000000000603,"[51, 43]","[32.75000000000028, 0]","[0, 0]",14
56,"[0, 3]",211.65000000001388,"[54, 53]","[39.14999999999991, 0]","[0, 0]",14
57,"[0, 1]",191.9500000000094,"[56, 72]","[45.04999999999958, 0.05]","[3.2499999999999964, 0]",14
58,"[0, 3]",225.70000000001707,"[57, 73]","[44.399999999999615, 0]","[0, 0]",14
59,"[2, 3]",186.90000000000825,"[55, 48]","[35.9000000000001, 0]","[3.099999999999997, 0]",14
60,"[0, 1]",199.30000000001107,"[58, 76]","[45.69999999999954, 0]","[0, 0]",14
61,"[0, 1]",202.25000000001174,"[60, 60]","[49.299999999999336, 0]","[0, 0]",14
62,"[0, 1]",205.85000000001256,"[61, 61]","[52.59999999999915, 0]","[0, 0]",14
63,"[2, 1]",155.25000000000105,"[59, 49]","[34.700000000000166, 0]","[0, 0]",14
64,"[2, 1]",159.55000000000203,"[63, 63]","[39.19999999999991, 0]","[0, 0]",14
65,"[0, 3]",236.8000000000196,"[62, 58]","[52.94999999999913, 0]","[0, 0]",14
66,"[0, 3]",241.75000000002072,"[65, 65]","[55.999999999998956, 0]","[0, 0]",14
67,"[2, 1]",167.3500000000038,"[64, 54]","[39.94999999999987, 0]","[0, 0]",14
68,"[0, 1]",214.60000000001455,"[66, 77]","[58.59999999999881, 0]","[0, 0]",14
69,"[0, 3]",249.2000000000224,"[68, 78]","[63.24999999999854, 0]","[0, 0]",14
70,"[0, 3]",253.25000000002333,"[69, 69]","[67.6499999999983, 0]","[0, 0]",14
71,"[0, 1]",226.7000000000173,"[70, 68]","[72.34999999999803, 0]","[0, 0]",14
72,"[2, 1]",164.2500000000031,"[67, 67]","[40.99999999999981, 0]","[0, 0]",14
73,"[2, 3]",198.950000000011,"[72, 56]","[43.94999999999964, 0]","[0, 0]",14
74,"[0, 1]",227.75000000001754,"[71, 71]","[80.14999999999759, 0]","[0, 0]",14
75,"[0, 3]",261.6500000000252,"[74, 70]","[83.74999999999739, 0]","[0, 0]",14
76,"[2, 1]",170.60000000000454,"[73, 57]","[42.74999999999971, 0]","[0, 0]",14
77,"[2, 1]",191.9500000000094,"[76, 62]","[53.699999999999086, 0.05]","[9.650000000000002, 0]",14
78,"[2, 3]",231.5000000000184,"[77, 66]","[49.9999999999993, 0]","[3.399999999999996, 0]",14
79,"[0, 3]",262.5500000000254,"[75, 75]","[88.09999999999714, 0]","[0, 0]",14
0,"[2, 1]",36.45000000000007,"[-999, -999]","[0, 0]","[0, 0]",15
1,"[2, 3]",70.34999999999815,"[0, -999]","[1.850000000000001, 0]","[0, 0]",15
2,"[2, 1]",42.649999999999714,"[1, 0]","[4.049999999999994, 0]","[0, 0]",15
3,"[0, 3]",97.24999999999662,"[-999, 9]","[0, 0]","[0, 0]",15
4,"[2, 3]",74.5999999999979,"[2, 1]","[4.94999999999999, 0]","[0, 0]",15
5,"[0, 3]",105.54999999999615,"[3, 13]","[0.6, 0]","[0, 0]",15
6,"[0, 1]",77.59999999999773,"[5, 16]","[3.149999999999997, 0]","[0, 0]",15
7,"[2, 3]",76.4499999999978,"[4, 4]","[4.449999999999992, 0]","[0, 0]",15
8,"[2, 1]",48.599999999999376,"[7, 2]","[6.699999999999984, 0]","[0, 0]",15
9,"[2, 3]",80.34999999999758,"[8, 7]","[8.949999999999992, 0]","[0, 0]",15
10,"[0, 3]",108.54999999999598,"[6, 17]","[1.7000000000000008, 0]","[0, 0]",15
11,"[2, 1]",52.04999999999918,"[9, 8]","[9.800000000000004, 0]","[0, 0]",15
12,"[2, 1]",55.89999999999896,"[11, 11]","[12.050000000000036, 0]","[0, 0]",15
13,"[2, 3]",89.54999999999706,"[12, 3]","[14.250000000000068, 0]","[0, 0]",15
14,"[0, 1]",76.79999999999778,"[10, 6]","[0.25, 0]","[0, 0]",15
15,"[0, 1]",80.44999999999757,"[14, 14]","[2.849999999999998, 0]","[0, 0]",15
16,"[2, 1]",59.09999999999878,"[13, 12]","[13.800000000000061, 0]","[0, 0]",15
17,"[2, 3]",94.29999999999679,"[16, 5]","[16.000000000000092, 0]","[0, 0]",15
18,"[2, 3]",102.64999999999631,"[17, 10]","[20.75000000000016, 0.05]","[2.499999999999999, 0]",15
19,"[0, 1]",80.09999999999759,"[15, 15]","[1.4500000000000006, 0]","[0, 0]",15
20,"[0, 3]",113.89999999999567,"[19, 21]","[4.099999999999993, 0]","[0, 0]",15
21,"[2, 3]",103.39999999999627,"[18, 18]","[20.600000000000158, 0]","[2.799999999999998, 0]",15
22,"[2, 1]",81.99999999999748,"[21, 19]","[27.00000000000025, 0]","[3.049999999999997, 0]",15
23,"[0, 3]",115.94999999999555,"[20, 20]","[3.999999999999994, 0]","[0, 0]",15
24,"[0, 1]",89.89999999999704,"[23, 22]","[6.649999999999984, 0]","[0, 0]",15
25,"[0, 1]",93.59999999999683,"[24, 24]","[9.299999999999997, 0]","[0, 0]",15
26,"[2, 3]",117.84999999999545,"[22, 23]","[35.450000000000124, 0]","[3.1999999999999966, 0]",15
27,"[2, 1]",96.74999999999665,"[26, 25]","[42.04999999999975, 0]","[0, 0]",15
28,"[2, 1]",99.2999999999965,"[27, 27]","[46.19999999999951, 0]","[0, 0]",15
29,"[0, 3]",123.44999999999513,"[25, 26]","[7.89999999999998, 0]","[0, 0]",15
30,"[2, 3]",133.9499999999962,"[28, 32]","[44.749999999999595, 0]","[0, 0]",15
31,"[2, 1]",112.04999999999578,"[30, 35]","[45.19999999999957, 0]","[0, 0]",15
32,"[0, 3]",125.49999999999501,"[29, 29]","[7.79999999999998, 0]","[0, 0]",15
33,"[0, 1]",98.79999999999653,"[32, 28]","[10.450000000000014, 0]","[0, 0]",15
34,"[2, 1]",111.5499999999958,"[31, 31]","[43.24999999999968, 0]","[0, 0]",15
35,"[0, 1]",101.1999999999964,"[33, 33]","[11.750000000000032, 0]","[0, 0]",15
36,"[0, 3]",134.89999999999642,"[35, 30]","[14.40000000000007, 0]","[0, 0]",15
37,"[0, 1]",113.89999999999567,"[36, 34]","[19.700000000000145, 0]","[2.6999999999999984, 0]",15
38,"[0, 3]",146.6499999999991,"[37, 36]","[19.650000000000144, 0]","[0, 0]",15
39,"[0, 1]",121.54999999999524,"[38, 41]","[22.300000000000182, 0]","[0, 0]",15
40,"[0, 1]",125.29999999999502,"[39, 39]","[24.90000000000022, 0]","[0, 0]",15
41,"[2, 1]",113.74999999999568,"[34, 37]","[38.69999999999994, 0]","[2.8999999999999977, 0]",15
42,"[2, 3]",148.04999999999941,"[41, 38]","[36.60000000000006, 0]","[0, 0]",15
43,"[0, 3]",156.25000000000128,"[40, 42]","[24.850000000000218, 0]","[0, 0]",15
44,"[2, 1]",125.54999999999501,"[42, 40]","[36.05000000000009, 0]","[0, 0]",15
45,"[2, 1]",127.64999999999489,"[44, 44]","[37.699999999999996, 0]","[0, 0]",15
46,"[2, 3]",162.1000000000026,"[45, 43]","[39.099999999999916, 0]","[0, 0]",15
47,"[0, 1]",131.2999999999956,"[43, 45]","[26.100000000000236, 0]","[2.6499999999999986, 0]",15
48,"[0, 1]",134.3999999999963,"[47, 47]","[26.100000000000236, 0]","[0, 0]",15
49,"[0, 3]",170.50000000000452,"[48, 50]","[28.700000000000273, 0]","[0, 0]",15
50,"[2, 3]",163.3500000000029,"[46, 46]","[36.05000000000009, 0]","[0, 0]",15
51,"[2, 1]",136.64999999999682,"[50, 48]","[37.000000000000036, 0]","[0, 0]",15
52,"[0, 3]",171.7500000000048,"[49, 49]","[28.650000000000272, 0]","[0, 0]",15
53,"[2, 3]",175.50000000000566,"[51, 52]","[37.79999999999999, 0]","[0, 0]",15
54,"[2, 1]",146.54999999999907,"[53, 51]","[40.199999999999854, 0]","[0, 0]",15
55,"[2, 3]",187.25000000000833,"[54, 60]","[42.34999999999973, 0]","[0, 0]",15
56,"[2, 3]",195.65000000001024,"[55, 62]","[47.59999999999943, 0]","[3.2999999999999963, 0]",15
57,"[2, 1]",174.05000000000533,"[56, 70]","[46.4499999999995, 0]","[0, 0]",15
58,"[0, 3]",173.60000000000522,"[52, 53]","[27.00000000000025, 0]","[2.4499999999999993, 0]",15
59,"[2, 1]",180.0500000000067,"[57, 71]","[47.549999999999436, 0]","[0, 0]",15
60,"[0, 3]",175.6500000000057,"[58, 58]","[25.850000000000232, 0]","[0, 0]",15
61,"[0, 1]",147.44999999999928,"[60, 54]","[28.850000000000275, 0]","[0, 0]",15
62,"[0, 3]",182.50000000000725,"[61, 55]","[32.3000000000003, 0]","[0, 0]",15
63,"[2, 3]",209.5000000000134,"[59, 56]","[46.09999999999952, 0]","[0, 0]",15
64,"[2, 3]",214.65000000001456,"[63, 63]","[48.69999999999937, 0]","[0, 0]",15
65,"[2, 3]",219.15000000001558,"[64, 64]","[52.299999999999166, 0]","[0, 0]",15
66,"[0, 1]",151.0500000000001,"[62, 61]","[31.35000000000031, 0]","[0, 0]",15
67,"[2, 3]",227.70000000001752,"[65, 76]","[58.59999999999881, 0]","[3.1999999999999966, 0]",15
68,"[2, 3]",231.9500000000185,"[67, 67]","[58.49999999999881, 0]","[0, 0]",15
69,"[2, 3]",236.4000000000195,"[68, 68]","[60.64999999999869, 0]","[0, 0]",15
70,"[0, 1]",150.70000000000002,"[66, 66]","[30.250000000000295, 0]","[0, 0]",15
71,"[0, 1]",160.55000000000226,"[70, 57]","[35.35000000000013, 0.05]","[2.3, 0]",15
72,"[2, 3]",238.1000000000199,"[69, 69]","[60.399999999998705, 0]","[0, 0]",15
73,"[0, 1]",166.8500000000037,"[71, 59]","[37.25000000000002, 0.05]","[2.6999999999999984, 0]",15
74,"[0, 1]",168.85000000000414,"[73, 73]","[37.30000000000002, 0]","[0, 0]",15
75,"[0, 1]",172.05000000000487,"[74, 74]","[40.14999999999986, 0]","[0, 0]",15
76,"[0, 3]",209.90000000001348,"[75, 65]","[45.649999999999544, 0]","[2.1500000000000004, 0]",15
77,"[2, 1]",205.50000000001248,"[72, -999]","[60.89999999999868, 0]","[0, 0]",15
78,"[2, 3]",241.40000000002064,"[77, 72]","[66.49999999999837, 0]","[0, 0]",15
79,"[2, 1]",215.60000000001477,"[78, 77]","[71.89999999999806, 0]","[0, 0]",15
0,"[2, 3]",67.79999999999829,"[-999, -999]","[0, 0]","[0, 0]",16
1,"[2, 3]",72.69999999999801,"[0, 0]","[1.850000000000001, 0]","[0, 0]",16
2,"[2, 3]",76.74999999999778,"[1, 1]","[4.049999999999994, 0]","[0, 0]",16
3,"[2, 1]",44.99999999999958,"[2, -999]","[6.299999999999986, 0]","[0, 0]",16
4,"[0, 3]",111.44999999999581,"[-999, 12]","[0, 0.05]","[5.949999999999987, 0]",16
5,"[2, 1]",48.249999999999396,"[3, 3]","[7.149999999999983, 0]","[0, 0]",16
6,"[2, 1]",52.04999999999918,"[5, 5]","[9.399999999999999, 0]","[0, 0]",16
7,"[2, 1]",55.74999999999897,"[6, 6]","[11.65000000000003, 0]","[0, 0]",16
8,"[2, 3]",85.09999999999731,"[7, 2]","[13.850000000000062, 0]","[0, 0]",16
9,"[0, 3]",114.09999999999566,"[4, 14]","[2.25, 0.05]","[2.2, 0]",16
10,"[2, 3]",88.54999999999711,"[8, 8]","[14.750000000000075, 0]","[0, 0]",16
11,"[2, 3]",92.3999999999969,"[10, 10]","[16.950000000000106, 0]","[0, 0]",16
12,"[2, 3]",95.7999999999967,"[11, 11]","[19.200000000000138, 0]","[0, 0]",16
13,"[2, 1]",67.09999999999833,"[12, -999]","[21.40000000000017, 0]","[0, 0]",16
14,"[2, 3]",102.59999999999631,"[13, 4]","[23.6500000000002, 0]","[0, 0]",16
15,"[0, 1]",79.14999999999765,"[9, 16]","[0.05, 0]","[0, 0]",16
16,"[2, 1]",72.64999999999802,"[14, 13]","[24.550000000000214, 0]","[0, 0]",16
17,"[2, 1]",92.59999999999688,"[16, 19]","[36.500000000000064, 0.05]","[9.750000000000004, 0]",16
18,"[0, 1]",79.9499999999976,"[15, 15]","[0.05, 0]","[0, 0]",16
19,"[0, 1]",83.5499999999974,"[18, 18]","[2.2, 0]","[0, 0]",16
20,"[2, 1]",97.04999999999663,"[17, 23]","[26.30000000000024, 0]","[0, 0]",16
21,"[2, 3]",129.5499999999952,"[20, 9]","[28.50000000000027, 0]","[0, 0]",16
22,"[2, 1]",114.04999999999566,"[21, 26]","[57.69999999999886, 0.05]","[2.6499999999999986, 0]",16
23,"[0, 1]",88.09999999999714,"[19, 17]","[3.2499999999999964, 0]","[2.499999999999999, 0]",16
24,"[0, 1]",97.14999999999662,"[23, 20]","[5.399999999999989, 0.05]","[2.0500000000000007, 0]",16
25,"[0, 1]",99.14999999999651,"[24, 24]","[5.999999999999987, 0]","[0, 0]",16
26,"[0, 1]",102.39999999999633,"[25, 25]","[8.599999999999987, 0]","[0, 0]",16
27,"[0, 1]",110.84999999999584,"[26, 22]","[13.600000000000058, 0]","[2.3499999999999996, 0]",16
28,"[2, 1]",120.04999999999532,"[22, 30]","[53.549999999999095, 0.05]","[2.7499999999999982, 0]",16
29,"[2, 3]",151.15000000000012,"[28, 21]","[50.84999999999925, 0]","[0, 0]",16
30,"[0, 1]",111.14999999999583,"[27, 27]","[11.200000000000024, 0]","[0, 0]",16
31,"[2, 1]",128.94999999999507,"[29, 36]","[50.199999999999285, 0]","[0, 0]",16
32,"[2, 3]",161.2000000000024,"[31, 29]","[50.84999999999925, 0]","[0, 0]",16
33,"[0, 1]",116.9499999999955,"[30, 28]","[13.650000000000059, 0]","[2.549999999999999, 0]",16
34,"[2, 1]",138.49999999999724,"[32, 38]","[50.29999999999928, 0]","[0, 0]",16
35,"[2, 3]",171.10000000000466,"[34, 32]","[51.099999999999234, 0]","[0, 0]",16
36,"[0, 1]",117.14999999999549,"[33, 33]","[11.050000000000022, 0]","[0, 0]",16
37,"[0, 1]",125.04999999999504,"[36, 31]","[16.150000000000095, 0]","[2.4499999999999993, 0]",16
38,"[0, 1]",128.1999999999949,"[37, 37]","[16.300000000000097, 0]","[0, 0]",16
39,"[2, 1]",145.54999999999885,"[35, 42]","[48.74999999999937, 0]","[0, 0]",16
40,"[0, 1]",134.7999999999964,"[38, 34]","[20.05000000000015, 0]","[2.4499999999999993, 0]",16
41,"[2, 1]",152.45000000000041,"[39, 43]","[49.74999999999931, 0]","[0, 0]",16
42,"[0, 1]",136.5999999999968,"[40, 40]","[18.900000000000134, 0]","[0, 0]",16
43,"[0, 1]",144.54999999999862,"[42, 39]","[24.050000000000207, 0]","[2.499999999999999, 0]",16
44,"[2, 3]",194.95000000001008,"[41, 49]","[56.549999999998924, 0]","[6.5999999999999845, 0]",16
45,"[0, 3]",176.00000000000577,"[43, 35]","[22.80000000000019, 0]","[0, 0]",16
46,"[0, 3]",181.0000000000069,"[45, 45]","[25.450000000000227, 0]","[0, 0]",16
47,"[2, 1]",165.00000000000327,"[44, 50]","[48.74999999999937, 0]","[0, 0]",16
48,"[2, 3]",200.95000000001144,"[47, 52]","[57.399999999998876, 0]","[0, 0]",16
49,"[0, 3]",182.55000000000726,"[46, 46]","[25.400000000000226, 0]","[0, 0]",16
50,"[0, 1]",156.20000000000127,"[49, 41]","[28.050000000000264, 0]","[0, 0]",16
51,"[2, 3]",202.70000000001184,"[48, 48]","[56.79999999999891, 0]","[0, 0]",16
52,"[0, 3]",189.55000000000885,"[50, 44]","[29.30000000000028, 0]","[0, 0]",16
53,"[2, 3]",205.90000000001257,"[51, 51]","[56.84999999999891, 0]","[0, 0]",16
54,"[2, 3]",210.35000000001358,"[53, 53]","[57.99999999999884, 0]","[0, 0]",16
55,"[0, 1]",160.65000000000228,"[52, 47]","[29.25000000000028, 0]","[0, 0]",16
56,"[2, 1]",182.00000000000713,"[54, 63]","[57.79999999999885, 0]","[0, 0]",16
57,"[2, 3]",218.00000000001532,"[56, 65]","[59.74999999999874, 0]","[0, 0]",16
58,"[2, 1]",195.80000000001027,"[57, 67]","[63.69999999999852, 0]","[0, 0]",16
59,"[0, 1]",160.10000000000215,"[55, 55]","[27.85000000000026, 0]","[0, 0]",16
60,"[2, 3]",229.3000000000179,"[58, 68]","[66.39999999999837, 0]","[0, 0]",16
61,"[0, 1]",162.40000000000268,"[59, 59]","[29.15000000000028, 0]","[0, 0]",16
62,"[2, 1]",201.2000000000115,"[60, 71]","[69.79999999999818, 0]","[0, 0]",16
63,"[0, 1]",164.80000000000322,"[61, 61]","[30.400000000000297, 0]","[0, 0]",16
64,"[2, 3]",235.85000000001938,"[62, 75]","[71.54999999999808, 0]","[0, 0]",16
65,"[0, 3]",201.2000000000115,"[63, 54]","[33.60000000000023, 0]","[1.900000000000001, 0]",16
66,"[0, 1]",175.2500000000056,"[65, 56]","[34.900000000000155, 0]","[0, 0]",16
67,"[0, 1]",178.50000000000634,"[66, 66]","[37.99999999999998, 0]","[0, 0]",16
68,"[0, 3]",212.00000000001396,"[67, 57]","[41.049999999999805, 0]","[0, 0]",16
69,"[2, 3]",235.1000000000192,"[64, 64]","[78.74999999999767, 0]","[0, 0]",16
70,"[2, 3]",239.70000000002025,"[69, 69]","[84.89999999999732, 0]","[0, 0]",16
71,"[0, 1]",183.5500000000075,"[68, 58]","[41.64999999999977, 0]","[0, 0]",16
72,"[2, 3]",242.85000000002097,"[70, 70]","[87.79999999999715, 0]","[0, 0]",16
73,"[2, 3]",247.45000000002202,"[72, 72]","[90.29999999999701, 0]","[0, 0]",16
74,"[2, 3]",251.95000000002304,"[73, 73]","[92.3499999999969, 0]","[0, 0]",16
75,"[0, 3]",214.8000000000146,"[71, 60]","[40.14999999999986, 0]","[0, 0]",16
76,"[2, 1]",223.40000000001655,"[74, -999]","[92.94999999999686, 0]","[0, 0]",16
77,"[2, 1]",228.35000000001767,"[76, 76]","[95.04999999999674, 0]","[0, 0]",16
78,"[0, 1]",186.35000000000812,"[75, 62]","[39.59999999999989, 0]","[0, 0]",16
79,"[0, 1]",189.55000000000885,"[78, 78]","[42.49999999999972, 0]","[0, 0]",16
0,"[0, 1]",67.5499999999983,"[-999, 13]","[0, 0]","[0, 0]",17
1,"[2, 3]",67.79999999999829,"[-999, -999]","[0, 0]","[0, 0]",17
2,"[0, 1]",70.69999999999813,"[0, 0]","[0.6, 0]","[0, 0]",17
3,"[0, 1]",84.49999999999734,"[2, 26]","[7.94999999999998, 0.05]","[4.799999999999991, 0]",17
4,"[0, 3]",115.54999999999558,"[3, 18]","[5.749999999999988, 0]","[0, 0]",17
5,"[2, 1]",36.60000000000006,"[1, -999]","[0.05, 0]","[0, 0]",17
6,"[0, 3]",119.19999999999537,"[4, 4]","[6.999999999999983, 0]","[0, 0]",17
7,"[2, 3]",70.04999999999816,"[5, 1]","[0.49999999999999994, 0]","[0, 0]",17
8,"[0, 3]",122.04999999999521,"[6, 6]","[8.249999999999982, 0]","[0, 0]",17
9,"[0, 3]",130.89999999999552,"[8, 30]","[13.350000000000055, 0]","[2.4499999999999993, 0]",17
10,"[0, 1]",104.14999999999623,"[9, 32]","[13.550000000000058, 0]","[0, 0]",17
11,"[2, 3]",70.69999999999813,"[7, 7]","[0.05, 0]","[0, 0]",17
12,"[2, 1]",39.449999999999896,"[11, 5]","[1.900000000000001, 0]","[0, 0]",17
13,"[2, 1]",43.64999999999966,"[12, 12]","[4.099999999999993, 0]","[0, 0]",17
14,"[0, 3]",135.1999999999965,"[10, 34]","[12.100000000000037, 0]","[0, 0]",17
15,"[0, 3]",139.09999999999738,"[14, 14]","[14.750000000000075, 0]","[0, 0]",17
16,"[2, 3]",75.04999999999788,"[13, 11]","[3.649999999999995, 0]","[0, 0]",17
17,"[0, 3]",141.59999999999795,"[15, 15]","[16.050000000000093, 0]","[0, 0]",17
18,"[2, 3]",78.54999999999768,"[16, 16]","[4.549999999999992, 0]","[0, 0]",17
19,"[0, 3]",148.8499999999996,"[17, 40]","[19.650000000000144, 0]","[2.3, 0]",17
20,"[0, 3]",152.20000000000036,"[19, 19]","[19.95000000000015, 0]","[0, 0]",17
21,"[0, 3]",160.3500000000022,"[20, 42]","[25.05000000000022, 0]","[2.4499999999999993, 0]",17
22,"[2, 1]",48.89999999999936,"[18, 2]","[2.6999999999999984, 0]","[0, 0]",17
23,"[0, 1]",130.8499999999955,"[21, -999]","[23.900000000000205, 0]","[0, 0]",17
24,"[0, 1]",134.64999999999637,"[23, 23]","[26.550000000000242, 0]","[0, 0]",17
25,"[0, 1]",138.44999999999723,"[24, 24]","[29.15000000000028, 0]","[0, 0]",17
26,"[2, 1]",48.04999999999941,"[22, 22]","[0.9000000000000002, 0]","[0, 0]",17
27,"[2, 1]",56.199999999998944,"[26, 3]","[6.449999999999985, 0]","[3.349999999999996, 0]",17
28,"[2, 1]",59.74999999999874,"[27, 27]","[11.250000000000025, 0]","[2.5999999999999988, 0]",17
29,"[0, 1]",138.04999999999714,"[25, 25]","[27.75000000000026, 0]","[0, 0]",17
30,"[2, 3]",97.6499999999966,"[28, 8]","[15.000000000000078, 0]","[0.44999999999999996, 0]",17
31,"[0, 3]",174.10000000000534,"[29, 58]","[29.050000000000278, 0]","[0, 0]",17
32,"[2, 1]",67.44999999999831,"[30, 28]","[21.250000000000167, 0]","[0.44999999999999996, 0]",17
33,"[0, 3]",176.75000000000594,"[31, 31]","[30.300000000000296, 0]","[0, 0]",17
34,"[2, 3]",102.64999999999631,"[32, 9]","[22.10000000000018, 0]","[0, 0]",17
35,"[0, 1]",148.54999999999953,"[33, 61]","[31.600000000000314, 0]","[0, 0]",17
36,"[0, 1]",152.30000000000038,"[35, 35]","[34.25000000000019, 0]","[0, 0]",17
37,"[2, 1]",72.849999999998,"[34, 10]","[19.200000000000138, 0]","[0, 0]",17
38,"[0, 1]",154.70000000000093,"[36, 36]","[35.55000000000012, 0]","[0, 0]",17
39,"[2, 1]",76.19999999999781,"[37, 37]","[18.450000000000127, 0]","[0, 0]",17
40,"[2, 3]",115.64999999999557,"[39, 17]","[19.150000000000137, 0]","[0, 0]",17
41,"[2, 1]",86.34999999999724,"[40, 39]","[20.00000000000015, 0]","[0, 0]",17
42,"[2, 3]",127.3499999999949,"[41, 20]","[20.950000000000163, 0]","[0, 0]",17
43,"[0, 1]",153.00000000000054,"[38, 38]","[32.75000000000028, 0]","[0, 0]",17
44,"[0, 3]",190.05000000000896,"[43, 72]","[35.40000000000013, 0]","[0, 0]",17
45,"[0, 1]",163.15000000000285,"[44, 43]","[38.049999999999976, 0]","[0, 0]",17
46,"[0, 1]",166.9000000000037,"[45, 45]","[40.699999999999825, 0]","[0, 0]",17
47,"[0, 3]",201.90000000001166,"[46, 78]","[43.29999999999968, 0]","[0, 0]",17
48,"[2, 3]",128.84999999999505,"[42, 21]","[18.200000000000124, 0]","[3.149999999999997, 0]",17
49,"[0, 1]",173.9000000000053,"[47, 46]","[44.5999999999996, 0]","[0, 0]",17
50,"[0, 1]",177.65000000000614,"[49, 49]","[47.24999999999945, 0]","[0, 0]",17
51,"[0, 3]",211.55000000001385,"[50, 79]","[49.8999999999993, 0]","[0, 0]",17
52,"[2, 3]",128.599999999995,"[48, 48]","[11.900000000000034, 0]","[0, 0]",17
53,"[0, 1]",185.20000000000786,"[51, 50]","[51.14999999999923, 0]","[0, 0]",17
54,"[0, 3]",219.2500000000156,"[53, 51]","[53.79999999999908, 0]","[0, 0]",17
55,"[0, 3]",224.15000000001672,"[54, 54]","[56.44999999999893, 0]","[0, 0]",17
56,"[0, 1]",198.30000000001084,"[55, 53]","[59.09999999999878, 0]","[0, 0]",17
57,"[2, 3]",127.4499999999949,"[52, 52]","[7.299999999999982, 0]","[0, 0]",17
58,"[2, 3]",131.99999999999577,"[57, 57]","[7.79999999999998, 0]","[0, 0]",17
59,"[0, 1]",199.35000000001108,"[56, 56]","[58.999999999998785, 0]","[0, 0]",17
60,"[0, 3]",233.2500000000188,"[59, 55]","[61.649999999998634, 0]","[0, 0]",17
61,"[2, 1]",102.24999999999633,"[58, 29]","[7.349999999999982, 0]","[0, 0]",17
62,"[0, 1]",207.20000000001286,"[60, 59]","[62.99999999999856, 0]","[0, 0]",17
63,"[2, 3]",141.69999999999797,"[61, 33]","[8.199999999999982, 0]","[0, 0]",17
64,"[0, 3]",239.8500000000203,"[62, 60]","[65.54999999999842, 0]","[0, 0]",17
65,"[2, 3]",144.54999999999862,"[63, 63]","[9.349999999999998, 0]","[0, 0]",17
66,"[0, 3]",243.35000000002108,"[64, 64]","[71.64999999999807, 0]","[0, 0]",17
67,"[2, 3]",147.5999999999993,"[65, 65]","[11.200000000000024, 0]","[0, 0]",17
68,"[0, 3]",246.25000000002174,"[66, 66]","[79.54999999999762, 0]","[0, 0]",17
69,"[0, 1]",219.90000000001575,"[68, -999]","[83.79999999999738, 0]","[0, 0]",17
70,"[0, 3]",253.9500000000235,"[69, 68]","[87.29999999999718, 0]","[0, 0]",17
71,"[0, 1]",229.10000000001784,"[70, 69]","[90.599999999997, 0]","[0, 0]",17
72,"[2, 3]",146.59999999999908,"[67, 67]","[9.800000000000004, 0]","[0, 0]",17
73,"[0, 3]",261.80000000002525,"[71, 70]","[92.3999999999969, 0]","[0, 0]",17
74,"[2, 3]",154.85000000000096,"[72, 44]","[13.800000000000061, 0]","[0, 0]",17
75,"[0, 3]",265.35000000002606,"[73, 73]","[95.29999999999673, 0]","[0, 0]",17
76,"[0, 1]",239.40000000002019,"[75, 71]","[102.59999999999631, 0]","[0, 0]",17
77,"[0, 3]",273.5000000000279,"[76, 75]","[109.74999999999591, 0]","[0, 0]",17
78,"[2, 3]",154.75000000000094,"[74, 74]","[13.450000000000056, 0]","[0, 0]",17
79,"[2, 3]",164.35000000000312,"[78, 47]","[20.70000000000016, 0]","[3.2999999999999963, 0]",17
0,"[2, 1]",36.45000000000007,"[-999, -999]","[0, 0]","[0, 0]",18
1,"[0, 3]",96.94999999999663,"[-999, 6]","[0, 0]","[0, 0]",18
2,"[2, 1]",38.599999999999945,"[0, 0]","[0.49999999999999994, 0]","[0, 0]",18
3,"[2, 3]",71.34999999999809,"[2, -999]","[2.6999999999999984, 0]","[0, 0]",18
4,"[0, 3]",99.74999999999648,"[1, 1]","[0.05, 0]","[0, 0]",18
5,"[2, 3]",74.94999999999789,"[3, 3]","[3.599999999999995, 0]","[0, 0]",18
6,"[2, 3]",79.09999999999765,"[5, 5]","[5.799999999999987, 0]","[0, 0]",18
7,"[0, 3]",101.44999999999638,"[4, 4]","[0.05, 0]","[0, 0]",18
8,"[2, 1]",49.9499999999993,"[6, -999]","[6.699999999999984, 0]","[0, 0]",18
9,"[0, 1]",73.049999999998,"[7, 17]","[0.9500000000000003, 0]","[0, 0]",18
10,"[0, 1]",76.04999999999782,"[9, 9]","[3.5499999999999954, 0]","[0, 0]",18
11,"[0, 3]",112.74999999999574,"[10, 20]","[6.149999999999986, 0]","[0, 0]",18
12,"[2, 1]",49.74999999999931,"[8, 8]","[4.899999999999991, 0]","[0, 0]",18
13,"[0, 3]",120.64999999999529,"[11, 22]","[9.55, 0.05]","[2.1000000000000005, 0]",18
14,"[2, 1]",51.99999999999918,"[12, 12]","[5.749999999999988, 0]","[0, 0]",18
15,"[0, 1]",90.89999999999698,"[13, -999]","[8.74999999999999, 0]","[0, 0]",18
16,"[2, 1]",53.899999999999075,"[14, 14]","[6.649999999999984, 0]","[0, 0]",18
17,"[2, 1]",57.14999999999889,"[16, 16]","[8.84999999999999, 0]","[0, 0]",18
18,"[2, 3]",92.14999999999691,"[17, 7]","[11.100000000000023, 0]","[0, 0]",18
19,"[0, 3]",122.2499999999952,"[15, 23]","[7.299999999999982, 0]","[0, 0]",18
20,"[2, 3]",95.14999999999674,"[18, 18]","[11.950000000000035, 0]","[0, 0]",18
21,"[0, 3]",124.44999999999507,"[19, 19]","[8.599999999999987, 0]","[0, 0]",18
22,"[2, 3]",103.19999999999628,"[20, 11]","[12.850000000000048, 0]","[0, 0]",18
23,"[2, 3]",111.99999999999578,"[22, 13]","[15.10000000000008, 0]","[0, 0]",18
24,"[0, 1]",94.64999999999677,"[21, 25]","[8.549999999999986, 0]","[0, 0]",18
25,"[2, 1]",82.09999999999748,"[23, 15]","[33.05000000000026, 0]","[0, 0]",18
26,"[0, 1]",97.04999999999663,"[24, 24]","[9.800000000000004, 0]","[0, 0]",18
27,"[0, 1]",100.79999999999642,"[26, 26]","[12.450000000000042, 0]","[0, 0]",18
28,"[0, 1]",104.4999999999962,"[27, 27]","[15.10000000000008, 0]","[0, 0]",18
29,"[0, 1]",108.149999999996,"[28, 28]","[17.750000000000117, 0]","[0, 0]",18
30,"[2, 3]",117.24999999999548,"[25, 21]","[28.050000000000264, 0]","[0, 0]",18
31,"[2, 3]",120.84999999999528,"[30, 30]","[28.50000000000027, 0]","[0, 0]",18
32,"[0, 3]",139.09999999999738,"[29, 38]","[17.650000000000116, 0]","[0, 0]",18
33,"[0, 1]",118.99999999999538,"[32, 41]","[23.750000000000203, 0]","[3.4499999999999957, 0]",18
34,"[0, 1]",121.29999999999525,"[33, 33]","[22.95000000000019, 0]","[0, 0]",18
35,"[0, 1]",129.14999999999512,"[34, 43]","[27.950000000000262, 0]","[2.3999999999999995, 0]",18
36,"[0, 1]",138.3499999999972,"[35, 45]","[30.400000000000297, 0.05]","[2.2, 0]",18
37,"[2, 3]",117.94999999999544,"[31, 31]","[22.450000000000184, 0]","[0, 0]",18
38,"[2, 3]",122.2499999999952,"[37, 37]","[23.250000000000195, 0]","[0, 0]",18
39,"[2, 1]",100.29999999999644,"[38, 29]","[24.000000000000206, 0]","[0, 0]",18
40,"[0, 1]",141.99999999999804,"[36, 46]","[29.30000000000028, 0.05]","[2.499999999999999, 0]",18
41,"[2, 1]",101.0499999999964,"[39, 39]","[23.5000000000002, 0]","[0, 0]",18
42,"[2, 3]",135.49999999999656,"[41, 32]","[24.30000000000021, 0]","[0, 0]",18
43,"[2, 1]",113.74999999999568,"[42, 34]","[25.10000000000022, 0]","[0, 0]",18
44,"[0, 3]",171.95000000000485,"[40, 49]","[27.450000000000255, 0]","[2.0500000000000007, 0]",18
45,"[2, 1]",120.69999999999528,"[43, 35]","[24.550000000000214, 0]","[0, 0]",18
46,"[2, 1]",128.1499999999949,"[45, 36]","[25.300000000000225, 0]","[0, 0]",18
47,"[0, 1]",143.0999999999983,"[44, 40]","[25.300000000000225, 0]","[0, 0]",18
48,"[0, 1]",146.84999999999914,"[47, 47]","[28.350000000000268, 0]","[0, 0]",18
49,"[2, 3]",158.5500000000018,"[46, 42]","[23.350000000000197, 0]","[0, 0]",18
50,"[2, 3]",169.75000000000435,"[49, 44]","[30.00000000000029, 0.05]","[2.6499999999999986, 0]",18
51,"[2, 1]",154.25000000000082,"[50, 55]","[37.25000000000002, 0.05]","[6.499999999999985, 0]",18
52,"[2, 3]",185.30000000000788,"[51, 50]","[33.70000000000022, 0]","[0, 0]",18
53,"[2, 1]",164.6500000000032,"[52, 61]","[36.500000000000064, 0]","[0, 0]",18
54,"[2, 3]",196.8000000000105,"[53, 52]","[39.449999999999896, 0]","[0, 0]",18
55,"[0, 1]",142.49999999999815,"[48, 48]","[23.400000000000198, 0]","[0, 0]",18
56,"[0, 1]",151.0500000000001,"[55, 51]","[28.750000000000274, 0]","[2.3999999999999995, 0]",18
57,"[2, 1]",173.0000000000051,"[54, 69]","[40.84999999999982, 0]","[0, 0]",18
58,"[2, 3]",205.25000000001242,"[57, 54]","[44.5999999999996, 0]","[0, 0]",18
59,"[2, 3]",210.65000000001365,"[58, 58]","[48.599999999999376, 0]","[0, 0]",18
60,"[2, 1]",184.0000000000076,"[59, 73]","[51.99999999999918, 0]","[0, 0]",18
61,"[0, 1]",148.64999999999955,"[56, 56]","[23.850000000000204, 0]","[0, 0]",18
62,"[2, 1]",187.1500000000083,"[60, 60]","[59.149999999998776, 0]","[0, 0]",18
63,"[2, 3]",222.8000000000164,"[62, 76]","[64.69999999999847, 0]","[0, 0]",18
64,"[0, 1]",153.95000000000076,"[61, 53]","[26.600000000000243, 0]","[2.499999999999999, 0]",18
65,"[2, 1]",194.90000000001007,"[63, 77]","[73.94999999999794, 0]","[0, 0]",18
66,"[2, 3]",230.35000000001813,"[65, 63]","[78.79999999999767, 0]","[0, 0]",18
67,"[2, 1]",204.50000000001225,"[66, 65]","[82.79999999999744, 0]","[0, 0]",18
68,"[2, 3]",240.10000000002034,"[67, 66]","[86.59999999999722, 0]","[0, 0]",18
69,"[0, 1]",151.70000000000024,"[64, 64]","[21.600000000000172, 0]","[0, 0]",18
70,"[2, 1]",212.90000000001416,"[68, 67]","[88.34999999999712, 0]","[0, 0]",18
71,"[2, 3]",248.50000000002225,"[70, 68]","[90.29999999999701, 0]","[0, 0]",18
72,"[0, 1]",157.00000000000145,"[69, 57]","[24.35000000000021, 0]","[2.549999999999999, 0]",18
73,"[0, 1]",160.10000000000215,"[72, 72]","[24.600000000000215, 0]","[0, 0]",18
74,"[0, 3]",196.3500000000104,"[73, 59]","[27.500000000000256, 0]","[0, 0]",18
75,"[2, 3]",249.75000000002254,"[71, 71]","[87.84999999999715, 0]","[0, 0]",18
76,"[0, 3]",198.90000000001098,"[74, 74]","[28.950000000000276, 0]","[0, 0]",18
77,"[0, 1]",173.60000000000522,"[76, 62]","[32.55000000000029, 0]","[0, 0]",18
78,"[2, 3]",251.750000000023,"[75, 75]","[86.8999999999972, 0]","[0, 0]",18
79,"[2, 1]",224.70000000001684,"[78, -999]","[89.94999999999703, 0]","[0, 0]",18
0,"[2, 3]",67.79999999999829,"[-999, -999]","[0, 0]","[0, 0]",19
1,"[0, 1]",67.44999999999831,"[-999, 11]","[0, 0]","[0, 0]",19
2,"[2, 3]",71.2999999999981,"[0, 0]","[0.49999999999999994, 0]","[0, 0]",19
3,"[2, 3]",75.39999999999786,"[2, 2]","[2.6999999999999984, 0]","[0, 0]",19
4,"[0, 3]",100.79999999999642,"[1, 15]","[0.05, 0]","[0, 0]",19
5,"[0, 3]",104.5999999999962,"[4, 4]","[2.2, 0]","[0, 0]",19
6,"[2, 3]",76.4999999999978,"[3, 3]","[2.25, 0]","[0, 0]",19
7,"[0, 1]",78.49999999999768,"[5, 26]","[3.399999999999996, 0]","[0, 0]",19
8,"[0, 3]",112.04999999999578,"[7, 5]","[6.0499999999999865, 0]","[0, 0]",19
9,"[0, 1]",86.54999999999723,"[8, 27]","[8.649999999999988, 0]","[0, 0]",19
10,"[0, 1]",90.19999999999702,"[9, 9]","[11.300000000000026, 0]","[0, 0]",19
11,"[2, 1]",38.599999999999945,"[6, -999]","[0.05, 0]","[0, 0]",19
12,"[2, 3]",74.24999999999793,"[11, 6]","[1.950000000000001, 0]","[0, 0]",19
13,"[2, 3]",78.39999999999769,"[12, 12]","[4.149999999999993, 0]","[0, 0]",19
14,"[0, 3]",120.04999999999532,"[10, 29]","[9.850000000000005, 0]","[0, 0]",19
15,"[2, 3]",80.84999999999755,"[13, 13]","[5.04999999999999, 0]","[0, 0]",19
16,"[2, 1]",53.199999999999115,"[15, 1]","[7.249999999999982, 0]","[0, 0]",19
17,"[0, 3]",122.1499999999952,"[14, 14]","[9.800000000000004, 0]","[0, 0]",19
18,"[0, 3]",126.29999999999497,"[17, 17]","[12.450000000000042, 0]","[0, 0]",19
19,"[0, 1]",99.09999999999651,"[18, 33]","[15.10000000000008, 0]","[0, 0]",19
20,"[0, 1]",102.8499999999963,"[19, 19]","[17.700000000000117, 0]","[0, 0]",19
21,"[2, 1]",50.79999999999925,"[16, 16]","[4.099999999999993, 0]","[0, 0]",19
22,"[0, 3]",137.69999999999706,"[20, 37]","[19.000000000000135, 0]","[0, 0]",19
23,"[0, 1]",111.6999999999958,"[22, 38]","[21.650000000000173, 0]","[0, 0]",19
24,"[0, 1]",114.89999999999561,"[23, 23]","[24.25000000000021, 0]","[0, 0]",19
25,"[0, 1]",122.89999999999516,"[24, 40]","[29.25000000000028, 0]","[2.3499999999999996, 0]",19
26,"[2, 1]",48.449999999999385,"[21, 21]","[0.9000000000000002, 0]","[0, 0]",19
27,"[2, 1]",57.599999999998865,"[26, 7]","[6.399999999999985, 0]","[3.2499999999999964, 0]",19
28,"[0, 1]",123.34999999999513,"[25, 25]","[26.850000000000247, 0]","[0, 0]",19
29,"[2, 3]",90.14999999999702,"[27, 8]","[4.049999999999994, 0]","[0, 0]",19
30,"[2, 1]",68.89999999999823,"[29, 10]","[6.249999999999986, 0]","[0, 0]",19
31,"[0, 3]",154.1500000000008,"[28, 39]","[26.800000000000246, 0]","[0, 0]",19
32,"[2, 1]",69.74999999999818,"[30, 30]","[7.149999999999983, 0]","[0, 0]",19
33,"[2, 1]",73.89999999999795,"[32, 32]","[24.90000000000022, 0]","[0, 0]",19
34,"[0, 1]",131.39999999999563,"[31, 44]","[29.750000000000288, 0]","[3.049999999999997, 0]",19
35,"[0, 1]",134.14999999999625,"[34, 34]","[29.350000000000282, 0]","[0, 0]",19
36,"[2, 3]",107.54999999999603,"[33, 18]","[22.20000000000018, 0]","[0, 0]",19
37,"[2, 3]",111.84999999999579,"[36, 36]","[22.75000000000019, 0]","[0, 0]",19
38,"[2, 1]",84.74999999999733,"[37, 20]","[23.400000000000198, 0]","[0, 0]",19
39,"[2, 3]",120.79999999999528,"[38, 22]","[24.150000000000208, 0]","[0, 0]",19
40,"[2, 1]",98.14999999999657,"[39, 24]","[24.90000000000022, 0]","[0, 0]",19
41,"[2, 1]",112.04999999999578,"[40, 28]","[28.750000000000274, 0.05]","[2.9999999999999973, 0]",19
42,"[0, 1]",129.5499999999952,"[35, 35]","[23.900000000000205, 0]","[0, 0]",19
43,"[0, 3]",163.05000000000283,"[42, 31]","[26.550000000000242, 0]","[0, 0]",19
44,"[2, 1]",111.24999999999582,"[41, 41]","[23.850000000000204, 0]","[0, 0]",19
45,"[2, 1]",131.7499999999957,"[44, 42]","[34.40000000000018, 0]","[9.800000000000004, 0]",19
46,"[0, 3]",165.40000000000336,"[43, 43]","[26.45000000000024, 0]","[0, 0]",19
47,"[2, 1]",132.5499999999959,"[45, 45]","[24.100000000000207, 0]","[0, 0]",19
48,"[2, 1]",142.7499999999982,"[47, 51]","[28.100000000000264, 0]","[3.1999999999999966, 0]",19
49,"[2, 3]",177.15000000000603,"[48, 53]","[27.15000000000025, 0]","[0, 0]",19
50,"[2, 1]",150.34999999999994,"[49, 56]","[29.95000000000029, 0]","[0, 0]",19
51,"[0, 1]",132.6499999999959,"[46, 47]","[23.700000000000202, 0]","[0, 0]",19
52,"[2, 1]",153.60000000000068,"[50, 50]","[31.600000000000314, 0]","[0, 0]",19
53,"[0, 3]",165.30000000000334,"[51, 46]","[25.00000000000022, 0]","[0, 0]",19
54,"[2, 1]",156.55000000000135,"[52, 52]","[34.200000000000195, 0]","[0, 0]",19
55,"[2, 1]",161.00000000000236,"[54, 54]","[39.59999999999989, 0]","[0, 0]",19
56,"[0, 1]",136.84999999999687,"[53, 48]","[24.95000000000022, 0]","[0, 0]",19
57,"[0, 3]",172.10000000000488,"[56, 49]","[27.550000000000257, 0]","[0, 0]",19
58,"[2, 3]",196.65000000001046,"[55, 64]","[43.29999999999968, 0]","[0, 0]",19
59,"[2, 3]",210.30000000001357,"[58, 67]","[50.94999999999924, 0.05]","[2.6499999999999986, 0]",19
60,"[0, 3]",173.40000000000518,"[57, 57]","[27.500000000000256, 0]","[0, 0]",19
61,"[0, 3]",177.25000000000605,"[60, 60]","[30.150000000000293, 0]","[0, 0]",19
62,"[0, 3]",181.05000000000692,"[61, 61]","[32.75000000000028, 0]","[0, 0]",19
63,"[2, 3]",209.80000000001345,"[59, 59]","[48.99999999999935, 0]","[0, 0]",19
64,"[0, 3]",183.50000000000747,"[62, 62]","[34.75000000000016, 0]","[0, 0]",19
65,"[0, 3]",192.30000000000948,"[64, 58]","[41.1499999999998, 0]","[3.049999999999997, 0]",19
66,"[2, 1]",185.70000000000798,"[63, 71]","[55.79999999999897, 0]","[0, 0]",19
67,"[0, 3]",194.50000000000998,"[65, 65]","[39.94999999999987, 0]","[0, 0]",19
68,"[0, 1]",167.05000000000373,"[67, -999]","[44.09999999999963, 0]","[0, 0]",19
69,"[0, 1]",170.8000000000046,"[68, 68]","[47.049999999999464, 0]","[0, 0]",19
70,"[2, 3]",216.1000000000149,"[66, 72]","[56.24999999999894, 0]","[0, 0]",19
71,"[0, 1]",173.20000000000513,"[69, 69]","[48.29999999999939, 0]","[0, 0]",19
72,"[0, 3]",206.9500000000128,"[71, 63]","[50.69999999999926, 0]","[0, 0]",19
73,"[0, 1]",181.15000000000694,"[72, 66]","[53.59999999999909, 0]","[0, 0]",19
74,"[0, 3]",216.50000000001498,"[73, 70]","[56.59999999999892, 0]","[0, 0]",19
75,"[2, 1]",183.95000000000758,"[70, 73]","[53.549999999999095, 0]","[0, 0]",19
76,"[0, 1]",189.55000000000885,"[74, 75]","[58.14999999999883, 0]","[0, 0]",19
77,"[2, 3]",218.65000000001547,"[75, 74]","[54.84999999999902, 0]","[0, 0]",19
78,"[0, 1]",191.35000000000926,"[76, 76]","[59.699999999998745, 0]","[0, 0]",19
79,"[2, 3]",221.95000000001622,"[77, 77]","[56.49999999999893, 0]","[0, 0]",19
0,"[0, 1]",67.5499999999983,"[-999, 7]","[0, 0]","[0, 0]",20
1,"[0, 3]",115.49999999999558,"[0, 16]","[7.649999999999981, 0.05]","[5.699999999999988, 0]",20
2,"[2, 1]",36.45000000000007,"[-999, -999]","[0, 0]","[0, 0]",20
3,"[2, 1]",39.94999999999987,"[2, 2]","[1.850000000000001, 0]","[0, 0]",20
4,"[2, 1]",43.94999999999964,"[3, 3]","[4.049999999999994, 0]","[0, 0]",20
5,"[2, 1]",48.099999999999405,"[4, 4]","[6.299999999999986, 0]","[0, 0]",20
6,"[0, 1]",81.09999999999754,"[1, -999]","[0.05, 0]","[0, 0]",20
7,"[2, 1]",50.69999999999926,"[5, 5]","[7.149999999999983, 0]","[0, 0]",20
8,"[2, 3]",80.54999999999757,"[7, -999]","[9.399999999999999, 0]","[0, 0]",20
9,"[0, 3]",114.19999999999565,"[6, 18]","[0.05, 0]","[0, 0]",20
10,"[0, 3]",117.64999999999546,"[9, 9]","[2.3, 0]","[0, 0]",20
11,"[2, 3]",82.69999999999744,"[8, 8]","[8.949999999999992, 0]","[0, 0]",20
12,"[0, 1]",89.19999999999708,"[10, 20]","[3.5499999999999954, 0]","[0, 0]",20
13,"[2, 3]",85.1999999999973,"[11, 11]","[9.800000000000004, 0]","[0, 0]",20
14,"[0, 3]",122.64999999999517,"[12, 23]","[4.849999999999991, 0]","[0, 0]",20
15,"[2, 3]",87.29999999999718,"[13, 13]","[10.700000000000017, 0]","[0, 0]",20
16,"[2, 3]",90.599999999997,"[15, 15]","[12.900000000000048, 0]","[0, 0]",20
17,"[0, 1]",93.9499999999968,"[14, 25]","[4.749999999999991, 0]","[0, 0]",20
18,"[2, 3]",97.24999999999662,"[16, 1]","[15.15000000000008, 0.05]","[1.3500000000000005, 0]",20
19,"[0, 3]",127.5499999999949,"[17, 29]","[6.0499999999999865, 0]","[0, 0]",20
20,"[2, 1]",68.54999999999825,"[18, 6]","[18.150000000000123, 0]","[3.4999999999999956, 0]",20
21,"[0, 1]",100.59999999999643,"[19, 36]","[7.349999999999982, 0]","[0, 0]",20
22,"[0, 3]",133.64999999999614,"[21, 19]","[9.950000000000006, 0]","[0, 0]",20
23,"[2, 3]",105.34999999999616,"[20, 10]","[14.200000000000067, 0]","[0, 0]",20
24,"[0, 1]",106.94999999999607,"[22, 37]","[11.250000000000025, 0]","[0, 0]",20
25,"[2, 1]",76.64999999999779,"[23, 12]","[27.950000000000262, 0]","[0, 0]",20
26,"[0, 3]",139.39999999999745,"[24, 22]","[12.550000000000043, 0]","[0, 0]",20
27,"[0, 3]",144.24999999999855,"[26, 26]","[15.200000000000081, 0]","[0, 0]",20
28,"[0, 1]",118.19999999999543,"[27, 41]","[17.800000000000118, 0]","[0, 0]",20
29,"[2, 3]",108.29999999999599,"[25, 14]","[28.55000000000027, 0]","[0, 0]",20
30,"[0, 3]",152.05000000000032,"[28, 43]","[19.100000000000136, 0]","[0, 0]",20
31,"[0, 3]",156.05000000000123,"[30, 30]","[21.750000000000174, 0]","[0, 0]",20
32,"[0, 3]",159.8500000000021,"[31, 31]","[24.35000000000021, 0]","[0, 0]",20
33,"[0, 1]",135.49999999999656,"[32, 46]","[27.00000000000025, 0]","[0, 0]",20
34,"[0, 1]",144.29999999999856,"[33, 48]","[32.250000000000306, 0.05]","[2.5999999999999988, 0]",20
35,"[0, 1]",152.10000000000034,"[34, 49]","[34.45000000000018, 0.05]","[2.1500000000000004, 0]",20
36,"[2, 1]",73.39999999999797,"[29, 17]","[24.750000000000217, 0]","[0, 0]",20
37,"[2, 1]",84.29999999999735,"[36, 21]","[27.600000000000257, 0]","[3.049999999999997, 0]",20
38,"[2, 1]",94.19999999999679,"[37, 24]","[28.650000000000272, 0]","[3.4999999999999956, 0]",20
39,"[0, 3]",179.05000000000646,"[35, 32]","[30.850000000000303, 0]","[0, 0]",20
40,"[0, 1]",153.60000000000068,"[39, 50]","[33.500000000000234, 0]","[0, 0]",20
41,"[2, 1]",94.39999999999678,"[38, 38]","[23.100000000000193, 0]","[0, 0]",20
42,"[0, 3]",187.65000000000842,"[40, 51]","[34.80000000000016, 0]","[0, 0]",20
43,"[2, 3]",128.79999999999504,"[41, 27]","[22.500000000000185, 0]","[0, 0]",20
44,"[2, 1]",101.94999999999635,"[43, 28]","[23.350000000000197, 0]","[0, 0]",20
45,"[2, 1]",106.59999999999609,"[44, 44]","[24.050000000000207, 0]","[0, 0]",20
46,"[2, 1]",110.89999999999584,"[45, 45]","[24.90000000000022, 0]","[0, 0]",20
47,"[0, 3]",186.2500000000081,"[42, 42]","[32.05000000000032, 0]","[0, 0]",20
48,"[2, 1]",119.84999999999533,"[46, 33]","[24.40000000000021, 0]","[0, 0]",20
49,"[2, 1]",127.3999999999949,"[48, 34]","[25.450000000000227, 0]","[0, 0]",20
50,"[2, 1]",135.14999999999648,"[49, 35]","[27.950000000000262, 0]","[0, 0]",20
51,"[2, 3]",169.60000000000431,"[50, 39]","[29.400000000000283, 0]","[0, 0]",20
52,"[0, 1]",155.4500000000011,"[47, 59]","[29.25000000000028, 0]","[0, 0]",20
53,"[0, 1]",164.60000000000318,"[52, 60]","[34.50000000000018, 0.05]","[2.5999999999999988, 0]",20
54,"[2, 1]",140.19999999999763,"[51, 40]","[29.550000000000285, 0]","[0, 0]",20
55,"[0, 1]",165.25000000000333,"[53, 53]","[33.20000000000025, 0]","[0, 0]",20
56,"[0, 3]",198.00000000001077,"[55, 61]","[35.800000000000104, 0]","[0, 0]",20
57,"[0, 1]",171.85000000000483,"[56, 67]","[38.44999999999995, 0]","[0, 0]",20
58,"[0, 3]",205.6500000000125,"[57, 56]","[41.0999999999998, 0]","[0, 0]",20
59,"[2, 1]",139.29999999999742,"[54, 54]","[26.850000000000247, 0]","[0, 0]",20
60,"[2, 1]",149.7499999999998,"[59, 52]","[29.500000000000284, 0]","[0, 0]",20
61,"[2, 3]",182.10000000000716,"[60, 47]","[32.20000000000031, 0]","[0, 0]",20
62,"[0, 3]",206.40000000001268,"[58, 58]","[39.69999999999988, 0]","[0, 0]",20
63,"[0, 3]",210.60000000001364,"[62, 62]","[42.299999999999734, 0]","[0, 0]",20
64,"[0, 3]",214.50000000001452,"[63, 63]","[44.949999999999584, 0]","[0, 0]",20
65,"[0, 1]",187.65000000000842,"[64, 71]","[47.59999999999943, 0]","[0, 0]",20
66,"[0, 3]",222.3000000000163,"[65, 73]","[50.24999999999928, 0]","[0, 0]",20
67,"[2, 1]",153.10000000000056,"[61, 55]","[29.000000000000277, 0]","[0, 0]",20
68,"[2, 1]",162.80000000000277,"[67, 57]","[32.20000000000031, 0]","[0, 0]",20
69,"[0, 1]",193.3000000000097,"[66, 74]","[50.29999999999928, 0]","[0, 0]",20
70,"[2, 1]",164.2500000000031,"[68, 68]","[34.350000000000186, 0]","[0, 0]",20
71,"[2, 1]",168.55000000000408,"[70, 70]","[37.30000000000002, 0]","[0, 0]",20
72,"[0, 3]",225.90000000001712,"[69, 76]","[50.44999999999927, 0]","[0, 0]",20
73,"[2, 3]",207.50000000001293,"[71, 64]","[38.14999999999997, 0]","[0, 0]",20
74,"[2, 1]",180.1500000000067,"[73, 65]","[42.74999999999971, 0]","[0, 0]",20
75,"[0, 1]",196.55000000001044,"[72, 69]","[50.64999999999926, 0]","[0, 0]",20
76,"[2, 3]",214.75000000001458,"[74, 66]","[45.84999999999953, 0]","[0, 0]",20
77,"[0, 3]",229.20000000001787,"[75, 72]","[53.24999999999911, 0]","[0, 0]",20
78,"[0, 1]",204.2500000000122,"[77, 75]","[57.19999999999889, 0]","[0, 0]",20
79,"[0, 3]",238.2000000000199,"[78, 77]","[61.04999999999867, 0]","[0, 0]",20
0,"[2, 3]",67.79999999999829,"[-999, -999]","[0, 0]","[0, 0]",21
1,"[2, 1]",38.99999999999992,"[0, -999]","[1.850000000000001, 0]","[0, 0]",21
2,"[0, 1]",80.0499999999976,"[-999, 17]","[0, 0.05]","[5.699999999999988, 0]",21
3,"[2, 1]",41.599999999999774,"[1, 1]","[2.6999999999999984, 0]","[0, 0]",21
4,"[2, 1]",45.69999999999954,"[3, 3]","[4.94999999999999, 0]","[0, 0]",21
5,"[2, 1]",49.699999999999314,"[4, 4]","[7.149999999999983, 0]","[0, 0]",21
6,"[0, 1]",83.84999999999738,"[2, 20]","[2.25, 0.05]","[2.2, 0]",21
7,"[0, 3]",114.94999999999561,"[6, 19]","[2.0500000000000007, 0]","[0, 0]",21
8,"[0, 1]",89.69999999999705,"[7, 21]","[4.599999999999992, 0]","[0, 0]",21
9,"[0, 3]",123.39999999999513,"[8, 7]","[7.199999999999982, 0]","[0, 0]",21
10,"[0, 3]",128.2499999999949,"[9, 9]","[10.20000000000001, 0]","[0, 0]",21
11,"[2, 3]",75.79999999999784,"[5, 0]","[2.6499999999999986, 0]","[0, 0]",21
12,"[2, 1]",46.149999999999515,"[11, 5]","[4.899999999999991, 0]","[0, 0]",21
13,"[0, 3]",129.69999999999524,"[10, 10]","[10.450000000000014, 0]","[0, 0]",21
14,"[0, 3]",133.69999999999615,"[13, 13]","[12.400000000000041, 0]","[0, 0]",21
15,"[2, 1]",47.84999999999942,"[12, 12]","[4.399999999999992, 0]","[0, 0]",21
16,"[2, 1]",51.19999999999923,"[15, 15]","[6.649999999999984, 0]","[0, 0]",21
17,"[2, 1]",53.99999999999907,"[16, 16]","[8.84999999999999, 0]","[0, 0]",21
18,"[0, 3]",138.7499999999973,"[14, 27]","[13.400000000000055, 0]","[2.4499999999999993, 0]",21
19,"[2, 3]",84.39999999999735,"[17, 11]","[9.750000000000004, 0]","[0, 0]",21
20,"[2, 1]",59.149999999998776,"[19, 2]","[11.950000000000035, 0]","[0, 0]",21
21,"[2, 1]",67.5999999999983,"[20, 6]","[17.600000000000115, 0]","[3.399999999999996, 0]",21
22,"[2, 1]",76.59999999999779,"[21, 8]","[22.15000000000018, 0]","[2.3999999999999995, 0]",21
23,"[0, 3]",136.79999999999686,"[18, 18]","[8.199999999999982, 0]","[0, 0]",21
24,"[0, 1]",108.49999999999598,"[23, 28]","[10.85000000000002, 0]","[0, 0]",21
25,"[0, 1]",112.24999999999577,"[24, 24]","[13.500000000000057, 0]","[0, 0]",21
26,"[2, 1]",75.69999999999784,"[22, 22]","[28.55000000000027, 0]","[1.3000000000000005, 0]",21
27,"[2, 3]",121.59999999999523,"[26, 14]","[35.15000000000014, 0.05]","[3.049999999999997, 0]",21
28,"[2, 1]",92.54999999999688,"[27, -999]","[46.3999999999995, 0]","[0.05, 0]",21
29,"[0, 3]",143.29999999999833,"[25, 33]","[12.050000000000036, 0]","[0, 0]",21
30,"[0, 3]",146.99999999999918,"[29, 29]","[14.700000000000074, 0]","[0, 0]",21
31,"[2, 3]",130.74999999999548,"[28, 23]","[43.59999999999966, 0]","[0, 0]",21
32,"[0, 3]",154.80000000000095,"[30, 36]","[18.150000000000123, 0.05]","[2.1500000000000004, 0]",21
33,"[2, 3]",132.84999999999596,"[31, 31]","[42.74999999999971, 0]","[0, 0]",21
34,"[0, 1]",124.69999999999506,"[32, -999]","[17.25000000000011, 0]","[0, 0]",21
35,"[0, 1]",128.49999999999497,"[34, 34]","[19.900000000000148, 0]","[0, 0]",21
36,"[2, 3]",144.19999999999854,"[33, 30]","[47.49999999999944, 0]","[6.799999999999984, 0]",21
37,"[2, 3]",152.8500000000005,"[36, 32]","[41.44999999999978, 0]","[0, 0]",21
38,"[0, 3]",159.75000000000207,"[35, 37]","[19.850000000000147, 0]","[0, 0]",21
39,"[0, 1]",138.3499999999972,"[38, 42]","[24.95000000000022, 0]","[2.4499999999999993, 0]",21
40,"[0, 1]",141.64999999999796,"[39, 39]","[25.10000000000022, 0]","[0, 0]",21
41,"[2, 1]",126.09999999999498,"[37, 35]","[38.09999999999997, 0]","[0, 0]",21
42,"[2, 1]",128.1999999999949,"[41, 41]","[38.89999999999993, 0]","[0, 0]",21
43,"[0, 1]",146.94999999999916,"[40, 45]","[27.500000000000256, 0]","[2.4499999999999993, 0]",21
44,"[2, 3]",161.35000000000244,"[42, 38]","[38.34999999999996, 0]","[0, 0]",21
45,"[2, 1]",139.84999999999755,"[44, 40]","[39.099999999999916, 0]","[0, 0]",21
46,"[2, 1]",148.04999999999941,"[45, 43]","[40.39999999999984, 0]","[0, 0]",21
47,"[0, 3]",175.6500000000057,"[43, 44]","[23.6500000000002, 0]","[0, 0]",21
48,"[0, 3]",180.60000000000682,"[47, 47]","[26.30000000000024, 0]","[0, 0]",21
49,"[0, 3]",184.85000000000778,"[48, 48]","[28.900000000000276, 0]","[0, 0]",21
50,"[0, 3]",193.7500000000098,"[49, 55]","[34.1000000000002, 0]","[2.549999999999999, 0]",21
51,"[2, 1]",145.14999999999876,"[46, 46]","[37.25000000000002, 0]","[0, 0]",21
52,"[0, 3]",195.9000000000103,"[50, 50]","[32.85000000000027, 0]","[0, 0]",21
53,"[0, 1]",168.50000000000406,"[52, -999]","[35.50000000000012, 0]","[0, 0]",21
54,"[0, 1]",172.25000000000492,"[53, 53]","[38.09999999999997, 0]","[0, 0]",21
55,"[2, 3]",182.05000000000715,"[51, 49]","[36.55000000000006, 0]","[0, 0]",21
56,"[0, 3]",204.90000000001234,"[54, 57]","[39.3999999999999, 0]","[0, 0]",21
57,"[2, 3]",194.1500000000099,"[55, 52]","[40.199999999999854, 0.05]","[2.6499999999999986, 0]",21
58,"[2, 1]",172.90000000000506,"[57, 54]","[42.8999999999997, 0]","[3.2999999999999963, 0]",21
59,"[0, 1]",176.40000000000586,"[56, 58]","[39.3499999999999, 0]","[0, 0]",21
60,"[0, 3]",211.7500000000139,"[59, 62]","[41.949999999999754, 0]","[0, 0]",21
61,"[0, 1]",185.20000000000786,"[60, 59]","[44.5999999999996, 0]","[0, 0]",21
62,"[2, 3]",203.25000000001197,"[58, 56]","[46.79999999999948, 0]","[0, 0]",21
63,"[0, 1]",187.5500000000084,"[61, 61]","[46.499999999999496, 0]","[0, 0]",21
64,"[0, 3]",221.4500000000161,"[63, 65]","[49.54999999999932, 0]","[0, 0]",21
65,"[2, 3]",210.75000000001367,"[62, 60]","[50.99999999999924, 0]","[3.1999999999999966, 0]",21
66,"[2, 1]",189.50000000000884,"[65, 63]","[53.4499999999991, 0]","[3.149999999999997, 0]",21
67,"[0, 3]",223.55000000001658,"[64, 64]","[49.74999999999931, 0]","[0, 0]",21
68,"[2, 3]",227.75000000001754,"[66, 67]","[52.09999999999918, 0]","[0, 0]",21
69,"[0, 1]",196.10000000001034,"[67, 66]","[53.199999999999115, 0]","[0, 0]",21
70,"[0, 3]",230.60000000001818,"[69, 68]","[57.749999999998856, 0]","[0, 0]",21
71,"[2, 1]",198.1000000000108,"[68, 69]","[51.84999999999919, 0]","[0, 0]",21
72,"[0, 1]",203.10000000001193,"[70, 71]","[61.14999999999866, 0]","[0, 0]",21
73,"[0, 3]",236.65000000001956,"[72, 70]","[67.24999999999832, 0]","[0, 0]",21
74,"[0, 3]",241.50000000002066,"[73, 73]","[70.24999999999815, 0]","[0, 0]",21
75,"[0, 3]",245.6500000000216,"[74, 74]","[73.54999999999797, 0]","[0, 0]",21
76,"[0, 1]",219.2500000000156,"[75, 77]","[81.89999999999749, 0]","[0, 0]",21
77,"[2, 1]",202.00000000001168,"[71, 72]","[50.44999999999927, 0]","[0, 0]",21
78,"[0, 1]",221.60000000001614,"[76, 76]","[84.09999999999737, 0]","[0, 0]",21
79,"[2, 3]",245.90000000002166,"[77, 75]","[61.099999999998666, 0]","[6.499999999999985, 0]",21
0,"[0, 3]",99.79999999999647,"[-999, 10]","[0, 0]","[0, 0]",22
1,"[2, 1]",36.45000000000007,"[-999, -999]","[0, 0]","[0, 0]",22
2,"[2, 3]",70.34999999999815,"[1, -999]","[1.850000000000001, 0]","[0, 0]",22
3,"[2, 1]",42.69999999999971,"[2, 1]","[4.049999999999994, 0]","[0, 0]",22
4,"[2, 3]",75.94999999999783,"[3, 2]","[6.299999999999986, 0]","[0, 0]",22
5,"[2, 3]",80.49999999999757,"[4, 4]","[8.499999999999986, 0]","[0, 0]",22
6,"[2, 1]",52.649999999999146,"[5, 3]","[10.750000000000018, 0]","[0, 0]",22
7,"[0, 3]",97.84999999999658,"[0, 0]","[0.05, 0]","[0, 0]",22
8,"[0, 1]",77.09999999999776,"[7, 16]","[4.599999999999992, 0]","[2.5999999999999988, 0]",22
9,"[0, 3]",110.64999999999586,"[8, 17]","[4.499999999999992, 0]","[0, 0]",22
10,"[2, 3]",80.34999999999758,"[6, 5]","[8.949999999999992, 0]","[0, 0]",22
11,"[0, 3]",113.4499999999957,"[9, 9]","[5.749999999999988, 0]","[0, 0]",22
12,"[2, 1]",52.04999999999918,"[10, 6]","[9.800000000000004, 0]","[0, 0]",22
13,"[2, 1]",55.89999999999896,"[12, 12]","[12.050000000000036, 0]","[0, 0]",22
14,"[2, 1]",59.59999999999875,"[13, 13]","[14.250000000000068, 0]","[0, 0]",22
15,"[0, 3]",113.2999999999957,"[11, 11]","[4.3499999999999925, 0]","[0, 0]",22
16,"[2, 1]",61.799999999998626,"[14, 14]","[15.15000000000008, 0]","[0, 0]",22
17,"[2, 3]",93.79999999999681,"[16, 7]","[17.35000000000011, 0]","[0, 0]",22
18,"[2, 1]",68.44999999999825,"[17, 8]","[19.600000000000144, 0]","[0, 0]",22
19,"[0, 3]",118.5499999999954,"[15, 20]","[4.549999999999992, 0.05]","[1.6500000000000008, 0]",22
20,"[2, 3]",111.94999999999578,"[18, 15]","[27.300000000000253, 0]","[6.799999999999984, 0]",22
21,"[0, 3]",120.69999999999528,"[19, 19]","[4.199999999999993, 0]","[0, 0]",22
22,"[2, 3]",124.19999999999509,"[20, 21]","[23.6500000000002, 0.05]","[2.3, 0]",22
23,"[2, 1]",107.84999999999602,"[22, 29]","[30.350000000000296, 0]","[6.749999999999984, 0]",22
24,"[0, 1]",90.04999999999703,"[21, -999]","[4.099999999999993, 0]","[0, 0]",22
25,"[0, 1]",93.79999999999681,"[24, 24]","[6.749999999999984, 0]","[0, 0]",22
26,"[2, 1]",107.69999999999602,"[23, 23]","[44.199999999999626, 0]","[0, 0]",22
27,"[2, 1]",111.89999999999579,"[26, 26]","[45.04999999999958, 0]","[0, 0]",22
28,"[2, 1]",132.999999999996,"[27, 36]","[55.94999999999896, 0]","[9.850000000000005, 0]",22
29,"[0, 1]",93.49999999999683,"[25, 25]","[5.349999999999989, 0]","[0, 0]",22
30,"[0, 3]",127.24999999999491,"[29, 22]","[7.99999999999998, 0]","[0, 0]",22
31,"[2, 1]",132.49999999999588,"[28, 28]","[45.19999999999957, 0]","[0, 0]",22
32,"[0, 3]",130.7999999999955,"[30, 30]","[9.249999999999996, 0]","[0, 0]",22
33,"[0, 3]",134.99999999999645,"[32, 32]","[11.900000000000034, 0]","[0, 0]",22
34,"[0, 1]",109.04999999999595,"[33, 27]","[14.550000000000072, 0]","[0, 0]",22
35,"[0, 1]",112.29999999999576,"[34, 34]","[17.15000000000011, 0]","[0, 0]",22
36,"[0, 1]",115.89999999999556,"[35, 35]","[19.800000000000146, 0]","[0, 0]",22
37,"[0, 3]",149.54999999999976,"[36, 33]","[22.450000000000184, 0]","[0, 0]",22
38,"[0, 1]",130.29999999999538,"[37, 31]","[28.100000000000264, 0.05]","[2.9999999999999973, 0]",22
39,"[0, 1]",132.34999999999584,"[38, 38]","[27.70000000000026, 0]","[0, 0]",22
40,"[2, 1]",136.89999999999688,"[31, 39]","[39.299999999999905, 0.05]","[2.799999999999998, 0]",22
41,"[2, 1]",149.64999999999978,"[40, 44]","[41.79999999999976, 0.05]","[2.6999999999999984, 0]",22
42,"[0, 1]",137.79999999999708,"[39, 40]","[30.100000000000293, 0]","[2.4499999999999993, 0]",22
43,"[2, 1]",155.4500000000011,"[41, 45]","[47.79999999999942, 0]","[0, 0]",22
44,"[0, 1]",139.39999999999745,"[42, 42]","[28.950000000000276, 0]","[0, 0]",22
45,"[0, 1]",147.84999999999937,"[44, 41]","[34.1500000000002, 0]","[2.549999999999999, 0]",22
46,"[2, 1]",160.2500000000022,"[43, 47]","[46.849999999999476, 0]","[0, 0]",22
47,"[0, 1]",155.55000000000112,"[45, 43]","[35.00000000000015, 0.05]","[2.1500000000000004, 0]",22
48,"[0, 1]",163.3500000000029,"[47, 46]","[37.79999999999999, 0.05]","[2.3, 0]",22
49,"[2, 3]",190.95000000000917,"[46, -999]","[45.099999999999575, 0]","[0, 0]",22
50,"[2, 1]",167.95000000000394,"[49, 53]","[45.94999999999953, 0]","[0, 0]",22
51,"[2, 1]",171.80000000000481,"[50, 50]","[48.64999999999937, 0]","[0, 0]",22
52,"[2, 1]",176.20000000000582,"[51, 51]","[52.39999999999916, 0]","[0, 0]",22
53,"[0, 1]",159.9000000000021,"[48, 48]","[32.75000000000028, 0]","[0, 0]",22
54,"[0, 3]",192.55000000000953,"[53, 49]","[35.35000000000013, 0]","[0, 0]",22
55,"[0, 3]",197.3000000000106,"[54, 54]","[38.949999999999925, 0]","[0, 0]",22
56,"[0, 3]",201.45000000001156,"[55, 55]","[42.19999999999974, 0]","[0, 0]",22
57,"[0, 1]",176.1000000000058,"[56, 52]","[45.04999999999958, 0]","[0, 0]",22
58,"[0, 3]",209.20000000001332,"[57, 56]","[47.749999999999424, 0]","[0, 0]",22
59,"[2, 1]",178.40000000000632,"[52, 57]","[48.1499999999994, 0]","[0, 0]",22
60,"[0, 3]",212.70000000001411,"[58, 58]","[49.149999999999345, 0]","[0, 0]",22
61,"[0, 1]",185.850000000008,"[60, 62]","[51.949999999999186, 0]","[0, 0]",22
62,"[2, 1]",177.80000000000618,"[59, 59]","[51.099999999999234, 0]","[0, 0]",22
63,"[0, 3]",220.00000000001577,"[61, 65]","[53.29999999999911, 0]","[0, 0]",22
64,"[0, 1]",194.2000000000099,"[63, 67]","[56.39999999999893, 0]","[0, 0]",22
65,"[2, 3]",211.7500000000139,"[62, 60]","[57.99999999999884, 0]","[0, 0]",22
66,"[0, 1]",196.05000000001033,"[64, 64]","[57.599999999998865, 0]","[0, 0]",22
67,"[2, 1]",183.30000000000743,"[65, 61]","[62.1999999999986, 0]","[0, 0]",22
68,"[2, 3]",219.40000000001564,"[67, 63]","[65.8999999999984, 0]","[0, 0]",22
69,"[0, 3]",226.85000000001733,"[66, 68]","[57.249999999998884, 0]","[0, 0]",22
70,"[0, 3]",231.5500000000184,"[69, 69]","[59.899999999998734, 0]","[0, 0]",22
71,"[2, 1]",194.40000000000995,"[68, 66]","[65.64999999999841, 0]","[0, 0]",22
72,"[0, 1]",202.40000000001177,"[70, 74]","[61.19999999999866, 0]","[0, 0]",22
73,"[0, 3]",236.45000000001951,"[72, 70]","[63.749999999998515, 0]","[0, 0]",22
74,"[2, 1]",194.05000000000987,"[71, 71]","[66.64999999999836, 0]","[0, 0]",22
75,"[2, 1]",204.00000000001214,"[74, 72]","[69.54999999999819, 0]","[0, 0]",22
76,"[2, 3]",244.45000000002133,"[75, 79]","[75.14999999999787, 0]","[3.2499999999999964, 0]",22
77,"[2, 3]",248.85000000002233,"[76, 76]","[73.94999999999794, 0]","[0, 0]",22
78,"[2, 3]",253.20000000002332,"[77, 77]","[75.69999999999784, 0]","[0, 0]",22
79,"[0, 3]",234.45000000001906,"[73, 73]","[59.699999999998745, 0]","[0, 0]",22
0,"[2, 1]",36.45000000000007,"[-999, -999]","[0, 0]","[0, 0]",23
1,"[2, 3]",70.34999999999815,"[0, -999]","[1.850000000000001, 0]","[0, 0]",23
2,"[2, 1]",42.69999999999971,"[1, 0]","[4.049999999999994, 0]","[0, 0]",23
3,"[2, 1]",46.849999999999476,"[2, 2]","[6.299999999999986, 0]","[0, 0]",23
4,"[2, 1]",50.94999999999924,"[3, 3]","[8.499999999999986, 0]","[0, 0]",23
5,"[2, 1]",54.74999999999903,"[4, 4]","[10.750000000000018, 0]","[0, 0]",23
6,"[0, 3]",105.09999999999617,"[-999, 12]","[0, 0]","[2.549999999999999, 0]",23
7,"[0, 3]",108.49999999999598,"[6, 6]","[1.950000000000001, 0]","[0, 0]",23
8,"[2, 1]",55.79999999999897,"[5, 5]","[10.300000000000011, 0]","[0, 0]",23
9,"[2, 3]",84.64999999999733,"[8, 1]","[12.500000000000043, 0]","[0, 0]",23
10,"[2, 3]",89.59999999999705,"[9, 9]","[14.750000000000075, 0]","[0, 0]",23
11,"[0, 3]",107.94999999999601,"[7, 7]","[0.44999999999999996, 0]","[0, 0]",23
12,"[2, 3]",92.1999999999969,"[10, 10]","[15.600000000000087, 0]","[0, 0]",23
13,"[0, 1]",82.44999999999746,"[11, 18]","[1.7000000000000008, 0]","[0, 0]",23
14,"[2, 1]",62.2499999999986,"[12, 8]","[16.5000000000001, 0]","[0, 0]",23
15,"[0, 1]",84.39999999999735,"[13, 13]","[2.9499999999999975, 0]","[0, 0]",23
16,"[2, 1]",64.0499999999985,"[14, 14]","[17.35000000000011, 0]","[0, 0]",23
17,"[2, 1]",67.09999999999833,"[16, 16]","[19.600000000000144, 0]","[0, 0]",23
18,"[2, 1]",70.54999999999814,"[17, 17]","[21.850000000000176, 0]","[0, 0]",23
19,"[2, 1]",85.1499999999973,"[18, 15]","[30.6500000000003, 0]","[6.5999999999999845, 0]",23
20,"[0, 3]",112.59999999999575,"[15, 11]","[0.15000000000000002, 0]","[0, 0]",23
21,"[0, 1]",86.39999999999723,"[20, 19]","[2.799999999999998, 0]","[0, 0]",23
22,"[2, 1]",90.39999999999701,"[19, 21]","[23.6000000000002, 0]","[0, 0]",23
23,"[2, 1]",97.89999999999658,"[22, 24]","[25.80000000000023, 0]","[0, 0]",23
24,"[0, 1]",91.84999999999692,"[21, 22]","[5.299999999999989, 0]","[2.549999999999999, 0]",23
25,"[2, 1]",104.14999999999623,"[23, 27]","[46.699999999999484, 0]","[0, 0]",23
26,"[2, 3]",136.44999999999678,"[25, 20]","[46.699999999999484, 0]","[0, 0]",23
27,"[0, 1]",96.54999999999666,"[24, 23]","[5.09999999999999, 0]","[2.4499999999999993, 0]",23
28,"[0, 1]",104.09999999999623,"[27, 25]","[7.84999999999998, 0]","[2.549999999999999, 0]",23
29,"[0, 1]",107.19999999999605,"[28, 28]","[7.94999999999998, 0]","[0, 0]",23
30,"[0, 1]",110.74999999999585,"[29, 29]","[10.600000000000016, 0]","[0, 0]",23
31,"[0, 1]",114.39999999999564,"[30, 30]","[13.200000000000053, 0]","[0, 0]",23
32,"[0, 1]",124.39999999999507,"[31, 36]","[18.500000000000128, 0.05]","[2.6499999999999986, 0]",23
33,"[2, 3]",133.4999999999961,"[26, 26]","[39.099999999999916, 0]","[0, 0]",23
34,"[0, 1]",125.04999999999504,"[32, 32]","[17.15000000000011, 0]","[0, 0]",23
35,"[2, 3]",136.74999999999685,"[33, 33]","[38.54999999999995, 0]","[0, 0]",23
36,"[2, 1]",112.34999999999576,"[35, 31]","[39.3999999999999, 0]","[0, 0]",23
37,"[0, 3]",155.40000000000109,"[34, 35]","[17.100000000000108, 0]","[0, 0]",23
38,"[2, 1]",125.44999999999501,"[36, 34]","[41.84999999999976, 0.05]","[2.25, 0]",23
39,"[2, 1]",127.24999999999491,"[38, 38]","[42.099999999999746, 0]","[0, 0]",23
40,"[0, 1]",132.04999999999578,"[37, 39]","[19.650000000000144, 0]","[2.6499999999999986, 0]",23
41,"[2, 1]",135.84999999999664,"[39, 40]","[42.099999999999746, 0]","[0, 0]",23
42,"[0, 3]",163.45000000000292,"[40, 37]","[18.300000000000125, 0]","[0, 0]",23
43,"[0, 1]",137.449999999997,"[42, 41]","[20.950000000000163, 0]","[0, 0]",23
44,"[2, 1]",141.64999999999796,"[41, 43]","[40.39999999999984, 0]","[0, 0]",23
45,"[2, 3]",181.95000000000712,"[44, 54]","[44.49999999999961, 0]","[3.2499999999999964, 0]",23
46,"[2, 1]",154.65000000000092,"[45, 55]","[42.04999999999975, 0]","[0, 0]",23
47,"[2, 1]",159.05000000000192,"[46, 46]","[42.8499999999997, 0]","[0, 0]",23
48,"[2, 1]",169.60000000000431,"[47, 60]","[44.29999999999962, 0]","[0, 0]",23
49,"[2, 1]",178.00000000000622,"[48, 65]","[46.24999999999951, 0]","[0, 0]",23
50,"[0, 3]",163.15000000000285,"[43, 42]","[15.450000000000085, 0]","[0, 0]",23
51,"[2, 3]",222.15000000001626,"[49, 69]","[52.34999999999916, 0]","[6.699999999999984, 0]",23
52,"[2, 1]",201.2500000000115,"[51, 77]","[48.799999999999365, 0]","[0, 0]",23
53,"[2, 1]",204.55000000001226,"[52, 52]","[51.6999999999992, 0]","[0, 0]",23
54,"[0, 3]",163.850000000003,"[50, 50]","[14.050000000000065, 0]","[0, 0]",23
55,"[0, 1]",137.8999999999971,"[54, 44]","[16.700000000000102, 0]","[0, 0]",23
56,"[2, 3]",236.30000000001948,"[53, 51]","[55.79999999999897, 0]","[0, 0]",23
57,"[2, 1]",211.20000000001377,"[56, 53]","[60.399999999998705, 0]","[0, 0]",23
58,"[0, 3]",169.85000000000437,"[55, 45]","[17.550000000000114, 0]","[0, 0]",23
59,"[0, 3]",173.75000000000526,"[58, 58]","[20.65000000000016, 0]","[0, 0]",23
60,"[0, 1]",148.09999999999943,"[59, 47]","[23.700000000000202, 0]","[0, 0]",23
61,"[2, 1]",212.250000000014,"[57, 57]","[59.549999999998754, 0]","[0, 0]",23
62,"[2, 1]",215.95000000001485,"[61, 61]","[62.44999999999859, 0]","[0, 0]",23
63,"[0, 3]",178.65000000000637,"[60, 59]","[24.050000000000207, 0]","[0, 0]",23
64,"[2, 3]",249.1000000000224,"[62, 56]","[63.84999999999851, 0]","[0, 0]",23
65,"[0, 1]",150.80000000000004,"[63, 48]","[25.65000000000023, 0]","[0, 0]",23
66,"[0, 3]",184.65000000000774,"[65, 63]","[28.60000000000027, 0]","[0, 0]",23
67,"[0, 3]",189.45000000000883,"[66, 66]","[31.500000000000313, 0]","[0, 0]",23
68,"[2, 3]",250.60000000002273,"[64, 64]","[62.44999999999859, 0]","[0, 0]",23
69,"[0, 3]",192.30000000000948,"[67, 67]","[33.10000000000026, 0]","[0, 0]",23
70,"[2, 3]",254.10000000002353,"[68, 68]","[66.34999999999837, 0]","[0, 0]",23
71,"[2, 1]",227.1500000000174,"[70, -999]","[77.89999999999772, 0]","[0, 0]",23
72,"[2, 3]",262.5000000000254,"[71, 70]","[85.54999999999728, 0]","[0, 0]",23
73,"[0, 1]",161.90000000000256,"[69, 49]","[32.800000000000274, 0]","[0, 0]",23
74,"[2, 3]",266.5000000000263,"[72, 72]","[89.54999999999706, 0]","[0, 0]",23
75,"[2, 3]",271.1500000000274,"[74, 74]","[101.0499999999964, 0]","[0, 0]",23
76,"[2, 1]",244.10000000002125,"[75, -999]","[106.59999999999609, 0]","[0, 0]",23
77,"[0, 1]",161.6000000000025,"[73, 73]","[32.90000000000027, 0]","[0, 0]",23
78,"[2, 3]",278.8000000000291,"[76, 75]","[110.29999999999588, 0]","[0, 0]",23
79,"[2, 1]",252.95000000002327,"[78, 76]","[119.09999999999538, 0]","[0, 0]",23
0,"[2, 1]",36.45000000000007,"[-999, -999]","[0, 0]","[0, 0]",24
1,"[0, 3]",96.79999999999664,"[-999, 7]","[0, 0]","[0, 0]",24
2,"[0, 1]",79.8499999999976,"[1, 13]","[3.699999999999995, 0.05]","[1.7500000000000009, 0]",24
3,"[2, 3]",68.09999999999827,"[0, -999]","[0.05, 0]","[0, 0]",24
4,"[0, 1]",80.49999999999757,"[2, 2]","[3.149999999999997, 0]","[0, 0]",24
5,"[0, 3]",113.59999999999569,"[4, 1]","[5.749999999999988, 0]","[0, 0]",24
6,"[2, 3]",70.29999999999815,"[3, 3]","[0.05, 0]","[0, 0]",24
7,"[2, 3]",74.39999999999792,"[6, 6]","[1.950000000000001, 0]","[0, 0]",24
8,"[2, 1]",46.24999999999951,"[7, -999]","[4.149999999999993, 0]","[0, 0]",24
9,"[2, 1]",50.24999999999928,"[8, 8]","[6.399999999999985, 0]","[0, 0]",24
10,"[0, 1]",82.39999999999746,"[5, 16]","[2.9499999999999975, 0]","[0, 0]",24
11,"[2, 1]",52.59999999999915,"[9, 9]","[7.299999999999982, 0]","[0, 0]",24
12,"[2, 1]",56.14999999999895,"[11, 11]","[9.5, 0]","[0, 0]",24
13,"[2, 1]",59.29999999999877,"[12, 12]","[11.750000000000032, 0]","[0, 0]",24
14,"[0, 1]",81.8499999999975,"[10, 10]","[1.5000000000000007, 0]","[0, 0]",24
15,"[0, 3]",115.69999999999557,"[14, 5]","[4.149999999999993, 0]","[0, 0]",24
16,"[2, 1]",70.14999999999816,"[13, 4]","[18.00000000000012, 0]","[6.749999999999984, 0]",24
17,"[2, 1]",84.09999999999737,"[16, 14]","[30.200000000000294, 0]","[9.349999999999998, 0]",24
18,"[2, 3]",123.9499999999951,"[17, 20]","[41.44999999999978, 0]","[3.2999999999999963, 0]",24
19,"[2, 3]",128.29999999999492,"[18, 18]","[38.89999999999993, 0]","[0, 0]",24
20,"[0, 3]",115.2499999999956,"[15, 15]","[1.4000000000000006, 0]","[0, 0]",24
21,"[0, 1]",89.19999999999708,"[20, 17]","[3.999999999999994, 0]","[0, 0]",24
22,"[0, 1]",92.89999999999687,"[21, 21]","[6.649999999999984, 0]","[0, 0]",24
23,"[2, 3]",128.69999999999501,"[19, 19]","[48.54999999999938, 0]","[0, 0]",24
24,"[0, 1]",95.24999999999673,"[22, 22]","[7.94999999999998, 0]","[0, 0]",24
25,"[0, 1]",98.94999999999652,"[24, 24]","[10.600000000000016, 0]","[0, 0]",24
26,"[0, 1]",102.64999999999631,"[25, 25]","[13.200000000000053, 0]","[0, 0]",24
27,"[2, 3]",129.19999999999513,"[23, 23]","[44.34999999999962, 0]","[0, 0]",24
28,"[0, 1]",110.79999999999585,"[26, 33]","[17.650000000000116, 0]","[3.149999999999997, 0]",24
29,"[0, 3]",142.2499999999981,"[28, 27]","[17.15000000000011, 0]","[0, 0]",24
30,"[0, 3]",147.19999999999922,"[29, 29]","[19.800000000000146, 0]","[0, 0]",24
31,"[0, 1]",120.79999999999528,"[30, 38]","[22.400000000000183, 0]","[0, 0]",24
32,"[0, 3]",156.20000000000127,"[31, 39]","[25.05000000000022, 0]","[0, 0]",24
33,"[2, 1]",98.14999999999657,"[27, 26]","[38.14999999999997, 0]","[0, 0]",24
34,"[0, 3]",158.80000000000186,"[32, 32]","[26.35000000000024, 0]","[0, 0]",24
35,"[0, 1]",133.54999999999612,"[34, 42]","[28.950000000000276, 0]","[0, 0]",24
36,"[0, 3]",168.35000000000403,"[35, 44]","[31.600000000000314, 0]","[0, 0]",24
37,"[2, 1]",102.34999999999633,"[33, 28]","[34.80000000000016, 0]","[0, 0]",24
38,"[2, 1]",104.99999999999618,"[37, 37]","[35.50000000000012, 0]","[0, 0]",24
39,"[2, 3]",141.09999999999783,"[38, 30]","[36.300000000000075, 0]","[0, 0]",24
40,"[0, 1]",137.74999999999707,"[36, 35]","[30.200000000000294, 0]","[0, 0]",24
41,"[2, 1]",112.89999999999573,"[39, 31]","[35.70000000000011, 0]","[0, 0]",24
42,"[2, 1]",117.44999999999547,"[41, 41]","[36.55000000000006, 0]","[0, 0]",24
43,"[0, 3]",170.10000000000443,"[40, 46]","[30.150000000000293, 0]","[0, 0]",24
44,"[2, 3]",151.60000000000022,"[42, 34]","[36.00000000000009, 0]","[0, 0]",24
45,"[0, 3]",172.70000000000502,"[43, 43]","[31.40000000000031, 0]","[0, 0]",24
46,"[2, 3]",160.60000000000227,"[44, 36]","[35.40000000000013, 0]","[0, 0]",24
47,"[0, 1]",145.69999999999888,"[45, 49]","[32.70000000000028, 0]","[0, 0]",24
48,"[2, 1]",131.84999999999573,"[46, 40]","[34.900000000000155, 0]","[0, 0]",24
49,"[2, 1]",136.24999999999673,"[48, 48]","[35.70000000000011, 0]","[0, 0]",24
50,"[0, 1]",146.199999999999,"[47, 47]","[32.65000000000028, 0]","[0, 0]",24
51,"[0, 1]",154.75000000000094,"[50, 54]","[37.79999999999999, 0]","[2.499999999999999, 0]",24
52,"[0, 3]",187.25000000000833,"[51, 45]","[37.899999999999984, 0]","[0, 0]",24
53,"[0, 3]",192.30000000000948,"[52, 52]","[41.049999999999805, 0]","[0, 0]",24
54,"[2, 1]",147.0999999999992,"[49, 50]","[33.95000000000021, 0.05]","[2.849999999999998, 0]",24
55,"[0, 3]",195.15000000001012,"[53, 53]","[43.64999999999966, 0]","[0, 0]",24
56,"[2, 1]",152.8500000000005,"[54, 51]","[30.5500000000003, 0]","[0, 0]",24
57,"[0, 3]",197.80000000001073,"[55, 55]","[44.89999999999959, 0]","[0, 0]",24
58,"[2, 3]",201.80000000001164,"[56, 57]","[38.19999999999997, 0.05]","[6.349999999999985, 0]",24
59,"[0, 3]",205.45000000001247,"[57, 58]","[48.29999999999939, 0]","[2.499999999999999, 0]",24
60,"[0, 1]",179.05000000000646,"[59, 61]","[47.94999999999941, 0]","[0, 0]",24
61,"[2, 1]",170.35000000000448,"[58, -999]","[31.050000000000306, 0]","[0, 0]",24
62,"[2, 1]",182.3500000000072,"[61, 60]","[34.75000000000016, 0.05]","[2.0500000000000007, 0]",24
63,"[2, 3]",213.5000000000143,"[62, 59]","[35.600000000000115, 0]","[0, 0]",24
64,"[2, 1]",188.10000000000852,"[63, 70]","[38.749999999999936, 0]","[0, 0]",24
65,"[2, 3]",223.75000000001663,"[64, 72]","[41.399999999999785, 0]","[0, 0]",24
66,"[2, 3]",228.55000000001772,"[65, 65]","[43.59999999999966, 0]","[0, 0]",24
67,"[2, 1]",205.2000000000124,"[66, 78]","[47.749999999999424, 0]","[0, 0]",24
68,"[2, 3]",237.55000000001976,"[67, 66]","[53.699999999999086, 0]","[0, 0]",24
69,"[2, 1]",211.7000000000139,"[68, 67]","[59.44999999999876, 0]","[0, 0]",24
70,"[0, 1]",175.15000000000558,"[60, 62]","[40.04999999999986, 0]","[2.499999999999999, 0]",24
71,"[2, 1]",215.2500000000147,"[69, 69]","[65.09999999999845, 0]","[0, 0]",24
72,"[0, 3]",207.800000000013,"[70, 63]","[38.79999999999993, 0]","[0, 0]",24
73,"[2, 1]",218.25000000001538,"[71, 71]","[76.5499999999978, 0]","[0, 0]",24
74,"[2, 1]",222.65000000001638,"[73, 73]","[95.39999999999672, 0]","[0, 0]",24
75,"[0, 1]",179.95000000000667,"[72, 64]","[38.749999999999936, 0]","[0, 0]",24
76,"[2, 1]",225.75000000001708,"[74, 74]","[99.69999999999648, 0]","[0, 0]",24
77,"[0, 1]",181.60000000000704,"[75, 75]","[40.04999999999986, 0]","[0, 0]",24
78,"[0, 1]",185.25000000000787,"[77, 77]","[42.69999999999971, 0]","[0, 0]",24
79,"[2, 1]",227.5500000000175,"[76, 76]","[100.09999999999646, 0]","[0, 0]",24
0,"[2, 3]",67.79999999999829,"[-999, -999]","[0, 0]","[0, 0]",25
1,"[0, 1]",74.09999999999793,"[-999, 16]","[0, 0.05]","[2.4499999999999993, 0]",25
2,"[0, 1]",81.6999999999975,"[1, 19]","[5.09999999999999, 0.05]","[3.149999999999997, 0]",25
3,"[2, 3]",70.09999999999816,"[0, 0]","[0.05, 0]","[0, 0]",25
4,"[0, 3]",112.89999999999573,"[2, 23]","[3.149999999999997, 0]","[0, 0]",25
5,"[2, 1]",37.99999999999998,"[3, -999]","[0.6, 0]","[0, 0]",25
6,"[0, 1]",85.1499999999973,"[4, 2]","[4.399999999999992, 0]","[0, 0]",25
7,"[2, 3]",71.99999999999805,"[5, 3]","[1.4500000000000006, 0]","[0, 0]",25
8,"[2, 1]",41.599999999999774,"[7, 5]","[3.699999999999995, 0]","[0, 0]",25
9,"[2, 1]",45.84999999999953,"[8, 8]","[5.899999999999987, 0]","[0, 0]",25
10,"[0, 3]",120.84999999999528,"[6, 27]","[5.799999999999987, 0]","[2.849999999999998, 0]",25
11,"[2, 1]",48.599999999999376,"[9, 9]","[6.799999999999984, 0]","[0, 0]",25
12,"[0, 1]",92.09999999999691,"[10, 6]","[4.199999999999993, 0]","[0, 0]",25
13,"[0, 3]",127.04999999999492,"[12, 34]","[6.849999999999984, 0]","[0, 0]",25
14,"[0, 1]",100.09999999999646,"[13, 12]","[9.5, 0]","[0, 0]",25
15,"[0, 1]",103.84999999999624,"[14, 14]","[12.100000000000037, 0]","[0, 0]",25
16,"[2, 1]",47.14999999999946,"[11, 11]","[3.649999999999995, 0]","[0, 0]",25
17,"[2, 3]",79.74999999999761,"[16, 7]","[5.849999999999987, 0]","[0, 0]",25
18,"[0, 1]",104.89999999999618,"[15, 15]","[12.050000000000036, 0]","[0, 0]",25
19,"[2, 1]",53.04999999999912,"[17, 1]","[6.749999999999984, 0]","[0, 0]",25
20,"[0, 1]",112.14999999999577,"[18, 41]","[16.4500000000001, 0]","[2.4499999999999993, 0]",25
21,"[0, 1]",115.0999999999956,"[20, 20]","[17.20000000000011, 0]","[0, 0]",25
22,"[0, 1]",122.94999999999516,"[21, 47]","[22.80000000000019, 0]","[2.3999999999999995, 0]",25
23,"[2, 3]",81.24999999999753,"[19, 17]","[4.899999999999991, 0]","[0, 0]",25
24,"[0, 1]",124.74999999999505,"[22, 22]","[21.700000000000173, 0]","[0, 0]",25
25,"[0, 1]",128.39999999999495,"[24, 24]","[23.950000000000205, 0]","[0, 0]",25
26,"[2, 3]",88.8499999999971,"[23, 4]","[7.149999999999983, 0.05]","[2.6999999999999984, 0]",25
27,"[2, 3]",92.69999999999688,"[26, 26]","[6.649999999999984, 0]","[0, 0]",25
28,"[0, 1]",129.39999999999517,"[25, 25]","[23.350000000000197, 0]","[0, 0]",25
29,"[0, 1]",133.049999999996,"[28, 28]","[25.10000000000022, 0]","[0, 0]",25
30,"[0, 1]",136.74999999999685,"[29, 29]","[27.75000000000026, 0]","[0, 0]",25
31,"[0, 1]",145.2999999999988,"[30, 57]","[32.90000000000027, 0]","[2.499999999999999, 0]",25
32,"[0, 3]",177.8500000000062,"[31, 56]","[33.00000000000026, 0]","[0, 0]",25
33,"[0, 3]",182.80000000000732,"[32, 32]","[35.65000000000011, 0]","[0, 0]",25
34,"[2, 3]",93.64999999999682,"[27, 10]","[0.8000000000000002, 0]","[0, 0]",25
35,"[0, 1]",155.55000000000112,"[33, 62]","[36.95000000000004, 0]","[0, 0]",25
36,"[0, 3]",190.00000000000895,"[35, 63]","[39.59999999999989, 0]","[0, 0]",25
37,"[0, 1]",164.10000000000306,"[36, 64]","[42.19999999999974, 0]","[0, 0]",25
38,"[0, 1]",167.55000000000385,"[37, 37]","[44.84999999999959, 0]","[0, 0]",25
39,"[2, 3]",96.99999999999663,"[34, 13]","[7.199999999999982, 0]","[0, 0]",25
40,"[0, 3]",202.15000000001172,"[38, 69]","[46.149999999999515, 0]","[0, 0]",25
41,"[2, 1]",80.19999999999759,"[39, 18]","[14.500000000000071, 0.05]","[3.149999999999997, 0]",25
42,"[0, 3]",204.80000000001232,"[40, 40]","[47.44999999999944, 0]","[0, 0]",25
43,"[2, 3]",110.94999999999584,"[41, 39]","[34.1000000000002, 0]","[0.05, 0]",25
44,"[0, 1]",176.45000000000587,"[42, 72]","[48.69999999999937, 0]","[0, 0]",25
45,"[0, 1]",180.20000000000672,"[44, 44]","[51.34999999999922, 0]","[0, 0]",25
46,"[0, 1]",184.0000000000076,"[45, 45]","[53.99999999999907, 0]","[0, 0]",25
47,"[2, 1]",84.59999999999734,"[43, 21]","[30.150000000000293, 0]","[0, 0]",25
48,"[2, 3]",117.14999999999549,"[47, 43]","[30.400000000000297, 0]","[0, 0]",25
49,"[0, 1]",184.9500000000078,"[46, 46]","[53.94999999999907, 0]","[0, 0]",25
50,"[2, 3]",121.19999999999526,"[48, 48]","[29.700000000000287, 0]","[0, 0]",25
51,"[0, 1]",187.30000000000834,"[49, 49]","[55.89999999999896, 0]","[0, 0]",25
52,"[0, 1]",190.95000000000917,"[51, 51]","[58.34999999999882, 0]","[0, 0]",25
53,"[2, 3]",123.29999999999514,"[50, 50]","[27.70000000000026, 0]","[0, 0]",25
54,"[0, 1]",193.3000000000097,"[52, 52]","[59.64999999999875, 0]","[0, 0]",25
55,"[0, 3]",226.90000000001734,"[54, 79]","[62.64999999999858, 0]","[0, 0]",25
56,"[2, 3]",125.19999999999503,"[53, 53]","[25.80000000000023, 0]","[0, 0]",25
57,"[2, 1]",106.59999999999609,"[56, 30]","[29.600000000000286, 0.05]","[3.049999999999997, 0]",25
58,"[0, 1]",199.55000000001112,"[55, 54]","[62.74999999999857, 0]","[0, 0]",25
59,"[0, 1]",203.30000000001198,"[58, 58]","[65.49999999999842, 0]","[0, 0]",25
60,"[0, 3]",237.15000000001967,"[59, 55]","[68.49999999999825, 0]","[0, 0]",25
61,"[0, 1]",212.50000000001407,"[60, 59]","[72.949999999998, 0]","[0, 0]",25
62,"[2, 1]",108.24999999999599,"[57, 31]","[21.900000000000176, 0]","[0, 0]",25
63,"[2, 3]",147.9499999999994,"[62, 33]","[23.750000000000203, 0]","[0, 0]",25
64,"[2, 1]",121.09999999999526,"[63, 35]","[25.70000000000023, 0]","[0, 0]",25
65,"[0, 1]",212.150000000014,"[61, 61]","[72.09999999999805, 0]","[0, 0]",25
66,"[0, 1]",215.90000000001484,"[65, 65]","[80.29999999999758, 0]","[0, 0]",25
67,"[0, 3]",249.5500000000225,"[66, 60]","[83.4499999999974, 0]","[0, 0]",25
68,"[2, 3]",152.8000000000005,"[64, 36]","[22.90000000000019, 0]","[0, 0]",25
69,"[2, 3]",157.40000000000154,"[68, 68]","[24.000000000000206, 0]","[0, 0]",25
70,"[0, 3]",251.750000000023,"[67, 67]","[83.5499999999974, 0]","[0, 0]",25
71,"[0, 1]",225.95000000001713,"[70, 66]","[86.39999999999723, 0]","[0, 0]",25
72,"[2, 1]",127.64999999999489,"[69, 38]","[22.20000000000018, 0]","[0, 0]",25
73,"[0, 1]",228.30000000001766,"[71, 71]","[92.3999999999969, 0]","[0, 0]",25
74,"[2, 3]",166.75000000000367,"[72, 42]","[21.750000000000174, 0]","[0, 0]",25
75,"[0, 3]",260.800000000025,"[73, 70]","[95.6999999999967, 0]","[0, 0]",25
76,"[0, 3]",265.70000000002614,"[75, 75]","[102.7499999999963, 0]","[0, 0]",25
77,"[0, 1]",239.9000000000203,"[76, 73]","[105.99999999999612, 0]","[0, 0]",25
78,"[0, 1]",243.60000000002114,"[77, 77]","[108.89999999999596, 0]","[0, 0]",25
79,"[2, 3]",165.00000000000327,"[74, 74]","[17.20000000000011, 0]","[0, 0]",25
0,"[2, 1]",36.45000000000007,"[-999, -999]","[0, 0]","[0, 0]",26
1,"[0, 3]",97.19999999999662,"[-999, 8]","[0, 0]","[0, 0]",26
2,"[0, 3]",107.14999999999606,"[1, 13]","[1.950000000000001, 0]","[0, 0]",26
3,"[0, 3]",115.79999999999556,"[2, 14]","[6.749999999999984, 0]","[2.25, 0]",26
4,"[0, 3]",119.09999999999538,"[3, 3]","[7.099999999999983, 0]","[0, 0]",26
5,"[2, 1]",36.650000000000055,"[0, 0]","[0.05, 0]","[0, 0]",26
6,"[2, 3]",70.34999999999815,"[5, -999]","[1.850000000000001, 0]","[0, 0]",26
7,"[2, 3]",75.29999999999787,"[6, 6]","[4.049999999999994, 0]","[0, 0]",26
8,"[2, 3]",79.34999999999764,"[7, 7]","[6.299999999999986, 0]","[0, 0]",26
9,"[0, 3]",117.14999999999549,"[4, 4]","[4.299999999999993, 0]","[0, 0]",26
10,"[2, 1]",50.09999999999929,"[8, -999]","[7.199999999999982, 0]","[0, 0]",26
11,"[0, 1]",88.54999999999711,"[9, 16]","[5.549999999999988, 0]","[0, 0]",26
12,"[2, 1]",52.59999999999915,"[10, 10]","[8.04999999999998, 0]","[0, 0]",26
13,"[2, 3]",87.0499999999972,"[12, 1]","[10.300000000000011, 0]","[0, 0]",26
14,"[2, 3]",96.04999999999669,"[13, 2]","[15.050000000000079, 0.05]","[2.549999999999999, 0]",26
15,"[0, 3]",119.19999999999537,"[11, 20]","[4.149999999999993, 0]","[0, 0]",26
16,"[2, 1]",66.34999999999837,"[14, -999]","[13.400000000000055, 0]","[0, 0]",26
17,"[0, 3]",126.34999999999496,"[15, 29]","[7.79999999999998, 0]","[2.3499999999999996, 0]",26
18,"[0, 1]",98.34999999999656,"[17, -999]","[8.04999999999998, 0]","[0, 0]",26
19,"[0, 1]",102.14999999999634,"[18, 18]","[10.700000000000017, 0]","[0, 0]",26
20,"[2, 3]",107.39999999999604,"[16, 9]","[18.200000000000124, 0]","[6.5999999999999845, 0]",26
21,"[0, 1]",109.9499999999959,"[19, 32]","[14.700000000000074, 0]","[2.6999999999999984, 0]",26
22,"[0, 3]",143.84999999999846,"[21, 33]","[14.650000000000073, 0]","[0, 0]",26
23,"[0, 1]",117.54999999999546,"[22, 21]","[17.25000000000011, 0]","[0, 0]",26
24,"[0, 1]",121.29999999999525,"[23, 23]","[19.900000000000148, 0]","[0, 0]",26
25,"[0, 1]",125.04999999999504,"[24, 24]","[22.550000000000185, 0]","[0, 0]",26
26,"[0, 3]",158.75000000000185,"[25, 36]","[25.200000000000223, 0]","[0, 0]",26
27,"[0, 1]",133.049999999996,"[26, 38]","[27.80000000000026, 0]","[0, 0]",26
28,"[0, 1]",136.64999999999682,"[27, 27]","[30.450000000000298, 0]","[0, 0]",26
29,"[2, 3]",105.34999999999616,"[20, 15]","[2.9999999999999973, 0]","[0, 0]",26
30,"[2, 3]",113.4999999999957,"[29, 17]","[24.500000000000213, 0]","[0, 0]",26
31,"[0, 3]",170.20000000000445,"[28, 45]","[30.400000000000297, 0]","[0, 0]",26
32,"[2, 1]",90.34999999999701,"[30, 19]","[35.450000000000124, 0]","[0, 0]",26
33,"[2, 3]",122.54999999999518,"[32, 30]","[35.35000000000013, 0]","[0, 0]",26
34,"[2, 3]",133.29999999999606,"[33, 22]","[35.8500000000001, 0]","[0, 0]",26
35,"[0, 1]",140.14999999999762,"[31, 46]","[28.950000000000276, 0]","[0, 0]",26
36,"[2, 3]",136.0499999999967,"[34, 34]","[35.15000000000014, 0]","[0, 0]",26
37,"[0, 3]",172.00000000000486,"[35, 31]","[30.250000000000295, 0]","[0, 0]",26
38,"[2, 1]",113.14999999999571,"[36, 25]","[34.550000000000175, 0]","[0, 0]",26
39,"[0, 3]",175.45000000000564,"[37, 37]","[31.550000000000313, 0]","[0, 0]",26
40,"[0, 1]",148.99999999999963,"[39, 50]","[34.200000000000195, 0]","[0, 0]",26
41,"[0, 1]",152.75000000000048,"[40, 40]","[36.80000000000005, 0]","[0, 0]",26
42,"[2, 3]",143.6499999999984,"[38, 26]","[31.25000000000031, 0]","[0, 0]",26
43,"[0, 1]",155.10000000000102,"[41, 41]","[38.09999999999997, 0]","[0, 0]",26
44,"[0, 3]",188.80000000000868,"[43, 39]","[40.74999999999982, 0]","[0, 0]",26
45,"[2, 3]",145.59999999999886,"[42, 42]","[30.300000000000296, 0]","[0, 0]",26
46,"[2, 1]",118.5999999999954,"[45, 28]","[31.600000000000314, 0]","[0, 0]",26
47,"[2, 1]",129.19999999999513,"[46, 35]","[32.600000000000286, 0]","[0, 0]",26
48,"[0, 3]",189.65000000000887,"[44, 44]","[39.3499999999999, 0]","[0, 0]",26
49,"[0, 3]",193.90000000000984,"[48, 48]","[41.949999999999754, 0]","[0, 0]",26
50,"[2, 1]",129.24999999999514,"[47, 47]","[30.750000000000302, 0]","[0, 0]",26
51,"[2, 1]",150.65,"[50, 43]","[41.44999999999978, 0.05]","[9.850000000000005, 0]",26
52,"[2, 1]",152.70000000000047,"[51, 51]","[32.450000000000294, 0]","[0, 0]",26
53,"[2, 1]",156.50000000000134,"[52, 52]","[34.60000000000017, 0]","[0, 0]",26
54,"[2, 3]",197.6500000000107,"[53, 55]","[36.500000000000064, 0]","[0, 0]",26
55,"[0, 3]",191.0500000000092,"[49, 49]","[37.84999999999999, 0]","[0, 0]",26
56,"[2, 1]",175.00000000000554,"[54, 59]","[36.850000000000044, 0]","[0, 0]",26
57,"[2, 3]",206.80000000001277,"[56, 54]","[37.99999999999998, 0]","[0, 0]",26
58,"[0, 1]",161.55000000000248,"[55, 53]","[37.79999999999999, 0]","[0, 0]",26
59,"[0, 1]",165.30000000000334,"[58, 58]","[40.44999999999984, 0]","[0, 0]",26
60,"[0, 1]",173.5000000000052,"[59, 56]","[45.449999999999555, 0]","[2.3999999999999995, 0]",26
61,"[0, 1]",176.5500000000059,"[60, 60]","[45.69999999999954, 0]","[0, 0]",26
62,"[2, 3]",206.85000000001278,"[57, 57]","[33.45000000000024, 0]","[0, 0]",26
63,"[2, 1]",180.1500000000067,"[62, 61]","[34.40000000000018, 0]","[0, 0]",26
64,"[2, 3]",220.5500000000159,"[63, 71]","[37.94999999999998, 0]","[0, 0]",26
65,"[2, 1]",199.25000000001106,"[64, 74]","[41.949999999999754, 0]","[0, 0]",26
66,"[2, 3]",239.55000000002022,"[65, 77]","[49.44999999999933, 0]","[3.2999999999999963, 0]",26
67,"[0, 3]",206.1000000000126,"[61, 62]","[41.89999999999976, 0]","[0, 0]",26
68,"[2, 3]",242.5500000000209,"[66, 66]","[54.09999999999906, 0]","[0, 0]",26
69,"[2, 1]",215.40000000001473,"[68, -999]","[63.29999999999854, 0]","[0, 0]",26
70,"[2, 3]",251.3000000000229,"[69, 68]","[69.2999999999982, 0]","[0, 0]",26
71,"[0, 3]",206.0000000000126,"[67, 67]","[42.74999999999971, 0]","[0, 0]",26
72,"[2, 3]",254.95000000002372,"[70, 70]","[72.949999999998, 0]","[0, 0]",26
73,"[0, 1]",177.60000000000613,"[71, 63]","[44.6999999999996, 0]","[0, 0]",26
74,"[0, 1]",181.350000000007,"[73, 73]","[47.24999999999945, 0]","[0, 0]",26
75,"[2, 1]",225.05000000001692,"[72, -999]","[76.09999999999782, 0]","[0, 0]",26
76,"[0, 3]",213.9500000000144,"[74, 64]","[48.099999999999405, 0]","[0, 0]",26
77,"[0, 3]",218.7500000000155,"[76, 76]","[56.549999999998924, 0]","[0, 0]",26
78,"[2, 3]",257.45000000002426,"[75, 72]","[78.1499999999977, 0]","[0, 0]",26
79,"[2, 1]",231.85000000001847,"[78, 75]","[87.59999999999717, 0]","[0, 0]",26
0,"[2, 1]",36.45000000000007,"[-999, -999]","[0, 0]","[0, 0]",27
1,"[2, 1]",39.94999999999987,"[0, 0]","[1.850000000000001, 0]","[0, 0]",27
2,"[2, 1]",43.94999999999964,"[1, 1]","[4.049999999999994, 0]","[0, 0]",27
3,"[2, 3]",75.54999999999785,"[2, -999]","[6.299999999999986, 0]","[0, 0]",27
4,"[2, 3]",80.44999999999757,"[3, 3]","[8.499999999999986, 0]","[0, 0]",27
5,"[2, 1]",48.89999999999936,"[4, 2]","[10.750000000000018, 0]","[0, 0]",27
6,"[2, 1]",53.24999999999911,"[5, 5]","[13.00000000000005, 0]","[0, 0]",27
7,"[0, 1]",77.99999999999771,"[-999, 16]","[0, 0.05]","[6.099999999999986, 0]",27
8,"[0, 1]",84.34999999999735,"[7, 26]","[4.3499999999999925, 0]","[2.3999999999999995, 0]",27
9,"[2, 1]",54.599999999999035,"[6, 6]","[12.500000000000043, 0]","[0, 0]",27
10,"[0, 1]",85.94999999999726,"[8, 8]","[3.149999999999997, 0]","[0, 0]",27
11,"[2, 1]",57.14999999999889,"[9, 9]","[13.400000000000055, 0]","[0, 0]",27
12,"[0, 1]",93.34999999999684,"[10, 32]","[6.999999999999983, 0]","[2.5999999999999988, 0]",27
13,"[0, 3]",125.649999999995,"[12, 30]","[6.999999999999983, 0]","[0, 0]",27
14,"[0, 1]",100.29999999999644,"[13, 33]","[9.600000000000001, 0]","[0, 0]",27
15,"[2, 1]",56.79999999999891,"[11, 11]","[11.55000000000003, 0]","[0, 0]",27
16,"[2, 1]",60.399999999998705,"[15, 15]","[13.800000000000061, 0]","[0, 0]",27
17,"[0, 1]",101.1499999999964,"[14, 14]","[9.55, 0]","[0, 0]",27
18,"[0, 1]",104.84999999999619,"[17, 17]","[12.200000000000038, 0]","[0, 0]",27
19,"[0, 3]",141.99999999999804,"[18, 44]","[14.800000000000075, 0]","[0, 0]",27
20,"[0, 3]",145.89999999999893,"[19, 19]","[17.450000000000113, 0]","[0, 0]",27
21,"[0, 1]",118.7499999999954,"[20, 51]","[20.10000000000015, 0]","[0, 0]",27
22,"[0, 3]",153.60000000000068,"[21, 52]","[22.75000000000019, 0]","[0, 0]",27
23,"[0, 1]",127.3499999999949,"[22, 54]","[25.350000000000225, 0]","[0, 0]",27
24,"[0, 1]",130.8499999999955,"[23, 23]","[28.000000000000263, 0]","[0, 0]",27
25,"[0, 1]",134.49999999999633,"[24, 24]","[30.6500000000003, 0]","[0, 0]",27
26,"[2, 1]",56.59999999999892,"[16, 7]","[5.599999999999988, 0.05]","[1.7500000000000009, 0]",27
27,"[0, 3]",166.80000000000368,"[25, 22]","[31.95000000000032, 0]","[0, 0]",27
28,"[0, 1]",146.74999999999912,"[27, 56]","[37.699999999999996, 0]","[3.149999999999997, 0]",27
29,"[0, 3]",180.75000000000685,"[28, 58]","[37.200000000000024, 0]","[0, 0]",27
30,"[2, 3]",83.5499999999974,"[26, 4]","[5.09999999999999, 0]","[3.049999999999997, 0]",27
31,"[0, 1]",154.00000000000077,"[29, 59]","[38.49999999999995, 0]","[0, 0]",27
32,"[2, 1]",61.799999999998626,"[30, 10]","[9.249999999999996, 0]","[1.2000000000000004, 0]",27
33,"[2, 1]",69.4499999999982,"[32, 12]","[12.150000000000038, 0]","[0, 0]",27
34,"[0, 1]",160.7000000000023,"[31, 61]","[40.09999999999986, 0.05]","[1.7000000000000008, 0]",27
35,"[0, 1]",168.45000000000405,"[34, 63]","[43.149999999999686, 0.05]","[2.1000000000000005, 0]",27
36,"[0, 3]",202.40000000001177,"[35, 65]","[43.699999999999655, 0]","[0, 0]",27
37,"[2, 3]",99.89999999999647,"[33, 13]","[20.450000000000156, 0]","[0, 0]",27
38,"[0, 1]",176.05000000000578,"[36, 73]","[44.99999999999958, 0]","[0, 0]",27
39,"[2, 3]",103.34999999999627,"[37, 37]","[18.950000000000134, 0]","[0, 0]",27
40,"[0, 1]",177.60000000000613,"[38, 38]","[46.24999999999951, 0]","[0, 0]",27
41,"[0, 1]",185.55000000000794,"[40, 76]","[51.39999999999922, 0]","[2.499999999999999, 0]",27
42,"[0, 1]",188.70000000000866,"[41, 41]","[51.54999999999921, 0]","[0, 0]",27
43,"[0, 3]",221.75000000001617,"[42, 78]","[54.19999999999906, 0]","[0, 0]",27
44,"[2, 3]",102.54999999999632,"[39, 39]","[14.050000000000065, 0]","[0, 0]",27
45,"[0, 3]",225.15000000001695,"[43, 43]","[55.44999999999899, 0]","[0, 0]",27
46,"[0, 1]",199.10000000001102,"[45, 79]","[58.099999999998836, 0]","[0, 0]",27
47,"[0, 1]",202.80000000001186,"[46, 46]","[60.749999999998685, 0]","[0, 0]",27
48,"[0, 1]",206.5000000000127,"[47, 47]","[63.399999999998535, 0]","[0, 0]",27
49,"[0, 3]",240.20000000002037,"[48, 45]","[66.04999999999839, 0]","[0, 0]",27
50,"[0, 3]",245.1500000000215,"[49, 49]","[68.69999999999824, 0]","[0, 0]",27
51,"[2, 1]",67.44999999999831,"[44, 18]","[7.099999999999983, 0]","[0, 0]",27
52,"[2, 3]",107.79999999999602,"[51, 20]","[8.14999999999998, 0]","[0, 0]",27
53,"[0, 1]",216.600000000015,"[50, 48]","[68.64999999999824, 0]","[0, 0]",27
54,"[2, 1]",78.89999999999766,"[52, 21]","[7.94999999999998, 0]","[0, 0]",27
55,"[2, 1]",100.29999999999644,"[54, 25]","[18.70000000000013, 0.05]","[9.800000000000004, 0]",27
56,"[2, 1]",102.29999999999633,"[55, 55]","[9.800000000000004, 0]","[0, 0]",27
57,"[0, 1]",216.25000000001492,"[53, 53]","[67.24999999999832, 0]","[0, 0]",27
58,"[2, 3]",135.1999999999965,"[56, 27]","[9.299999999999997, 0]","[0, 0]",27
59,"[2, 1]",109.39999999999593,"[58, 28]","[10.300000000000011, 0]","[0, 0]",27
60,"[0, 3]",247.400000000022,"[57, 50]","[67.6499999999983, 0]","[0, 0]",27
61,"[2, 1]",118.5499999999954,"[59, 31]","[11.150000000000023, 0]","[0, 0]",27
62,"[0, 1]",221.4000000000161,"[60, 57]","[70.34999999999815, 0]","[0, 0]",27
63,"[2, 1]",124.89999999999505,"[61, 34]","[12.050000000000036, 0]","[0, 0]",27
64,"[0, 1]",223.80000000001664,"[62, 62]","[73.24999999999798, 0]","[0, 0]",27
65,"[2, 3]",156.50000000000134,"[63, 29]","[12.900000000000048, 0]","[0, 0]",27
66,"[0, 3]",256.250000000024,"[64, 60]","[75.69999999999784, 0]","[0, 0]",27
67,"[0, 3]",261.1500000000251,"[66, 66]","[80.29999999999758, 0]","[0, 0]",27
68,"[0, 3]",265.40000000002607,"[67, 67]","[90.09999999999702, 0]","[0, 0]",27
69,"[0, 3]",269.25000000002694,"[68, 68]","[93.59999999999683, 0]","[0, 0]",27
70,"[0, 3]",273.15000000002783,"[69, 69]","[96.09999999999668, 0]","[0, 0]",27
71,"[0, 1]",246.5500000000218,"[70, -999]","[98.29999999999656, 0]","[0, 0]",27
72,"[0, 3]",280.65000000002954,"[71, 70]","[106.3999999999961, 0]","[0, 0]",27
73,"[2, 1]",121.59999999999523,"[65, 35]","[5.699999999999988, 0]","[0, 0]",27
74,"[2, 3]",157.6000000000016,"[73, 36]","[7.94999999999998, 0]","[0, 0]",27
75,"[0, 1]",253.00000000002328,"[72, 71]","[106.14999999999611, 0]","[0, 0]",27
76,"[2, 1]",133.8999999999962,"[74, 40]","[10.650000000000016, 0]","[0, 0]",27
77,"[0, 3]",285.6500000000307,"[75, 72]","[113.04999999999572, 0]","[0, 0]",27
78,"[2, 3]",165.40000000000336,"[76, 74]","[16.050000000000093, 0]","[0, 0]",27
79,"[2, 1]",143.6499999999984,"[78, 42]","[19.850000000000147, 0]","[0, 0]",27
0,"[2, 3]",67.79999999999829,"[-999, -999]","[0, 0]","[0, 0]",28
1,"[0, 3]",110.59999999999586,"[-999, 18]","[0, 0.05]","[5.14999999999999, 0]",28
2,"[2, 1]",37.65,"[0, -999]","[0.49999999999999994, 0]","[0, 0]",28
3,"[0, 1]",81.24999999999753,"[1, 20]","[0.6, 0]","[0, 0]",28
4,"[2, 3]",70.79999999999812,"[2, 0]","[1.3500000000000005, 0]","[0, 0]",28
5,"[2, 3]",75.39999999999786,"[4, 4]","[3.599999999999995, 0]","[0, 0]",28
6,"[2, 3]",79.44999999999763,"[5, 5]","[5.799999999999987, 0]","[0, 0]",28
7,"[0, 1]",80.69999999999756,"[3, 3]","[0.05, 0]","[0, 0]",28
8,"[2, 3]",81.7999999999975,"[6, 6]","[6.699999999999984, 0]","[0, 0]",28
9,"[2, 3]",85.39999999999729,"[8, 8]","[8.949999999999992, 0]","[0, 0]",28
10,"[0, 3]",111.6499999999958,"[7, 1]","[0.05, 0]","[0, 0]",28
11,"[0, 3]",116.49999999999552,"[10, 10]","[2.3, 0]","[0, 0]",28
12,"[0, 1]",90.649999999997,"[11, 26]","[4.899999999999991, 0]","[0, 0]",28
13,"[0, 3]",124.14999999999509,"[12, 11]","[7.549999999999981, 0]","[0, 0]",28
14,"[0, 1]",98.44999999999655,"[13, 28]","[10.15000000000001, 0]","[0, 0]",28
15,"[0, 3]",132.1999999999958,"[14, 13]","[12.800000000000047, 0]","[0, 0]",28
16,"[2, 3]",80.79999999999755,"[9, 9]","[3.049999999999997, 0]","[0, 0]",28
17,"[0, 3]",135.6499999999966,"[15, 15]","[14.100000000000065, 0]","[0, 0]",28
18,"[2, 3]",82.79999999999744,"[16, 16]","[3.949999999999994, 0]","[0, 0]",28
19,"[0, 1]",108.34999999999599,"[17, 30]","[15.350000000000083, 0]","[0, 0]",28
20,"[2, 1]",53.199999999999115,"[18, -999]","[4.799999999999991, 0]","[0, 0]",28
21,"[0, 3]",142.14999999999807,"[19, 32]","[16.6500000000001, 0]","[0, 0]",28
22,"[0, 1]",116.34999999999553,"[21, 34]","[19.30000000000014, 0]","[0, 0]",28
23,"[2, 1]",65.24999999999844,"[20, 7]","[11.050000000000022, 0]","[6.699999999999984, 0]",28
24,"[0, 1]",118.24999999999542,"[22, 22]","[20.600000000000158, 0]","[0, 0]",28
25,"[0, 1]",121.89999999999522,"[24, 24]","[23.200000000000195, 0]","[0, 0]",28
26,"[2, 1]",65.69999999999841,"[23, 23]","[3.8499999999999943, 0]","[0, 0]",28
27,"[0, 3]",157.80000000000163,"[25, 38]","[24.500000000000213, 0]","[0, 0]",28
28,"[2, 1]",74.7999999999979,"[26, 12]","[8.04999999999998, 0]","[3.2999999999999963, 0]",28
29,"[2, 1]",84.19999999999736,"[28, 14]","[27.600000000000257, 0]","[3.2999999999999963, 0]",28
30,"[2, 1]",87.19999999999719,"[29, 29]","[24.30000000000021, 0]","[0, 0]",28
31,"[0, 3]",157.6500000000016,"[27, 27]","[23.100000000000193, 0]","[0, 0]",28
32,"[2, 3]",121.54999999999524,"[30, 17]","[23.5500000000002, 0]","[0, 0]",28
33,"[0, 1]",130.89999999999552,"[31, 41]","[24.35000000000021, 0]","[0, 0]",28
34,"[2, 1]",93.29999999999684,"[32, 19]","[23.5500000000002, 0]","[0, 0]",28
35,"[0, 1]",137.24999999999696,"[33, 42]","[28.150000000000265, 0]","[2.499999999999999, 0]",28
36,"[2, 3]",128.04999999999487,"[34, 21]","[23.750000000000203, 0]","[0, 0]",28
37,"[2, 3]",132.69999999999592,"[36, 36]","[25.250000000000224, 0]","[0, 0]",28
38,"[2, 3]",137.29999999999697,"[37, 37]","[26.900000000000247, 0]","[0, 0]",28
39,"[0, 1]",142.19999999999808,"[35, 43]","[27.00000000000025, 0.05]","[2.7499999999999982, 0]",28
40,"[2, 1]",108.94999999999595,"[38, 25]","[27.600000000000257, 0]","[0, 0]",28
41,"[2, 1]",113.4499999999957,"[40, 40]","[31.25000000000031, 0]","[0, 0]",28
42,"[2, 1]",123.79999999999511,"[41, 33]","[33.300000000000246, 0]","[0, 0]",28
43,"[2, 1]",131.39999999999563,"[42, 35]","[34.85000000000016, 0]","[0, 0]",28
44,"[2, 3]",163.75000000000298,"[43, 31]","[36.00000000000009, 0]","[0, 0]",28
45,"[2, 1]",138.39999999999722,"[44, 39]","[37.15000000000003, 0]","[0, 0]",28
46,"[0, 3]",167.85000000000392,"[39, 44]","[18.800000000000132, 0]","[0, 0]",28
47,"[2, 1]",141.74999999999798,"[45, 45]","[36.75000000000005, 0]","[0, 0]",28
48,"[0, 3]",170.60000000000454,"[46, 46]","[20.05000000000015, 0]","[0, 0]",28
49,"[0, 1]",145.3499999999988,"[48, 47]","[22.700000000000188, 0]","[0, 0]",28
50,"[0, 3]",180.1000000000067,"[49, 51]","[25.350000000000225, 0]","[0, 0]",28
51,"[2, 3]",172.85000000000505,"[47, 48]","[33.650000000000226, 0]","[0, 0]",28
52,"[2, 1]",146.249999999999,"[51, 49]","[34.60000000000017, 0]","[0, 0]",28
53,"[2, 1]",150.80000000000004,"[52, 52]","[36.75000000000005, 0]","[0, 0]",28
54,"[0, 3]",180.00000000000668,"[50, 50]","[23.950000000000205, 0]","[0, 0]",28
55,"[2, 3]",189.00000000000873,"[53, 56]","[38.599999999999945, 0]","[0, 0]",28
56,"[0, 3]",182.55000000000726,"[54, 54]","[25.200000000000223, 0]","[0, 0]",28
57,"[0, 3]",191.1000000000092,"[56, 55]","[30.200000000000294, 0]","[2.3499999999999996, 0]",28
58,"[2, 1]",156.95000000000144,"[55, 53]","[39.24999999999991, 0]","[0, 0]",28
59,"[2, 3]",197.95000000001076,"[58, 65]","[44.199999999999626, 0]","[0, 0]",28
60,"[2, 1]",170.05000000000442,"[59, 67]","[48.64999999999937, 0]","[0, 0]",28
61,"[2, 3]",206.0500000000126,"[60, 68]","[52.44999999999916, 0]","[0, 0]",28
62,"[2, 3]",210.60000000001364,"[61, 61]","[55.09999999999901, 0]","[0, 0]",28
63,"[2, 1]",187.50000000000838,"[62, 79]","[57.44999999999887, 0]","[0, 0]",28
64,"[2, 1]",189.90000000000893,"[63, 63]","[60.5499999999987, 0]","[0, 0]",28
65,"[0, 3]",185.10000000000784,"[57, 57]","[21.050000000000164, 0]","[0, 0]",28
66,"[2, 1]",192.65000000000956,"[64, 64]","[63.199999999998546, 0]","[0, 0]",28
67,"[0, 1]",155.9000000000012,"[65, 58]","[22.300000000000182, 0]","[0, 0]",28
68,"[0, 3]",190.90000000000916,"[67, 59]","[24.95000000000022, 0]","[0, 0]",28
69,"[2, 1]",194.40000000000995,"[66, 66]","[64.69999999999847, 0]","[0, 0]",28
70,"[2, 1]",199.000000000011,"[69, 69]","[68.89999999999823, 0]","[0, 0]",28
71,"[2, 1]",203.30000000001198,"[70, 70]","[76.14999999999782, 0]","[0, 0]",28
72,"[2, 3]",238.50000000001998,"[71, 62]","[80.09999999999759, 0]","[0, 0]",28
73,"[2, 1]",212.85000000001415,"[72, 71]","[83.99999999999737, 0]","[0, 0]",28
74,"[2, 1]",217.70000000001525,"[73, 73]","[88.7999999999971, 0]","[0, 0]",28
75,"[2, 1]",222.00000000001623,"[74, 74]","[93.19999999999685, 0]","[0, 0]",28
76,"[2, 1]",226.50000000001725,"[75, 75]","[96.74999999999665, 0]","[0, 0]",28
77,"[0, 1]",153.60000000000068,"[68, 60]","[16.800000000000104, 0]","[0, 0]",28
78,"[0, 1]",157.15000000000148,"[77, 77]","[19.45000000000014, 0]","[0, 0]",28
79,"[0, 1]",160.8000000000023,"[78, 78]","[22.05000000000018, 0]","[0, 0]",28
0,"[0, 3]",96.94999999999663,"[-999, 9]","[0, 0]","[0, 0]",29
1,"[2, 1]",36.45000000000007,"[-999, -999]","[0, 0]","[0, 0]",29
2,"[0, 1]",72.899999999998,"[0, 12]","[0.6, 0]","[0, 0]",29
3,"[0, 1]",80.99999999999754,"[2, 14]","[5.599999999999988, 0]","[2.4499999999999993, 0]",29
4,"[2, 3]",68.09999999999827,"[1, -999]","[0.05, 0]","[0, 0]",29
5,"[2, 1]",40.24999999999985,"[4, 1]","[1.950000000000001, 0]","[0, 0]",29
6,"[0, 3]",111.89999999999579,"[3, 15]","[3.049999999999997, 0]","[0, 0]",29
7,"[2, 1]",43.09999999999969,"[5, 5]","[2.799999999999998, 0]","[0, 0]",29
8,"[0, 1]",84.34999999999735,"[6, 16]","[4.299999999999993, 0]","[0, 0]",29
9,"[2, 3]",73.19999999999798,"[7, 4]","[3.699999999999995, 0]","[0, 0]",29
10,"[2, 1]",46.19999999999951,"[9, 7]","[5.899999999999987, 0]","[0, 0]",29
11,"[2, 1]",50.34999999999928,"[10, 10]","[8.14999999999998, 0]","[0, 0]",29
12,"[2, 1]",54.14999999999906,"[11, 11]","[10.400000000000013, 0]","[0, 0]",29
13,"[2, 3]",87.24999999999719,"[12, 0]","[12.600000000000044, 0]","[0, 0]",29
14,"[2, 1]",61.89999999999862,"[13, 2]","[14.850000000000076, 0]","[0, 0]",29
15,"[2, 3]",93.69999999999682,"[14, 13]","[17.050000000000107, 0]","[0, 0]",29
16,"[2, 1]",68.64999999999824,"[15, 3]","[19.30000000000014, 0]","[0, 0]",29
17,"[0, 3]",107.04999999999606,"[8, 6]","[0.05, 0]","[0, 0]",29
18,"[0, 1]",81.54999999999751,"[17, 19]","[2.000000000000001, 0]","[0, 0]",29
19,"[2, 1]",75.29999999999787,"[16, 8]","[22.05000000000018, 0]","[3.2499999999999964, 0]",29
20,"[0, 3]",115.59999999999557,"[18, 23]","[3.1999999999999966, 0]","[0, 0]",29
21,"[0, 3]",119.59999999999535,"[20, 20]","[5.799999999999987, 0]","[0, 0]",29
22,"[0, 1]",94.64999999999677,"[21, 30]","[8.449999999999985, 0]","[0, 0]",29
23,"[2, 3]",105.69999999999614,"[19, 17]","[17.000000000000107, 0]","[0, 0]",29
24,"[0, 1]",96.19999999999668,"[22, 22]","[9.700000000000003, 0]","[0, 0]",29
25,"[0, 1]",99.79999999999647,"[24, 24]","[12.35000000000004, 0]","[0, 0]",29
26,"[2, 1]",76.29999999999781,"[23, 18]","[28.000000000000263, 0]","[0, 0]",29
27,"[0, 3]",135.74999999999662,"[25, 38]","[13.650000000000059, 0]","[0, 0]",29
28,"[0, 1]",109.69999999999591,"[27, 41]","[16.250000000000096, 0]","[0, 0]",29
29,"[0, 3]",142.89999999999824,"[28, 27]","[18.900000000000134, 0]","[0, 0]",29
30,"[2, 1]",76.84999999999778,"[26, 26]","[28.200000000000266, 0]","[0, 0]",29
31,"[0, 1]",116.09999999999555,"[29, 45]","[20.200000000000152, 0]","[0, 0]",29
32,"[2, 3]",111.14999999999583,"[30, 21]","[26.700000000000244, 0]","[0, 0]",29
33,"[2, 3]",115.84999999999556,"[32, 32]","[27.250000000000252, 0]","[0, 0]",29
34,"[0, 1]",117.14999999999549,"[31, 31]","[20.10000000000015, 0]","[0, 0]",29
35,"[0, 1]",120.79999999999528,"[34, 34]","[22.75000000000019, 0]","[0, 0]",29
36,"[0, 1]",129.39999999999517,"[35, 47]","[27.90000000000026, 0]","[2.499999999999999, 0]",29
37,"[0, 3]",163.60000000000295,"[36, 51]","[28.050000000000264, 0]","[0, 0]",29
38,"[2, 3]",115.1499999999956,"[33, 33]","[22.500000000000185, 0]","[0, 0]",29
39,"[0, 3]",166.5000000000036,"[37, 37]","[29.30000000000028, 0]","[0, 0]",29
40,"[0, 1]",141.24999999999787,"[39, 55]","[31.95000000000032, 0]","[0, 0]",29
41,"[2, 1]",85.3499999999973,"[38, 25]","[20.550000000000157, 0]","[0, 0]",29
42,"[0, 3]",174.60000000000545,"[40, 57]","[33.25000000000025, 0]","[0, 0]",29
43,"[0, 1]",148.04999999999941,"[42, 40]","[35.9000000000001, 0]","[0, 0]",29
44,"[0, 3]",182.45000000000724,"[43, 58]","[38.49999999999995, 0]","[0, 0]",29
45,"[2, 1]",92.2499999999969,"[41, 28]","[20.400000000000155, 0]","[3.099999999999997, 0]",29
46,"[0, 3]",184.9000000000078,"[44, 44]","[39.799999999999876, 0]","[0, 0]",29
47,"[2, 1]",110.94999999999584,"[45, 35]","[26.45000000000024, 0.05]","[9.750000000000004, 0]",29
48,"[0, 3]",187.30000000000834,"[46, 46]","[41.0999999999998, 0]","[0, 0]",29
49,"[0, 3]",196.15000000001035,"[48, 59]","[46.09999999999952, 0]","[2.3999999999999995, 0]",29
50,"[0, 3]",199.65000000001115,"[49, 49]","[46.349999999999504, 0]","[0, 0]",29
51,"[2, 3]",138.09999999999715,"[47, 29]","[13.450000000000056, 0]","[0, 0]",29
52,"[2, 1]",112.64999999999574,"[51, 36]","[14.200000000000067, 0]","[0, 0]",29
53,"[0, 1]",169.00000000000418,"[50, 61]","[46.29999999999951, 0]","[0, 0]",29
54,"[0, 1]",172.75000000000503,"[53, 53]","[48.949999999999356, 0]","[0, 0]",29
55,"[2, 1]",114.54999999999563,"[52, 52]","[13.200000000000053, 0]","[0, 0]",29
56,"[0, 3]",205.40000000001245,"[54, 62]","[50.199999999999285, 0]","[0, 0]",29
57,"[2, 3]",148.49999999999952,"[55, 39]","[14.550000000000072, 0]","[0, 0]",29
58,"[2, 3]",158.35000000000176,"[57, 42]","[17.25000000000011, 0]","[0, 0]",29
59,"[2, 3]",177.75000000000617,"[58, 48]","[30.450000000000298, 0.05]","[9.600000000000001, 0]",29
60,"[0, 1]",180.35000000000676,"[56, 65]","[51.449999999999214, 0]","[2.6499999999999986, 0]",29
61,"[2, 1]",146.99999999999918,"[59, -999]","[25.00000000000022, 0]","[0, 0]",29
62,"[2, 3]",188.20000000000854,"[61, 50]","[30.100000000000293, 0]","[0, 0]",29
63,"[0, 3]",210.4500000000136,"[60, 56]","[48.74999999999937, 0]","[0, 0]",29
64,"[2, 1]",165.00000000000327,"[62, 54]","[31.150000000000308, 0]","[0, 0]",29
65,"[2, 1]",167.15000000000376,"[64, 64]","[40.39999999999984, 0]","[0, 0]",29
66,"[2, 1]",177.4500000000061,"[65, 60]","[45.69999999999954, 0]","[0, 0]",29
67,"[0, 1]",180.80000000000686,"[63, 66]","[47.34999999999945, 0]","[0, 0]",29
68,"[0, 3]",216.25000000001492,"[67, 69]","[49.9499999999993, 0]","[0, 0]",29
69,"[2, 3]",209.05000000001328,"[66, 63]","[45.84999999999953, 0]","[0, 0]",29
70,"[0, 3]",218.90000000001552,"[68, 68]","[51.249999999999226, 0]","[0, 0]",29
71,"[2, 1]",180.9500000000069,"[69, 67]","[47.24999999999945, 0]","[0, 0]",29
72,"[2, 1]",185.50000000000793,"[71, 71]","[50.049999999999294, 0]","[0, 0]",29
73,"[0, 1]",190.85000000000915,"[70, 72]","[51.89999999999919, 0]","[0, 0]",29
74,"[2, 1]",194.50000000000998,"[72, 73]","[51.14999999999923, 0]","[0, 0]",29
75,"[2, 1]",202.60000000001182,"[74, 78]","[52.74999999999914, 0]","[0, 0]",29
76,"[2, 1]",205.35000000001244,"[75, 75]","[53.94999999999907, 0]","[0, 0]",29
77,"[2, 1]",209.65000000001342,"[76, 76]","[58.59999999999881, 0]","[0, 0]",29
78,"[0, 1]",194.00000000000986,"[73, 74]","[52.94999999999913, 0]","[2.7499999999999982, 0]",29
79,"[2, 3]",243.05000000002102,"[77, 70]","[61.799999999998626, 0]","[0, 0]",29
0,"[2, 3]",67.79999999999829,"[-999, -999]","[0, 0]","[0, 0]",30
1,"[2, 3]",72.64999999999802,"[0, 0]","[1.850000000000001, 0]","[0, 0]",30
2,"[0, 3]",97.04999999999663,"[-999, 9]","[0, 0]","[0, 0]",30
3,"[2, 1]",40.24999999999985,"[1, -999]","[2.6999999999999984, 0]","[0, 0]",30
4,"[2, 1]",44.44999999999961,"[3, 3]","[4.94999999999999, 0]","[0, 0]",30
5,"[0, 3]",99.74999999999648,"[2, 2]","[0.05, 0]","[0, 0]",30
6,"[2, 3]",75.29999999999787,"[4, 1]","[5.799999999999987, 0]","[0, 0]",30
7,"[0, 1]",72.54999999999802,"[5, 14]","[0.8500000000000002, 0]","[0, 0]",30
8,"[0, 1]",81.6999999999975,"[7, 16]","[4.549999999999992, 0.05]","[1.1500000000000004, 0]",30
9,"[2, 3]",77.29999999999775,"[6, 6]","[5.349999999999989, 0]","[0, 0]",30
10,"[0, 3]",113.69999999999568,"[8, 17]","[4.699999999999991, 0]","[0, 0]",30
11,"[2, 1]",48.1999999999994,"[9, 4]","[6.249999999999986, 0]","[0, 0]",30
12,"[2, 1]",52.19999999999917,"[11, 11]","[8.449999999999985, 0]","[0, 0]",30
13,"[2, 1]",55.999999999998956,"[12, 12]","[10.700000000000017, 0]","[0, 0]",30
14,"[2, 1]",59.549999999998754,"[13, 13]","[12.900000000000048, 0]","[0, 0]",30
15,"[0, 1]",83.3999999999974,"[10, 22]","[1.900000000000001, 0]","[0, 0]",30
16,"[2, 1]",66.59999999999836,"[14, 7]","[16.800000000000104, 0.05]","[2.9999999999999973, 0]",30
17,"[2, 3]",97.94999999999658,"[16, 5]","[19.700000000000145, 0]","[3.099999999999997, 0]",30
18,"[0, 1]",83.5999999999974,"[15, 15]","[1.850000000000001, 0]","[0, 0]",30
19,"[0, 1]",92.09999999999691,"[18, 27]","[6.8999999999999835, 0]","[2.4499999999999993, 0]",30
20,"[0, 3]",124.69999999999506,"[19, 10]","[7.099999999999983, 0]","[0, 0]",30
21,"[0, 3]",129.69999999999524,"[20, 20]","[9.750000000000004, 0]","[0, 0]",30
22,"[2, 1]",67.5499999999983,"[17, 8]","[20.400000000000155, 0]","[2.0500000000000007, 0]",30
23,"[0, 3]",132.6499999999959,"[21, 21]","[11.050000000000022, 0]","[0, 0]",30
24,"[0, 1]",106.2999999999961,"[23, 28]","[13.650000000000059, 0]","[0, 0]",30
25,"[0, 1]",110.04999999999589,"[24, 24]","[16.300000000000097, 0]","[0, 0]",30
26,"[0, 1]",113.74999999999568,"[25, 25]","[18.950000000000134, 0]","[0, 0]",30
27,"[2, 1]",77.69999999999773,"[22, 18]","[20.85000000000016, 0.05]","[2.9999999999999973, 0]",30
28,"[2, 1]",84.89999999999732,"[27, 19]","[22.350000000000183, 0]","[0, 0]",30
29,"[2, 3]",130.04999999999532,"[28, 23]","[41.99999999999975, 0.05]","[2.6999999999999984, 0]",30
30,"[0, 3]",144.4499999999986,"[26, 37]","[17.500000000000114, 0]","[0, 0]",30
31,"[2, 3]",132.49999999999588,"[29, 29]","[37.74999999999999, 0]","[0, 0]",30
32,"[0, 1]",117.09999999999549,"[30, 40]","[18.800000000000132, 0]","[0, 0]",30
33,"[0, 3]",150.29999999999993,"[32, 30]","[21.45000000000017, 0]","[0, 0]",30
34,"[0, 1]",123.9999999999951,"[33, 41]","[24.100000000000207, 0]","[0, 0]",30
35,"[0, 3]",157.85000000000164,"[34, 33]","[26.700000000000244, 0]","[0, 0]",30
36,"[0, 1]",132.1499999999958,"[35, 43]","[29.350000000000282, 0]","[0, 0]",30
37,"[2, 3]",129.69999999999524,"[31, 31]","[31.550000000000313, 0]","[0, 0]",30
38,"[0, 1]",134.59999999999636,"[36, 36]","[30.6500000000003, 0]","[0, 0]",30
39,"[0, 3]",170.75000000000458,"[38, 46]","[33.300000000000246, 0]","[0, 0]",30
40,"[2, 1]",99.49999999999649,"[37, 26]","[29.500000000000284, 0]","[0, 0]",30
41,"[2, 1]",110.19999999999588,"[40, 32]","[30.200000000000294, 0]","[0, 0]",30
42,"[0, 1]",141.19999999999786,"[39, 38]","[33.20000000000025, 0]","[0, 0]",30
43,"[2, 1]",117.79999999999545,"[41, 34]","[32.800000000000274, 0]","[3.149999999999997, 0]",30
44,"[2, 3]",152.15000000000035,"[43, 35]","[30.350000000000296, 0]","[0, 0]",30
45,"[0, 3]",173.70000000000525,"[42, 48]","[33.150000000000254, 0]","[0, 0]",30
46,"[2, 3]",155.55000000000112,"[44, 44]","[29.85000000000029, 0]","[0, 0]",30
47,"[0, 1]",145.7999999999989,"[45, 50]","[34.45000000000018, 0]","[0, 0]",30
48,"[2, 3]",164.2500000000031,"[46, 39]","[33.40000000000024, 0]","[3.049999999999997, 0]",30
49,"[0, 1]",148.04999999999941,"[47, 47]","[35.75000000000011, 0]","[0, 0]",30
50,"[2, 1]",135.34999999999653,"[48, 42]","[31.150000000000308, 0]","[0, 0]",30
51,"[0, 3]",180.20000000000672,"[49, 52]","[37.000000000000036, 0]","[0, 0]",30
52,"[2, 3]",170.05000000000442,"[50, 45]","[31.550000000000313, 0]","[0, 0]",30
53,"[0, 3]",183.5500000000075,"[51, 51]","[38.29999999999996, 0]","[0, 0]",30
54,"[2, 1]",146.79999999999913,"[52, 49]","[32.00000000000032, 0]","[0, 0]",30
55,"[2, 3]",186.60000000000818,"[54, 53]","[33.75000000000022, 0]","[0, 0]",30
56,"[2, 3]",195.9000000000103,"[55, 60]","[35.15000000000014, 0]","[0, 0]",30
57,"[2, 3]",204.7500000000123,"[56, 62]","[37.350000000000016, 0]","[0, 0]",30
58,"[0, 1]",152.15000000000035,"[53, 54]","[35.55000000000012, 0]","[0, 0]",30
59,"[2, 3]",206.9000000000128,"[57, 57]","[38.049999999999976, 0]","[0, 0]",30
60,"[0, 3]",185.20000000000786,"[58, 55]","[36.80000000000005, 0]","[0, 0]",30
61,"[2, 1]",182.85000000000733,"[59, 65]","[40.09999999999986, 0]","[0, 0]",30
62,"[0, 3]",193.05000000000965,"[60, 56]","[40.09999999999986, 0.05]","[2.000000000000001, 0]",30
63,"[0, 1]",164.6500000000032,"[62, -999]","[40.74999999999982, 0]","[0, 0]",30
64,"[0, 1]",168.40000000000404,"[63, 63]","[43.39999999999967, 0]","[0, 0]",30
65,"[0, 1]",172.10000000000488,"[64, 64]","[45.999999999999524, 0]","[0, 0]",30
66,"[0, 3]",205.95000000001258,"[65, 59]","[48.64999999999937, 0]","[0, 0]",30
67,"[0, 1]",180.25000000000674,"[66, 61]","[51.29999999999922, 0]","[0, 0]",30
68,"[0, 1]",183.85000000000755,"[67, 67]","[54.29999999999905, 0]","[0, 0]",30
69,"[0, 1]",191.9500000000094,"[68, 71]","[60.34999999999871, 0]","[2.3999999999999995, 0]",30
70,"[2, 3]",206.9500000000128,"[61, 66]","[33.55000000000023, 0]","[0, 0]",30
71,"[2, 1]",185.05000000000783,"[70, 68]","[37.65, 0]","[0, 0]",30
72,"[0, 1]",192.50000000000952,"[69, 69]","[58.59999999999881, 0]","[0, 0]",30
73,"[0, 1]",200.50000000001134,"[72, 76]","[63.899999999998506, 0]","[2.4499999999999993, 0]",30
74,"[0, 3]",233.20000000001878,"[73, 75]","[63.899999999998506, 0]","[0, 0]",30
75,"[2, 3]",213.20000000001423,"[71, 70]","[37.6, 0]","[0, 0]",30
76,"[2, 1]",192.10000000000943,"[75, 72]","[42.59999999999972, 0]","[0, 0]",30
77,"[2, 1]",200.15000000001126,"[76, 73]","[47.549999999999436, 0]","[0, 0]",30
78,"[0, 1]",203.15000000001194,"[74, 77]","[62.39999999999859, 0]","[0, 0]",30
79,"[2, 1]",207.750000000013,"[77, 78]","[54.449999999999044, 0]","[3.1999999999999966, 0]",30
0,"[0, 3]",104.5999999999962,"[-999, 15]","[0, 0]","[2.4499999999999993, 0]",31
1,"[0, 1]",82.74999999999744,"[0, 17]","[5.1999999999999895, 0]","[3.2499999999999964, 0]",31
2,"[0, 3]",120.29999999999531,"[1, 20]","[6.949999999999983, 0]","[2.4499999999999993, 0]",31
3,"[0, 3]",128.89999999999506,"[2, 22]","[9.5, 0]","[2.3999999999999995, 0]",31
4,"[2, 3]",67.79999999999829,"[-999, -999]","[0, 0]","[0, 0]",31
5,"[0, 3]",130.94999999999553,"[3, 3]","[8.349999999999984, 0]","[0, 0]",31
6,"[2, 1]",37.65,"[4, -999]","[0.49999999999999994, 0]","[0, 0]",31
7,"[2, 1]",41.599999999999774,"[6, 6]","[2.6999999999999984, 0]","[0, 0]",31
8,"[0, 1]",100.69999999999642,"[5, -999]","[8.249999999999982, 0]","[0, 0]",31
9,"[2, 1]",44.34999999999962,"[7, 7]","[3.599999999999995, 0]","[0, 0]",31
10,"[0, 3]",134.2999999999963,"[8, 26]","[9.55, 0]","[0, 0]",31
11,"[0, 1]",106.3999999999961,"[10, 27]","[12.900000000000048, 0]","[0, 0]",31
12,"[0, 3]",140.29999999999765,"[11, 10]","[15.900000000000091, 0]","[0, 0]",31
13,"[2, 1]",44.29999999999962,"[9, 9]","[1.7500000000000009, 0]","[0, 0]",31
14,"[2, 3]",74.19999999999793,"[13, 4]","[3.999999999999994, 0]","[0, 0]",31
15,"[2, 3]",78.89999999999766,"[14, 14]","[6.249999999999986, 0]","[0, 0]",31
16,"[2, 1]",51.099999999999234,"[15, 13]","[8.449999999999985, 0]","[0, 0]",31
17,"[2, 1]",54.799999999999024,"[16, 16]","[10.700000000000017, 0]","[0, 0]",31
18,"[2, 3]",87.79999999999715,"[17, 0]","[12.900000000000048, 0]","[0, 0]",31
19,"[0, 3]",136.89999999999688,"[12, 12]","[10.050000000000008, 0]","[0, 0]",31
20,"[2, 3]",90.84999999999698,"[18, 18]","[13.800000000000061, 0]","[0, 0]",31
21,"[0, 3]",139.74999999999753,"[19, 19]","[10.650000000000016, 0]","[0, 0]",31
22,"[2, 3]",98.44999999999655,"[20, 2]","[16.900000000000105, 0.05]","[2.25, 0]",31
23,"[0, 1]",111.99999999999578,"[21, 29]","[11.950000000000035, 0]","[0, 0]",31
24,"[0, 1]",115.69999999999557,"[23, 23]","[14.550000000000072, 0]","[0, 0]",31
25,"[0, 1]",119.44999999999536,"[24, 24]","[17.20000000000011, 0]","[0, 0]",31
26,"[2, 3]",107.49999999999604,"[22, 5]","[22.300000000000182, 0.05]","[9.45, 0]",31
27,"[2, 1]",80.69999999999756,"[26, 8]","[27.600000000000257, 0]","[0.05, 0]",31
28,"[0, 1]",120.4499999999953,"[25, 25]","[17.15000000000011, 0]","[0, 0]",31
29,"[2, 1]",87.44999999999717,"[27, 11]","[28.650000000000272, 0]","[0, 0]",31
30,"[0, 3]",152.8000000000005,"[28, 32]","[18.450000000000127, 0]","[0, 0]",31
31,"[2, 3]",131.7499999999957,"[29, 21]","[39.19999999999991, 0.05]","[6.649999999999984, 0]",31
32,"[2, 3]",135.59999999999658,"[31, 31]","[40.59999999999983, 0]","[0, 0]",31
33,"[0, 3]",155.000000000001,"[30, 30]","[18.350000000000126, 0]","[0, 0]",31
34,"[0, 1]",129.24999999999514,"[33, 39]","[21.000000000000163, 0]","[0, 0]",31
35,"[0, 1]",132.69999999999592,"[34, 34]","[23.6500000000002, 0]","[0, 0]",31
36,"[2, 1]",115.79999999999556,"[32, 28]","[43.19999999999968, 0]","[6.5999999999999845, 0]",31
37,"[0, 1]",134.99999999999645,"[35, 35]","[24.90000000000022, 0]","[0, 0]",31
38,"[0, 1]",143.5499999999984,"[37, 41]","[29.95000000000029, 0]","[2.3999999999999995, 0]",31
39,"[2, 1]",116.14999999999554,"[36, 36]","[34.65000000000017, 0]","[0, 0]",31
40,"[0, 1]",145.24999999999878,"[38, 38]","[28.850000000000275, 0]","[0, 0]",31
41,"[2, 1]",135.94999999999666,"[39, 37]","[43.849999999999646, 0.05]","[9.850000000000005, 0]",31
42,"[0, 1]",147.44999999999928,"[40, 40]","[30.150000000000293, 0]","[0, 0]",31
43,"[2, 3]",165.70000000000343,"[41, 33]","[33.500000000000234, 0]","[0, 0]",31
44,"[2, 3]",171.2500000000047,"[43, 43]","[34.30000000000019, 0]","[0, 0]",31
45,"[2, 1]",148.69999999999956,"[44, 42]","[36.95000000000004, 0]","[0, 0]",31
46,"[0, 1]",151.5000000000002,"[42, 45]","[31.20000000000031, 0]","[2.499999999999999, 0]",31
47,"[2, 3]",179.40000000000654,"[45, 44]","[37.550000000000004, 0]","[0, 0]",31
48,"[0, 3]",184.5500000000077,"[46, 47]","[30.00000000000029, 0]","[0, 0]",31
49,"[0, 1]",158.1500000000017,"[48, 46]","[32.65000000000028, 0]","[0, 0]",31
50,"[0, 1]",161.90000000000256,"[49, 49]","[35.30000000000013, 0]","[0, 0]",31
51,"[0, 3]",196.7500000000105,"[50, 55]","[37.899999999999984, 0]","[0, 0]",31
52,"[0, 3]",200.65000000001137,"[51, 51]","[40.549999999999834, 0]","[0, 0]",31
53,"[2, 3]",183.35000000000744,"[47, 48]","[32.15000000000031, 0]","[0, 0]",31
54,"[0, 3]",203.15000000001194,"[52, 52]","[41.84999999999976, 0]","[0, 0]",31
55,"[2, 3]",186.00000000000804,"[53, 53]","[34.700000000000166, 0]","[0, 0]",31
56,"[2, 1]",158.6000000000018,"[55, 50]","[38.599999999999945, 0]","[0, 0]",31
57,"[2, 1]",163.15000000000285,"[56, 56]","[42.54999999999972, 0]","[0, 0]",31
58,"[2, 3]",202.85000000001187,"[57, 54]","[45.34999999999956, 0]","[0, 0]",31
59,"[2, 1]",175.2000000000056,"[58, 61]","[51.6499999999992, 0]","[0, 0]",31
60,"[2, 1]",191.35000000000926,"[59, 67]","[61.59999999999864, 0]","[6.649999999999984, 0]",31
61,"[0, 1]",167.85000000000392,"[54, 57]","[36.40000000000007, 0]","[0, 0]",31
62,"[2, 1]",198.35000000001085,"[60, 70]","[56.199999999998944, 0]","[0, 0]",31
63,"[2, 3]",238.75000000002004,"[62, 74]","[63.24999999999854, 0]","[3.349999999999996, 0]",31
64,"[0, 3]",200.00000000001123,"[61, 58]","[36.40000000000007, 0]","[0, 0]",31
65,"[0, 1]",173.60000000000522,"[64, 59]","[39.04999999999992, 0]","[0, 0]",31
66,"[2, 3]",240.45000000002042,"[63, 63]","[60.249999999998714, 0]","[0, 0]",31
67,"[0, 1]",175.85000000000574,"[65, 65]","[40.39999999999984, 0]","[0, 0]",31
68,"[0, 3]",209.45000000001338,"[67, 64]","[43.29999999999968, 0]","[0, 0]",31
69,"[2, 3]",242.1500000000208,"[66, 66]","[61.999999999998614, 0]","[0, 0]",31
70,"[0, 1]",182.10000000000716,"[68, 60]","[45.74999999999954, 0]","[0, 0]",31
71,"[0, 3]",215.90000000001484,"[70, 68]","[49.299999999999336, 0]","[0, 0]",31
72,"[2, 1]",212.30000000001402,"[69, 79]","[63.24999999999854, 0]","[0, 0]",31
73,"[2, 1]",217.25000000001515,"[72, 72]","[65.39999999999843, 0]","[0, 0]",31
74,"[0, 3]",218.00000000001532,"[71, 71]","[49.79999999999931, 0]","[0, 0]",31
75,"[2, 1]",220.25000000001583,"[73, 73]","[67.29999999999832, 0]","[0, 0]",31
76,"[2, 3]",255.00000000002373,"[75, 69]","[70.04999999999816, 0]","[0, 0]",31
77,"[2, 3]",260.55000000002497,"[76, 76]","[74.14999999999793, 0]","[0, 0]",31
78,"[2, 3]",265.30000000002605,"[77, 77]","[80.49999999999757, 0]","[0, 0]",31
79,"[0, 1]",186.6500000000082,"[74, 62]","[48.1499999999994, 0]","[0, 0]",31
0,"[2, 1]",36.45000000000007,"[-999, -999]","[0, 0]","[0, 0]",32
1,"[2, 1]",39.94999999999987,"[0, 0]","[1.850000000000001, 0]","[0, 0]",32
2,"[2, 1]",43.94999999999964,"[1, 1]","[4.049999999999994, 0]","[0, 0]",32
3,"[2, 3]",75.34999999999786,"[2, -999]","[6.299999999999986, 0]","[0, 0]",32
4,"[2, 1]",48.39999999999939,"[3, 2]","[8.499999999999986, 0]","[0, 0]",32
5,"[2, 1]",52.499999999999154,"[4, 4]","[10.750000000000018, 0]","[0, 0]",32
6,"[2, 3]",82.99999999999743,"[5, 3]","[13.00000000000005, 0]","[0, 0]",32
7,"[0, 3]",98.49999999999655,"[-999, 11]","[0, 0]","[0, 0]",32
8,"[0, 1]",79.44999999999763,"[7, 15]","[4.499999999999992, 0]","[2.549999999999999, 0]",32
9,"[0, 3]",112.19999999999577,"[8, 7]","[4.499999999999992, 0]","[0, 0]",32
10,"[2, 3]",83.64999999999739,"[6, 6]","[11.150000000000023, 0]","[0, 0]",32
11,"[2, 3]",87.64999999999716,"[10, 10]","[13.400000000000055, 0]","[0, 0]",32
12,"[2, 1]",59.64999999999875,"[11, 5]","[15.600000000000087, 0]","[0, 0]",32
13,"[2, 1]",63.399999999998535,"[12, 12]","[17.85000000000012, 0]","[0, 0]",32
14,"[0, 1]",81.59999999999751,"[9, 16]","[1.7000000000000008, 0]","[0, 0]",32
15,"[2, 1]",65.44999999999843,"[13, 13]","[18.70000000000013, 0]","[0, 0]",32
16,"[2, 1]",74.29999999999792,"[15, 8]","[22.95000000000019, 0.05]","[2.000000000000001, 0]",32
17,"[2, 3]",108.099999999996,"[16, 9]","[26.200000000000237, 0.05]","[2.9999999999999973, 0]",32
18,"[0, 1]",81.04999999999754,"[14, 14]","[0.25, 0]","[0, 0]",32
19,"[0, 1]",84.79999999999733,"[18, 18]","[2.849999999999998, 0]","[0, 0]",32
20,"[0, 3]",120.5499999999953,"[19, 25]","[5.4999999999999885, 0]","[0, 0]",32
21,"[0, 3]",124.39999999999507,"[20, 20]","[8.14999999999998, 0]","[0, 0]",32
22,"[2, 3]",106.84999999999607,"[17, 17]","[20.00000000000015, 0]","[0, 0]",32
23,"[0, 1]",97.89999999999658,"[21, 32]","[9.399999999999999, 0]","[0, 0]",32
24,"[0, 1]",100.84999999999641,"[23, 23]","[12.050000000000036, 0]","[0, 0]",32
25,"[2, 3]",108.29999999999599,"[22, 22]","[19.550000000000143, 0]","[0, 0]",32
26,"[0, 3]",133.14999999999603,"[24, 21]","[13.350000000000055, 0]","[0, 0]",32
27,"[2, 1]",79.64999999999762,"[25, 19]","[30.350000000000296, 0]","[0, 0]",32
28,"[0, 1]",106.64999999999608,"[26, 33]","[14.650000000000073, 0]","[0, 0]",32
29,"[0, 1]",110.24999999999588,"[28, 28]","[17.25000000000011, 0]","[0, 0]",32
30,"[0, 1]",113.99999999999567,"[29, 29]","[19.900000000000148, 0]","[0, 0]",32
31,"[0, 3]",147.74999999999935,"[30, 35]","[22.550000000000185, 0]","[0, 0]",32
32,"[2, 1]",78.84999999999766,"[27, 27]","[30.200000000000294, 0]","[0, 0]",32
33,"[2, 1]",94.99999999999675,"[32, 24]","[32.800000000000274, 0.05]","[2.6999999999999984, 0]",32
34,"[2, 3]",128.89999999999506,"[33, 26]","[30.6000000000003, 0]","[0, 0]",32
35,"[2, 3]",133.59999999999613,"[34, 34]","[31.30000000000031, 0]","[0, 0]",32
36,"[2, 1]",110.94999999999584,"[35, 30]","[31.95000000000032, 0]","[0, 0]",32
37,"[2, 1]",113.4499999999957,"[36, 36]","[32.800000000000274, 0]","[0, 0]",32
38,"[0, 3]",144.39999999999858,"[31, 31]","[17.100000000000108, 0]","[0, 0]",32
39,"[2, 1]",127.74999999999488,"[37, 49]","[38.99999999999992, 0]","[6.699999999999984, 0]",32
40,"[2, 1]",130.69999999999547,"[39, 39]","[33.00000000000026, 0]","[0, 0]",32
41,"[2, 1]",134.94999999999644,"[40, 40]","[33.75000000000022, 0]","[0, 0]",32
42,"[2, 1]",151.00000000000009,"[41, 58]","[44.549999999999606, 0]","[6.549999999999985, 0]",32
43,"[2, 3]",196.05000000001033,"[42, 63]","[48.099999999999405, 0]","[6.699999999999984, 0]",32
44,"[2, 3]",204.85000000001233,"[43, 72]","[44.5999999999996, 0]","[0, 0]",32
45,"[2, 3]",212.95000000001417,"[44, 75]","[47.84999999999942, 0]","[0, 0]",32
46,"[2, 1]",183.6500000000075,"[45, -999]","[52.34999999999916, 0]","[0, 0]",32
47,"[0, 1]",105.69999999999614,"[38, 37]","[8.899999999999991, 0]","[0, 0]",32
48,"[2, 1]",194.2000000000099,"[46, 78]","[58.24999999999883, 0.05]","[2.3499999999999996, 0]",32
49,"[0, 1]",108.049999999996,"[47, 47]","[10.20000000000001, 0]","[0, 0]",32
50,"[0, 3]",141.94999999999803,"[49, 38]","[12.850000000000048, 0]","[0, 0]",32
51,"[2, 1]",198.80000000001095,"[48, 79]","[56.44999999999893, 0]","[0, 0]",32
52,"[0, 3]",145.49999999999883,"[50, 50]","[14.100000000000065, 0]","[0, 0]",32
53,"[2, 3]",230.75000000001822,"[51, 77]","[57.64999999999886, 0]","[0, 0]",32
54,"[2, 3]",236.25000000001947,"[53, 53]","[60.4499999999987, 0]","[0, 0]",32
55,"[0, 3]",146.99999999999918,"[52, 52]","[14.050000000000065, 0]","[0, 0]",32
56,"[0, 1]",121.44999999999524,"[55, 41]","[16.700000000000102, 0]","[0, 0]",32
57,"[2, 3]",238.40000000001996,"[54, 54]","[62.499999999998586, 0]","[0, 0]",32
58,"[0, 1]",123.34999999999513,"[56, 56]","[18.00000000000012, 0]","[0, 0]",32
59,"[0, 3]",157.00000000000145,"[58, 55]","[20.600000000000158, 0]","[0, 0]",32
60,"[2, 1]",208.80000000001323,"[57, -999]","[65.7999999999984, 0]","[0, 0]",32
61,"[2, 1]",213.5500000000143,"[60, 60]","[72.04999999999805, 0]","[0, 0]",32
62,"[0, 3]",159.25000000000196,"[59, 59]","[20.550000000000157, 0]","[0, 0]",32
63,"[0, 3]",163.45000000000292,"[62, 62]","[23.200000000000195, 0]","[0, 0]",32
64,"[2, 1]",215.2500000000147,"[61, 61]","[74.94999999999789, 0]","[0, 0]",32
65,"[2, 3]",250.0000000000226,"[64, 57]","[88.89999999999709, 0]","[0, 0]",32
66,"[2, 3]",255.55000000002386,"[65, 65]","[96.59999999999665, 0]","[0, 0]",32
67,"[2, 1]",228.8500000000178,"[66, -999]","[101.94999999999635, 0]","[0, 0]",32
68,"[2, 3]",264.35000000002583,"[67, 66]","[105.34999999999616, 0]","[0, 0]",32
69,"[0, 1]",130.3499999999954,"[63, 42]","[19.100000000000136, 0]","[0, 0]",32
70,"[2, 1]",237.3000000000197,"[68, 67]","[114.09999999999566, 0]","[0, 0]",32
71,"[2, 3]",272.9000000000278,"[70, 68]","[117.89999999999544, 0]","[0, 0]",32
72,"[0, 3]",162.0500000000026,"[69, 43]","[19.000000000000135, 0]","[0, 0]",32
73,"[2, 3]",276.8500000000287,"[71, 71]","[120.14999999999532, 0]","[0, 0]",32
74,"[2, 3]",281.55000000002974,"[73, 73]","[122.99999999999515, 0]","[0, 0]",32
75,"[0, 3]",167.8000000000039,"[72, 44]","[21.250000000000167, 0]","[2.3, 0]",32
76,"[2, 3]",284.8000000000305,"[74, 74]","[123.54999999999512, 0]","[0, 0]",32
77,"[0, 3]",174.3500000000054,"[75, 45]","[22.700000000000188, 0]","[2.4499999999999993, 0]",32
78,"[0, 1]",147.74999999999935,"[77, 46]","[25.00000000000022, 0]","[2.1000000000000005, 0]",32
79,"[0, 1]",155.9500000000012,"[78, 48]","[28.050000000000264, 0]","[2.549999999999999, 0]",32
0,"[0, 3]",100.64999999999642,"[-999, 7]","[0, 0]","[0, 0]",33
1,"[2, 3]",67.79999999999829,"[-999, -999]","[0, 0]","[0, 0]",33
2,"[2, 3]",72.64999999999802,"[1, 1]","[1.850000000000001, 0]","[0, 0]",33
3,"[2, 3]",76.74999999999778,"[2, 2]","[4.049999999999994, 0]","[0, 0]",33
4,"[2, 3]",80.59999999999756,"[3, 3]","[6.299999999999986, 0]","[0, 0]",33
5,"[2, 3]",84.24999999999736,"[4, 4]","[8.499999999999986, 0]","[0, 0]",33
6,"[0, 1]",68.14999999999827,"[0, 9]","[0.05, 0]","[0, 0]",33
7,"[2, 3]",86.34999999999724,"[5, 5]","[9.399999999999999, 0]","[0, 0]",33
8,"[0, 3]",101.94999999999635,"[6, 12]","[0.65, 0]","[0, 0]",33
9,"[2, 1]",52.69999999999914,"[7, -999]","[10.300000000000011, 0]","[0, 0]",33
10,"[0, 1]",79.29999999999764,"[8, 16]","[4.249999999999993, 0]","[2.4499999999999993, 0]",33
11,"[0, 1]",82.49999999999746,"[10, 10]","[4.399999999999992, 0]","[0, 0]",33
12,"[2, 3]",89.44999999999706,"[9, 0]","[13.300000000000054, 0]","[3.4999999999999956, 0]",33
13,"[0, 1]",89.69999999999705,"[11, 17]","[8.199999999999982, 0]","[2.499999999999999, 0]",33
14,"[0, 1]",92.69999999999688,"[13, 13]","[8.299999999999983, 0]","[0, 0]",33
15,"[2, 1]",61.94999999999862,"[12, 6]","[9.349999999999998, 0]","[0, 0]",33
16,"[2, 1]",65.24999999999844,"[15, 15]","[11.55000000000003, 0]","[0, 0]",33
17,"[2, 1]",80.69999999999756,"[16, 11]","[16.400000000000098, 0.05]","[2.5999999999999988, 0]",33
18,"[0, 1]",92.1999999999969,"[14, 14]","[6.8999999999999835, 0]","[0, 0]",33
19,"[2, 3]",110.29999999999588,"[17, 8]","[14.650000000000073, 0]","[0, 0]",33
20,"[2, 3]",115.89999999999556,"[19, 19]","[35.55000000000012, 0]","[0, 0]",33
21,"[0, 1]",93.14999999999685,"[18, 18]","[6.849999999999984, 0]","[0, 0]",33
22,"[2, 3]",119.34999999999536,"[20, 20]","[34.45000000000018, 0]","[0, 0]",33
23,"[0, 1]",101.39999999999638,"[21, 27]","[11.150000000000023, 0.05]","[3.049999999999997, 0]",33
24,"[0, 1]",103.44999999999627,"[23, 23]","[10.750000000000018, 0]","[0, 0]",33
25,"[0, 1]",112.89999999999573,"[24, 30]","[16.100000000000094, 0.05]","[2.6999999999999984, 0]",33
26,"[0, 3]",146.84999999999914,"[25, 31]","[16.050000000000093, 0]","[0, 0]",33
27,"[2, 1]",89.94999999999703,"[22, 21]","[29.600000000000286, 0]","[0, 0]",33
28,"[0, 1]",118.7499999999954,"[26, 25]","[17.30000000000011, 0]","[0, 0]",33
29,"[2, 3]",121.84999999999522,"[27, 22]","[28.900000000000276, 0]","[0, 0]",33
30,"[2, 1]",99.3499999999965,"[29, 24]","[29.600000000000286, 0]","[0, 0]",33
31,"[2, 3]",133.29999999999606,"[30, 29]","[30.350000000000296, 0]","[0, 0]",33
32,"[2, 3]",144.29999999999856,"[31, 26]","[31.150000000000308, 0]","[0, 0]",33
33,"[0, 3]",148.14999999999944,"[28, 32]","[14.550000000000072, 0]","[0, 0]",33
34,"[0, 1]",121.24999999999525,"[33, 28]","[17.20000000000011, 0]","[0, 0]",33
35,"[0, 1]",124.94999999999504,"[34, 34]","[19.800000000000146, 0]","[0, 0]",33
36,"[0, 3]",160.50000000000225,"[35, 39]","[22.450000000000184, 0]","[0, 0]",33
37,"[0, 3]",169.30000000000425,"[36, 40]","[27.600000000000257, 0]","[2.499999999999999, 0]",33
38,"[2, 3]",146.84999999999914,"[32, 33]","[28.150000000000265, 0]","[2.9499999999999975, 0]",33
39,"[2, 3]",151.00000000000009,"[38, 38]","[26.000000000000234, 0]","[0, 0]",33
40,"[2, 3]",160.3000000000022,"[39, 36]","[26.750000000000245, 0]","[0, 0]",33
41,"[2, 1]",131.34999999999562,"[40, 35]","[27.550000000000257, 0]","[0, 0]",33
42,"[2, 3]",168.00000000000395,"[41, 37]","[29.95000000000029, 0]","[0, 0]",33
43,"[2, 1]",140.8999999999978,"[42, 46]","[31.500000000000313, 0]","[0, 0]",33
44,"[2, 1]",145.49999999999883,"[43, 43]","[34.350000000000186, 0]","[0, 0]",33
45,"[2, 1]",155.9000000000012,"[44, 50]","[38.99999999999992, 0]","[0, 0]",33
46,"[0, 1]",131.64999999999569,"[37, 41]","[16.950000000000106, 0]","[0, 0]",33
47,"[0, 3]",166.8500000000037,"[46, 42]","[19.550000000000143, 0]","[0, 0]",33
48,"[2, 1]",160.7000000000023,"[45, 52]","[41.399999999999785, 0]","[0, 0]",33
49,"[0, 3]",169.40000000000427,"[47, 47]","[20.85000000000016, 0]","[0, 0]",33
50,"[0, 1]",144.0499999999985,"[49, 44]","[23.5000000000002, 0]","[0, 0]",33
51,"[2, 3]",190.85000000000915,"[48, 49]","[44.549999999999606, 0]","[0, 0]",33
52,"[0, 1]",151.9000000000003,"[50, 45]","[27.300000000000253, 0.05]","[2.499999999999999, 0]",33
53,"[2, 1]",167.00000000000372,"[51, 55]","[47.44999999999944, 0]","[0, 0]",33
54,"[0, 1]",158.35000000000176,"[52, 48]","[28.40000000000027, 0.05]","[2.3499999999999996, 0]",33
55,"[0, 1]",160.3000000000022,"[54, 54]","[28.700000000000273, 0]","[0, 0]",33
56,"[0, 3]",192.8500000000096,"[55, 51]","[31.35000000000031, 0]","[0, 0]",33
57,"[0, 3]",197.60000000001068,"[56, 56]","[34.000000000000206, 0]","[0, 0]",33
58,"[0, 1]",172.05000000000487,"[57, 64]","[36.60000000000006, 0]","[0, 0]",33
59,"[0, 3]",205.25000000001242,"[58, 57]","[39.799999999999876, 0]","[0, 0]",33
60,"[0, 3]",210.0500000000135,"[59, 59]","[42.799999999999706, 0]","[0, 0]",33
61,"[0, 3]",219.75000000001572,"[60, 67]","[47.94999999999941, 0.05]","[2.25, 0]",33
62,"[0, 3]",223.30000000001652,"[61, 61]","[48.599999999999376, 0]","[0, 0]",33
63,"[0, 3]",231.5500000000184,"[62, 72]","[54.34999999999905, 0.05]","[2.799999999999998, 0]",33
64,"[2, 1]",157.35000000000153,"[53, 53]","[41.049999999999805, 0]","[0, 0]",33
65,"[0, 3]",238.30000000001993,"[63, 73]","[55.299999999998995, 0.05]","[2.2, 0]",33
66,"[2, 1]",166.5000000000036,"[64, 58]","[42.19999999999974, 0]","[0, 0]",33
67,"[2, 3]",206.25000000001265,"[66, 60]","[43.94999999999964, 0]","[0, 0]",33
68,"[0, 1]",206.75000000001276,"[65, -999]","[53.24999999999911, 0]","[0, 0]",33
69,"[0, 1]",210.55000000001363,"[68, 68]","[56.14999999999895, 0]","[0, 0]",33
70,"[0, 3]",246.00000000002169,"[69, 76]","[59.04999999999878, 0]","[0, 0]",33
71,"[2, 1]",173.85000000000528,"[67, 66]","[41.249999999999794, 0]","[0, 0]",33
72,"[2, 3]",214.50000000001452,"[71, 62]","[42.54999999999972, 0]","[0, 0]",33
73,"[2, 3]",222.7500000000164,"[72, 63]","[45.099999999999575, 0]","[0, 0]",33
74,"[2, 3]",230.80000000001823,"[73, 65]","[47.49999999999944, 0]","[0, 0]",33
75,"[0, 1]",213.70000000001434,"[70, 69]","[56.899999999998904, 0]","[0, 0]",33
76,"[2, 3]",232.8500000000187,"[74, 74]","[49.8999999999993, 0]","[0, 0]",33
77,"[0, 3]",247.25000000002197,"[75, 78]","[60.5499999999987, 0]","[0, 0]",33
78,"[2, 3]",240.60000000002046,"[76, 70]","[57.44999999999887, 0]","[3.2499999999999964, 0]",33
79,"[2, 3]",250.20000000002264,"[78, 77]","[63.949999999998504, 0]","[3.2999999999999963, 0]",33
0,"[0, 3]",101.69999999999636,"[-999, 9]","[0, 0]","[0, 0]",34
1,"[0, 1]",79.34999999999764,"[0, 12]","[4.099999999999993, 0.05]","[2.1500000000000004, 0]",34
2,"[0, 1]",85.59999999999728,"[1, 15]","[6.549999999999985, 0]","[2.0500000000000007, 0]",34
3,"[2, 3]",67.79999999999829,"[-999, -999]","[0, 0]","[0, 0]",34
4,"[2, 1]",38.99999999999992,"[3, -999]","[1.850000000000001, 0]","[0, 0]",34
5,"[2, 3]",73.49999999999797,"[4, 3]","[4.049999999999994, 0]","[0, 0]",34
6,"[0, 1]",84.59999999999734,"[2, 2]","[3.049999999999997, 0]","[0, 0]",34
7,"[2, 3]",76.74999999999778,"[5, 5]","[4.94999999999999, 0]","[0, 0]",34
8,"[2, 3]",80.79999999999755,"[7, 7]","[7.149999999999983, 0]","[0, 0]",34
9,"[2, 3]",84.49999999999734,"[8, 8]","[9.399999999999999, 0]","[0, 0]",34
10,"[2, 1]",56.549999999998924,"[9, -999]","[11.65000000000003, 0]","[0, 0]",34
11,"[0, 3]",112.64999999999574,"[6, 0]","[0.25, 0]","[0, 0]",34
12,"[2, 1]",58.89999999999879,"[10, 10]","[12.500000000000043, 0]","[0, 0]",34
13,"[0, 1]",91.99999999999692,"[11, 17]","[4.849999999999991, 0.05]","[3.349999999999996, 0]",34
14,"[0, 1]",94.0499999999968,"[13, 13]","[4.149999999999993, 0]","[0, 0]",34
15,"[2, 1]",64.69999999999847,"[12, 1]","[13.600000000000058, 0.05]","[1.5500000000000007, 0]",34
16,"[2, 1]",77.29999999999775,"[15, 6]","[24.000000000000206, 0]","[9.750000000000004, 0]",34
17,"[2, 1]",79.69999999999762,"[16, 16]","[32.00000000000032, 0]","[2.1500000000000004, 0]",34
18,"[0, 1]",93.29999999999684,"[14, 14]","[2.7499999999999982, 0]","[0, 0]",34
19,"[0, 1]",103.19999999999628,"[18, 27]","[7.94999999999998, 0.05]","[2.5999999999999988, 0]",34
20,"[0, 1]",105.19999999999617,"[19, 19]","[7.99999999999998, 0]","[0, 0]",34
21,"[0, 3]",138.19999999999717,"[20, 26]","[10.650000000000016, 0]","[0, 0]",34
22,"[2, 3]",108.64999999999597,"[17, 11]","[31.95000000000032, 0]","[1.0000000000000002, 0]",34
23,"[0, 3]",141.74999999999798,"[21, 21]","[11.950000000000035, 0]","[0, 0]",34
24,"[0, 1]",114.09999999999566,"[23, 33]","[14.550000000000072, 0]","[0, 0]",34
25,"[0, 3]",148.09999999999943,"[24, 23]","[17.20000000000011, 0]","[0, 0]",34
26,"[2, 3]",109.8999999999959,"[22, 22]","[30.150000000000293, 0]","[0, 0]",34
27,"[2, 1]",85.69999999999727,"[26, 18]","[32.450000000000294, 0]","[0, 0]",34
28,"[0, 1]",124.29999999999508,"[25, 36]","[19.750000000000146, 0]","[2.5999999999999988, 0]",34
29,"[0, 1]",127.4499999999949,"[28, 28]","[19.800000000000146, 0]","[0, 0]",34
30,"[2, 1]",97.4999999999966,"[27, 20]","[32.05000000000032, 0.05]","[2.4499999999999993, 0]",34
31,"[0, 3]",159.450000000002,"[29, 38]","[21.050000000000164, 0]","[0, 0]",34
32,"[0, 1]",139.54999999999748,"[31, 40]","[27.05000000000025, 0.05]","[3.349999999999996, 0]",34
33,"[2, 1]",96.59999999999665,"[30, 30]","[27.450000000000255, 0]","[0, 0]",34
34,"[2, 1]",106.3499999999961,"[33, 24]","[28.100000000000264, 0]","[0, 0]",34
35,"[0, 3]",168.10000000000397,"[32, 31]","[23.6500000000002, 0]","[0, 0]",34
36,"[2, 1]",106.99999999999606,"[34, 34]","[27.550000000000257, 0]","[0, 0]",34
37,"[0, 1]",141.09999999999783,"[35, 41]","[24.90000000000022, 0]","[0, 0]",34
38,"[2, 3]",140.29999999999765,"[36, 25]","[27.00000000000025, 0]","[0, 0]",34
39,"[2, 1]",119.04999999999538,"[38, 29]","[27.70000000000026, 0]","[0, 0]",34
40,"[2, 1]",121.39999999999525,"[39, 39]","[28.50000000000027, 0]","[0, 0]",34
41,"[2, 1]",130.99999999999554,"[40, 32]","[30.300000000000296, 0]","[0, 0]",34
42,"[0, 1]",139.39999999999745,"[37, 37]","[22.15000000000018, 0]","[0, 0]",34
43,"[2, 3]",163.90000000000302,"[41, 35]","[31.100000000000307, 0]","[0, 0]",34
44,"[2, 3]",168.7000000000041,"[43, 43]","[33.70000000000022, 0]","[0, 0]",34
45,"[2, 3]",173.25000000000514,"[44, 44]","[34.85000000000016, 0]","[0, 0]",34
46,"[2, 1]",148.8499999999996,"[45, 48]","[38.049999999999976, 0]","[0, 0]",34
47,"[0, 1]",137.69999999999706,"[42, 42]","[20.400000000000155, 0]","[0, 0]",34
48,"[0, 1]",141.3999999999979,"[47, 47]","[24.000000000000206, 0]","[0, 0]",34
49,"[0, 1]",151.25000000000014,"[48, 46]","[29.80000000000029, 0.05]","[2.6499999999999986, 0]",34
50,"[0, 3]",185.00000000000782,"[49, 51]","[30.6000000000003, 0]","[0, 0]",34
51,"[2, 3]",177.050000000006,"[46, 45]","[37.899999999999984, 0]","[0, 0]",34
52,"[2, 3]",187.90000000000848,"[51, 50]","[40.59999999999983, 0]","[0, 0]",34
53,"[0, 1]",155.75000000000117,"[50, 49]","[30.950000000000305, 0]","[0, 0]",34
54,"[0, 3]",190.250000000009,"[53, 52]","[33.40000000000024, 0]","[0, 0]",34
55,"[0, 1]",163.20000000000286,"[54, 53]","[35.50000000000012, 0]","[0, 0]",34
56,"[0, 3]",197.95000000001076,"[55, 57]","[37.6, 0]","[0, 0]",34
57,"[2, 3]",191.15000000000921,"[52, 54]","[39.24999999999991, 0]","[0, 0]",34
58,"[0, 3]",200.60000000001136,"[56, 56]","[38.29999999999996, 0]","[0, 0]",34
59,"[2, 1]",162.4500000000027,"[57, 55]","[41.949999999999754, 0]","[0, 0]",34
60,"[0, 3]",203.15000000001194,"[58, 58]","[39.449999999999896, 0]","[0, 0]",34
61,"[0, 1]",176.35000000000585,"[60, 65]","[42.04999999999975, 0]","[0, 0]",34
62,"[0, 1]",180.1000000000067,"[61, 61]","[44.44999999999961, 0]","[0, 0]",34
63,"[0, 3]",214.10000000001443,"[62, 70]","[47.399999999999444, 0]","[0, 0]",34
64,"[0, 1]",188.25000000000855,"[63, 71]","[50.49999999999927, 0]","[0, 0]",34
65,"[2, 1]",160.05000000000214,"[59, 59]","[39.099999999999916, 0]","[0, 0]",34
66,"[0, 3]",220.70000000001593,"[64, 63]","[54.84999999999902, 0]","[0, 0]",34
67,"[0, 1]",195.0500000000101,"[66, 75]","[59.04999999999878, 0]","[0, 0]",34
68,"[0, 1]",198.80000000001095,"[67, 67]","[62.149999999998606, 0]","[0, 0]",34
69,"[0, 3]",232.55000000001863,"[68, 66]","[65.19999999999844, 0]","[0, 0]",34
70,"[2, 3]",194.80000000001004,"[65, 60]","[36.25000000000008, 0]","[0, 0]",34
71,"[2, 1]",173.9500000000053,"[70, 62]","[41.44999999999978, 0]","[3.2499999999999964, 0]",34
72,"[0, 3]",234.80000000001914,"[69, 69]","[65.49999999999842, 0]","[0, 0]",34
73,"[0, 1]",208.60000000001318,"[72, 77]","[68.69999999999824, 0]","[0, 0]",34
74,"[0, 1]",212.200000000014,"[73, 73]","[74.24999999999793, 0]","[0, 0]",34
75,"[2, 1]",179.45000000000655,"[71, 64]","[41.64999999999977, 0]","[3.2999999999999963, 0]",34
76,"[2, 1]",194.2000000000099,"[75, 68]","[47.79999999999942, 0]","[6.749999999999984, 0]",34
77,"[2, 1]",197.00000000001054,"[76, 76]","[43.149999999999686, 0]","[0, 0]",34
78,"[0, 1]",211.85000000001392,"[74, 74]","[74.84999999999789, 0]","[0, 0]",34
79,"[2, 3]",231.40000000001837,"[77, 72]","[43.699999999999655, 0]","[0, 0]",34
0,"[0, 3]",96.79999999999664,"[-999, 10]","[0, 0]","[0, 0]",35
1,"[0, 1]",81.6999999999975,"[0, 19]","[6.749999999999984, 0]","[4.799999999999991, 0]",35
2,"[2, 1]",36.45000000000007,"[-999, -999]","[0, 0]","[0, 0]",35
3,"[0, 1]",82.49999999999746,"[1, 1]","[3.149999999999997, 0]","[0, 0]",35
4,"[2, 1]",38.599999999999945,"[2, 2]","[0.49999999999999994, 0]","[0, 0]",35
5,"[2, 1]",42.59999999999972,"[4, 4]","[2.6999999999999984, 0]","[0, 0]",35
6,"[0, 1]",87.99999999999714,"[3, 26]","[5.549999999999988, 0]","[2.499999999999999, 0]",35
7,"[0, 1]",90.94999999999698,"[6, 6]","[5.649999999999988, 0]","[0, 0]",35
8,"[0, 1]",98.94999999999652,"[7, 28]","[10.650000000000016, 0]","[2.3999999999999995, 0]",35
9,"[0, 3]",133.64999999999614,"[8, 29]","[10.90000000000002, 0]","[0, 0]",35
10,"[2, 3]",68.74999999999824,"[5, -999]","[0.05, 0]","[0, 0]",35
11,"[0, 3]",136.39999999999677,"[9, 9]","[12.200000000000038, 0]","[0, 0]",35
12,"[2, 1]",40.349999999999845,"[10, 5]","[0.65, 0]","[0, 0]",35
13,"[2, 1]",44.49999999999961,"[12, 12]","[2.8999999999999977, 0]","[0, 0]",35
14,"[0, 1]",106.64999999999608,"[11, 31]","[12.100000000000037, 0]","[0, 0]",35
15,"[0, 1]",110.39999999999587,"[14, 14]","[14.750000000000075, 0]","[0, 0]",35
16,"[2, 1]",45.89999999999953,"[13, 13]","[2.3999999999999995, 0]","[0, 0]",35
17,"[2, 1]",49.64999999999932,"[16, 16]","[4.6499999999999915, 0]","[0, 0]",35
18,"[0, 1]",111.44999999999581,"[15, 15]","[14.700000000000074, 0]","[0, 0]",35
19,"[2, 1]",51.84999999999919,"[17, 17]","[5.4999999999999885, 0]","[0, 0]",35
20,"[0, 1]",113.74999999999568,"[18, 18]","[16.000000000000092, 0]","[0, 0]",35
21,"[2, 3]",82.34999999999746,"[19, 0]","[6.399999999999985, 0]","[0, 0]",35
22,"[0, 1]",120.99999999999527,"[20, 34]","[19.750000000000146, 0]","[2.499999999999999, 0]",35
23,"[0, 1]",128.79999999999504,"[22, 37]","[22.550000000000185, 0]","[2.6499999999999986, 0]",35
24,"[0, 1]",131.6999999999957,"[23, 23]","[22.550000000000185, 0]","[0, 0]",35
25,"[0, 1]",140.14999999999762,"[24, 38]","[27.70000000000026, 0]","[2.499999999999999, 0]",35
26,"[2, 1]",57.399999999998876,"[21, 3]","[6.099999999999986, 0.05]","[2.849999999999998, 0]",35
27,"[2, 3]",88.6999999999971,"[26, 21]","[5.449999999999989, 0]","[0, 0]",35
28,"[2, 1]",68.09999999999827,"[27, 7]","[7.699999999999981, 0]","[0, 0]",35
29,"[2, 3]",100.04999999999646,"[28, 27]","[9.900000000000006, 0]","[0, 0]",35
30,"[0, 3]",167.20000000000377,"[25, -999]","[22.400000000000183, 0]","[0, 0]",35
31,"[2, 1]",73.049999999998,"[29, 8]","[24.150000000000208, 0]","[0, 0]",35
32,"[2, 3]",113.24999999999571,"[31, 11]","[28.750000000000274, 0]","[0, 0]",35
33,"[0, 3]",169.5000000000043,"[30, 30]","[23.400000000000198, 0]","[0, 0]",35
34,"[2, 1]",101.1999999999964,"[32, 20]","[36.90000000000004, 0.05]","[9.700000000000003, 0]",35
35,"[0, 1]",141.4499999999979,"[33, 41]","[25.300000000000225, 0]","[0, 0]",35
36,"[0, 1]",145.24999999999878,"[35, 35]","[28.050000000000264, 0]","[0, 0]",35
37,"[2, 1]",105.54999999999615,"[34, 22]","[25.10000000000022, 0]","[0, 0]",35
38,"[2, 1]",118.99999999999538,"[37, 24]","[28.300000000000267, 0.05]","[2.549999999999999, 0]",35
39,"[0, 1]",146.199999999999,"[36, 36]","[28.150000000000265, 0]","[0, 0]",35
40,"[2, 1]",124.74999999999505,"[38, 25]","[25.10000000000022, 0]","[0, 0]",35
41,"[2, 1]",127.19999999999492,"[40, 40]","[25.900000000000233, 0]","[0, 0]",35
42,"[0, 1]",147.1499999999992,"[39, 39]","[28.250000000000266, 0]","[0, 0]",35
43,"[2, 3]",161.80000000000254,"[41, 33]","[25.350000000000225, 0]","[0, 0]",35
44,"[2, 3]",166.30000000000356,"[43, 43]","[26.100000000000236, 0]","[0, 0]",35
45,"[0, 1]",153.95000000000076,"[42, 49]","[31.40000000000031, 0]","[3.099999999999997, 0]",35
46,"[0, 3]",185.30000000000788,"[45, 47]","[30.950000000000305, 0]","[0, 0]",35
47,"[2, 3]",168.15000000000398,"[44, 44]","[24.150000000000208, 0]","[0, 0]",35
48,"[0, 1]",157.6000000000016,"[46, 50]","[32.4000000000003, 0]","[0, 0]",35
49,"[2, 1]",142.59999999999818,"[47, 42]","[23.6000000000002, 0]","[0, 0]",35
50,"[2, 1]",150.80000000000004,"[49, 45]","[29.25000000000028, 0]","[0, 0]",35
51,"[0, 1]",163.05000000000283,"[48, 52]","[34.900000000000155, 0]","[2.499999999999999, 0]",35
52,"[2, 1]",157.50000000000156,"[50, 48]","[33.300000000000246, 0]","[0, 0]",35
53,"[0, 1]",164.7500000000032,"[51, 51]","[33.80000000000022, 0]","[0, 0]",35
54,"[2, 3]",188.80000000000868,"[52, 46]","[37.15000000000003, 0]","[0, 0]",35
55,"[0, 1]",171.3500000000047,"[53, 58]","[37.50000000000001, 0]","[2.3999999999999995, 0]",35
56,"[0, 3]",205.85000000001256,"[55, 59]","[37.899999999999984, 0]","[0, 0]",35
57,"[0, 1]",179.55000000000658,"[56, 55]","[40.59999999999983, 0]","[0, 0]",35
58,"[2, 1]",162.9000000000028,"[54, 53]","[39.04999999999992, 0]","[0, 0]",35
59,"[2, 3]",195.25000000001015,"[58, 54]","[46.4499999999995, 0]","[0, 0]",35
60,"[2, 3]",206.1000000000126,"[59, 56]","[54.54999999999904, 0]","[0, 0]",35
61,"[2, 3]",210.20000000001355,"[60, 60]","[58.799999999998796, 0]","[0, 0]",35
62,"[0, 1]",177.9500000000062,"[57, 57]","[37.899999999999984, 0]","[0, 0]",35
63,"[0, 3]",212.90000000001416,"[62, 61]","[41.1999999999998, 0]","[0, 0]",35
64,"[2, 3]",227.35000000001745,"[61, 70]","[67.7499999999983, 0.05]","[9.600000000000001, 0]",35
65,"[2, 1]",198.50000000001089,"[64, -999]","[59.699999999998745, 0]","[0, 0]",35
66,"[0, 3]",214.10000000001443,"[63, 63]","[41.54999999999978, 0]","[0, 0]",35
67,"[2, 1]",202.25000000001174,"[65, 65]","[59.899999999998734, 0]","[0, 0]",35
68,"[2, 1]",217.55000000001522,"[67, 79]","[67.6499999999983, 0]","[6.5999999999999845, 0]",35
69,"[2, 3]",250.55000000002272,"[68, 76]","[63.24999999999854, 0]","[0, 0]",35
70,"[0, 3]",213.9500000000144,"[66, 66]","[41.249999999999794, 0]","[0, 0]",35
71,"[2, 1]",223.55000000001658,"[69, 68]","[64.2499999999985, 0]","[0, 0]",35
72,"[2, 1]",228.35000000001767,"[71, 71]","[66.59999999999836, 0]","[0, 0]",35
73,"[2, 3]",263.0000000000255,"[72, 69]","[68.94999999999823, 0]","[0, 0]",35
74,"[2, 3]",268.5000000000268,"[73, 73]","[75.99999999999783, 0]","[0, 0]",35
75,"[0, 3]",217.5000000000152,"[70, 64]","[41.89999999999976, 0]","[2.3999999999999995, 0]",35
76,"[0, 3]",221.000000000016,"[75, 75]","[42.999999999999694, 0]","[0, 0]",35
77,"[0, 1]",194.50000000000998,"[76, 67]","[46.349999999999504, 0]","[0, 0]",35
78,"[2, 3]",269.25000000002694,"[74, 74]","[79.8999999999976, 0]","[0, 0]",35
79,"[0, 1]",196.60000000001045,"[77, 77]","[47.899999999999416, 0]","[0, 0]",35
0,"[2, 1]",36.45000000000007,"[-999, -999]","[0, 0]","[0, 0]",36
1,"[0, 3]",96.99999999999663,"[-999, 7]","[0, 0]","[0, 0]",36
2,"[2, 1]",38.599999999999945,"[0, 0]","[0.49999999999999994, 0]","[0, 0]",36
3,"[2, 3]",71.34999999999809,"[2, -999]","[2.6999999999999984, 0]","[0, 0]",36
4,"[2, 1]",43.99999999999964,"[3, 2]","[4.94999999999999, 0]","[0, 0]",36
5,"[2, 1]",48.1999999999994,"[4, 4]","[7.149999999999983, 0]","[0, 0]",36
6,"[0, 3]",102.29999999999633,"[1, 16]","[0.05, 0]","[0, 0]",36
7,"[2, 3]",77.79999999999772,"[5, 3]","[8.04999999999998, 0]","[0, 0]",36
8,"[2, 1]",50.99999999999924,"[7, 5]","[10.300000000000011, 0]","[0, 0]",36
9,"[0, 1]",78.39999999999769,"[6, 22]","[3.149999999999997, 0]","[3.099999999999997, 0]",36
10,"[0, 3]",111.09999999999583,"[9, 25]","[2.2, 0]","[0, 0]",36
11,"[0, 3]",115.1999999999956,"[10, 10]","[4.799999999999991, 0]","[0, 0]",36
12,"[2, 1]",51.04999999999924,"[8, 8]","[8.449999999999985, 0]","[0, 0]",36
13,"[0, 1]",87.79999999999715,"[11, 28]","[6.0499999999999865, 0]","[0, 0]",36
14,"[2, 1]",53.4999999999991,"[12, 12]","[9.349999999999998, 0]","[0, 0]",36
15,"[0, 1]",89.79999999999704,"[13, 13]","[7.349999999999982, 0]","[0, 0]",36
16,"[2, 3]",83.09999999999742,"[14, 1]","[10.20000000000001, 0]","[0, 0]",36
17,"[0, 1]",92.09999999999691,"[15, 15]","[8.599999999999987, 0]","[0, 0]",36
18,"[0, 1]",100.29999999999644,"[17, 33]","[13.650000000000059, 0]","[2.3999999999999995, 0]",36
19,"[0, 3]",136.0499999999967,"[18, 34]","[16.700000000000102, 0]","[2.799999999999998, 0]",36
20,"[0, 1]",110.69999999999585,"[19, 37]","[16.5000000000001, 0]","[0, 0]",36
21,"[2, 1]",50.79999999999925,"[16, 14]","[7.049999999999983, 0]","[0, 0]",36
22,"[2, 1]",54.89999999999902,"[21, 21]","[9.249999999999996, 0]","[0, 0]",36
23,"[0, 1]",111.04999999999583,"[20, 20]","[16.4500000000001, 0]","[0, 0]",36
24,"[0, 1]",114.69999999999563,"[23, 23]","[19.100000000000136, 0]","[0, 0]",36
25,"[2, 3]",84.89999999999732,"[22, 6]","[8.79999999999999, 0]","[0, 0]",36
26,"[0, 3]",150.65,"[24, 42]","[20.400000000000155, 0]","[0, 0]",36
27,"[2, 1]",58.19999999999883,"[25, 9]","[9.700000000000003, 0]","[0, 0]",36
28,"[2, 1]",61.94999999999862,"[27, 27]","[11.900000000000034, 0]","[0, 0]",36
29,"[2, 3]",97.04999999999663,"[28, 11]","[14.150000000000066, 0]","[0, 0]",36
30,"[0, 1]",119.84999999999533,"[26, 24]","[18.950000000000134, 0]","[0, 0]",36
31,"[0, 1]",123.59999999999512,"[30, 30]","[21.600000000000172, 0]","[0, 0]",36
32,"[2, 3]",98.94999999999652,"[29, 29]","[13.650000000000059, 0]","[0, 0]",36
33,"[2, 1]",75.49999999999785,"[32, 17]","[22.05000000000018, 0]","[0, 0]",36
34,"[2, 3]",109.09999999999594,"[33, 32]","[32.15000000000031, 0]","[0.05, 0]",36
35,"[0, 3]",153.40000000000063,"[31, 44]","[20.200000000000152, 0]","[0, 0]",36
36,"[0, 3]",158.20000000000172,"[35, 35]","[22.85000000000019, 0]","[0, 0]",36
37,"[2, 1]",80.69999999999756,"[34, 18]","[29.30000000000028, 0]","[0, 0]",36
38,"[2, 3]",116.69999999999551,"[37, 19]","[29.80000000000029, 0]","[0, 0]",36
39,"[0, 1]",129.44999999999519,"[36, 45]","[22.75000000000019, 0]","[0, 0]",36
40,"[2, 3]",120.04999999999532,"[38, 38]","[29.10000000000028, 0]","[0, 0]",36
41,"[0, 1]",131.84999999999573,"[39, 39]","[24.050000000000207, 0]","[0, 0]",36
42,"[2, 3]",123.34999999999513,"[40, 40]","[28.45000000000027, 0]","[0, 0]",36
43,"[0, 1]",134.24999999999628,"[41, 41]","[25.350000000000225, 0]","[0, 0]",36
44,"[2, 3]",131.99999999999577,"[42, 26]","[31.100000000000307, 0]","[3.1999999999999966, 0]",36
45,"[2, 1]",110.64999999999586,"[44, 31]","[28.650000000000272, 0]","[0, 0]",36
46,"[0, 3]",165.30000000000334,"[43, 50]","[25.300000000000225, 0]","[0, 0]",36
47,"[0, 3]",170.25000000000446,"[46, 46]","[27.90000000000026, 0]","[0, 0]",36
48,"[0, 3]",174.45000000000542,"[47, 47]","[30.5500000000003, 0]","[0, 0]",36
49,"[0, 1]",148.14999999999944,"[48, 53]","[33.20000000000025, 0]","[0, 0]",36
50,"[2, 3]",144.8999999999987,"[45, 36]","[24.000000000000206, 0]","[0, 0]",36
51,"[0, 1]",150.54999999999998,"[49, 49]","[34.45000000000018, 0]","[0, 0]",36
52,"[0, 3]",185.70000000000798,"[51, 58]","[37.10000000000003, 0]","[0, 0]",36
53,"[2, 1]",126.94999999999493,"[50, 43]","[28.750000000000274, 0]","[6.699999999999984, 0]",36
54,"[0, 3]",188.30000000000857,"[52, 52]","[39.24999999999991, 0]","[0, 0]",36
55,"[0, 1]",161.6500000000025,"[54, 51]","[42.34999999999973, 0]","[0, 0]",36
56,"[2, 3]",169.25000000000423,"[53, 48]","[27.15000000000025, 0]","[6.499999999999985, 0]",36
57,"[0, 3]",195.1000000000101,"[55, 59]","[43.94999999999964, 0]","[0, 0]",36
58,"[2, 3]",172.1500000000049,"[56, 56]","[22.15000000000018, 0]","[0, 0]",36
59,"[2, 3]",187.00000000000827,"[58, 54]","[31.800000000000317, 0]","[6.649999999999984, 0]",36
60,"[0, 3]",196.30000000001039,"[57, 57]","[44.199999999999626, 0]","[0, 0]",36
61,"[2, 1]",158.25000000000173,"[59, 55]","[26.550000000000242, 0]","[0, 0]",36
62,"[2, 3]",204.20000000001218,"[61, 65]","[33.35000000000024, 0.05]","[2.6999999999999984, 0]",36
63,"[2, 1]",174.75000000000549,"[62, -999]","[37.200000000000024, 0]","[0, 0]",36
64,"[2, 3]",211.65000000001388,"[63, 66]","[42.59999999999972, 0]","[0, 0]",36
65,"[0, 3]",194.80000000001004,"[60, 60]","[41.69999999999977, 0]","[0, 0]",36
66,"[0, 3]",203.8000000000121,"[65, 62]","[46.94999999999947, 0]","[2.3999999999999995, 0]",36
67,"[2, 3]",228.65000000001774,"[64, 74]","[48.99999999999935, 0.05]","[6.399999999999985, 0]",36
68,"[2, 1]",201.30000000001152,"[67, 75]","[50.899999999999245, 0]","[0, 0]",36
69,"[0, 1]",173.70000000000525,"[66, 63]","[44.5999999999996, 0]","[0, 0]",36
70,"[0, 3]",209.00000000001327,"[69, 64]","[47.79999999999942, 0]","[0, 0]",36
71,"[2, 3]",234.00000000001896,"[68, 67]","[56.349999999998936, 0]","[0, 0]",36
72,"[0, 3]",211.45000000001383,"[70, 70]","[50.049999999999294, 0]","[0, 0]",36
73,"[2, 1]",206.75000000001276,"[71, 68]","[61.24999999999866, 0]","[0, 0]",36
74,"[0, 3]",213.85000000001438,"[72, 72]","[51.449999999999214, 0]","[0, 0]",36
75,"[0, 1]",187.1500000000083,"[74, -999]","[53.59999999999909, 0]","[0, 0]",36
76,"[2, 3]",239.5000000000202,"[73, 71]","[64.69999999999847, 0]","[0, 0]",36
77,"[2, 1]",213.85000000001438,"[76, 73]","[71.84999999999806, 0]","[0, 0]",36
78,"[2, 3]",249.45000000002247,"[77, 76]","[76.64999999999779, 0]","[0, 0]",36
79,"[2, 1]",223.70000000001662,"[78, 77]","[89.44999999999706, 0]","[0, 0]",36
0,"[0, 3]",101.0999999999964,"[-999, 14]","[0, 0]","[0, 0]",37
1,"[0, 1]",73.84999999999795,"[0, 16]","[1.950000000000001, 0]","[0, 0]",37
2,"[2, 3]",67.79999999999829,"[-999, -999]","[0, 0]","[0, 0]",37
3,"[2, 3]",72.64999999999802,"[2, 2]","[1.850000000000001, 0]","[0, 0]",37
4,"[2, 1]",41.599999999999774,"[3, -999]","[4.049999999999994, 0]","[0, 0]",37
5,"[2, 3]",76.3999999999978,"[4, 3]","[6.299999999999986, 0]","[0, 0]",37
6,"[0, 1]",86.29999999999724,"[1, 25]","[8.349999999999984, 0.05]","[8.299999999999983, 0]",37
7,"[2, 3]",79.29999999999764,"[5, 5]","[7.149999999999983, 0]","[0, 0]",37
8,"[0, 1]",86.9499999999972,"[6, 6]","[0.8500000000000002, 0]","[0, 0]",37
9,"[0, 1]",94.99999999999675,"[8, 28]","[5.999999999999987, 0]","[2.549999999999999, 0]",37
10,"[0, 3]",127.4499999999949,"[9, 18]","[6.0499999999999865, 0]","[0, 0]",37
11,"[2, 1]",47.199999999999456,"[7, 4]","[5.349999999999989, 0]","[0, 0]",37
12,"[0, 1]",101.0499999999964,"[10, 32]","[9.850000000000005, 0]","[0, 0]",37
13,"[0, 3]",134.7999999999964,"[12, 10]","[12.100000000000037, 0]","[0, 0]",37
14,"[2, 3]",76.29999999999781,"[11, 7]","[4.899999999999991, 0]","[0, 0]",37
15,"[0, 3]",138.3499999999972,"[13, 13]","[12.800000000000047, 0]","[0, 0]",37
16,"[2, 1]",47.899999999999416,"[14, 11]","[5.749999999999988, 0]","[0, 0]",37
17,"[0, 3]",141.14999999999785,"[15, 15]","[13.550000000000058, 0]","[0, 0]",37
18,"[2, 3]",82.04999999999748,"[16, 0]","[6.649999999999984, 0]","[0, 0]",37
19,"[2, 1]",54.49999999999904,"[18, 1]","[8.84999999999999, 0]","[0, 0]",37
20,"[0, 1]",111.6999999999958,"[17, 41]","[12.700000000000045, 0]","[0, 0]",37
21,"[0, 3]",145.44999999999882,"[20, 17]","[15.10000000000008, 0]","[0, 0]",37
22,"[2, 1]",54.99999999999901,"[19, 19]","[8.399999999999984, 0]","[0, 0]",37
23,"[0, 1]",118.49999999999541,"[21, 46]","[16.400000000000098, 0]","[0, 0]",37
24,"[0, 1]",122.2499999999952,"[23, 23]","[19.050000000000136, 0]","[0, 0]",37
25,"[2, 1]",55.09999999999901,"[22, 22]","[7.89999999999998, 0]","[0, 0]",37
26,"[0, 1]",124.54999999999507,"[24, 24]","[20.300000000000153, 0]","[0, 0]",37
27,"[0, 1]",133.09999999999602,"[26, 50]","[25.400000000000226, 0]","[2.4499999999999993, 0]",37
28,"[2, 1]",65.74999999999841,"[25, 8]","[13.950000000000063, 0.05]","[6.499999999999985, 0]",37
29,"[0, 3]",165.95000000000348,"[27, 51]","[24.25000000000021, 0]","[0, 0]",37
30,"[0, 1]",139.69999999999752,"[29, 27]","[26.900000000000247, 0]","[0, 0]",37
31,"[0, 1]",143.44999999999837,"[30, 30]","[29.500000000000284, 0]","[0, 0]",37
32,"[2, 1]",69.09999999999822,"[28, 9]","[18.350000000000126, 0]","[5.849999999999987, 0]",37
33,"[0, 1]",145.84999999999891,"[31, 31]","[30.800000000000303, 0]","[0, 0]",37
34,"[0, 3]",181.65000000000705,"[33, 62]","[33.45000000000024, 0]","[0, 0]",37
35,"[0, 3]",190.7000000000091,"[34, 63]","[38.89999999999993, 0]","[2.849999999999998, 0]",37
36,"[2, 1]",74.39999999999792,"[32, 12]","[20.05000000000015, 0]","[0, 0]",37
37,"[2, 1]",76.79999999999778,"[36, 36]","[24.550000000000214, 0]","[0, 0]",37
38,"[0, 1]",159.65000000000205,"[35, -999]","[36.00000000000009, 0]","[0, 0]",37
39,"[0, 3]",194.85000000001006,"[38, 68]","[38.64999999999994, 0]","[0, 0]",37
40,"[0, 1]",167.05000000000373,"[39, 38]","[41.29999999999979, 0]","[0, 0]",37
41,"[2, 1]",76.94999999999777,"[37, 37]","[28.150000000000265, 0]","[0, 0]",37
42,"[0, 1]",169.40000000000427,"[40, 40]","[42.54999999999972, 0]","[0, 0]",37
43,"[0, 1]",178.70000000000638,"[42, 70]","[47.899999999999416, 0]","[2.6999999999999984, 0]",37
44,"[0, 1]",181.20000000000695,"[43, 43]","[47.84999999999942, 0]","[0, 0]",37
45,"[0, 3]",217.30000000001516,"[44, 74]","[50.49999999999927, 0]","[0, 0]",37
46,"[2, 1]",82.49999999999746,"[41, 20]","[25.80000000000023, 0]","[3.149999999999997, 0]",37
47,"[0, 3]",225.400000000017,"[45, 75]","[54.34999999999905, 0.05]","[2.000000000000001, 0]",37
48,"[0, 3]",228.9500000000178,"[47, 47]","[55.59999999999898, 0]","[0, 0]",37
49,"[0, 1]",200.3500000000113,"[48, 76]","[58.799999999998796, 0]","[0, 0]",37
50,"[2, 1]",98.49999999999655,"[46, 26]","[29.350000000000282, 0.05]","[9.850000000000005, 0]",37
51,"[2, 3]",129.64999999999523,"[50, 21]","[19.800000000000146, 0]","[0, 0]",37
52,"[0, 1]",201.35000000001153,"[49, 49]","[59.74999999999874, 0]","[0, 0]",37
53,"[0, 1]",209.5000000000134,"[52, 79]","[65.34999999999843, 0]","[2.3999999999999995, 0]",37
54,"[0, 3]",242.30000000002084,"[53, 77]","[66.74999999999835, 0]","[0, 0]",37
55,"[0, 3]",247.30000000002198,"[54, 54]","[70.54999999999814, 0]","[0, 0]",37
56,"[2, 3]",135.1999999999965,"[51, 29]","[15.550000000000086, 0]","[0, 0]",37
57,"[2, 3]",139.39999999999745,"[56, 56]","[16.050000000000093, 0]","[0, 0]",37
58,"[0, 3]",248.85000000002233,"[55, 55]","[71.2999999999981, 0]","[0, 0]",37
59,"[0, 3]",252.85000000002324,"[58, 58]","[73.84999999999795, 0]","[0, 0]",37
60,"[0, 3]",256.6500000000241,"[59, 59]","[82.19999999999747, 0]","[0, 0]",37
61,"[0, 1]",230.10000000001807,"[60, -999]","[84.94999999999732, 0]","[0, 0]",37
62,"[2, 3]",138.3499999999972,"[57, 57]","[11.850000000000033, 0]","[0, 0]",37
63,"[2, 3]",147.74999999999935,"[62, 34]","[12.35000000000004, 0]","[0, 0]",37
64,"[0, 1]",231.1500000000183,"[61, 61]","[84.74999999999733, 0]","[0, 0]",37
65,"[0, 3]",265.000000000026,"[64, 60]","[88.49999999999712, 0]","[0, 0]",37
66,"[0, 1]",240.3500000000204,"[65, 64]","[94.89999999999675, 0]","[0, 0]",37
67,"[0, 1]",244.10000000002125,"[66, 66]","[101.94999999999635, 0]","[0, 0]",37
68,"[2, 3]",151.0500000000001,"[63, 35]","[8.09999999999998, 0]","[0, 0]",37
69,"[2, 3]",159.0000000000019,"[68, 39]","[8.649999999999988, 0]","[0, 0]",37
70,"[2, 1]",137.34999999999698,"[69, 42]","[9.399999999999999, 0]","[0, 0]",37
71,"[0, 1]",243.75000000002117,"[67, 67]","[101.94999999999635, 0]","[0, 0]",37
72,"[0, 3]",277.4500000000288,"[71, 65]","[104.94999999999618, 0]","[0, 0]",37
73,"[2, 3]",167.05000000000373,"[70, 69]","[7.79999999999998, 0]","[0, 0]",37
74,"[2, 3]",172.40000000000495,"[73, 73]","[11.200000000000024, 0]","[0, 0]",37
75,"[2, 3]",182.2500000000072,"[74, 45]","[17.100000000000108, 0]","[0, 0]",37
76,"[2, 1]",153.90000000000074,"[75, 44]","[21.250000000000167, 0]","[0, 0]",37
77,"[2, 3]",194.50000000000998,"[76, 48]","[25.300000000000225, 0]","[0, 0]",37
78,"[0, 1]",246.0500000000217,"[72, 71]","[100.44999999999644, 0]","[0, 0]",37
79,"[2, 1]",170.35000000000448,"[77, 52]","[38.949999999999925, 0]","[0, 0]",37
0,"[2, 1]",36.45000000000007,"[-999, -999]","[0, 0]","[0, 0]",38
1,"[2, 1]",39.94999999999987,"[0, 0]","[1.850000000000001, 0]","[0, 0]",38
2,"[0, 1]",74.6999999999979,"[-999, 16]","[0, 0]","[2.849999999999998, 0]",38
3,"[0, 1]",82.04999999999748,"[2, 17]","[4.3499999999999925, 0]","[2.3999999999999995, 0]",38
4,"[2, 1]",41.249999999999794,"[1, 1]","[1.3500000000000005, 0]","[0, 0]",38
5,"[0, 1]",83.64999999999739,"[3, 3]","[3.149999999999997, 0]","[0, 0]",38
6,"[2, 1]",44.049999999999635,"[4, 4]","[2.25, 0]","[0, 0]",38
7,"[0, 3]",113.24999999999571,"[5, -999]","[4.399999999999992, 0]","[0, 0]",38
8,"[0, 3]",118.34999999999542,"[7, 7]","[6.999999999999983, 0]","[0, 0]",38
9,"[0, 1]",94.69999999999676,"[8, 19]","[11.350000000000026, 0]","[1.7500000000000009, 0]",38
10,"[0, 3]",129.84999999999528,"[9, 20]","[12.250000000000039, 0]","[0, 0]",38
11,"[2, 1]",42.449999999999726,"[6, 6]","[0.05, 0]","[0, 0]",38
12,"[2, 1]",46.24999999999951,"[11, 11]","[1.950000000000001, 0]","[0, 0]",38
13,"[2, 1]",49.9999999999993,"[12, 12]","[4.149999999999993, 0]","[0, 0]",38
14,"[0, 1]",99.1999999999965,"[10, 9]","[10.85000000000002, 0]","[0, 0]",38
15,"[0, 3]",133.9499999999962,"[14, 21]","[13.450000000000056, 0]","[0, 0]",38
16,"[2, 1]",50.69999999999926,"[13, 13]","[3.699999999999995, 0]","[0, 0]",38
17,"[2, 1]",59.549999999998754,"[16, 2]","[7.89999999999998, 0.05]","[2.000000000000001, 0]",38
18,"[2, 1]",72.24999999999804,"[17, 5]","[18.100000000000122, 0]","[9.950000000000006, 0]",38
19,"[2, 1]",75.19999999999787,"[18, 18]","[25.500000000000227, 0]","[2.1000000000000005, 0]",38
20,"[2, 3]",110.09999999999589,"[19, 8]","[28.60000000000027, 0]","[0, 0]",38
21,"[2, 3]",120.5499999999953,"[20, 10]","[35.250000000000135, 0]","[0, 0]",38
22,"[0, 3]",129.69999999999524,"[15, 15]","[7.99999999999998, 0]","[0, 0]",38
23,"[0, 3]",133.4999999999961,"[22, 22]","[10.650000000000016, 0]","[0, 0]",38
24,"[0, 1]",106.4499999999961,"[23, 29]","[13.300000000000054, 0]","[0, 0]",38
25,"[0, 3]",146.14999999999898,"[24, 31]","[19.25000000000014, 0]","[3.349999999999996, 0]",38
26,"[0, 3]",149.84999999999982,"[25, 25]","[18.55000000000013, 0]","[0, 0]",38
27,"[0, 1]",122.1499999999952,"[26, 32]","[21.200000000000166, 0]","[0, 0]",38
28,"[2, 1]",84.94999999999732,"[21, 14]","[36.25000000000008, 0]","[0, 0]",38
29,"[2, 1]",89.49999999999706,"[28, 28]","[36.10000000000009, 0]","[0, 0]",38
30,"[2, 3]",129.14999999999512,"[29, 23]","[36.60000000000006, 0]","[0, 0]",38
31,"[2, 3]",132.79999999999595,"[30, 30]","[37.25000000000002, 0]","[0, 0]",38
32,"[2, 1]",104.6499999999962,"[31, 24]","[38.049999999999976, 0]","[0, 0]",38
33,"[2, 3]",145.2999999999988,"[32, 26]","[38.749999999999936, 0]","[0, 0]",38
34,"[0, 1]",117.79999999999545,"[27, 27]","[15.750000000000089, 0]","[0, 0]",38
35,"[0, 1]",121.54999999999524,"[34, 34]","[18.350000000000126, 0]","[0, 0]",38
36,"[2, 3]",146.09999999999897,"[33, 33]","[36.80000000000005, 0]","[0, 0]",38
37,"[2, 1]",124.79999999999505,"[36, 35]","[40.84999999999982, 0]","[3.2499999999999964, 0]",38
38,"[0, 3]",152.65000000000046,"[35, 36]","[18.300000000000125, 0]","[0, 0]",38
39,"[0, 1]",127.04999999999492,"[38, 37]","[20.950000000000163, 0]","[0, 0]",38
40,"[2, 1]",137.0499999999969,"[37, 42]","[42.39999999999973, 0]","[6.699999999999984, 0]",38
41,"[2, 1]",144.9499999999987,"[40, 47]","[36.500000000000064, 0]","[0, 0]",38
42,"[0, 1]",128.09999999999488,"[39, 39]","[20.85000000000016, 0]","[0, 0]",38
43,"[2, 1]",151.15000000000012,"[41, 49]","[35.9000000000001, 0]","[0, 0]",38
44,"[2, 3]",185.850000000008,"[43, 51]","[36.70000000000005, 0]","[0, 0]",38
45,"[2, 1]",164.3000000000031,"[44, 54]","[37.550000000000004, 0]","[0, 0]",38
46,"[0, 3]",157.80000000000163,"[42, 38]","[19.45000000000014, 0]","[0, 0]",38
47,"[0, 1]",131.54999999999566,"[46, 40]","[22.10000000000018, 0]","[0, 0]",38
48,"[2, 1]",163.800000000003,"[45, 45]","[35.8500000000001, 0]","[0, 0]",38
49,"[0, 1]",138.2499999999972,"[47, 41]","[25.900000000000233, 0]","[2.499999999999999, 0]",38
50,"[2, 3]",199.10000000001102,"[48, 63]","[36.35000000000007, 0]","[0, 0]",38
51,"[0, 3]",169.70000000000434,"[49, 46]","[24.650000000000215, 0]","[0, 0]",38
52,"[2, 1]",175.80000000000572,"[50, 66]","[36.25000000000008, 0]","[0, 0]",38
53,"[0, 1]",143.0999999999983,"[51, 43]","[25.950000000000234, 0]","[0, 0]",38
54,"[0, 1]",146.6499999999991,"[53, 53]","[28.60000000000027, 0]","[0, 0]",38
55,"[2, 3]",207.90000000001302,"[52, 68]","[36.75000000000005, 0]","[0, 0]",38
56,"[2, 1]",186.2000000000081,"[55, 71]","[43.59999999999966, 0]","[0, 0]",38
57,"[2, 3]",218.3000000000154,"[56, 55]","[47.749999999999424, 0]","[0, 0]",38
58,"[0, 3]",176.50000000000588,"[54, 44]","[27.20000000000025, 0]","[0, 0]",38
59,"[2, 3]",227.6500000000175,"[57, 75]","[49.59999999999932, 0]","[0, 0]",38
60,"[2, 1]",200.45000000001133,"[59, 78]","[59.899999999998734, 0]","[0, 0]",38
61,"[2, 3]",235.65000000001933,"[60, 59]","[63.199999999998546, 0]","[0, 0]",38
62,"[2, 3]",240.85000000002051,"[61, 61]","[67.44999999999831, 0]","[0, 0]",38
63,"[0, 3]",175.90000000000575,"[58, 58]","[24.40000000000021, 0]","[0, 0]",38
64,"[0, 1]",148.94999999999962,"[63, 48]","[27.05000000000025, 0]","[0, 0]",38
65,"[2, 3]",242.80000000002096,"[62, 62]","[70.99999999999811, 0]","[0, 0]",38
66,"[0, 1]",151.40000000000018,"[64, 64]","[28.350000000000268, 0]","[0, 0]",38
67,"[2, 3]",245.95000000002167,"[65, 65]","[72.949999999998, 0]","[0, 0]",38
68,"[0, 3]",183.90000000000757,"[66, 50]","[29.650000000000286, 0]","[0, 0]",38
69,"[2, 3]",249.1500000000224,"[67, 67]","[74.7499999999979, 0]","[0, 0]",38
70,"[0, 1]",156.90000000000143,"[68, 52]","[30.900000000000304, 0]","[0, 0]",38
71,"[0, 1]",160.50000000000225,"[70, 70]","[33.55000000000023, 0]","[0, 0]",38
72,"[2, 1]",219.45000000001565,"[69, -999]","[78.34999999999769, 0]","[0, 0]",38
73,"[2, 3]",255.20000000002378,"[72, 69]","[83.99999999999737, 0]","[0, 0]",38
74,"[0, 1]",165.95000000000348,"[71, 56]","[35.950000000000095, 0]","[2.4499999999999993, 0]",38
75,"[0, 3]",200.55000000001135,"[74, 57]","[36.150000000000084, 0]","[0, 0]",38
76,"[2, 1]",226.6500000000173,"[73, 72]","[86.49999999999723, 0]","[0, 0]",38
77,"[2, 1]",231.6000000000184,"[76, 76]","[91.44999999999695, 0]","[0, 0]",38
78,"[0, 1]",171.45000000000474,"[75, 74]","[36.05000000000009, 0]","[0, 0]",38
79,"[2, 1]",234.40000000001905,"[77, 77]","[100.24999999999645, 0]","[0, 0]",38
0,"[0, 1]",83.94999999999737,"[-999, 14]","[0, 0.05]","[8.79999999999999, 0]",39
1,"[2, 3]",67.79999999999829,"[-999, -999]","[0, 0]","[0, 0]",39
2,"[2, 3]",72.69999999999801,"[1, 1]","[1.850000000000001, 0]","[0, 0]",39
3,"[2, 1]",41.599999999999774,"[2, -999]","[4.049999999999994, 0]","[0, 0]",39
4,"[2, 1]",45.799999999999535,"[3, 3]","[6.299999999999986, 0]","[0, 0]",39
5,"[2, 1]",49.9499999999993,"[4, 4]","[8.499999999999986, 0]","[0, 0]",39
6,"[2, 3]",83.34999999999741,"[5, 2]","[10.750000000000018, 0]","[0, 0]",39
7,"[0, 3]",106.84999999999607,"[0, 6]","[0.05, 0]","[0, 0]",39
8,"[2, 1]",52.24999999999917,"[6, 5]","[11.65000000000003, 0]","[0, 0]",39
9,"[0, 3]",110.49999999999586,"[7, 7]","[0.65, 0]","[0, 0]",39
10,"[2, 1]",55.39999999999899,"[8, 8]","[12.500000000000043, 0]","[0, 0]",39
11,"[0, 1]",82.39999999999746,"[9, 17]","[1.800000000000001, 0]","[0, 0]",39
12,"[2, 1]",57.249999999998884,"[10, 10]","[13.400000000000055, 0]","[0, 0]",39
13,"[0, 1]",84.84999999999732,"[11, 11]","[3.049999999999997, 0]","[0, 0]",39
14,"[2, 1]",58.999999999998785,"[12, 12]","[14.250000000000068, 0]","[0, 0]",39
15,"[0, 3]",117.29999999999548,"[13, 22]","[4.3499999999999925, 0]","[0, 0]",39
16,"[2, 1]",66.59999999999836,"[14, 0]","[16.050000000000093, 0.05]","[0.9000000000000002, 0]",39
17,"[2, 1]",69.14999999999822,"[16, 16]","[20.85000000000016, 0]","[3.4999999999999956, 0]",39
18,"[0, 1]",94.1499999999968,"[15, 27]","[7.399999999999982, 0]","[3.149999999999997, 0]",39
19,"[0, 1]",96.94999999999663,"[18, 18]","[6.8999999999999835, 0]","[0, 0]",39
20,"[0, 1]",100.49999999999643,"[19, 19]","[9.5, 0]","[0, 0]",39
21,"[0, 1]",104.19999999999622,"[20, 20]","[12.150000000000038, 0]","[0, 0]",39
22,"[2, 3]",98.79999999999653,"[17, 9]","[18.00000000000012, 0]","[0.05, 0]",39
23,"[0, 3]",140.79999999999777,"[21, 35]","[15.80000000000009, 0]","[2.3499999999999996, 0]",39
24,"[0, 1]",114.84999999999562,"[23, 36]","[16.100000000000094, 0]","[0, 0]",39
25,"[2, 1]",74.19999999999793,"[22, 13]","[22.300000000000182, 0]","[0.65, 0]",39
26,"[0, 3]",146.74999999999912,"[24, 23]","[17.35000000000011, 0]","[0, 0]",39
27,"[2, 1]",75.09999999999788,"[25, 25]","[23.100000000000193, 0]","[0, 0]",39
28,"[0, 1]",119.59999999999535,"[26, 37]","[18.65000000000013, 0]","[0, 0]",39
29,"[0, 1]",123.34999999999513,"[28, 28]","[21.300000000000168, 0]","[0, 0]",39
30,"[2, 3]",107.04999999999606,"[27, 15]","[24.450000000000212, 0]","[0, 0]",39
31,"[2, 3]",112.29999999999576,"[30, 30]","[24.35000000000021, 0]","[0, 0]",39
32,"[0, 1]",124.34999999999508,"[29, 29]","[21.200000000000166, 0]","[0, 0]",39
33,"[0, 1]",132.94999999999598,"[32, 38]","[26.35000000000024, 0]","[2.499999999999999, 0]",39
34,"[2, 3]",114.34999999999565,"[31, 31]","[22.350000000000183, 0]","[0, 0]",39
35,"[2, 3]",118.94999999999538,"[34, 34]","[23.150000000000194, 0]","[0, 0]",39
36,"[2, 1]",91.84999999999692,"[35, 21]","[24.000000000000206, 0]","[0, 0]",39
37,"[2, 1]",102.7499999999963,"[36, 24]","[24.90000000000022, 0]","[0, 0]",39
38,"[2, 1]",122.59999999999518,"[37, 32]","[35.600000000000115, 0.05]","[9.850000000000005, 0]",39
39,"[0, 1]",129.24999999999514,"[33, 33]","[19.750000000000146, 0]","[0, 0]",39
40,"[2, 3]",152.30000000000038,"[38, 26]","[25.70000000000023, 0]","[0, 0]",39
41,"[2, 1]",131.79999999999572,"[40, 39]","[27.950000000000262, 0]","[0, 0]",39
42,"[2, 1]",134.09999999999624,"[41, 41]","[30.150000000000293, 0]","[0, 0]",39
43,"[0, 3]",158.40000000000177,"[39, 40]","[18.350000000000126, 0]","[0, 0]",39
44,"[2, 1]",142.19999999999808,"[42, 45]","[31.050000000000306, 0]","[0, 0]",39
45,"[0, 1]",137.24999999999696,"[43, 42]","[22.85000000000019, 0.05]","[3.2499999999999964, 0]",39
46,"[0, 3]",168.45000000000405,"[45, 43]","[22.25000000000018, 0]","[0, 0]",39
47,"[0, 1]",142.84999999999823,"[46, 44]","[24.90000000000022, 0]","[0, 0]",39
48,"[2, 3]",172.35000000000494,"[44, 46]","[29.20000000000028, 0]","[0, 0]",39
49,"[0, 3]",176.85000000000596,"[47, 48]","[26.200000000000237, 0]","[0, 0]",39
50,"[2, 3]",181.0000000000069,"[48, 49]","[30.900000000000304, 0]","[0, 0]",39
51,"[2, 3]",189.90000000000893,"[50, 52]","[34.95000000000015, 0]","[0, 0]",39
52,"[0, 3]",183.6000000000075,"[49, 50]","[28.200000000000266, 0.05]","[2.1000000000000005, 0]",39
53,"[0, 1]",155.20000000000104,"[52, -999]","[28.750000000000274, 0]","[0, 0]",39
54,"[2, 1]",170.15000000000444,"[51, 58]","[40.44999999999984, 0]","[3.4499999999999957, 0]",39
55,"[2, 3]",220.40000000001586,"[54, 73]","[51.6499999999992, 0.05]","[9.399999999999999, 0]",39
56,"[0, 1]",156.25000000000128,"[53, 53]","[28.700000000000273, 0]","[0, 0]",39
57,"[2, 1]",191.80000000000936,"[55, 75]","[44.5999999999996, 0]","[0, 0]",39
58,"[0, 1]",158.6000000000018,"[56, 56]","[30.6500000000003, 0]","[0, 0]",39
59,"[2, 1]",206.65000000001274,"[57, 78]","[61.299999999998654, 0]","[6.549999999999985, 0]",39
60,"[2, 1]",209.75000000001344,"[59, 59]","[59.94999999999873, 0]","[0, 0]",39
61,"[0, 3]",189.70000000000888,"[58, 51]","[31.000000000000306, 0]","[0, 0]",39
62,"[2, 1]",212.55000000001408,"[60, 60]","[63.049999999998555, 0]","[0, 0]",39
63,"[0, 3]",193.2500000000097,"[61, 61]","[32.65000000000028, 0]","[0, 0]",39
64,"[2, 3]",246.65000000002183,"[62, 79]","[65.24999999999844, 0]","[0, 0]",39
65,"[2, 3]",251.70000000002298,"[64, 64]","[70.64999999999813, 0]","[0, 0]",39
66,"[2, 3]",256.250000000024,"[65, 65]","[78.2499999999977, 0]","[0, 0]",39
67,"[2, 3]",260.750000000025,"[66, 66]","[84.04999999999737, 0]","[0, 0]",39
68,"[0, 3]",192.05000000000942,"[63, 63]","[30.150000000000293, 0]","[0, 0]",39
69,"[2, 3]",263.8500000000257,"[67, 67]","[89.14999999999708, 0]","[0, 0]",39
70,"[2, 3]",268.45000000002676,"[69, 69]","[96.44999999999666, 0]","[0, 0]",39
71,"[2, 3]",272.9500000000278,"[70, 70]","[110.09999999999589, 0]","[0, 0]",39
72,"[2, 3]",277.5000000000288,"[71, 71]","[117.34999999999548, 0]","[0, 0]",39
73,"[0, 3]",190.6500000000091,"[68, 68]","[27.550000000000257, 0]","[0, 0]",39
74,"[2, 3]",280.70000000002955,"[72, 72]","[120.59999999999529, 0]","[0, 0]",39
75,"[0, 1]",162.75000000000276,"[73, -999]","[29.050000000000278, 0]","[0, 0]",39
76,"[0, 3]",197.60000000001068,"[75, 55]","[31.90000000000032, 0]","[0, 0]",39
77,"[0, 1]",171.10000000000466,"[76, 57]","[34.700000000000166, 0]","[0, 0]",39
78,"[0, 1]",174.8500000000055,"[77, 77]","[37.45000000000001, 0]","[0, 0]",39
79,"[0, 3]",208.55000000001317,"[78, 76]","[40.59999999999983, 0]","[0, 0]",39
0,"[2, 1]",36.45000000000007,"[-999, -999]","[0, 0]","[0, 0]",40
1,"[0, 3]",97.94999999999658,"[-999, 10]","[0, 0]","[0, 0]",40
2,"[0, 1]",72.39999999999803,"[1, 14]","[1.950000000000001, 0]","[0, 0]",40
3,"[0, 3]",107.34999999999604,"[2, 16]","[4.499999999999992, 0]","[0, 0]",40
4,"[2, 1]",36.80000000000005,"[0, 0]","[0.05, 0]","[0, 0]",40
5,"[0, 1]",83.84999999999738,"[3, 18]","[7.549999999999981, 0]","[1.800000000000001, 0]",40
6,"[2, 1]",39.099999999999916,"[4, 4]","[0.49999999999999994, 0]","[0, 0]",40
7,"[2, 3]",71.49999999999808,"[6, -999]","[2.7499999999999982, 0]","[0, 0]",40
8,"[2, 1]",44.29999999999962,"[7, 6]","[4.94999999999999, 0]","[0, 0]",40
9,"[2, 1]",48.49999999999938,"[8, 8]","[7.199999999999982, 0]","[0, 0]",40
10,"[2, 3]",79.24999999999764,"[9, 7]","[9.399999999999999, 0]","[0, 0]",40
11,"[0, 1]",80.44999999999757,"[5, 5]","[1.6000000000000008, 0]","[0, 0]",40
12,"[0, 1]",90.19999999999702,"[11, 19]","[6.0499999999999865, 0.05]","[1.850000000000001, 0]",40
13,"[0, 3]",123.8999999999951,"[12, 20]","[6.849999999999984, 0]","[0, 0]",40
14,"[2, 1]",48.449999999999385,"[10, 9]","[7.599999999999981, 0]","[0, 0]",40
15,"[0, 1]",97.4499999999966,"[13, 21]","[8.14999999999998, 0]","[0, 0]",40
16,"[2, 3]",83.09999999999742,"[14, 1]","[8.499999999999986, 0]","[0, 0]",40
17,"[2, 1]",58.6999999999988,"[16, 2]","[13.400000000000055, 0.05]","[2.6999999999999984, 0]",40
18,"[2, 1]",61.24999999999866,"[17, 17]","[16.150000000000095, 0]","[3.1999999999999966, 0]",40
19,"[2, 1]",75.89999999999783,"[18, 11]","[18.450000000000127, 0]","[3.2999999999999963, 0]",40
20,"[2, 3]",107.84999999999602,"[19, 3]","[17.400000000000112, 0]","[0, 0]",40
21,"[2, 1]",82.44999999999746,"[20, 12]","[35.8500000000001, 0]","[0.2, 0]",40
22,"[2, 1]",92.89999999999687,"[21, 15]","[38.09999999999997, 0]","[0, 0]",40
23,"[2, 3]",125.44999999999501,"[22, 13]","[37.99999999999998, 0]","[0, 0]",40
24,"[0, 1]",95.6999999999967,"[15, 22]","[2.3999999999999995, 0.05]","[2.3499999999999996, 0]",40
25,"[2, 1]",98.59999999999654,"[23, 24]","[37.200000000000024, 0]","[0, 0]",40
26,"[2, 3]",138.7499999999973,"[25, 32]","[37.84999999999999, 0]","[0, 0]",40
27,"[2, 3]",142.34999999999812,"[26, 26]","[38.64999999999994, 0]","[0, 0]",40
28,"[2, 3]",151.35000000000016,"[27, 39]","[39.3499999999999, 0]","[0, 0]",40
29,"[2, 3]",159.65000000000205,"[28, 46]","[41.54999999999978, 0]","[0, 0]",40
30,"[2, 3]",168.10000000000397,"[29, 47]","[42.8499999999997, 0]","[0, 0]",40
31,"[0, 3]",121.34999999999525,"[24, 23]","[0.05, 0]","[0, 0]",40
32,"[0, 3]",125.49999999999501,"[31, 31]","[2.000000000000001, 0]","[0, 0]",40
33,"[2, 3]",173.40000000000518,"[30, 48]","[41.1999999999998, 0]","[0, 0]",40
34,"[2, 3]",176.75000000000594,"[33, 33]","[42.14999999999974, 0]","[0, 0]",40
35,"[0, 1]",95.54999999999671,"[32, 25]","[1.800000000000001, 0]","[0, 0]",40
36,"[2, 1]",147.24999999999923,"[34, 52]","[41.44999999999978, 0]","[0, 0]",40
37,"[2, 1]",158.1500000000017,"[36, 55]","[46.3999999999995, 0]","[3.149999999999997, 0]",40
38,"[2, 1]",167.90000000000393,"[37, 64]","[48.89999999999936, 0]","[3.4499999999999957, 0]",40
39,"[0, 3]",131.44999999999564,"[35, 27]","[2.9999999999999973, 0.05]","[2.5999999999999988, 0]",40
40,"[2, 3]",200.70000000001139,"[38, 66]","[46.59999999999949, 0]","[0, 0]",40
41,"[2, 1]",173.9500000000053,"[40, 67]","[51.54999999999921, 0]","[0, 0]",40
42,"[2, 1]",195.40000000001018,"[41, 75]","[64.44999999999848, 0.05]","[9.5, 0]",40
43,"[2, 1]",197.40000000001064,"[42, 42]","[59.79999999999874, 0]","[0, 0]",40
44,"[0, 1]",97.79999999999659,"[39, 35]","[0.05, 0]","[0, 0]",40
45,"[2, 3]",230.30000000001812,"[43, 77]","[61.14999999999866, 0]","[0, 0]",40
46,"[0, 3]",131.84999999999573,"[44, 28]","[0.7000000000000001, 0]","[0, 0]",40
47,"[0, 3]",140.39999999999768,"[46, 29]","[5.899999999999987, 0.05]","[2.6499999999999986, 0]",40
48,"[0, 3]",148.54999999999953,"[47, 30]","[8.199999999999982, 0.05]","[2.3, 0]",40
49,"[0, 1]",119.49999999999535,"[48, -999]","[8.499999999999986, 0]","[0, 0]",40
50,"[2, 3]",235.5000000000193,"[45, 79]","[59.149999999998776, 0]","[0, 0]",40
51,"[2, 3]",239.5000000000202,"[50, 50]","[62.149999999998606, 0]","[0, 0]",40
52,"[0, 1]",120.59999999999529,"[49, 49]","[8.449999999999985, 0]","[0, 0]",40
53,"[2, 1]",210.5000000000136,"[51, -999]","[63.64999999999852, 0]","[0, 0]",40
54,"[0, 3]",154.65000000000092,"[52, 34]","[9.700000000000003, 0]","[0, 0]",40
55,"[0, 1]",128.49999999999497,"[54, 36]","[12.35000000000004, 0]","[0, 0]",40
56,"[2, 3]",244.10000000002125,"[53, 51]","[63.79999999999851, 0]","[0, 0]",40
57,"[2, 3]",249.05000000002238,"[56, 56]","[68.09999999999827, 0]","[0, 0]",40
58,"[2, 3]",253.5000000000234,"[57, 57]","[72.34999999999803, 0]","[0, 0]",40
59,"[2, 1]",226.35000000001722,"[58, -999]","[75.09999999999788, 0]","[0, 0]",40
60,"[2, 1]",231.0500000000183,"[59, 59]","[77.84999999999772, 0]","[0, 0]",40
61,"[2, 1]",235.5500000000193,"[60, 60]","[82.49999999999746, 0]","[0, 0]",40
62,"[2, 1]",240.15000000002036,"[61, 61]","[88.44999999999712, 0]","[0, 0]",40
63,"[0, 3]",152.15000000000035,"[55, 54]","[5.549999999999988, 0]","[0, 0]",40
64,"[0, 1]",126.69999999999494,"[63, 37]","[8.14999999999998, 0]","[0, 0]",40
65,"[2, 1]",241.7000000000207,"[62, 62]","[89.99999999999703, 0]","[0, 0]",40
66,"[0, 3]",159.05000000000192,"[64, 63]","[9.45, 0]","[0, 0]",40
67,"[0, 1]",133.4499999999961,"[66, 38]","[12.400000000000041, 0]","[0, 0]",40
68,"[0, 3]",168.75000000000412,"[67, 40]","[16.350000000000097, 0]","[0, 0]",40
69,"[2, 1]",242.1000000000208,"[65, 65]","[89.44999999999706, 0]","[0, 0]",40
70,"[0, 1]",141.64999999999796,"[68, 41]","[18.850000000000133, 0]","[0, 0]",40
71,"[0, 1]",144.8999999999987,"[70, 70]","[22.300000000000182, 0]","[0, 0]",40
72,"[2, 1]",243.95000000002122,"[69, 69]","[91.69999999999693, 0]","[0, 0]",40
73,"[2, 1]",248.35000000002222,"[72, 72]","[102.8999999999963, 0]","[0, 0]",40
74,"[2, 1]",252.80000000002323,"[73, 73]","[113.14999999999571, 0]","[0, 0]",40
75,"[0, 1]",144.4999999999986,"[71, 71]","[21.600000000000172, 0]","[0, 0]",40
76,"[2, 1]",255.90000000002394,"[74, 74]","[116.39999999999553, 0]","[0, 0]",40
77,"[0, 3]",176.85000000000596,"[75, 68]","[23.4500000000002, 0]","[0, 0]",40
78,"[0, 1]",157.00000000000145,"[77, 43]","[29.85000000000029, 0]","[3.2499999999999964, 0]",40
79,"[0, 3]",190.80000000000913,"[78, 45]","[30.350000000000296, 0]","[0, 0]",40
0,"[2, 3]",67.79999999999829,"[-999, -999]","[0, 0]","[0, 0]",41
1,"[2, 1]",38.99999999999992,"[0, -999]","[1.850000000000001, 0]","[0, 0]",41
2,"[2, 3]",74.04999999999794,"[1, 0]","[4.049999999999994, 0]","[0, 0]",41
3,"[2, 1]",43.99999999999964,"[2, 1]","[6.299999999999986, 0]","[0, 0]",41
4,"[2, 3]",79.14999999999765,"[3, 2]","[8.499999999999986, 0]","[0, 0]",41
5,"[2, 1]",48.89999999999936,"[4, 3]","[10.750000000000018, 0]","[0, 0]",41
6,"[0, 1]",75.04999999999788,"[-999, 14]","[0, 0.05]","[2.6999999999999984, 0]",41
7,"[0, 3]",106.19999999999611,"[6, 4]","[1.950000000000001, 0]","[0, 0]",41
8,"[2, 1]",50.59999999999926,"[5, 5]","[10.300000000000011, 0]","[0, 0]",41
9,"[2, 1]",54.69999999999903,"[8, 8]","[12.500000000000043, 0]","[0, 0]",41
10,"[0, 1]",82.59999999999745,"[7, 16]","[3.999999999999994, 0]","[2.2, 0]",41
11,"[0, 1]",85.84999999999727,"[10, 10]","[4.399999999999992, 0]","[0, 0]",41
12,"[2, 1]",55.79999999999897,"[9, 9]","[12.050000000000036, 0]","[0, 0]",41
13,"[0, 3]",117.74999999999545,"[11, 18]","[5.649999999999988, 0]","[0, 0]",41
14,"[2, 1]",58.19999999999883,"[12, 12]","[12.900000000000048, 0]","[0, 0]",41
15,"[2, 1]",67.19999999999833,"[14, 6]","[16.150000000000095, 0.05]","[1.0000000000000002, 0]",41
16,"[2, 1]",69.69999999999818,"[15, 15]","[20.80000000000016, 0]","[3.4499999999999957, 0]",41
17,"[0, 3]",118.44999999999541,"[13, 13]","[4.199999999999993, 0]","[0, 0]",41
18,"[2, 3]",101.74999999999636,"[16, 7]","[24.850000000000218, 0]","[2.3999999999999995, 0]",41
19,"[2, 1]",80.39999999999758,"[18, 11]","[28.700000000000273, 0]","[0.05, 0]",41
20,"[0, 3]",119.94999999999533,"[17, 17]","[4.149999999999993, 0]","[0, 0]",41
21,"[0, 3]",123.8499999999951,"[20, 20]","[6.799999999999984, 0]","[0, 0]",41
22,"[0, 1]",97.24999999999662,"[21, -999]","[9.399999999999999, 0]","[0, 0]",41
23,"[2, 3]",126.59999999999495,"[19, 21]","[41.0999999999998, 0.05]","[9.600000000000001, 0]",41
24,"[0, 1]",99.59999999999648,"[22, 22]","[10.700000000000017, 0]","[0, 0]",41
25,"[2, 1]",103.99999999999623,"[23, 24]","[49.149999999999345, 0]","[0, 0]",41
26,"[2, 3]",135.94999999999666,"[25, 23]","[48.99999999999935, 0]","[0, 0]",41
27,"[0, 1]",105.24999999999616,"[24, 25]","[13.100000000000051, 0]","[2.4499999999999993, 0]",41
28,"[0, 1]",108.34999999999599,"[27, 27]","[13.300000000000054, 0]","[0, 0]",41
29,"[0, 1]",116.34999999999553,"[28, 30]","[18.400000000000126, 0]","[2.499999999999999, 0]",41
30,"[2, 1]",110.69999999999585,"[26, 28]","[45.49999999999955, 0]","[0, 0]",41
31,"[2, 3]",142.99999999999827,"[30, 26]","[46.149999999999515, 0]","[0, 0]",41
32,"[2, 1]",121.69999999999523,"[31, 33]","[46.89999999999947, 0]","[0, 0]",41
33,"[0, 1]",115.39999999999559,"[29, 29]","[14.500000000000071, 0]","[0, 0]",41
34,"[2, 3]",152.8500000000005,"[32, 31]","[46.29999999999951, 0]","[0, 0]",41
35,"[0, 1]",121.99999999999521,"[33, 32]","[18.200000000000124, 0]","[2.3999999999999995, 0]",41
36,"[2, 1]",125.84999999999499,"[34, 35]","[46.94999999999947, 0]","[0, 0]",41
37,"[2, 1]",130.54999999999544,"[36, 36]","[48.1499999999994, 0]","[0, 0]",41
38,"[0, 3]",154.1000000000008,"[35, 34]","[15.750000000000089, 0]","[0, 0]",41
39,"[0, 3]",158.20000000000172,"[38, 38]","[18.350000000000126, 0]","[0, 0]",41
40,"[2, 1]",138.09999999999715,"[37, 43]","[46.3999999999995, 0]","[0, 0]",41
41,"[2, 1]",147.39999999999927,"[40, 45]","[50.59999999999926, 0]","[3.399999999999996, 0]",41
42,"[2, 1]",150.49999999999997,"[41, 41]","[48.599999999999376, 0]","[0, 0]",41
43,"[0, 1]",128.99999999999508,"[39, 37]","[16.950000000000106, 0]","[0, 0]",41
44,"[0, 3]",162.0000000000026,"[43, 39]","[19.600000000000144, 0]","[0, 0]",41
45,"[0, 1]",135.84999999999664,"[44, 40]","[22.20000000000018, 0]","[0, 0]",41
46,"[0, 3]",169.75000000000435,"[45, 44]","[24.850000000000218, 0]","[0, 0]",41
47,"[2, 3]",185.4000000000079,"[42, 59]","[44.399999999999615, 0]","[0, 0]",41
48,"[2, 3]",194.05000000000987,"[47, 60]","[48.99999999999935, 0]","[3.049999999999997, 0]",41
49,"[2, 1]",166.0500000000035,"[48, 61]","[47.29999999999945, 0]","[0, 0]",41
50,"[2, 1]",176.6000000000059,"[49, 64]","[48.39999999999939, 0]","[0, 0]",41
51,"[2, 1]",178.65000000000637,"[50, 50]","[49.299999999999336, 0]","[0, 0]",41
52,"[0, 3]",167.8000000000039,"[46, 46]","[20.75000000000016, 0]","[0, 0]",41
53,"[2, 3]",213.9000000000144,"[51, 67]","[48.89999999999936, 0]","[0, 0]",41
54,"[2, 1]",191.80000000000936,"[53, 69]","[52.39999999999916, 0]","[0, 0]",41
55,"[2, 1]",199.55000000001112,"[54, 70]","[55.04999999999901, 0]","[0, 0]",41
56,"[2, 1]",202.00000000001168,"[55, 55]","[57.29999999999888, 0]","[0, 0]",41
57,"[2, 1]",206.30000000001266,"[56, 56]","[59.349999999998765, 0]","[0, 0]",41
58,"[2, 3]",247.0000000000219,"[57, 76]","[63.44999999999853, 0]","[0, 0]",41
59,"[0, 3]",163.90000000000302,"[52, 52]","[15.300000000000082, 0]","[0, 0]",41
60,"[0, 3]",172.80000000000504,"[59, 47]","[20.350000000000154, 0]","[2.4499999999999993, 0]",41
61,"[0, 1]",144.9499999999987,"[60, -999]","[20.550000000000157, 0]","[0, 0]",41
62,"[2, 1]",213.65000000001433,"[58, 57]","[63.29999999999854, 0]","[0, 0]",41
63,"[0, 3]",178.95000000000644,"[61, 48]","[21.850000000000176, 0]","[0, 0]",41
64,"[0, 1]",152.20000000000036,"[63, 49]","[24.500000000000213, 0]","[0, 0]",41
65,"[2, 3]",247.75000000002208,"[62, 77]","[64.39999999999849, 0]","[0, 0]",41
66,"[0, 3]",184.4500000000077,"[64, 63]","[25.75000000000023, 0]","[0, 0]",41
67,"[0, 3]",189.20000000000877,"[66, 66]","[28.40000000000027, 0]","[0, 0]",41
68,"[0, 1]",162.35000000000267,"[67, 51]","[31.050000000000306, 0]","[0, 0]",41
69,"[0, 1]",166.15000000000353,"[68, 68]","[33.70000000000022, 0]","[0, 0]",41
70,"[0, 1]",174.25000000000537,"[69, 54]","[38.69999999999994, 0]","[2.3999999999999995, 0]",41
71,"[2, 1]",218.20000000001536,"[65, 79]","[61.799999999998626, 0]","[0, 0]",41
72,"[0, 3]",205.70000000001252,"[70, 53]","[37.6, 0]","[0, 0]",41
73,"[2, 1]",219.30000000001561,"[71, 71]","[65.34999999999843, 0]","[0, 0]",41
74,"[0, 3]",209.35000000001335,"[72, 72]","[38.89999999999993, 0]","[0, 0]",41
75,"[0, 3]",213.5500000000143,"[74, 74]","[41.54999999999978, 0]","[0, 0]",41
76,"[0, 3]",217.55000000001522,"[75, 75]","[44.14999999999963, 0]","[0, 0]",41
77,"[0, 3]",226.20000000001718,"[76, 58]","[50.24999999999928, 0]","[2.549999999999999, 0]",41
78,"[0, 1]",199.30000000001107,"[77, 62]","[50.79999999999925, 0]","[0, 0]",41
79,"[0, 1]",202.35000000001176,"[78, 78]","[53.64999999999909, 0]","[0, 0]",41
