Vehicle_label,Road_order,Total_time,Leading_vehicles,Stopped_time,Stop_while_front,Round_number
0,"[0, 1]",67.49999999999831,"[-999, 9]","[0, 0]","[0, 0]",1
1,"[2, 1]",36.45000000000007,"[-999, -999]","[0, 0]","[0, 0]",1
2,"[0, 1]",77.14999999999776,"[0, 14]","[2.8999999999999977, 0]","[2.8999999999999977, 0]",1
3,"[0, 1]",83.29999999999741,"[2, 16]","[2.4499999999999993, 0]","[2.4499999999999993, 0]",1
4,"[0, 1]",85.54999999999728,"[3, 3]","[0, 0]","[0, 0]",1
5,"[0, 3]",118.89999999999539,"[4, 19]","[0, 0]","[0, 0]",1
6,"[2, 3]",67.84999999999829,"[1, -999]","[0, 0]","[0, 0]",1
7,"[0, 3]",119.79999999999534,"[5, 5]","[0, 0]","[0, 0]",1
8,"[2, 1]",36.70000000000005,"[6, -999]","[0, 0]","[0, 0]",1
9,"[2, 1]",39.59999999999989,"[8, 8]","[0, 0]","[0, 0]",1
10,"[2, 3]",72.949999999998,"[9, 6]","[0, 0]","[0, 0]",1
11,"[0, 1]",85.44999999999729,"[7, 23]","[0, 0]","[0, 0]",1
12,"[0, 3]",119.59999999999535,"[11, 24]","[0, 0]","[0, 0]",1
13,"[2, 1]",42.49999999999972,"[10, 0]","[0, 0]","[0, 0]",1
14,"[2, 1]",44.84999999999959,"[13, 13]","[0, 0]","[0, 0]",1
15,"[2, 3]",75.54999999999785,"[14, 10]","[0, 0]","[0, 0]",1
16,"[2, 1]",49.849999999999305,"[15, 2]","[0, 0]","[0, 0]",1
17,"[0, 1]",83.69999999999739,"[12, 27]","[0, 0]","[0, 0]",1
18,"[2, 3]",78.2499999999977,"[16, 15]","[0, 0]","[0, 0]",1
19,"[2, 3]",81.7999999999975,"[18, 18]","[0, 0]","[0, 0]",1
20,"[0, 3]",113.2999999999957,"[17, 29]","[0, 0]","[0, 0]",1
21,"[0, 3]",121.59999999999523,"[20, 30]","[2.799999999999998, 0]","[2.799999999999998, 0]",1
22,"[0, 1]",92.09999999999691,"[21, -999]","[0, 0]","[0, 0]",1
23,"[2, 1]",48.64999999999937,"[19, 4]","[3.2499999999999964, 0]","[3.2499999999999964, 0]",1
24,"[2, 3]",87.19999999999719,"[23, 7]","[3.099999999999997, 0]","[3.099999999999997, 0]",1
25,"[0, 1]",90.449999999997,"[22, 22]","[0, 0]","[0, 0]",1
26,"[0, 1]",99.2999999999965,"[25, 33]","[2.7499999999999982, 0]","[2.7499999999999982, 0]",1
27,"[2, 1]",54.84999999999902,"[24, 11]","[0, 0]","[0, 0]",1
28,"[0, 1]",98.14999999999657,"[26, 26]","[0, 0]","[0, 0]",1
29,"[2, 3]",87.29999999999718,"[27, 12]","[6.8999999999999835, 0]","[0, 0]",1
30,"[2, 3]",96.09999999999668,"[29, 20]","[9.900000000000006, 0]","[0, 0]",1
31,"[0, 3]",129.24999999999514,"[28, 36]","[0, 0]","[0, 0]",1
32,"[2, 3]",101.64999999999637,"[30, 21]","[7.549999999999981, 0]","[0, 0]",1
33,"[2, 1]",78.2499999999977,"[32, 25]","[5.849999999999987, 0]","[0, 0]",1
34,"[0, 3]",127.74999999999488,"[31, 31]","[0, 0]","[0, 0]",1
35,"[2, 3]",108.24999999999599,"[33, 32]","[4.299999999999993, 0]","[0, 0]",1
36,"[2, 3]",112.39999999999576,"[35, 35]","[2.7499999999999982, 0]","[0, 0]",1
37,"[0, 3]",126.14999999999498,"[34, 34]","[0, 0]","[0, 0]",1
38,"[0, 1]",98.44999999999655,"[37, 40]","[0, 0]","[0, 0]",1
39,"[0, 3]",132.0999999999958,"[38, 42]","[0, 0]","[0, 0]",1
40,"[2, 1]",77.74999999999773,"[36, 28]","[0, 0]","[0, 0]",1
41,"[0, 1]",101.99999999999635,"[39, 38]","[0, 0]","[0, 0]",1
42,"[2, 3]",120.29999999999531,"[40, 37]","[6.549999999999985, 0]","[6.549999999999985, 0]",1
43,"[0, 1]",102.59999999999631,"[41, 41]","[0, 0]","[0, 0]",1
44,"[0, 3]",135.6999999999966,"[43, 45]","[0, 0]","[0, 0]",1
45,"[2, 3]",123.64999999999512,"[42, 39]","[0, 0]","[0, 0]",1
46,"[0, 3]",137.34999999999698,"[44, 44]","[0, 0]","[0, 0]",1
47,"[0, 1]",110.39999999999587,"[46, 51]","[0, 0]","[0, 0]",1
48,"[0, 1]",113.09999999999572,"[47, 47]","[0, 0]","[0, 0]",1
49,"[2, 1]",95.09999999999674,"[45, 43]","[9.650000000000002, 0]","[3.1999999999999966, 0]",1
50,"[0, 3]",143.5999999999984,"[48, 46]","[0, 0]","[0, 0]",1
51,"[2, 1]",95.14999999999674,"[49, 49]","[5.399999999999989, 0]","[0, 0]",1
52,"[0, 1]",114.44999999999564,"[50, 53]","[0, 0]","[0, 0]",1
53,"[2, 1]",108.049999999996,"[51, 48]","[6.499999999999985, 0]","[3.2999999999999963, 0]",1
54,"[0, 3]",145.09999999999874,"[52, 50]","[0, 0]","[0, 0]",1
55,"[0, 3]",148.99999999999963,"[54, 54]","[0, 0]","[0, 0]",1
56,"[2, 1]",111.44999999999581,"[53, 52]","[3.349999999999996, 0]","[3.349999999999996, 0]",1
57,"[2, 1]",113.89999999999567,"[56, 56]","[0, 0]","[0, 0]",1
58,"[0, 3]",147.79999999999936,"[55, 55]","[0, 0]","[0, 0]",1
59,"[2, 3]",150.85000000000005,"[57, 58]","[1.4500000000000006, 0]","[0, 0]",1
60,"[0, 1]",118.04999999999544,"[58, 57]","[0, 0]","[0, 0]",1
61,"[0, 3]",156.45000000000132,"[60, 63]","[2.499999999999999, 0]","[2.499999999999999, 0]",1
62,"[0, 3]",159.25000000000196,"[61, 61]","[0, 0]","[0, 0]",1
63,"[2, 3]",146.89999999999915,"[59, 59]","[2.8999999999999977, 0]","[0, 0]",1
64,"[2, 1]",118.09999999999543,"[63, 60]","[3.899999999999994, 0]","[0, 0]",1
65,"[2, 3]",157.55000000000157,"[64, 62]","[3.599999999999995, 0]","[0, 0]",1
66,"[2, 3]",164.95000000000326,"[65, 67]","[7.049999999999983, 0]","[0, 0]",1
67,"[0, 3]",157.85000000000164,"[62, 65]","[2.4499999999999993, 0]","[2.4499999999999993, 0]",1
68,"[2, 3]",165.5500000000034,"[66, 66]","[12.800000000000047, 0]","[0, 0]",1
69,"[2, 3]",168.75000000000412,"[68, 68]","[12.700000000000045, 0]","[0, 0]",1
70,"[2, 1]",145.09999999999874,"[69, 78]","[15.000000000000078, 0]","[0, 0]",1
71,"[0, 1]",122.1999999999952,"[67, -999]","[0, 0]","[0, 0]",1
72,"[2, 3]",176.65000000000592,"[70, 79]","[16.850000000000104, 0]","[0, 0]",1
73,"[2, 3]",180.45000000000678,"[72, 72]","[17.450000000000113, 0]","[0, 0]",1
74,"[0, 1]",120.64999999999529,"[71, 71]","[0, 0]","[0, 0]",1
75,"[2, 3]",181.8500000000071,"[73, 73]","[18.00000000000012, 0]","[0, 0]",1
76,"[0, 1]",121.24999999999525,"[74, 74]","[0, 0]","[0, 0]",1
77,"[2, 1]",151.65000000000023,"[75, -999]","[20.15000000000015, 0]","[0, 0]",1
78,"[0, 1]",121.79999999999522,"[76, 76]","[0, 0]","[0, 0]",1
79,"[0, 3]",154.5500000000009,"[78, 69]","[0, 0]","[0, 0]",1
0,"[2, 1]",36.45000000000007,"[-999, -999]","[0, 0]","[0, 0]",2
1,"[0, 3]",96.69999999999665,"[-999, 3]","[0, 0]","[0, 0]",2
2,"[2, 1]",36.95000000000004,"[0, 0]","[0, 0]","[0, 0]",2
3,"[2, 3]",69.54999999999819,"[2, -999]","[0, 0]","[0, 0]",2
4,"[0, 3]",102.7499999999963,"[1, 16]","[0, 0]","[0, 0]",2
5,"[0, 1]",80.54999999999757,"[4, 18]","[3.099999999999997, 0]","[3.099999999999997, 0]",2
6,"[2, 1]",36.70000000000005,"[3, 2]","[0, 0]","[0, 0]",2
7,"[0, 1]",79.39999999999763,"[5, 5]","[0, 0]","[0, 0]",2
8,"[0, 1]",86.59999999999722,"[7, 19]","[2.4499999999999993, 0]","[2.4499999999999993, 0]",2
9,"[0, 3]",119.89999999999533,"[8, 22]","[0, 0]","[0, 0]",2
10,"[0, 1]",92.64999999999688,"[9, 8]","[0, 0]","[0, 0]",2
11,"[2, 1]",36.500000000000064,"[6, 6]","[0, 0]","[0, 0]",2
12,"[0, 1]",93.29999999999684,"[10, 10]","[0, 0]","[0, 0]",2
13,"[0, 1]",96.14999999999668,"[12, 12]","[0, 0]","[0, 0]",2
14,"[0, 3]",130.74999999999548,"[13, 27]","[0, 0]","[0, 0]",2
15,"[0, 1]",103.09999999999629,"[14, 13]","[0, 0]","[0, 0]",2
16,"[2, 3]",69.69999999999818,"[11, 1]","[0, 0]","[0, 0]",2
17,"[2, 1]",40.699999999999825,"[16, -999]","[0, 0]","[0, 0]",2
18,"[2, 1]",43.99999999999964,"[17, 17]","[0, 0]","[0, 0]",2
19,"[2, 1]",58.24999999999883,"[18, 7]","[6.399999999999985, 0]","[6.399999999999985, 0]",2
20,"[0, 1]",96.94999999999663,"[15, 15]","[0, 0]","[0, 0]",2
21,"[0, 1]",99.79999999999647,"[20, 20]","[0, 0]","[0, 0]",2
22,"[2, 3]",84.19999999999736,"[19, 4]","[0, 0]","[0, 0]",2
23,"[2, 3]",93.89999999999681,"[22, 9]","[7.94999999999998, 0]","[0, 0]",2
24,"[0, 3]",128.1499999999949,"[21, 28]","[0, 0]","[0, 0]",2
25,"[2, 3]",94.79999999999676,"[23, 23]","[10.050000000000008, 0]","[0, 0]",2
26,"[0, 3]",129.8999999999953,"[24, 24]","[0, 0]","[0, 0]",2
27,"[2, 3]",95.94999999999669,"[25, 25]","[15.500000000000085, 0]","[0, 0]",2
28,"[2, 3]",104.5999999999962,"[27, 14]","[13.150000000000052, 0]","[0, 0]",2
29,"[0, 3]",128.79999999999504,"[26, 26]","[0, 0]","[0, 0]",2
30,"[2, 1]",85.69999999999727,"[28, 21]","[18.00000000000012, 0]","[6.549999999999985, 0]",2
31,"[0, 1]",98.99999999999652,"[29, 34]","[0, 0]","[0, 0]",2
32,"[0, 1]",101.84999999999636,"[31, 31]","[0, 0]","[0, 0]",2
33,"[0, 1]",109.14999999999594,"[32, 39]","[2.3499999999999996, 0]","[2.3499999999999996, 0]",2
34,"[2, 1]",81.04999999999754,"[30, 30]","[4.899999999999991, 0]","[0, 0]",2
35,"[0, 3]",138.7999999999973,"[33, 38]","[0, 0]","[0, 0]",2
36,"[0, 3]",142.89999999999824,"[35, 35]","[0, 0]","[0, 0]",2
37,"[0, 1]",115.59999999999557,"[36, 43]","[0, 0]","[0, 0]",2
38,"[2, 3]",113.79999999999568,"[34, 29]","[0, 0]","[0, 0]",2
39,"[2, 1]",91.79999999999693,"[38, 32]","[0, 0]","[0, 0]",2
40,"[0, 3]",143.89999999999847,"[37, 36]","[0, 0]","[0, 0]",2
41,"[2, 1]",96.24999999999667,"[39, 33]","[0, 0]","[0, 0]",2
42,"[0, 3]",145.59999999999886,"[40, 40]","[0.7500000000000001, 0]","[0, 0]",2
43,"[2, 1]",95.8499999999967,"[41, 41]","[0, 0]","[0, 0]",2
44,"[2, 1]",105.79999999999613,"[43, 37]","[3.1999999999999966, 0]","[3.1999999999999966, 0]",2
45,"[0, 1]",114.09999999999566,"[42, 44]","[0.8500000000000002, 0]","[0, 0]",2
46,"[2, 3]",142.49999999999815,"[44, 42]","[3.1999999999999966, 0]","[2.9999999999999973, 0]",2
47,"[2, 3]",145.89999999999893,"[46, 46]","[0.35, 0]","[0, 0]",2
48,"[2, 1]",122.99999999999515,"[47, 50]","[3.399999999999996, 0]","[0, 0]",2
49,"[0, 1]",110.14999999999588,"[45, 45]","[0, 0]","[0, 0]",2
50,"[0, 1]",112.99999999999572,"[49, 49]","[0, 0]","[0, 0]",2
51,"[0, 3]",145.89999999999893,"[50, 47]","[0, 0]","[0, 0]",2
52,"[2, 1]",117.44999999999547,"[48, 48]","[4.99999999999999, 0]","[0, 0]",2
53,"[0, 3]",147.4999999999993,"[51, 51]","[0, 0]","[0, 0]",2
54,"[2, 3]",150.95000000000007,"[52, 53]","[7.299999999999982, 0]","[0, 0]",2
55,"[0, 1]",117.49999999999547,"[53, 52]","[0, 0]","[0, 0]",2
56,"[0, 1]",120.3999999999953,"[55, 55]","[0, 0]","[0, 0]",2
57,"[0, 1]",127.59999999999489,"[56, 60]","[2.3999999999999995, 0]","[2.3999999999999995, 0]",2
58,"[0, 1]",129.79999999999526,"[57, 57]","[0, 0]","[0, 0]",2
59,"[0, 3]",161.85000000000255,"[58, 61]","[0, 0]","[0, 0]",2
60,"[2, 1]",116.8499999999955,"[54, 56]","[6.999999999999983, 0]","[0, 0]",2
61,"[2, 3]",148.59999999999954,"[60, 54]","[9.55, 0]","[0, 0]",2
62,"[0, 1]",130.59999999999545,"[59, 63]","[0, 0]","[0, 0]",2
63,"[2, 1]",123.44999999999513,"[61, 58]","[10.25000000000001, 0]","[0, 0]",2
64,"[2, 3]",157.00000000000145,"[63, 59]","[12.050000000000036, 0]","[0, 0]",2
65,"[2, 1]",129.24999999999514,"[64, 62]","[12.900000000000048, 0]","[0, 0]",2
66,"[0, 3]",158.20000000000172,"[62, 64]","[0, 0]","[0, 0]",2
67,"[2, 1]",136.64999999999682,"[65, 68]","[14.750000000000075, 0]","[0, 0]",2
68,"[0, 1]",129.29999999999515,"[66, 65]","[0, 0]","[0, 0]",2
69,"[0, 1]",136.79999999999686,"[68, 67]","[3.1999999999999966, 0]","[2.6499999999999986, 0]",2
70,"[0, 1]",138.6999999999973,"[69, 69]","[1.0000000000000002, 0]","[0, 0]",2
71,"[2, 3]",161.10000000000238,"[67, 66]","[16.000000000000092, 0]","[0, 0]",2
72,"[2, 1]",139.09999999999738,"[71, 70]","[17.25000000000011, 0]","[0, 0]",2
73,"[2, 1]",140.4999999999977,"[72, 72]","[19.500000000000142, 0]","[0, 0]",2
74,"[0, 3]",164.2500000000031,"[70, 71]","[1.1500000000000004, 0]","[0, 0]",2
75,"[2, 1]",147.0499999999992,"[73, 77]","[20.05000000000015, 0]","[0, 0]",2
76,"[2, 1]",148.8999999999996,"[75, 75]","[21.200000000000166, 0]","[0, 0]",2
77,"[0, 1]",138.94999999999735,"[74, 73]","[4.6499999999999915, 0]","[3.2999999999999963, 0]",2
78,"[0, 3]",169.25000000000423,"[77, 74]","[1.5000000000000007, 0]","[0, 0]",2
79,"[2, 1]",147.89999999999938,"[76, 76]","[21.200000000000166, 0]","[0, 0]",2
0,"[2, 3]",67.79999999999829,"[-999, -999]","[0, 0]","[0, 0]",3
1,"[2, 3]",71.79999999999806,"[0, 0]","[0, 0]","[0, 0]",3
2,"[0, 3]",101.39999999999638,"[-999, 11]","[0, 0]","[0, 0]",3
3,"[2, 1]",37.550000000000004,"[1, -999]","[0, 0]","[0, 0]",3
4,"[2, 1]",40.84999999999982,"[3, 3]","[0, 0]","[0, 0]",3
5,"[2, 1]",44.049999999999635,"[4, 4]","[0, 0]","[0, 0]",3
6,"[0, 3]",107.54999999999603,"[2, 17]","[2.7499999999999982, 0]","[2.7499999999999982, 0]",3
7,"[2, 3]",71.49999999999808,"[5, 1]","[0, 0]","[0, 0]",3
8,"[0, 3]",107.84999999999602,"[6, 6]","[0, 0]","[0, 0]",3
9,"[2, 3]",73.14999999999799,"[7, 7]","[0, 0]","[0, 0]",3
10,"[2, 1]",44.749999999999595,"[9, 5]","[0, 0]","[0, 0]",3
11,"[2, 3]",75.24999999999787,"[10, 9]","[0, 0]","[0, 0]",3
12,"[2, 1]",47.49999999999944,"[11, 10]","[0, 0]","[0, 0]",3
13,"[0, 3]",101.1499999999964,"[8, 8]","[0, 0]","[0, 0]",3
14,"[2, 3]",79.64999999999762,"[12, 2]","[0, 0]","[0, 0]",3
15,"[0, 3]",101.34999999999638,"[13, 13]","[0, 0]","[0, 0]",3
16,"[0, 1]",81.6499999999975,"[15, 29]","[3.049999999999997, 0]","[3.049999999999997, 0]",3
17,"[2, 3]",77.79999999999772,"[14, 14]","[0, 0]","[0, 0]",3
18,"[0, 1]",84.89999999999732,"[16, 31]","[2.4499999999999993, 0]","[2.4499999999999993, 0]",3
19,"[0, 3]",116.49999999999552,"[18, 15]","[0, 0]","[0, 0]",3
20,"[2, 1]",43.499999999999666,"[17, 12]","[0, 0]","[0, 0]",3
21,"[2, 1]",46.4499999999995,"[20, 20]","[0, 0]","[0, 0]",3
22,"[2, 1]",49.04999999999935,"[21, 21]","[0, 0]","[0, 0]",3
23,"[0, 3]",113.84999999999567,"[19, 19]","[0, 0]","[0, 0]",3
24,"[0, 1]",87.19999999999719,"[23, 35]","[0, 0]","[0, 0]",3
25,"[0, 3]",119.69999999999534,"[24, 23]","[0, 0]","[0, 0]",3
26,"[2, 1]",43.64999999999966,"[22, 22]","[0, 0]","[0, 0]",3
27,"[0, 1]",91.09999999999697,"[25, 36]","[0, 0]","[0, 0]",3
28,"[2, 1]",43.59999999999966,"[26, 26]","[0, 0]","[0, 0]",3
29,"[2, 1]",46.3999999999995,"[28, 28]","[0, 0]","[0, 0]",3
30,"[0, 1]",89.44999999999706,"[27, 27]","[0, 0]","[0, 0]",3
31,"[2, 1]",52.149999999999174,"[29, 16]","[1.0500000000000003, 0]","[1.0500000000000003, 0]",3
32,"[2, 1]",58.84999999999879,"[31, 18]","[6.699999999999984, 0]","[6.699999999999984, 0]",3
33,"[0, 3]",117.79999999999545,"[30, 25]","[0, 0]","[0, 0]",3
34,"[0, 1]",91.49999999999694,"[33, 37]","[0, 0]","[0, 0]",3
35,"[2, 1]",56.64999999999892,"[32, 32]","[10.300000000000011, 0]","[2.3999999999999995, 0]",3
36,"[2, 1]",65.9499999999984,"[35, 24]","[13.650000000000059, 0]","[3.1999999999999966, 0]",3
37,"[2, 1]",79.9499999999976,"[36, 30]","[19.35000000000014, 0]","[6.649999999999984, 0]",3
38,"[0, 3]",118.94999999999538,"[34, 43]","[0, 0]","[0, 0]",3
39,"[0, 1]",91.59999999999694,"[38, 34]","[0, 0]","[0, 0]",3
40,"[0, 1]",94.39999999999678,"[39, 39]","[0, 0]","[0, 0]",3
41,"[0, 3]",127.3499999999949,"[40, 44]","[0, 0]","[0, 0]",3
42,"[0, 1]",99.79999999999647,"[41, 45]","[0, 0]","[0, 0]",3
43,"[2, 3]",101.89999999999635,"[37, 33]","[21.850000000000176, 0]","[0, 0]",3
44,"[2, 3]",111.29999999999582,"[43, 38]","[23.100000000000193, 0]","[3.1999999999999966, 0]",3
45,"[2, 1]",88.94999999999709,"[44, 40]","[18.200000000000124, 0]","[0, 0]",3
46,"[2, 1]",96.04999999999669,"[45, 42]","[16.6500000000001, 0]","[0, 0]",3
47,"[0, 3]",123.74999999999511,"[42, 41]","[0, 0]","[0, 0]",3
48,"[2, 3]",133.4999999999961,"[46, 49]","[18.60000000000013, 0]","[3.399999999999996, 0]",3
49,"[0, 3]",125.34999999999502,"[47, 47]","[0, 0]","[0, 0]",3
50,"[2, 1]",103.14999999999628,"[48, 51]","[13.70000000000006, 0]","[0, 0]",3
51,"[0, 1]",96.19999999999668,"[49, 46]","[0, 0]","[0, 0]",3
52,"[0, 3]",129.9999999999953,"[51, 48]","[0, 0]","[0, 0]",3
53,"[0, 1]",102.9499999999963,"[52, 50]","[0, 0]","[0, 0]",3
54,"[2, 1]",106.3999999999961,"[50, 53]","[11.900000000000034, 0]","[3.1999999999999966, 0]",3
55,"[2, 1]",120.3499999999953,"[54, 64]","[14.300000000000068, 0]","[6.749999999999984, 0]",3
56,"[2, 3]",153.6500000000007,"[55, 65]","[6.549999999999985, 0]","[0, 0]",3
57,"[2, 3]",157.50000000000156,"[56, 56]","[6.8999999999999835, 0]","[0, 0]",3
58,"[2, 3]",171.60000000000477,"[57, 72]","[9.800000000000004, 0]","[3.2499999999999964, 0]",3
59,"[2, 1]",142.09999999999806,"[58, -999]","[6.349999999999985, 0]","[0, 0]",3
60,"[0, 3]",121.94999999999521,"[53, 52]","[0, 0]","[0, 0]",3
61,"[2, 1]",143.84999999999846,"[59, 59]","[7.399999999999982, 0]","[0, 0]",3
62,"[2, 3]",182.15000000000717,"[61, 77]","[9.5, 0]","[0, 0]",3
63,"[0, 1]",91.09999999999697,"[60, 54]","[0, 0]","[0, 0]",3
64,"[0, 1]",93.89999999999681,"[63, 63]","[0, 0]","[0, 0]",3
65,"[0, 3]",126.79999999999494,"[64, 60]","[0, 0]","[0, 0]",3
66,"[0, 1]",100.44999999999644,"[65, 55]","[0, 0]","[0, 0]",3
67,"[0, 1]",103.29999999999627,"[66, 66]","[0, 0]","[0, 0]",3
68,"[2, 1]",141.4499999999979,"[62, 79]","[10.800000000000018, 0]","[0, 0]",3
69,"[2, 1]",144.8499999999987,"[68, 68]","[11.800000000000033, 0]","[0, 0]",3
70,"[2, 3]",179.55000000000658,"[69, 62]","[16.250000000000096, 0]","[0, 0]",3
71,"[0, 3]",131.6999999999957,"[67, 57]","[0, 0]","[0, 0]",3
72,"[0, 3]",134.69999999999638,"[71, 71]","[0, 0]","[0, 0]",3
73,"[0, 3]",143.1499999999983,"[72, 58]","[1.6500000000000008, 0]","[1.6500000000000008, 0]",3
74,"[2, 3]",176.95000000000599,"[70, 70]","[12.750000000000046, 0]","[0, 0]",3
75,"[0, 3]",143.44999999999837,"[73, 73]","[0, 0]","[0, 0]",3
76,"[2, 3]",178.3500000000063,"[74, 74]","[12.35000000000004, 0]","[0, 0]",3
77,"[0, 3]",143.69999999999843,"[75, 75]","[0, 0]","[0, 0]",3
78,"[2, 3]",179.6000000000066,"[76, 76]","[14.100000000000065, 0]","[0, 0]",3
79,"[0, 1]",112.09999999999577,"[77, 61]","[0, 0]","[0, 0]",3
0,"[0, 3]",107.94999999999601,"[-999, 13]","[0, 0]","[5.699999999999988, 0]",4
1,"[0, 1]",79.24999999999764,"[0, 15]","[0, 0]","[0, 0]",4
2,"[2, 3]",67.79999999999829,"[-999, -999]","[0, 0]","[0, 0]",4
3,"[0, 3]",107.74999999999602,"[1, 0]","[0, 0]","[0, 0]",4
4,"[2, 3]",69.84999999999818,"[2, 2]","[0, 0]","[0, 0]",4
5,"[2, 3]",73.19999999999798,"[4, 4]","[0, 0]","[0, 0]",4
6,"[0, 1]",76.79999999999778,"[3, 1]","[0, 0]","[0, 0]",4
7,"[2, 1]",38.399999999999956,"[5, -999]","[0, 0]","[0, 0]",4
8,"[2, 3]",72.14999999999804,"[7, 5]","[0, 0]","[0, 0]",4
9,"[0, 1]",75.09999999999788,"[6, 6]","[0, 0]","[0, 0]",4
10,"[0, 3]",109.39999999999593,"[9, 21]","[0, 0]","[0, 0]",4
11,"[0, 3]",112.34999999999576,"[10, 10]","[0, 0]","[0, 0]",4
12,"[2, 3]",69.54999999999819,"[8, 8]","[0, 0]","[0, 0]",4
13,"[2, 3]",72.949999999998,"[12, 12]","[0, 0]","[0, 0]",4
14,"[0, 1]",80.19999999999759,"[11, 25]","[0, 0]","[0, 0]",4
15,"[2, 1]",41.749999999999766,"[13, -999]","[0, 0]","[0, 0]",4
16,"[0, 3]",112.44999999999575,"[14, 26]","[0, 0]","[0, 0]",4
17,"[0, 3]",115.44999999999558,"[16, 16]","[0, 0]","[0, 0]",4
18,"[0, 3]",118.29999999999542,"[17, 17]","[0, 0]","[0, 0]",4
19,"[0, 1]",90.649999999997,"[18, -999]","[0, 0]","[0, 0]",4
20,"[2, 3]",75.74999999999784,"[15, 3]","[3.1999999999999966, 0]","[3.1999999999999966, 0]",4
21,"[2, 3]",79.24999999999764,"[20, 20]","[0, 0]","[0, 0]",4
22,"[0, 3]",124.94999999999504,"[19, 33]","[2.9999999999999973, 0]","[2.9999999999999973, 0]",4
23,"[0, 1]",96.69999999999665,"[22, 19]","[0, 0]","[0, 0]",4
24,"[2, 1]",47.09999999999946,"[21, 9]","[0, 0]","[0, 0]",4
25,"[2, 1]",50.14999999999929,"[24, 24]","[0, 0]","[0, 0]",4
26,"[2, 3]",84.34999999999735,"[25, 11]","[0, 0]","[0, 0]",4
27,"[0, 3]",124.29999999999508,"[23, 34]","[0, 0]","[0, 0]",4
28,"[0, 3]",127.24999999999491,"[27, 27]","[0, 0]","[0, 0]",4
29,"[0, 1]",99.69999999999648,"[28, 23]","[0, 0]","[0, 0]",4
30,"[0, 3]",133.4999999999961,"[29, 37]","[0, 0]","[0, 0]",4
31,"[2, 3]",94.34999999999678,"[26, 18]","[9.600000000000001, 0]","[9.600000000000001, 0]",4
32,"[0, 3]",134.2999999999963,"[30, 30]","[0, 0]","[0, 0]",4
33,"[2, 3]",94.99999999999675,"[31, 31]","[0, 0]","[0, 0]",4
34,"[2, 3]",103.29999999999627,"[33, 22]","[3.1999999999999966, 0]","[3.1999999999999966, 0]",4
35,"[0, 1]",102.24999999999633,"[32, 38]","[0, 0]","[0, 0]",4
36,"[0, 1]",105.14999999999617,"[35, 35]","[0, 0]","[0, 0]",4
37,"[2, 3]",112.34999999999576,"[34, 28]","[6.749999999999984, 0]","[6.749999999999984, 0]",4
38,"[2, 1]",84.19999999999736,"[37, 29]","[34.200000000000195, 0]","[0, 0]",4
39,"[2, 3]",123.8499999999951,"[38, 32]","[31.95000000000032, 0]","[0, 0]",4
40,"[2, 3]",126.79999999999494,"[39, 39]","[30.200000000000294, 0]","[0, 0]",4
41,"[2, 3]",135.34999999999653,"[40, 43]","[31.95000000000032, 0]","[3.2999999999999963, 0]",4
42,"[2, 1]",106.94999999999607,"[41, 44]","[27.15000000000025, 0]","[0, 0]",4
43,"[0, 3]",125.24999999999503,"[36, 40]","[0, 0]","[0, 0]",4
44,"[0, 1]",97.79999999999659,"[43, 36]","[0, 0]","[0, 0]",4
45,"[0, 3]",131.7499999999957,"[44, 41]","[0, 0]","[0, 0]",4
46,"[0, 1]",104.6499999999962,"[45, 42]","[0, 0]","[0, 0]",4
47,"[2, 1]",108.049999999996,"[42, 46]","[27.85000000000026, 0]","[3.2999999999999963, 0]",4
48,"[0, 3]",134.89999999999642,"[46, 45]","[0, 0]","[0, 0]",4
49,"[2, 3]",139.09999999999738,"[47, 48]","[22.20000000000018, 0]","[0, 0]",4
50,"[2, 3]",148.04999999999941,"[49, 56]","[20.80000000000016, 0]","[0, 0]",4
51,"[2, 3]",156.00000000000122,"[50, 57]","[19.35000000000014, 0]","[0, 0]",4
52,"[2, 3]",158.6000000000018,"[51, 51]","[17.95000000000012, 0]","[0, 0]",4
53,"[2, 3]",171.85000000000483,"[52, 64]","[19.100000000000136, 0]","[2.5999999999999988, 0]",4
54,"[0, 1]",97.04999999999663,"[48, 47]","[0, 0]","[0, 0]",4
55,"[2, 3]",172.45000000000496,"[53, 53]","[15.900000000000091, 0]","[0, 0]",4
56,"[0, 3]",129.14999999999512,"[54, 49]","[0, 0]","[0, 0]",4
57,"[0, 3]",137.54999999999703,"[56, 50]","[2.499999999999999, 0]","[2.499999999999999, 0]",4
58,"[2, 1]",139.09999999999738,"[55, 65]","[16.400000000000098, 0]","[0, 0]",4
59,"[0, 1]",105.99999999999612,"[57, -999]","[0, 0]","[0, 0]",4
60,"[2, 3]",176.45000000000587,"[58, 69]","[17.500000000000114, 0]","[0, 0]",4
61,"[0, 1]",106.64999999999608,"[59, 59]","[0, 0]","[0, 0]",4
62,"[2, 1]",143.79999999999845,"[60, 58]","[17.650000000000116, 0]","[0, 0]",4
63,"[0, 3]",138.94999999999735,"[61, 52]","[0, 0]","[0, 0]",4
64,"[0, 3]",141.74999999999798,"[63, 63]","[0, 0]","[0, 0]",4
65,"[0, 1]",114.14999999999566,"[64, 61]","[0, 0]","[0, 0]",4
66,"[2, 1]",146.89999999999915,"[62, 72]","[12.150000000000038, 0]","[0, 0]",4
67,"[2, 3]",178.45000000000633,"[66, 70]","[13.850000000000062, 0]","[0, 0]",4
68,"[0, 3]",148.3999999999995,"[65, 55]","[3.049999999999997, 0]","[3.049999999999997, 0]",4
69,"[0, 3]",151.20000000000013,"[68, 68]","[0, 0]","[0, 0]",4
70,"[0, 3]",158.70000000000184,"[69, 60]","[2.3499999999999996, 0]","[2.3499999999999996, 0]",4
71,"[2, 1]",148.49999999999952,"[67, 75]","[14.000000000000064, 0]","[0, 0]",4
72,"[0, 1]",128.34999999999494,"[70, 62]","[0, 0]","[0, 0]",4
73,"[0, 1]",136.64999999999682,"[72, 66]","[2.3499999999999996, 0]","[2.3499999999999996, 0]",4
74,"[2, 1]",146.6499999999991,"[71, 71]","[15.650000000000087, 0]","[0, 0]",4
75,"[0, 1]",135.49999999999656,"[73, 73]","[0, 0]","[0, 0]",4
76,"[0, 3]",167.3000000000038,"[75, 67]","[0, 0]","[0, 0]",4
77,"[2, 3]",176.25000000000583,"[74, 76]","[15.300000000000082, 0]","[0, 0]",4
78,"[2, 1]",149.89999999999984,"[77, 74]","[17.95000000000012, 0]","[0, 0]",4
79,"[2, 3]",184.5500000000077,"[78, 77]","[21.300000000000168, 0]","[0, 0]",4
0,"[2, 1]",36.45000000000007,"[-999, -999]","[0, 0]","[0, 0]",5
1,"[0, 3]",99.49999999999649,"[-999, 10]","[0, 0]","[0, 0]",5
2,"[2, 1]",36.95000000000004,"[0, 0]","[0, 0]","[0, 0]",5
3,"[0, 3]",110.29999999999588,"[1, 15]","[5.449999999999989, 0]","[5.449999999999989, 0]",5
4,"[0, 1]",80.49999999999757,"[3, 16]","[0, 0]","[0, 0]",5
5,"[2, 1]",36.70000000000005,"[2, 2]","[0, 0]","[0, 0]",5
6,"[2, 1]",39.449999999999896,"[5, 5]","[0, 0]","[0, 0]",5
7,"[2, 1]",42.649999999999714,"[6, 6]","[0, 0]","[0, 0]",5
8,"[2, 1]",45.799999999999535,"[7, 7]","[0, 0]","[0, 0]",5
9,"[0, 1]",80.54999999999757,"[4, 20]","[1.950000000000001, 0]","[1.950000000000001, 0]",5
10,"[2, 3]",72.59999999999802,"[8, -999]","[0, 0]","[0, 0]",5
11,"[0, 1]",83.84999999999738,"[9, 24]","[2.499999999999999, 0]","[2.499999999999999, 0]",5
12,"[2, 1]",43.19999999999968,"[10, 8]","[0, 0]","[0, 0]",5
13,"[2, 3]",77.84999999999772,"[12, 1]","[0, 0]","[0, 0]",5
14,"[0, 1]",81.29999999999752,"[11, 11]","[0, 0]","[0, 0]",5
15,"[2, 3]",78.2999999999977,"[13, 13]","[0, 0]","[0, 0]",5
16,"[2, 1]",48.84999999999936,"[15, 12]","[0, 0]","[0, 0]",5
17,"[0, 3]",109.34999999999593,"[14, 26]","[0, 0]","[0, 0]",5
18,"[2, 3]",81.24999999999753,"[16, 3]","[0, 0]","[0, 0]",5
19,"[0, 1]",80.14999999999759,"[17, 27]","[0, 0]","[0, 0]",5
20,"[2, 1]",49.9499999999993,"[18, 4]","[0, 0]","[0, 0]",5
21,"[0, 3]",110.79999999999585,"[19, 17]","[0, 0]","[0, 0]",5
22,"[0, 1]",88.99999999999709,"[21, 29]","[2.6999999999999984, 0]","[2.6999999999999984, 0]",5
23,"[0, 3]",122.69999999999517,"[22, 30]","[0, 0]","[0, 0]",5
24,"[2, 1]",51.04999999999924,"[20, 9]","[1.2500000000000004, 0]","[1.2500000000000004, 0]",5
25,"[0, 3]",123.69999999999511,"[23, 23]","[0, 0]","[0, 0]",5
26,"[2, 3]",78.89999999999766,"[24, 18]","[0, 0]","[0, 0]",5
27,"[2, 1]",57.749999999998856,"[26, 14]","[4.049999999999994, 0]","[1.850000000000001, 0]",5
28,"[2, 1]",65.24999999999844,"[27, 19]","[9.950000000000006, 0]","[0, 0]",5
29,"[2, 1]",66.64999999999836,"[28, 28]","[11.400000000000027, 0]","[0, 0]",5
30,"[2, 3]",100.59999999999643,"[29, 21]","[13.00000000000005, 0]","[0, 0]",5
31,"[2, 1]",73.84999999999795,"[30, 22]","[10.800000000000018, 0]","[0, 0]",5
32,"[0, 3]",113.09999999999572,"[25, 25]","[0, 0]","[0, 0]",5
33,"[0, 1]",84.99999999999731,"[32, 34]","[0, 0]","[0, 0]",5
34,"[2, 1]",73.049999999998,"[31, 31]","[9.249999999999996, 0]","[0, 0]",5
35,"[0, 3]",116.74999999999551,"[33, 36]","[0, 0]","[0, 0]",5
36,"[2, 3]",109.29999999999593,"[34, 32]","[7.84999999999998, 0]","[0, 0]",5
37,"[2, 1]",80.64999999999756,"[36, 33]","[6.449999999999985, 0]","[0, 0]",5
38,"[2, 3]",115.84999999999556,"[37, 35]","[5.09999999999999, 0]","[0, 0]",5
39,"[2, 1]",93.24999999999685,"[38, 44]","[3.7499999999999947, 0]","[0, 0]",5
40,"[2, 3]",126.74999999999494,"[39, 45]","[2.3499999999999996, 0]","[0, 0]",5
41,"[2, 1]",99.09999999999651,"[40, 47]","[0.9500000000000003, 0]","[0, 0]",5
42,"[0, 1]",75.99999999999783,"[35, 37]","[0, 0]","[0, 0]",5
43,"[2, 1]",100.49999999999643,"[41, 41]","[0, 0]","[0, 0]",5
44,"[0, 1]",76.4499999999978,"[42, 42]","[0, 0]","[0, 0]",5
45,"[0, 3]",109.09999999999594,"[44, 38]","[0, 0]","[0, 0]",5
46,"[2, 3]",130.59999999999545,"[43, 49]","[0, 0]","[0, 0]",5
47,"[0, 1]",80.24999999999758,"[45, 39]","[0, 0]","[0, 0]",5
48,"[0, 3]",114.49999999999564,"[47, 40]","[0, 0]","[0, 0]",5
49,"[0, 3]",117.64999999999546,"[48, 48]","[0, 0]","[0, 0]",5
50,"[2, 1]",96.29999999999667,"[46, 51]","[0, 0]","[0, 0]",5
51,"[0, 1]",89.04999999999708,"[49, 43]","[0, 0]","[0, 0]",5
52,"[0, 3]",122.99999999999515,"[51, 46]","[0, 0]","[0, 0]",5
53,"[0, 1]",96.34999999999667,"[52, 50]","[0, 0]","[0, 0]",5
54,"[0, 3]",128.649999999995,"[53, 52]","[0, 0]","[0, 0]",5
55,"[0, 1]",101.29999999999639,"[54, 57]","[0, 0]","[0, 0]",5
56,"[0, 3]",134.24999999999628,"[55, 54]","[0, 0]","[0, 0]",5
57,"[2, 1]",92.54999999999688,"[50, 53]","[0.8000000000000002, 0]","[0, 0]",5
58,"[2, 1]",100.09999999999646,"[57, 55]","[1.4000000000000006, 0]","[0, 0]",5
59,"[0, 3]",133.64999999999614,"[56, 56]","[0, 0]","[0, 0]",5
60,"[0, 3]",136.9499999999969,"[59, 59]","[0, 0]","[0, 0]",5
61,"[2, 1]",96.74999999999665,"[58, 58]","[1.0000000000000002, 0]","[0, 0]",5
62,"[0, 1]",106.4499999999961,"[60, 63]","[0, 0]","[0, 0]",5
63,"[2, 1]",97.79999999999659,"[61, 61]","[2.549999999999999, 0]","[0, 0]",5
64,"[0, 1]",107.04999999999606,"[62, 62]","[0, 0]","[0, 0]",5
65,"[0, 3]",139.84999999999755,"[64, 60]","[0, 0]","[0, 0]",5
66,"[0, 3]",143.89999999999847,"[65, 65]","[0, 0]","[0, 0]",5
67,"[0, 1]",116.9999999999955,"[66, 68]","[0, 0]","[0, 0]",5
68,"[2, 1]",104.29999999999622,"[63, 64]","[7.549999999999981, 0]","[6.5999999999999845, 0]",5
69,"[2, 3]",143.1499999999983,"[68, 66]","[3.599999999999995, 0]","[3.2999999999999963, 0]",5
70,"[0, 3]",146.39999999999904,"[67, 69]","[0, 0]","[0, 0]",5
71,"[2, 3]",154.90000000000097,"[69, 72]","[6.699999999999984, 0]","[6.699999999999984, 0]",5
72,"[0, 3]",147.1499999999992,"[70, 70]","[0, 0]","[0, 0]",5
73,"[0, 1]",119.74999999999534,"[72, 67]","[0, 0]","[0, 0]",5
74,"[2, 3]",158.5500000000018,"[71, 76]","[0, 0]","[0, 0]",5
75,"[2, 3]",166.30000000000356,"[74, 78]","[0, 0]","[0, 0]",5
76,"[0, 3]",148.79999999999959,"[73, 71]","[0, 0]","[0, 0]",5
77,"[0, 1]",121.09999999999526,"[76, 73]","[0, 0]","[0, 0]",5
78,"[0, 3]",154.5500000000009,"[77, 74]","[0, 0]","[0, 0]",5
79,"[0, 1]",126.64999999999495,"[78, 77]","[0, 0]","[0, 0]",5
0,"[0, 1]",79.9999999999976,"[-999, 10]","[0, 0]","[6.099999999999986, 0]",6
1,"[2, 3]",67.79999999999829,"[-999, -999]","[0, 0]","[0, 0]",6
2,"[0, 1]",83.74999999999739,"[0, 11]","[2.549999999999999, 0]","[2.549999999999999, 0]",6
3,"[2, 1]",36.70000000000005,"[1, -999]","[0, 0]","[0, 0]",6
4,"[2, 1]",39.59999999999989,"[3, 3]","[0, 0]","[0, 0]",6
5,"[0, 1]",81.09999999999754,"[2, 2]","[0, 0]","[0, 0]",6
6,"[2, 1]",40.549999999999834,"[4, 4]","[0, 0]","[0, 0]",6
7,"[2, 1]",43.74999999999965,"[6, 6]","[0, 0]","[0, 0]",6
8,"[2, 1]",46.59999999999949,"[7, 7]","[0, 0]","[0, 0]",6
9,"[2, 1]",49.44999999999933,"[8, 8]","[0, 0]","[0, 0]",6
10,"[2, 1]",52.09999999999918,"[9, 9]","[0, 0]","[0, 0]",6
11,"[2, 1]",59.49999999999876,"[10, 0]","[2.1500000000000004, 0]","[2.1500000000000004, 0]",6
12,"[2, 1]",71.2999999999981,"[11, 5]","[10.800000000000018, 0]","[9.650000000000002, 0]",6
13,"[2, 1]",73.59999999999796,"[12, 12]","[17.25000000000011, 0]","[1.900000000000001, 0]",6
14,"[2, 1]",76.74999999999778,"[13, 13]","[17.700000000000117, 0]","[0, 0]",6
15,"[2, 1]",80.14999999999759,"[14, 14]","[20.00000000000015, 0]","[0, 0]",6
16,"[2, 3]",114.94999999999561,"[15, -999]","[24.800000000000217, 0]","[0.05, 0]",6
17,"[2, 1]",88.49999999999712,"[16, 23]","[22.450000000000184, 0]","[0, 0]",6
18,"[2, 3]",120.3999999999953,"[17, 16]","[20.75000000000016, 0]","[0, 0]",6
19,"[2, 3]",124.29999999999508,"[18, 18]","[19.150000000000137, 0]","[0, 0]",6
20,"[2, 3]",132.999999999996,"[19, 30]","[17.650000000000116, 0]","[0, 0]",6
21,"[2, 1]",104.89999999999618,"[20, 35]","[16.150000000000095, 0]","[0, 0]",6
22,"[2, 1]",107.89999999999601,"[21, 21]","[14.700000000000074, 0]","[0, 0]",6
23,"[0, 1]",67.5999999999983,"[5, 15]","[0, 0]","[0, 0]",6
24,"[2, 3]",141.24999999999787,"[22, 38]","[13.250000000000053, 0]","[0, 0]",6
25,"[2, 1]",110.34999999999587,"[24, 22]","[11.800000000000033, 0]","[0, 0]",6
26,"[2, 1]",114.49999999999564,"[25, 25]","[10.350000000000012, 0]","[0, 0]",6
27,"[2, 1]",128.1499999999949,"[26, 47]","[11.400000000000027, 0]","[2.499999999999999, 0]",6
28,"[2, 1]",129.0999999999951,"[27, 27]","[7.4499999999999815, 0]","[0, 0]",6
29,"[2, 1]",138.49999999999724,"[28, 49]","[9.249999999999996, 0]","[3.1999999999999966, 0]",6
30,"[0, 3]",105.44999999999615,"[23, 19]","[2.6999999999999984, 0]","[2.6999999999999984, 0]",6
31,"[2, 1]",138.39999999999722,"[29, 29]","[4.6499999999999915, 0]","[0, 0]",6
32,"[2, 3]",173.0000000000051,"[31, 55]","[4.249999999999993, 0]","[0, 0]",6
33,"[2, 1]",150.24999999999991,"[32, 59]","[4.199999999999993, 0]","[0, 0]",6
34,"[2, 1]",151.70000000000024,"[33, 33]","[3.4999999999999956, 0]","[0, 0]",6
35,"[0, 1]",68.69999999999824,"[30, -999]","[0, 0]","[0, 0]",6
36,"[0, 3]",103.09999999999629,"[35, 20]","[0, 0]","[0, 0]",6
37,"[2, 1]",156.7500000000014,"[34, 62]","[6.749999999999984, 0]","[3.149999999999997, 0]",6
38,"[0, 3]",104.09999999999623,"[36, 36]","[0, 0]","[0, 0]",6
39,"[2, 1]",156.65000000000137,"[37, 37]","[6.0499999999999865, 0]","[0, 0]",6
40,"[2, 1]",160.00000000000213,"[39, 39]","[9.600000000000001, 0]","[0, 0]",6
41,"[2, 3]",198.90000000001098,"[40, 70]","[13.150000000000052, 0]","[0, 0]",6
42,"[2, 3]",201.7000000000116,"[41, 41]","[15.200000000000081, 0]","[0, 0]",6
43,"[2, 3]",204.60000000001227,"[42, 42]","[16.4500000000001, 0]","[0, 0]",6
44,"[2, 1]",176.30000000000584,"[43, 73]","[22.000000000000178, 0]","[0, 0]",6
45,"[0, 1]",78.44999999999769,"[38, 26]","[6.349999999999985, 0]","[6.349999999999985, 0]",6
46,"[2, 1]",189.3500000000088,"[44, 79]","[29.80000000000029, 0]","[6.549999999999985, 0]",6
47,"[0, 1]",77.29999999999775,"[45, 45]","[0, 0]","[0, 0]",6
48,"[0, 3]",109.44999999999592,"[47, 24]","[0, 0]","[0, 0]",6
49,"[0, 1]",88.39999999999712,"[48, 28]","[2.9499999999999975, 0]","[2.9499999999999975, 0]",6
50,"[2, 1]",184.9000000000078,"[46, 46]","[24.25000000000021, 0]","[0, 0]",6
51,"[2, 1]",188.10000000000852,"[50, 50]","[25.00000000000022, 0]","[0, 0]",6
52,"[2, 3]",222.7500000000164,"[51, 75]","[25.900000000000233, 0]","[0, 0]",6
53,"[2, 3]",226.95000000001735,"[52, 52]","[25.950000000000234, 0]","[0, 0]",6
54,"[0, 3]",110.99999999999584,"[49, 48]","[0, 0]","[0, 0]",6
55,"[0, 3]",115.0499999999956,"[54, 54]","[0, 0]","[0, 0]",6
56,"[2, 1]",194.45000000000996,"[53, -999]","[26.850000000000247, 0]","[0, 0]",6
57,"[0, 1]",86.19999999999725,"[55, 31]","[0, 0]","[0, 0]",6
58,"[2, 1]",195.75000000001026,"[56, 56]","[28.050000000000264, 0]","[0, 0]",6
59,"[0, 1]",86.54999999999723,"[57, 57]","[0, 0]","[0, 0]",6
60,"[2, 1]",196.95000000001053,"[58, 58]","[30.150000000000293, 0]","[0, 0]",6
61,"[0, 3]",116.9999999999955,"[59, 32]","[0, 0]","[0, 0]",6
62,"[0, 1]",95.29999999999673,"[61, 34]","[2.849999999999998, 0]","[2.849999999999998, 0]",6
63,"[0, 3]",126.99999999999493,"[62, 61]","[0, 0]","[0, 0]",6
64,"[2, 1]",193.80000000000982,"[60, 60]","[31.500000000000313, 0]","[0, 0]",6
65,"[2, 1]",197.50000000001066,"[64, 64]","[32.600000000000286, 0]","[0, 0]",6
66,"[2, 1]",200.85000000001142,"[65, 65]","[35.50000000000012, 0]","[0, 0]",6
67,"[0, 3]",124.29999999999508,"[63, 63]","[0, 0]","[0, 0]",6
68,"[2, 1]",202.15000000001172,"[66, 66]","[38.09999999999997, 0]","[0, 0]",6
69,"[0, 3]",125.39999999999502,"[67, 67]","[0, 0]","[0, 0]",6
70,"[0, 3]",128.49999999999497,"[69, 69]","[0, 0]","[0, 0]",6
71,"[0, 1]",100.49999999999643,"[70, 40]","[0, 0]","[0, 0]",6
72,"[0, 1]",103.34999999999627,"[71, 71]","[0, 0]","[0, 0]",6
73,"[0, 1]",106.19999999999611,"[72, 72]","[0, 0]","[0, 0]",6
74,"[2, 3]",224.75000000001685,"[68, 53]","[39.74999999999988, 0]","[0, 0]",6
75,"[0, 3]",137.94999999999712,"[73, 43]","[0, 0]","[0, 0]",6
76,"[2, 1]",196.15000000001035,"[74, 68]","[27.00000000000025, 0]","[0, 0]",6
77,"[0, 1]",108.89999999999596,"[75, 44]","[0, 0]","[0, 0]",6
78,"[2, 1]",198.05000000001078,"[76, 76]","[28.150000000000265, 0]","[0, 0]",6
79,"[0, 1]",108.99999999999595,"[77, 77]","[0, 0]","[0, 0]",6
0,"[2, 3]",67.79999999999829,"[-999, -999]","[0, 0]","[0, 0]",7
1,"[2, 1]",38.09999999999997,"[0, -999]","[0, 0]","[0, 0]",7
2,"[0, 3]",101.29999999999639,"[-999, 11]","[0, 0]","[0, 0]",7
3,"[2, 3]",69.4499999999982,"[1, 0]","[0, 0]","[0, 0]",7
4,"[0, 3]",102.19999999999634,"[2, 2]","[0, 0]","[0, 0]",7
5,"[0, 3]",104.99999999999618,"[4, 4]","[0, 0]","[0, 0]",7
6,"[0, 1]",75.34999999999786,"[5, 14]","[0, 0]","[0, 0]",7
7,"[2, 1]",36.55000000000006,"[3, 1]","[0, 0]","[0, 0]",7
8,"[2, 1]",39.3499999999999,"[7, 7]","[0, 0]","[0, 0]",7
9,"[2, 3]",71.1499999999981,"[8, 3]","[0, 0]","[0, 0]",7
10,"[2, 1]",42.8999999999997,"[9, 8]","[0, 0]","[0, 0]",7
11,"[2, 3]",74.7999999999979,"[10, 9]","[0, 0]","[0, 0]",7
12,"[2, 1]",46.54999999999949,"[11, 10]","[0, 0]","[0, 0]",7
13,"[2, 1]",49.79999999999931,"[12, 12]","[0, 0]","[0, 0]",7
14,"[2, 1]",52.69999999999914,"[13, 13]","[0, 0]","[0, 0]",7
15,"[0, 1]",67.84999999999829,"[6, 16]","[0, 0]","[0, 0]",7
16,"[2, 1]",59.24999999999877,"[14, 6]","[2.5999999999999988, 0]","[2.5999999999999988, 0]",7
17,"[2, 3]",89.74999999999704,"[16, 5]","[0, 0]","[0, 0]",7
18,"[2, 1]",67.34999999999832,"[17, 15]","[7.099999999999983, 0]","[3.4999999999999956, 0]",7
19,"[2, 1]",70.19999999999816,"[18, 18]","[1.800000000000001, 0]","[0, 0]",7
20,"[2, 1]",78.74999999999767,"[19, 21]","[0, 0]","[0, 0]",7
21,"[0, 1]",71.44999999999808,"[15, 19]","[0, 0]","[0, 0]",7
22,"[2, 1]",78.2499999999977,"[20, 20]","[0, 0]","[0, 0]",7
23,"[2, 1]",87.49999999999717,"[22, 27]","[10.650000000000016, 0]","[0, 0]",7
24,"[2, 3]",118.5999999999954,"[23, 25]","[9.149999999999995, 0]","[0, 0]",7
25,"[0, 3]",97.74999999999659,"[21, 17]","[0, 0]","[0, 0]",7
26,"[2, 1]",89.89999999999704,"[24, 28]","[7.649999999999981, 0]","[0, 0]",7
27,"[0, 1]",73.59999999999796,"[25, 22]","[0, 0]","[0, 0]",7
28,"[0, 1]",80.49999999999757,"[27, 23]","[2.499999999999999, 0]","[2.499999999999999, 0]",7
29,"[0, 3]",113.89999999999567,"[28, 24]","[0, 0]","[0, 0]",7
30,"[0, 3]",117.19999999999548,"[29, 29]","[0, 0]","[0, 0]",7
31,"[2, 1]",84.59999999999734,"[26, 26]","[6.299999999999986, 0]","[0, 0]",7
32,"[2, 3]",123.04999999999515,"[31, 37]","[4.94999999999999, 0]","[0, 0]",7
33,"[2, 1]",100.84999999999641,"[32, 42]","[3.599999999999995, 0]","[0, 0]",7
34,"[2, 1]",107.54999999999603,"[33, 43]","[2.7499999999999982, 0]","[0, 0]",7
35,"[2, 3]",146.6999999999991,"[34, 49]","[2.3999999999999995, 0]","[0, 0]",7
36,"[2, 3]",150.1499999999999,"[35, 35]","[1.950000000000001, 0]","[0, 0]",7
37,"[0, 3]",106.64999999999608,"[30, 30]","[0, 0]","[0, 0]",7
38,"[2, 3]",151.35000000000016,"[36, 36]","[2.1500000000000004, 0]","[0, 0]",7
39,"[2, 1]",127.3499999999949,"[38, 56]","[2.3499999999999996, 0]","[0, 0]",7
40,"[0, 1]",74.29999999999792,"[37, 31]","[0, 0]","[0, 0]",7
41,"[2, 1]",126.64999999999495,"[39, 39]","[2.499999999999999, 0]","[0, 0]",7
42,"[0, 1]",74.84999999999789,"[40, 40]","[0, 0]","[0, 0]",7
43,"[0, 1]",83.99999999999737,"[42, 33]","[1.850000000000001, 0]","[1.850000000000001, 0]",7
44,"[2, 1]",130.99999999999554,"[41, 59]","[2.6999999999999984, 0]","[0, 0]",7
45,"[2, 1]",137.69999999999706,"[44, 60]","[2.6999999999999984, 0]","[0, 0]",7
46,"[0, 3]",109.69999999999591,"[43, 32]","[0, 0]","[0, 0]",7
47,"[2, 1]",142.09999999999806,"[45, 62]","[4.399999999999992, 0]","[0, 0]",7
48,"[2, 1]",148.79999999999959,"[47, 66]","[8.699999999999989, 0]","[0, 0]",7
49,"[0, 3]",109.24999999999594,"[46, 46]","[0, 0]","[0, 0]",7
50,"[0, 1]",82.34999999999746,"[49, 34]","[0, 0]","[0, 0]",7
51,"[0, 1]",85.1999999999973,"[50, 50]","[0, 0]","[0, 0]",7
52,"[2, 3]",173.35000000000517,"[48, 58]","[11.800000000000033, 0]","[0, 0]",7
53,"[2, 1]",146.94999999999916,"[52, 68]","[12.650000000000045, 0]","[0, 0]",7
54,"[2, 1]",162.15000000000262,"[53, 73]","[16.100000000000094, 0]","[3.4499999999999957, 0]",7
55,"[0, 1]",81.29999999999752,"[51, 51]","[0, 0]","[0, 0]",7
56,"[0, 1]",84.04999999999737,"[55, 55]","[0, 0]","[0, 0]",7
57,"[0, 3]",116.74999999999551,"[56, 38]","[0, 0]","[0, 0]",7
58,"[0, 3]",120.5499999999953,"[57, 57]","[0, 0]","[0, 0]",7
59,"[0, 1]",91.64999999999694,"[58, 41]","[0, 0]","[0, 0]",7
60,"[0, 1]",99.04999999999652,"[59, 44]","[2.499999999999999, 0]","[2.499999999999999, 0]",7
61,"[2, 1]",156.10000000000124,"[54, 76]","[14.250000000000068, 0]","[0, 0]",7
62,"[0, 1]",103.44999999999627,"[60, 45]","[2.499999999999999, 0]","[2.499999999999999, 0]",7
63,"[2, 3]",187.80000000000845,"[61, 77]","[17.050000000000107, 0]","[0, 0]",7
64,"[2, 1]",160.10000000000215,"[63, 61]","[19.150000000000137, 0]","[0, 0]",7
65,"[2, 3]",194.90000000001007,"[64, 63]","[20.500000000000156, 0]","[0, 0]",7
66,"[0, 1]",103.44999999999627,"[62, 47]","[2.549999999999999, 0]","[2.549999999999999, 0]",7
67,"[2, 1]",165.90000000000347,"[65, 64]","[21.600000000000172, 0]","[0, 0]",7
68,"[0, 1]",107.74999999999602,"[66, 48]","[2.499999999999999, 0]","[2.499999999999999, 0]",7
69,"[2, 1]",167.70000000000388,"[67, 67]","[21.750000000000174, 0]","[0, 0]",7
70,"[2, 1]",171.05000000000464,"[69, 69]","[20.900000000000162, 0]","[0, 0]",7
71,"[0, 3]",137.49999999999702,"[68, 52]","[0, 0]","[0, 0]",7
72,"[0, 1]",110.94999999999584,"[71, 53]","[0.49999999999999994, 0]","[0, 0]",7
73,"[0, 1]",113.2999999999957,"[72, 72]","[1.0500000000000003, 0]","[0, 0]",7
74,"[2, 1]",167.8000000000039,"[70, 70]","[21.750000000000174, 0]","[0, 0]",7
75,"[0, 3]",143.74999999999844,"[73, 71]","[1.2000000000000004, 0]","[0, 0]",7
76,"[0, 1]",116.8999999999955,"[75, 54]","[1.2500000000000004, 0]","[0, 0]",7
77,"[0, 3]",149.84999999999982,"[76, 75]","[1.2500000000000004, 0]","[0, 0]",7
78,"[2, 3]",195.35000000001017,"[74, 65]","[20.65000000000016, 0]","[0, 0]",7
79,"[2, 3]",199.60000000001114,"[78, 78]","[20.950000000000163, 0]","[0, 0]",7
0,"[0, 1]",69.79999999999818,"[-999, 10]","[0, 0]","[0, 0]",8
1,"[0, 1]",77.99999999999771,"[0, 14]","[3.1999999999999966, 0]","[3.1999999999999966, 0]",8
2,"[0, 3]",108.34999999999599,"[1, 12]","[0, 0]","[0, 0]",8
3,"[0, 1]",81.8499999999975,"[2, 16]","[0, 0]","[0, 0]",8
4,"[2, 1]",36.45000000000007,"[-999, -999]","[0, 0]","[0, 0]",8
5,"[0, 3]",112.29999999999576,"[3, 2]","[0, 0]","[0, 0]",8
6,"[0, 3]",116.24999999999554,"[5, 5]","[0, 0]","[0, 0]",8
7,"[0, 3]",124.89999999999505,"[6, 18]","[2.849999999999998, 0]","[2.849999999999998, 0]",8
8,"[2, 1]",36.55000000000006,"[4, 4]","[0, 0]","[0, 0]",8
9,"[2, 3]",69.4499999999982,"[8, -999]","[0, 0]","[0, 0]",8
10,"[2, 1]",39.54999999999989,"[9, 8]","[0, 0]","[0, 0]",8
11,"[0, 3]",120.79999999999528,"[7, 7]","[0, 0]","[0, 0]",8
12,"[2, 3]",71.39999999999809,"[10, 9]","[0, 0]","[0, 0]",8
13,"[0, 1]",92.2499999999969,"[11, 22]","[0, 0]","[0, 0]",8
14,"[2, 1]",42.24999999999974,"[12, 0]","[0, 0]","[0, 0]",8
15,"[0, 3]",123.64999999999512,"[13, 23]","[0, 0]","[0, 0]",8
16,"[2, 1]",48.34999999999939,"[14, 1]","[3.5499999999999954, 0]","[3.5499999999999954, 0]",8
17,"[2, 1]",56.29999999999894,"[16, 3]","[3.349999999999996, 0]","[3.349999999999996, 0]",8
18,"[2, 3]",94.84999999999675,"[17, 6]","[0, 0]","[0, 0]",8
19,"[0, 1]",90.449999999997,"[15, 24]","[0, 0]","[0, 0]",8
20,"[2, 1]",63.49999999999853,"[18, 17]","[15.650000000000087, 0]","[0.5499999999999999, 0]",8
21,"[0, 1]",90.39999999999701,"[19, 19]","[0, 0]","[0, 0]",8
22,"[2, 1]",65.04999999999845,"[20, 20]","[15.700000000000088, 0]","[0, 0]",8
23,"[2, 3]",99.84999999999647,"[22, 11]","[13.350000000000055, 0]","[0, 0]",8
24,"[2, 1]",72.34999999999803,"[23, 13]","[11.700000000000031, 0]","[0, 0]",8
25,"[0, 1]",91.29999999999696,"[21, 27]","[2.499999999999999, 0]","[2.499999999999999, 0]",8
26,"[0, 1]",99.44999999999649,"[25, 28]","[2.000000000000001, 0]","[2.000000000000001, 0]",8
27,"[2, 1]",83.19999999999742,"[24, 21]","[13.600000000000058, 0]","[2.6999999999999984, 0]",8
28,"[2, 1]",89.39999999999706,"[27, 25]","[9.750000000000004, 0]","[0, 0]",8
29,"[0, 1]",101.74999999999636,"[26, 30]","[2.4499999999999993, 0]","[2.4499999999999993, 0]",8
30,"[2, 1]",93.74999999999682,"[28, 26]","[8.399999999999984, 0]","[0, 0]",8
31,"[0, 3]",129.59999999999522,"[29, 15]","[0, 0]","[0, 0]",8
32,"[2, 1]",98.24999999999656,"[30, 29]","[6.749999999999984, 0]","[0, 0]",8
33,"[0, 3]",131.49999999999565,"[31, 31]","[0, 0]","[0, 0]",8
34,"[2, 3]",145.54999999999885,"[32, 38]","[13.800000000000061, 0]","[9.349999999999998, 0]",8
35,"[2, 1]",134.24999999999628,"[34, 43]","[12.750000000000046, 0]","[9.650000000000002, 0]",8
36,"[2, 3]",165.2000000000033,"[35, 34]","[1.6500000000000008, 0]","[0, 0]",8
37,"[0, 3]",128.09999999999488,"[33, 33]","[0.39999999999999997, 0]","[0, 0]",8
38,"[0, 3]",131.09999999999556,"[37, 37]","[1.0000000000000002, 0]","[0, 0]",8
39,"[0, 1]",103.69999999999625,"[38, -999]","[1.4000000000000006, 0]","[0, 0]",8
40,"[2, 3]",162.65000000000273,"[36, 36]","[0, 0]","[0, 0]",8
41,"[0, 1]",104.29999999999622,"[39, 39]","[0.65, 0]","[0, 0]",8
42,"[0, 1]",107.09999999999606,"[41, 41]","[0, 0]","[0, 0]",8
43,"[0, 1]",109.8999999999959,"[42, 42]","[0, 0]","[0, 0]",8
44,"[0, 1]",117.59999999999546,"[43, 35]","[2.4499999999999993, 0]","[2.4499999999999993, 0]",8
45,"[2, 1]",125.699999999995,"[40, 47]","[0, 0]","[0, 0]",8
46,"[2, 1]",129.0999999999951,"[45, 45]","[0, 0]","[0, 0]",8
47,"[0, 1]",115.1999999999956,"[44, 44]","[0, 0]","[0, 0]",8
48,"[0, 3]",150.29999999999993,"[47, 40]","[0, 0]","[0, 0]",8
49,"[2, 1]",139.84999999999755,"[46, 54]","[6.849999999999984, 0]","[2.8999999999999977, 0]",8
50,"[2, 1]",140.84999999999778,"[49, 49]","[9.099999999999994, 0]","[0, 0]",8
51,"[2, 1]",155.35000000000107,"[50, 62]","[18.150000000000123, 0]","[6.5999999999999845, 0]",8
52,"[0, 3]",146.6499999999991,"[48, 48]","[0, 0]","[0, 0]",8
53,"[0, 1]",119.94999999999533,"[52, 46]","[0, 0]","[0, 0]",8
54,"[0, 1]",122.2999999999952,"[53, 53]","[0, 0]","[0, 0]",8
55,"[2, 1]",150.65,"[51, 51]","[14.700000000000074, 0]","[0, 0]",8
56,"[0, 3]",152.8000000000005,"[54, 52]","[0, 0]","[0, 0]",8
57,"[2, 3]",183.05000000000737,"[55, 64]","[35.10000000000014, 0]","[0, 0]",8
58,"[0, 1]",129.14999999999512,"[56, 50]","[2.849999999999998, 0]","[2.849999999999998, 0]",8
59,"[2, 3]",184.60000000000773,"[57, 57]","[34.95000000000015, 0]","[0, 0]",8
60,"[2, 3]",188.25000000000855,"[59, 59]","[35.600000000000115, 0]","[0, 0]",8
61,"[2, 1]",163.15000000000285,"[60, 75]","[36.95000000000004, 0]","[0, 0]",8
62,"[0, 1]",124.54999999999507,"[58, 58]","[0, 0]","[0, 0]",8
63,"[0, 3]",157.05000000000146,"[62, 56]","[0, 0]","[0, 0]",8
64,"[0, 3]",161.10000000000238,"[63, 63]","[0, 0]","[0, 0]",8
65,"[2, 3]",188.70000000000866,"[61, 60]","[40.29999999999985, 0]","[0, 0]",8
66,"[2, 3]",198.6000000000109,"[65, 77]","[43.04999999999969, 0]","[0, 0]",8
67,"[0, 1]",129.8999999999953,"[64, 55]","[0, 0]","[0, 0]",8
68,"[0, 1]",132.49999999999588,"[67, 67]","[0, 0]","[0, 0]",8
69,"[2, 1]",165.00000000000327,"[66, 76]","[44.749999999999595, 0]","[0, 0]",8
70,"[0, 1]",132.999999999996,"[68, 68]","[0, 0]","[0, 0]",8
71,"[2, 1]",166.60000000000363,"[69, 69]","[45.54999999999955, 0]","[0, 0]",8
72,"[2, 3]",200.65000000001137,"[71, 66]","[47.79999999999942, 0]","[0, 0]",8
73,"[2, 3]",205.1000000000124,"[72, 72]","[49.9999999999993, 0]","[0, 0]",8
74,"[2, 1]",177.30000000000607,"[73, -999]","[51.6999999999992, 0]","[0, 0]",8
75,"[0, 1]",126.79999999999494,"[70, 70]","[0, 0]","[0, 0]",8
76,"[0, 1]",135.44999999999655,"[75, 61]","[3.049999999999997, 0]","[3.049999999999997, 0]",8
77,"[0, 3]",168.30000000000402,"[76, 65]","[0, 0]","[0, 0]",8
78,"[2, 1]",174.3500000000054,"[74, 74]","[52.89999999999913, 0]","[0, 0]",8
79,"[2, 1]",177.9000000000062,"[78, 78]","[54.19999999999906, 0]","[0, 0]",8
0,"[2, 3]",67.79999999999829,"[-999, -999]","[0, 0]","[0, 0]",9
1,"[0, 3]",105.79999999999613,"[-999, 10]","[0, 0]","[2.8999999999999977, 0]",9
2,"[2, 3]",69.84999999999818,"[0, 0]","[0, 0]","[0, 0]",9
3,"[0, 1]",74.44999999999791,"[1, 12]","[0, 0]","[0, 0]",9
4,"[2, 1]",36.80000000000005,"[2, -999]","[0, 0]","[0, 0]",9
5,"[2, 3]",70.59999999999813,"[4, 2]","[0, 0]","[0, 0]",9
6,"[0, 3]",104.44999999999621,"[3, 13]","[0, 0]","[0, 0]",9
7,"[2, 3]",71.94999999999806,"[5, 5]","[0, 0]","[0, 0]",9
8,"[2, 3]",75.04999999999788,"[7, 7]","[0, 0]","[0, 0]",9
9,"[2, 3]",77.89999999999772,"[8, 8]","[0, 0]","[0, 0]",9
10,"[2, 3]",80.59999999999756,"[9, 9]","[0, 0]","[0, 0]",9
11,"[0, 1]",68.09999999999827,"[6, 15]","[0, 0]","[0, 0]",9
12,"[2, 1]",49.39999999999933,"[10, -999]","[0, 0]","[0, 0]",9
13,"[2, 3]",83.79999999999738,"[12, 1]","[0, 0]","[0, 0]",9
14,"[0, 1]",71.79999999999806,"[11, 16]","[0, 0]","[0, 0]",9
15,"[2, 1]",53.14999999999912,"[13, 3]","[0, 0]","[0, 0]",9
16,"[2, 1]",63.29999999999854,"[15, 11]","[3.349999999999996, 0]","[3.349999999999996, 0]",9
17,"[0, 3]",99.89999999999647,"[14, 6]","[0, 0]","[0, 0]",9
18,"[2, 1]",67.94999999999828,"[16, 14]","[0, 0]","[0, 0]",9
19,"[0, 1]",72.24999999999804,"[17, 18]","[0, 0]","[0, 0]",9
20,"[2, 3]",99.69999999999648,"[18, 17]","[16.5000000000001, 0]","[0, 0]",9
21,"[0, 3]",103.14999999999628,"[19, 20]","[0, 0]","[0, 0]",9
22,"[2, 3]",106.2499999999961,"[20, 21]","[14.40000000000007, 0]","[0, 0]",9
23,"[0, 3]",109.04999999999595,"[21, 22]","[2.549999999999999, 0]","[2.549999999999999, 0]",9
24,"[0, 1]",80.44999999999757,"[23, -999]","[0, 0]","[0, 0]",9
25,"[2, 3]",109.49999999999592,"[22, 23]","[11.900000000000034, 0]","[0, 0]",9
26,"[0, 3]",112.04999999999578,"[24, 25]","[0, 0]","[0, 0]",9
27,"[2, 3]",114.74999999999562,"[25, 26]","[9.45, 0]","[0, 0]",9
28,"[2, 1]",85.09999999999731,"[27, 24]","[8.14999999999998, 0]","[0, 0]",9
29,"[2, 3]",120.99999999999527,"[28, 32]","[6.749999999999984, 0]","[0, 0]",9
30,"[2, 3]",130.09999999999533,"[29, 37]","[8.649999999999988, 0]","[3.1999999999999966, 0]",9
31,"[2, 3]",133.29999999999606,"[30, 30]","[4.099999999999993, 0]","[0, 0]",9
32,"[0, 3]",108.49999999999598,"[26, 27]","[2.799999999999998, 0]","[2.799999999999998, 0]",9
33,"[0, 1]",81.89999999999749,"[32, 28]","[0, 0]","[0, 0]",9
34,"[2, 3]",137.24999999999696,"[31, 41]","[2.6999999999999984, 0]","[0, 0]",9
35,"[2, 1]",120.64999999999529,"[34, 51]","[7.89999999999998, 0]","[6.5999999999999845, 0]",9
36,"[2, 1]",127.79999999999488,"[35, 54]","[0.5499999999999999, 0]","[0, 0]",9
37,"[0, 3]",108.74999999999596,"[33, 29]","[0, 0]","[0, 0]",9
38,"[0, 1]",80.94999999999754,"[37, 33]","[0, 0]","[0, 0]",9
39,"[2, 3]",157.30000000000152,"[36, 55]","[1.0500000000000003, 0]","[0, 0]",9
40,"[0, 1]",81.54999999999751,"[38, 38]","[0, 0]","[0, 0]",9
41,"[0, 3]",116.24999999999554,"[40, 31]","[0, 0]","[0, 0]",9
42,"[2, 1]",124.99999999999504,"[39, 56]","[1.3000000000000005, 0]","[0, 0]",9
43,"[2, 1]",128.649999999995,"[42, 42]","[1.5000000000000007, 0]","[0, 0]",9
44,"[2, 3]",167.50000000000384,"[43, 60]","[1.7500000000000009, 0]","[0, 0]",9
45,"[2, 1]",145.14999999999876,"[44, 67]","[3.899999999999994, 0]","[0, 0]",9
46,"[0, 1]",79.54999999999762,"[41, 40]","[0, 0]","[0, 0]",9
47,"[2, 3]",174.65000000000546,"[45, 44]","[6.399999999999985, 0]","[0, 0]",9
48,"[2, 3]",178.7500000000064,"[47, 47]","[6.399999999999985, 0]","[0, 0]",9
49,"[0, 1]",77.89999999999772,"[46, 46]","[0, 0]","[0, 0]",9
50,"[2, 1]",148.3999999999995,"[48, 70]","[7.4499999999999815, 0]","[0, 0]",9
51,"[0, 1]",78.49999999999768,"[49, 49]","[0, 0]","[0, 0]",9
52,"[2, 1]",156.05000000000123,"[50, 72]","[15.400000000000084, 0]","[3.2499999999999964, 0]",9
53,"[0, 3]",109.09999999999594,"[51, 34]","[0, 0]","[0, 0]",9
54,"[0, 1]",81.99999999999748,"[53, 35]","[0, 0]","[0, 0]",9
55,"[0, 3]",114.89999999999561,"[54, 53]","[0, 0]","[0, 0]",9
56,"[0, 1]",88.49999999999712,"[55, 36]","[0, 0]","[0, 0]",9
57,"[0, 3]",122.49999999999518,"[56, 39]","[0, 0]","[0, 0]",9
58,"[0, 3]",125.699999999995,"[57, 57]","[0, 0]","[0, 0]",9
59,"[2, 1]",156.60000000000136,"[52, 77]","[18.900000000000134, 0]","[6.5999999999999845, 0]",9
60,"[0, 3]",126.34999999999496,"[58, 58]","[0, 0]","[0, 0]",9
61,"[2, 1]",160.65000000000228,"[59, 78]","[14.550000000000072, 0]","[0, 0]",9
62,"[0, 1]",96.19999999999668,"[60, 43]","[0, 0]","[0, 0]",9
63,"[2, 1]",160.15000000000217,"[61, 61]","[20.950000000000163, 0]","[0, 0]",9
64,"[2, 3]",194.70000000001002,"[63, 79]","[24.800000000000217, 0]","[0, 0]",9
65,"[2, 3]",198.70000000001093,"[64, 64]","[28.100000000000264, 0]","[0, 0]",9
66,"[2, 3]",202.35000000001176,"[65, 65]","[29.750000000000288, 0]","[0, 0]",9
67,"[0, 1]",89.99999999999703,"[62, 62]","[0, 0]","[0, 0]",9
68,"[0, 1]",97.34999999999661,"[67, 45]","[2.4499999999999993, 0]","[2.4499999999999993, 0]",9
69,"[2, 3]",201.40000000001154,"[66, 66]","[31.40000000000031, 0]","[0, 0]",9
70,"[0, 1]",97.29999999999661,"[68, 68]","[0, 0]","[0, 0]",9
71,"[0, 3]",132.6499999999959,"[70, 48]","[0, 0]","[0, 0]",9
72,"[0, 1]",105.24999999999616,"[71, 50]","[0, 0]","[0, 0]",9
73,"[0, 3]",137.8499999999971,"[72, 71]","[0, 0]","[0, 0]",9
74,"[2, 1]",164.50000000000315,"[69, -999]","[29.600000000000286, 0]","[0, 0]",9
75,"[0, 1]",109.19999999999594,"[73, 52]","[0, 0]","[0, 0]",9
76,"[2, 3]",197.35000000001062,"[74, 69]","[33.300000000000246, 0]","[0, 0]",9
77,"[0, 1]",109.8499999999959,"[75, 75]","[0, 0]","[0, 0]",9
78,"[0, 1]",118.99999999999538,"[77, 59]","[1.1000000000000003, 0]","[1.1000000000000003, 0]",9
79,"[0, 3]",149.09999999999965,"[78, 73]","[0, 0]","[0, 0]",9
0,"[2, 1]",36.45000000000007,"[-999, -999]","[0, 0]","[0, 0]",10
1,"[2, 1]",39.04999999999992,"[0, 0]","[0, 0]","[0, 0]",10
2,"[0, 1]",67.49999999999831,"[-999, 12]","[0, 0]","[0, 0]",10
3,"[0, 1]",74.84999999999789,"[2, 15]","[0, 0]","[0, 0]",10
4,"[0, 1]",77.19999999999776,"[3, 3]","[0, 0]","[0, 0]",10
5,"[2, 3]",67.89999999999829,"[1, -999]","[0, 0]","[0, 0]",10
6,"[0, 1]",77.69999999999773,"[4, 4]","[0, 0]","[0, 0]",10
7,"[0, 3]",110.49999999999586,"[6, 10]","[0, 0]","[0, 0]",10
8,"[0, 1]",84.39999999999735,"[7, 24]","[0, 0]","[0, 0]",10
9,"[0, 3]",118.84999999999539,"[8, 25]","[0, 0]","[0, 0]",10
10,"[2, 3]",68.44999999999825,"[5, 5]","[0, 0]","[0, 0]",10
11,"[0, 1]",89.19999999999708,"[9, 26]","[0, 0]","[0, 0]",10
12,"[2, 1]",36.75000000000005,"[10, -999]","[0, 0]","[0, 0]",10
13,"[0, 1]",89.64999999999705,"[11, 11]","[0, 0]","[0, 0]",10
14,"[0, 1]",92.3499999999969,"[13, 13]","[0, 0]","[0, 0]",10
15,"[2, 1]",43.29999999999968,"[12, 2]","[0, 0]","[0, 0]",10
16,"[0, 1]",92.89999999999687,"[14, 14]","[0, 0]","[0, 0]",10
17,"[0, 1]",95.64999999999671,"[16, 16]","[0, 0]","[0, 0]",10
18,"[0, 1]",103.34999999999627,"[17, 32]","[2.4499999999999993, 0]","[2.4499999999999993, 0]",10
19,"[0, 1]",105.49999999999615,"[18, 18]","[0, 0]","[0, 0]",10
20,"[0, 1]",108.149999999996,"[19, 19]","[0, 0]","[0, 0]",10
21,"[0, 1]",117.04999999999549,"[20, 35]","[2.25, 0]","[2.25, 0]",10
22,"[0, 3]",149.84999999999982,"[21, 37]","[0, 0]","[0, 0]",10
23,"[0, 3]",153.00000000000054,"[22, 22]","[0, 0]","[0, 0]",10
24,"[2, 1]",40.99999999999981,"[15, 6]","[0, 0]","[0, 0]",10
25,"[2, 3]",77.04999999999777,"[24, 7]","[3.049999999999997, 0]","[3.049999999999997, 0]",10
26,"[2, 1]",50.09999999999929,"[25, 8]","[0, 0]","[0, 0]",10
27,"[0, 3]",154.40000000000086,"[23, 38]","[2.3999999999999995, 0]","[2.3999999999999995, 0]",10
28,"[2, 3]",81.94999999999749,"[26, 9]","[0, 0]","[0, 0]",10
29,"[0, 1]",123.29999999999514,"[27, -999]","[0, 0]","[0, 0]",10
30,"[2, 3]",83.4499999999974,"[28, 28]","[0, 0]","[0, 0]",10
31,"[2, 3]",87.0499999999972,"[30, 30]","[0, 0]","[0, 0]",10
32,"[2, 1]",68.24999999999827,"[31, 17]","[7.99999999999998, 0]","[2.799999999999998, 0]",10
33,"[2, 3]",98.99999999999652,"[32, 31]","[3.2499999999999964, 0]","[0, 0]",10
34,"[2, 3]",103.14999999999628,"[33, 33]","[1.6000000000000008, 0]","[0, 0]",10
35,"[2, 1]",80.0499999999976,"[34, 20]","[0, 0]","[0, 0]",10
36,"[0, 3]",144.19999999999854,"[29, 40]","[0, 0]","[0, 0]",10
37,"[2, 3]",109.44999999999592,"[35, 34]","[0, 0]","[0, 0]",10
38,"[2, 3]",124.64999999999506,"[37, 23]","[2.549999999999999, 0]","[2.549999999999999, 0]",10
39,"[0, 1]",112.14999999999577,"[36, 41]","[0, 0]","[0, 0]",10
40,"[2, 3]",130.19999999999536,"[38, 27]","[3.1999999999999966, 0]","[3.1999999999999966, 0]",10
41,"[2, 1]",101.1999999999964,"[40, 29]","[4.049999999999994, 0]","[0, 0]",10
42,"[0, 1]",114.74999999999562,"[39, 46]","[2.4499999999999993, 0]","[2.4499999999999993, 0]",10
43,"[0, 3]",146.54999999999907,"[42, 36]","[0, 0]","[0, 0]",10
44,"[0, 3]",150.6,"[43, 43]","[0, 0]","[0, 0]",10
45,"[0, 1]",122.94999999999516,"[44, 55]","[0, 0]","[0, 0]",10
46,"[2, 1]",101.84999999999636,"[41, 39]","[3.7999999999999945, 0]","[0, 0]",10
47,"[0, 1]",123.54999999999512,"[45, 45]","[0, 0]","[0, 0]",10
48,"[0, 3]",156.4000000000013,"[47, 44]","[0, 0]","[0, 0]",10
49,"[0, 1]",129.19999999999513,"[48, 56]","[0, 0]","[0, 0]",10
50,"[0, 3]",162.15000000000262,"[49, 48]","[0, 0]","[0, 0]",10
51,"[0, 3]",166.10000000000352,"[50, 50]","[0, 0]","[0, 0]",10
52,"[2, 1]",97.24999999999662,"[46, 42]","[0, 0]","[0, 0]",10
53,"[0, 3]",167.10000000000375,"[51, 51]","[0, 0]","[0, 0]",10
54,"[0, 3]",170.15000000000444,"[53, 53]","[0, 0]","[0, 0]",10
55,"[2, 1]",94.29999999999679,"[52, 52]","[0, 0]","[0, 0]",10
56,"[2, 1]",109.44999999999592,"[55, 47]","[6.8999999999999835, 0]","[6.699999999999984, 0]",10
57,"[2, 1]",116.49999999999552,"[56, 49]","[0, 0]","[0, 0]",10
58,"[0, 1]",135.99999999999667,"[54, 59]","[0, 0]","[0, 0]",10
59,"[2, 1]",115.59999999999557,"[57, 57]","[2.5999999999999988, 0]","[0, 0]",10
60,"[0, 3]",167.60000000000386,"[58, 61]","[0, 0]","[0, 0]",10
61,"[2, 3]",159.95000000000212,"[59, 54]","[11.050000000000022, 0]","[6.499999999999985, 0]",10
62,"[0, 1]",138.04999999999714,"[60, 64]","[0.6, 0]","[0, 0]",10
63,"[0, 1]",140.74999999999775,"[62, 62]","[1.850000000000001, 0]","[0, 0]",10
64,"[2, 1]",127.19999999999492,"[61, 58]","[5.04999999999999, 0]","[0, 0]",10
65,"[0, 1]",141.24999999999787,"[63, 63]","[2.4499999999999993, 0]","[0, 0]",10
66,"[0, 3]",177.4000000000061,"[65, 70]","[2.799999999999998, 0]","[0, 0]",10
67,"[0, 3]",180.40000000000677,"[66, 66]","[3.149999999999997, 0]","[0, 0]",10
68,"[2, 3]",155.4500000000011,"[64, 60]","[6.399999999999985, 0]","[0, 0]",10
69,"[2, 3]",159.10000000000193,"[68, 68]","[10.90000000000002, 0]","[0, 0]",10
70,"[2, 3]",162.70000000000275,"[69, 69]","[11.200000000000024, 0]","[0, 0]",10
71,"[0, 1]",147.34999999999926,"[67, 74]","[4.099999999999993, 0]","[0, 0]",10
72,"[0, 1]",154.35000000000085,"[71, 76]","[7.299999999999982, 0]","[2.549999999999999, 0]",10
73,"[2, 1]",130.19999999999536,"[70, 65]","[10.350000000000012, 0]","[0, 0]",10
74,"[2, 1]",133.9499999999962,"[73, 73]","[12.200000000000038, 0]","[0, 0]",10
75,"[0, 3]",183.2000000000074,"[72, 77]","[4.6499999999999915, 0]","[0, 0]",10
76,"[2, 1]",141.04999999999782,"[74, 71]","[15.80000000000009, 0]","[0, 0]",10
77,"[2, 3]",172.2000000000049,"[76, 67]","[17.800000000000118, 0]","[0, 0]",10
78,"[2, 3]",182.05000000000715,"[77, 75]","[18.950000000000134, 0]","[0, 0]",10
79,"[0, 3]",185.10000000000784,"[75, 78]","[6.299999999999986, 0]","[2.4499999999999993, 0]",10
0,"[2, 3]",67.79999999999829,"[-999, -999]","[0, 0]","[0, 0]",11
1,"[0, 3]",102.34999999999633,"[-999, 9]","[0, 0]","[0, 0]",11
2,"[2, 3]",69.84999999999818,"[0, 0]","[0, 0]","[0, 0]",11
3,"[2, 3]",73.19999999999798,"[2, 2]","[0, 0]","[0, 0]",11
4,"[2, 3]",76.14999999999782,"[3, 3]","[0, 0]","[0, 0]",11
5,"[2, 3]",78.89999999999766,"[4, 4]","[0, 0]","[0, 0]",11
6,"[2, 3]",81.59999999999751,"[5, 5]","[0, 0]","[0, 0]",11
7,"[0, 1]",70.39999999999814,"[1, 12]","[0, 0]","[0, 0]",11
8,"[0, 1]",72.64999999999802,"[7, 7]","[0, 0]","[0, 0]",11
9,"[2, 3]",79.64999999999762,"[6, 6]","[0, 0]","[0, 0]",11
10,"[2, 1]",46.29999999999951,"[9, -999]","[0, 0]","[0, 0]",11
11,"[2, 3]",84.84999999999732,"[10, 1]","[3.1999999999999966, 0]","[3.1999999999999966, 0]",11
12,"[2, 1]",53.549999999999095,"[11, 10]","[0, 0]","[0, 0]",11
13,"[2, 1]",67.79999999999829,"[12, 8]","[6.499999999999985, 0]","[6.499999999999985, 0]",11
14,"[2, 1]",69.14999999999822,"[13, 13]","[0, 0]","[0, 0]",11
15,"[2, 3]",102.19999999999634,"[14, 11]","[0, 0]","[0, 0]",11
16,"[0, 1]",70.14999999999816,"[8, 14]","[0, 0]","[0, 0]",11
17,"[2, 3]",104.4999999999962,"[15, 15]","[0, 0]","[0, 0]",11
18,"[2, 1]",77.39999999999775,"[17, 16]","[20.350000000000154, 0]","[0.05, 0]",11
19,"[2, 1]",88.34999999999712,"[18, 22]","[21.50000000000017, 0]","[2.799999999999998, 0]",11
20,"[0, 3]",103.99999999999623,"[16, 17]","[3.049999999999997, 0]","[3.049999999999997, 0]",11
21,"[2, 1]",97.99999999999658,"[19, 27]","[20.05000000000015, 0]","[3.049999999999997, 0]",11
22,"[0, 1]",75.69999999999784,"[20, 18]","[2.3, 0]","[2.3, 0]",11
23,"[2, 3]",125.99999999999498,"[21, 20]","[15.400000000000084, 0]","[0, 0]",11
24,"[2, 1]",104.5999999999962,"[23, 33]","[13.900000000000063, 0]","[0, 0]",11
25,"[0, 1]",78.39999999999769,"[22, 19]","[2.3499999999999996, 0]","[2.3499999999999996, 0]",11
26,"[2, 1]",103.49999999999626,"[24, 24]","[12.400000000000041, 0]","[0, 0]",11
27,"[0, 1]",78.2999999999977,"[25, 25]","[0, 0]","[0, 0]",11
28,"[2, 3]",136.64999999999682,"[26, 35]","[10.95000000000002, 0]","[0, 0]",11
29,"[0, 1]",83.5999999999974,"[27, 21]","[2.3999999999999995, 0]","[2.3999999999999995, 0]",11
30,"[2, 1]",106.3499999999961,"[28, 36]","[9.45, 0]","[0, 0]",11
31,"[2, 3]",145.84999999999891,"[30, 40]","[9.800000000000004, 0]","[0, 0]",11
32,"[2, 1]",123.9499999999951,"[31, 46]","[12.900000000000048, 0]","[3.1999999999999966, 0]",11
33,"[0, 1]",78.99999999999766,"[29, 29]","[0, 0]","[0, 0]",11
34,"[0, 3]",111.29999999999582,"[33, 23]","[0, 0]","[0, 0]",11
35,"[0, 3]",115.1499999999956,"[34, 34]","[0, 0]","[0, 0]",11
36,"[0, 1]",87.24999999999719,"[35, 26]","[0, 0]","[0, 0]",11
37,"[2, 1]",123.64999999999512,"[32, 52]","[13.500000000000057, 0]","[3.349999999999996, 0]",11
38,"[2, 1]",132.24999999999582,"[37, 54]","[16.200000000000095, 0]","[3.349999999999996, 0]",11
39,"[0, 3]",117.49999999999547,"[36, 28]","[0, 0]","[0, 0]",11
40,"[0, 3]",120.4999999999953,"[39, 39]","[0, 0]","[0, 0]",11
41,"[2, 1]",146.6499999999991,"[38, 62]","[27.80000000000026, 0]","[10.000000000000007, 0]",11
42,"[2, 1]",152.8500000000005,"[41, 64]","[18.200000000000124, 0]","[0, 0]",11
43,"[0, 1]",88.09999999999714,"[40, 30]","[0, 0]","[0, 0]",11
44,"[2, 3]",184.1000000000076,"[42, 65]","[18.250000000000124, 0]","[0, 0]",11
45,"[2, 1]",156.50000000000134,"[44, 66]","[18.75000000000013, 0]","[0, 0]",11
46,"[0, 1]",86.44999999999723,"[43, 43]","[0, 0]","[0, 0]",11
47,"[2, 3]",189.3500000000088,"[45, 68]","[19.30000000000014, 0]","[0, 0]",11
48,"[2, 1]",161.75000000000253,"[47, 69]","[19.850000000000147, 0]","[0, 0]",11
49,"[2, 3]",196.8500000000105,"[48, 70]","[20.950000000000163, 0]","[0, 0]",11
50,"[2, 1]",169.25000000000423,"[49, 71]","[24.20000000000021, 0]","[0, 0]",11
51,"[0, 3]",110.54999999999586,"[46, 31]","[0, 0]","[0, 0]",11
52,"[0, 1]",83.84999999999738,"[51, 32]","[0, 0]","[0, 0]",11
53,"[0, 3]",116.74999999999551,"[52, 51]","[0, 0]","[0, 0]",11
54,"[0, 1]",90.19999999999702,"[53, 37]","[0, 0]","[0, 0]",11
55,"[2, 3]",195.40000000001018,"[50, 72]","[26.700000000000244, 0]","[0, 0]",11
56,"[2, 1]",167.8000000000039,"[55, 74]","[30.050000000000292, 0]","[0, 0]",11
57,"[0, 3]",118.6499999999954,"[54, 53]","[0, 0]","[0, 0]",11
58,"[0, 1]",91.94999999999692,"[57, 38]","[0, 0]","[0, 0]",11
59,"[0, 1]",94.79999999999676,"[58, 58]","[0, 0]","[0, 0]",11
60,"[2, 3]",200.45000000001133,"[56, 78]","[26.35000000000024, 0]","[0, 0]",11
61,"[2, 1]",170.30000000000447,"[60, 56]","[32.800000000000274, 0]","[0, 0]",11
62,"[0, 1]",93.04999999999686,"[59, 59]","[0, 0]","[0, 0]",11
63,"[2, 3]",203.55000000001203,"[61, 60]","[32.950000000000266, 0]","[0, 0]",11
64,"[0, 1]",98.49999999999655,"[62, 41]","[2.4499999999999993, 0]","[2.4499999999999993, 0]",11
65,"[0, 3]",130.14999999999534,"[64, 57]","[0, 0]","[0, 0]",11
66,"[0, 1]",103.84999999999624,"[65, 42]","[0, 0]","[0, 0]",11
67,"[2, 1]",169.9500000000044,"[63, 61]","[27.500000000000256, 0]","[0, 0]",11
68,"[0, 3]",135.89999999999665,"[66, 44]","[0, 0]","[0, 0]",11
69,"[0, 1]",109.34999999999593,"[68, 45]","[0, 0]","[0, 0]",11
70,"[0, 3]",143.34999999999835,"[69, 47]","[0, 0]","[0, 0]",11
71,"[0, 1]",116.8999999999955,"[70, 48]","[0, 0]","[0, 0]",11
72,"[0, 3]",150.90000000000006,"[71, 49]","[0, 0]","[0, 0]",11
73,"[2, 1]",162.60000000000272,"[67, 67]","[24.500000000000213, 0]","[0, 0]",11
74,"[0, 1]",122.1499999999952,"[72, 50]","[0, 0]","[0, 0]",11
75,"[2, 3]",194.05000000000987,"[73, 63]","[24.20000000000021, 0]","[0, 0]",11
76,"[0, 3]",154.05000000000078,"[74, 55]","[0, 0]","[0, 0]",11
77,"[2, 1]",165.65000000000342,"[75, 73]","[25.05000000000022, 0]","[0, 0]",11
78,"[0, 3]",154.80000000000095,"[76, 76]","[0, 0]","[0, 0]",11
79,"[2, 3]",198.1000000000108,"[77, 75]","[26.550000000000242, 0]","[0, 0]",11
0,"[0, 3]",97.09999999999663,"[-999, 8]","[0, 0]","[0, 0]",12
1,"[2, 1]",36.45000000000007,"[-999, -999]","[0, 0]","[0, 0]",12
2,"[2, 3]",69.4499999999982,"[1, -999]","[0, 0]","[0, 0]",12
3,"[2, 3]",73.44999999999797,"[2, 2]","[0, 0]","[0, 0]",12
4,"[0, 1]",74.49999999999791,"[0, 15]","[2.499999999999999, 0]","[2.499999999999999, 0]",12
5,"[0, 1]",75.59999999999785,"[4, 4]","[0, 0]","[0, 0]",12
6,"[2, 1]",39.74999999999988,"[3, 1]","[0, 0]","[0, 0]",12
7,"[0, 1]",80.69999999999756,"[5, 17]","[2.3999999999999995, 0]","[2.3999999999999995, 0]",12
8,"[2, 3]",69.4999999999982,"[6, 3]","[0, 0]","[0, 0]",12
9,"[2, 1]",40.899999999999814,"[8, 6]","[0, 0]","[0, 0]",12
10,"[0, 1]",78.2999999999977,"[7, 7]","[0, 0]","[0, 0]",12
11,"[2, 1]",41.89999999999976,"[9, 9]","[0, 0]","[0, 0]",12
12,"[2, 1]",44.949999999999584,"[11, 11]","[0, 0]","[0, 0]",12
13,"[0, 3]",106.3499999999961,"[10, 0]","[0, 0]","[0, 0]",12
14,"[0, 1]",80.14999999999759,"[13, 21]","[0, 0]","[0, 0]",12
15,"[2, 1]",42.9499999999997,"[12, 12]","[0, 0]","[0, 0]",12
16,"[0, 3]",111.94999999999578,"[14, 23]","[0, 0]","[0, 0]",12
17,"[2, 1]",54.599999999999035,"[15, 5]","[6.149999999999986, 0]","[6.149999999999986, 0]",12
18,"[0, 1]",82.39999999999746,"[16, 14]","[0, 0]","[0, 0]",12
19,"[0, 1]",85.2499999999973,"[18, 18]","[0, 0]","[0, 0]",12
20,"[0, 1]",88.09999999999714,"[19, 19]","[0, 0]","[0, 0]",12
21,"[2, 1]",59.699999999998745,"[17, 10]","[9.700000000000003, 0]","[9.700000000000003, 0]",12
22,"[0, 1]",93.29999999999684,"[20, 28]","[2.4499999999999993, 0]","[2.4499999999999993, 0]",12
23,"[2, 3]",90.499999999997,"[21, 13]","[0, 0]","[0, 0]",12
24,"[0, 1]",93.19999999999685,"[22, 22]","[0, 0]","[0, 0]",12
25,"[2, 3]",97.14999999999662,"[23, 16]","[7.049999999999983, 0]","[0, 0]",12
26,"[2, 3]",100.29999999999644,"[25, 25]","[14.850000000000076, 0]","[0, 0]",12
27,"[0, 3]",123.79999999999511,"[24, 31]","[0, 0]","[0, 0]",12
28,"[2, 1]",75.74999999999784,"[26, 20]","[17.700000000000117, 0]","[0, 0]",12
29,"[0, 1]",94.44999999999678,"[27, 36]","[0, 0]","[0, 0]",12
30,"[2, 3]",105.04999999999617,"[28, 26]","[14.800000000000075, 0]","[0, 0]",12
31,"[2, 3]",109.14999999999594,"[30, 30]","[13.250000000000053, 0]","[0, 0]",12
32,"[0, 1]",92.3999999999969,"[29, 29]","[0, 0]","[0, 0]",12
33,"[0, 1]",99.54999999999649,"[32, 43]","[2.4499999999999993, 0]","[2.4499999999999993, 0]",12
34,"[0, 1]",101.79999999999636,"[33, 33]","[0, 0]","[0, 0]",12
35,"[0, 3]",137.29999999999697,"[34, 47]","[0, 0]","[0, 0]",12
36,"[2, 1]",72.14999999999804,"[31, 24]","[5.14999999999999, 0]","[0, 0]",12
37,"[0, 1]",107.49999999999604,"[35, 34]","[0, 0]","[0, 0]",12
38,"[0, 1]",110.34999999999587,"[37, 37]","[0, 0]","[0, 0]",12
39,"[0, 1]",113.19999999999571,"[38, 38]","[0, 0]","[0, 0]",12
40,"[0, 1]",115.89999999999556,"[39, 39]","[0, 0]","[0, 0]",12
41,"[0, 1]",123.69999999999511,"[40, 52]","[2.549999999999999, 0]","[2.549999999999999, 0]",12
42,"[2, 3]",95.8999999999967,"[36, 27]","[0, 0]","[0, 0]",12
43,"[2, 1]",72.899999999998,"[42, 32]","[0.3, 0]","[0, 0]",12
44,"[0, 3]",150.75000000000003,"[41, 48]","[0, 0]","[0, 0]",12
45,"[2, 3]",102.7999999999963,"[43, 42]","[1.1500000000000004, 0]","[0, 0]",12
46,"[0, 3]",152.65000000000046,"[44, 44]","[0, 0]","[0, 0]",12
47,"[2, 3]",104.6999999999962,"[45, 45]","[0, 0]","[0, 0]",12
48,"[2, 3]",113.69999999999568,"[47, 35]","[2.7499999999999982, 0]","[2.7499999999999982, 0]",12
49,"[0, 1]",121.29999999999525,"[46, 53]","[0, 0]","[0, 0]",12
50,"[0, 1]",124.09999999999509,"[49, 49]","[0, 0]","[0, 0]",12
51,"[0, 3]",157.75000000000162,"[50, 56]","[0, 0]","[0, 0]",12
52,"[2, 1]",95.19999999999673,"[48, 40]","[9.800000000000004, 0]","[9.800000000000004, 0]",12
53,"[2, 1]",101.39999999999638,"[52, 41]","[0, 0]","[0, 0]",12
54,"[0, 3]",156.25000000000128,"[51, 51]","[0, 0]","[0, 0]",12
55,"[2, 3]",138.04999999999714,"[53, 46]","[1.0500000000000003, 0]","[0, 0]",12
56,"[2, 3]",141.14999999999785,"[55, 55]","[1.1000000000000003, 0]","[0, 0]",12
57,"[0, 1]",125.599999999995,"[54, 65]","[0.39999999999999997, 0]","[0, 0]",12
58,"[0, 3]",157.55000000000157,"[57, 54]","[1.2000000000000004, 0]","[0, 0]",12
59,"[0, 1]",130.99999999999554,"[58, 67]","[1.7000000000000008, 0]","[0, 0]",12
60,"[2, 1]",106.2999999999961,"[56, 50]","[2.9999999999999973, 0]","[0, 0]",12
61,"[0, 1]",131.54999999999566,"[59, 59]","[2.1000000000000005, 0]","[0, 0]",12
62,"[0, 1]",138.7999999999973,"[61, 69]","[4.799999999999991, 0]","[2.3999999999999995, 0]",12
63,"[0, 1]",141.04999999999782,"[62, 62]","[2.6999999999999984, 0]","[0, 0]",12
64,"[0, 1]",148.69999999999956,"[63, 70]","[5.449999999999989, 0]","[2.499999999999999, 0]",12
65,"[2, 1]",100.84999999999641,"[60, 60]","[0, 0]","[0, 0]",12
66,"[0, 1]",153.6500000000007,"[64, 72]","[5.949999999999987, 0]","[2.6999999999999984, 0]",12
67,"[2, 1]",108.049999999996,"[65, 57]","[0.44999999999999996, 0]","[0, 0]",12
68,"[2, 3]",141.54999999999794,"[67, 58]","[2.3499999999999996, 0]","[0, 0]",12
69,"[2, 1]",118.89999999999539,"[68, 61]","[4.699999999999991, 0]","[0, 0]",12
70,"[2, 1]",131.54999999999566,"[69, 63]","[8.04999999999998, 0]","[2.6499999999999986, 0]",12
71,"[0, 1]",146.49999999999906,"[66, 66]","[3.4999999999999956, 0]","[0, 0]",12
72,"[2, 1]",135.49999999999656,"[70, 64]","[5.899999999999987, 0]","[0, 0]",12
73,"[0, 1]",151.75000000000026,"[71, 75]","[6.099999999999986, 0]","[2.4499999999999993, 0]",12
74,"[0, 3]",185.60000000000795,"[73, 77]","[5.749999999999988, 0]","[1.900000000000001, 0]",12
75,"[2, 1]",143.6499999999984,"[72, 71]","[24.90000000000022, 0]","[2.5999999999999988, 0]",12
76,"[0, 3]",186.6500000000082,"[74, 74]","[5.14999999999999, 0]","[0, 0]",12
77,"[2, 3]",172.2000000000049,"[75, -999]","[22.600000000000186, 0]","[0, 0]",12
78,"[0, 1]",156.70000000000138,"[76, 79]","[6.449999999999985, 0]","[0, 0]",12
79,"[2, 1]",143.5499999999984,"[77, 73]","[21.55000000000017, 0]","[0, 0]",12
0,"[2, 1]",36.45000000000007,"[-999, -999]","[0, 0]","[0, 0]",13
1,"[2, 1]",39.04999999999992,"[0, 0]","[0, 0]","[0, 0]",13
2,"[2, 3]",70.89999999999812,"[1, -999]","[0, 0]","[0, 0]",13
3,"[2, 1]",40.99999999999981,"[2, 1]","[0, 0]","[0, 0]",13
4,"[2, 1]",44.09999999999963,"[3, 3]","[0, 0]","[0, 0]",13
5,"[0, 1]",68.79999999999824,"[-999, 14]","[0, 0]","[0, 0]",13
6,"[0, 1]",81.7999999999975,"[5, 20]","[5.4999999999999885, 0]","[5.4999999999999885, 0]",13
7,"[2, 1]",42.8499999999997,"[4, 4]","[0, 0]","[0, 0]",13
8,"[2, 1]",46.04999999999952,"[7, 7]","[0, 0]","[0, 0]",13
9,"[0, 3]",118.6999999999954,"[6, 25]","[5.749999999999988, 0]","[5.749999999999988, 0]",13
10,"[0, 1]",89.44999999999706,"[9, 6]","[0, 0]","[0, 0]",13
11,"[2, 3]",73.34999999999798,"[8, 2]","[0, 0]","[0, 0]",13
12,"[2, 1]",42.74999999999971,"[11, 8]","[0, 0]","[0, 0]",13
13,"[0, 3]",124.19999999999509,"[10, 27]","[2.6999999999999984, 0]","[2.6999999999999984, 0]",13
14,"[2, 1]",43.99999999999964,"[12, 12]","[0, 0]","[0, 0]",13
15,"[0, 3]",129.59999999999522,"[13, 33]","[2.549999999999999, 0]","[2.549999999999999, 0]",13
16,"[0, 1]",101.39999999999638,"[15, 34]","[0, 0]","[0, 0]",13
17,"[2, 1]",48.1999999999994,"[14, 5]","[1.7500000000000009, 0]","[1.7500000000000009, 0]",13
18,"[0, 3]",133.69999999999615,"[16, 37]","[0.6, 0]","[0, 0]",13
19,"[0, 3]",136.64999999999682,"[18, 18]","[2.1000000000000005, 0]","[0, 0]",13
20,"[2, 1]",44.6499999999996,"[17, 17]","[0, 0]","[0, 0]",13
21,"[0, 1]",106.74999999999608,"[19, 16]","[2.3999999999999995, 0]","[0, 0]",13
22,"[2, 3]",72.899999999998,"[20, 11]","[0, 0]","[0, 0]",13
23,"[2, 3]",76.79999999999778,"[22, 22]","[0, 0]","[0, 0]",13
24,"[0, 3]",140.9999999999978,"[21, 40]","[4.799999999999991, 0]","[2.799999999999998, 0]",13
25,"[2, 3]",77.59999999999773,"[23, 23]","[0, 0]","[0, 0]",13
26,"[2, 3]",85.3499999999973,"[25, 9]","[1.850000000000001, 0]","[1.850000000000001, 0]",13
27,"[2, 3]",87.89999999999715,"[26, 26]","[3.149999999999997, 0]","[3.149999999999997, 0]",13
28,"[0, 1]",107.04999999999606,"[24, 49]","[0, 0]","[0, 0]",13
29,"[0, 3]",141.09999999999783,"[28, 53]","[0, 0]","[0, 0]",13
30,"[0, 1]",114.49999999999564,"[29, 54]","[0, 0]","[0, 0]",13
31,"[0, 1]",116.69999999999551,"[30, 30]","[0, 0]","[0, 0]",13
32,"[0, 1]",124.39999999999507,"[31, 56]","[2.499999999999999, 0]","[2.499999999999999, 0]",13
33,"[2, 3]",84.14999999999736,"[27, 13]","[3.099999999999997, 0]","[3.099999999999997, 0]",13
34,"[2, 1]",55.149999999999004,"[33, -999]","[0, 0]","[0, 0]",13
35,"[0, 1]",127.69999999999489,"[32, 57]","[2.799999999999998, 0]","[2.799999999999998, 0]",13
36,"[0, 1]",134.54999999999634,"[35, 64]","[2.3, 0]","[2.3, 0]",13
37,"[2, 3]",85.44999999999729,"[34, 15]","[0, 0]","[0, 0]",13
38,"[2, 3]",99.2499999999965,"[37, 19]","[10.20000000000001, 0]","[3.049999999999997, 0]",13
39,"[0, 3]",160.15000000000217,"[36, 29]","[0, 0]","[0, 0]",13
40,"[2, 3]",99.79999999999647,"[38, 38]","[10.300000000000011, 0]","[0, 0]",13
41,"[0, 1]",131.54999999999566,"[39, 65]","[0, 0]","[0, 0]",13
42,"[0, 3]",166.0000000000035,"[41, 67]","[0.44999999999999996, 0]","[0, 0]",13
43,"[0, 1]",138.59999999999727,"[42, 41]","[0.9500000000000003, 0]","[0, 0]",13
44,"[0, 1]",141.4499999999979,"[43, 43]","[1.2500000000000004, 0]","[0, 0]",13
45,"[0, 1]",144.29999999999856,"[44, 44]","[1.5500000000000007, 0]","[0, 0]",13
46,"[0, 1]",147.0499999999992,"[45, 45]","[1.900000000000001, 0]","[0, 0]",13
47,"[0, 3]",179.85000000000664,"[46, 70]","[2.2, 0]","[0, 0]",13
48,"[0, 3]",183.90000000000757,"[47, 47]","[2.4499999999999993, 0]","[0, 0]",13
49,"[2, 1]",52.69999999999914,"[40, 21]","[0, 0]","[0, 0]",13
50,"[0, 1]",153.90000000000074,"[48, 74]","[2.7499999999999982, 0]","[0, 0]",13
51,"[0, 3]",188.55000000000862,"[50, 75]","[2.9999999999999973, 0]","[0, 0]",13
52,"[0, 1]",161.80000000000254,"[51, 77]","[3.349999999999996, 0]","[0, 0]",13
53,"[2, 3]",81.44999999999752,"[49, 24]","[0, 0]","[0, 0]",13
54,"[2, 1]",53.59999999999909,"[53, 28]","[0, 0]","[0, 0]",13
55,"[0, 3]",191.35000000000926,"[52, 79]","[3.699999999999995, 0]","[0, 0]",13
56,"[2, 1]",66.74999999999835,"[54, 31]","[3.1999999999999966, 0]","[3.1999999999999966, 0]",13
57,"[2, 1]",72.949999999998,"[56, 32]","[0, 0]","[0, 0]",13
58,"[0, 3]",189.90000000000893,"[55, 55]","[4.299999999999993, 0]","[0, 0]",13
59,"[0, 3]",192.9000000000096,"[58, 58]","[5.349999999999989, 0]","[0, 0]",13
60,"[0, 1]",165.25000000000333,"[59, -999]","[6.0499999999999865, 0]","[0, 0]",13
61,"[0, 1]",168.05000000000396,"[60, 60]","[6.799999999999984, 0]","[0, 0]",13
62,"[0, 1]",170.9000000000046,"[61, 61]","[7.4499999999999815, 0]","[0, 0]",13
63,"[0, 3]",203.70000000001207,"[62, 59]","[7.649999999999981, 0]","[0, 0]",13
64,"[2, 1]",65.74999999999841,"[57, 35]","[0, 0]","[0, 0]",13
65,"[2, 1]",72.59999999999802,"[64, 36]","[0, 0]","[0, 0]",13
66,"[0, 3]",203.25000000001197,"[63, 63]","[7.149999999999983, 0]","[0, 0]",13
67,"[2, 3]",103.84999999999624,"[65, 39]","[0, 0]","[0, 0]",13
68,"[0, 1]",174.30000000000538,"[66, 62]","[6.349999999999985, 0]","[0, 0]",13
69,"[0, 3]",207.50000000001293,"[68, 66]","[6.5999999999999845, 0]","[0, 0]",13
70,"[2, 3]",108.79999999999596,"[67, 42]","[9.299999999999997, 0]","[3.2499999999999964, 0]",13
71,"[0, 3]",209.20000000001332,"[69, 69]","[6.749999999999984, 0]","[0, 0]",13
72,"[0, 1]",182.40000000000722,"[71, 68]","[7.149999999999983, 0]","[0, 0]",13
73,"[2, 1]",92.64999999999688,"[70, 46]","[11.800000000000033, 0]","[9.750000000000004, 0]",13
74,"[2, 1]",93.74999999999682,"[73, 73]","[0.9000000000000002, 0]","[0, 0]",13
75,"[2, 3]",128.99999999999508,"[74, 48]","[0, 0]","[0, 0]",13
76,"[0, 1]",178.45000000000633,"[72, 72]","[5.899999999999987, 0]","[0, 0]",13
77,"[2, 1]",98.69999999999654,"[75, 50]","[0.65, 0]","[0, 0]",13
78,"[0, 3]",209.20000000001332,"[76, 71]","[0, 0]","[0, 0]",13
79,"[2, 3]",131.59999999999567,"[77, 51]","[1.3000000000000005, 0]","[0, 0]",13
0,"[2, 1]",36.45000000000007,"[-999, -999]","[0, 0]","[0, 0]",14
1,"[2, 1]",39.04999999999992,"[0, 0]","[0, 0]","[0, 0]",14
2,"[0, 3]",97.04999999999663,"[-999, 8]","[0, 0]","[0, 0]",14
3,"[2, 1]",39.89999999999987,"[1, 1]","[0, 0]","[0, 0]",14
4,"[2, 3]",70.39999999999814,"[3, -999]","[0, 0]","[0, 0]",14
5,"[2, 1]",42.54999999999972,"[4, 3]","[0, 0]","[0, 0]",14
6,"[2, 1]",45.74999999999954,"[5, 5]","[0, 0]","[0, 0]",14
7,"[0, 3]",103.19999999999628,"[2, 14]","[1.7000000000000008, 0]","[1.7000000000000008, 0]",14
8,"[2, 3]",73.09999999999799,"[6, 4]","[0, 0]","[0, 0]",14
9,"[2, 1]",45.59999999999955,"[8, 6]","[0, 0]","[0, 0]",14
10,"[0, 3]",106.2499999999961,"[7, 17]","[2.5999999999999988, 0]","[2.5999999999999988, 0]",14
11,"[2, 1]",46.54999999999949,"[9, 9]","[0, 0]","[0, 0]",14
12,"[2, 1]",49.44999999999933,"[11, 11]","[0, 0]","[0, 0]",14
13,"[2, 3]",78.99999999999766,"[12, 2]","[0, 0]","[0, 0]",14
14,"[2, 3]",82.24999999999747,"[13, 13]","[0, 0]","[0, 0]",14
15,"[0, 1]",72.24999999999804,"[10, 20]","[0, 0]","[0, 0]",14
16,"[2, 1]",51.099999999999234,"[14, 12]","[0, 0]","[0, 0]",14
17,"[2, 3]",85.64999999999728,"[16, 7]","[0, 0]","[0, 0]",14
18,"[2, 1]",56.349999999998936,"[17, 16]","[0, 0]","[0, 0]",14
19,"[0, 1]",68.34999999999826,"[15, 15]","[0, 0]","[0, 0]",14
20,"[2, 1]",56.199999999998944,"[18, 18]","[0, 0]","[0, 0]",14
21,"[2, 3]",88.59999999999711,"[20, 10]","[0, 0]","[0, 0]",14
22,"[0, 3]",98.14999999999657,"[19, 21]","[0, 0]","[0, 0]",14
23,"[2, 1]",65.74999999999841,"[21, 19]","[3.2499999999999964, 0]","[3.2499999999999964, 0]",14
24,"[0, 3]",105.24999999999616,"[22, 30]","[1.5500000000000007, 0]","[1.5500000000000007, 0]",14
25,"[0, 1]",76.99999999999777,"[24, 23]","[0, 0]","[0, 0]",14
26,"[0, 3]",111.14999999999583,"[25, 33]","[0, 0]","[0, 0]",14
27,"[0, 3]",114.09999999999566,"[26, 26]","[0, 0]","[0, 0]",14
28,"[0, 3]",116.9999999999955,"[27, 27]","[0, 0]","[0, 0]",14
29,"[0, 3]",124.69999999999506,"[28, 37]","[2.499999999999999, 0]","[2.499999999999999, 0]",14
30,"[2, 3]",86.44999999999723,"[23, 22]","[0, 0]","[0, 0]",14
31,"[0, 1]",94.44999999999678,"[29, 38]","[0, 0]","[0, 0]",14
32,"[0, 1]",102.99999999999629,"[31, 40]","[1.950000000000001, 0]","[1.950000000000001, 0]",14
33,"[2, 3]",90.24999999999702,"[30, 24]","[3.149999999999997, 0]","[3.149999999999997, 0]",14
34,"[2, 1]",61.59999999999864,"[33, 25]","[0, 0]","[0, 0]",14
35,"[2, 1]",65.04999999999845,"[34, 34]","[0, 0]","[0, 0]",14
36,"[0, 3]",126.39999999999496,"[32, 29]","[0, 0]","[0, 0]",14
37,"[2, 3]",101.84999999999636,"[35, 28]","[0, 0]","[0, 0]",14
38,"[2, 1]",71.69999999999807,"[37, 35]","[1.7000000000000008, 0]","[0, 0]",14
39,"[0, 3]",125.99999999999498,"[36, 36]","[0, 0]","[0, 0]",14
40,"[2, 1]",79.39999999999763,"[38, 31]","[5.999999999999987, 0]","[0, 0]",14
41,"[0, 3]",127.09999999999492,"[39, 39]","[0, 0]","[0, 0]",14
42,"[0, 1]",99.59999999999648,"[41, 44]","[0, 0]","[0, 0]",14
43,"[2, 1]",81.59999999999751,"[40, 32]","[8.04999999999998, 0]","[0, 0]",14
44,"[2, 1]",83.3999999999974,"[43, 43]","[6.799999999999984, 0]","[0, 0]",14
45,"[0, 3]",133.54999999999612,"[42, 47]","[2.5999999999999988, 0]","[2.5999999999999988, 0]",14
46,"[2, 3]",121.09999999999526,"[44, 41]","[5.399999999999989, 0]","[0, 0]",14
47,"[2, 3]",123.9499999999951,"[46, 46]","[3.899999999999994, 0]","[0, 0]",14
48,"[2, 3]",132.0999999999958,"[47, 45]","[2.4499999999999993, 0]","[0, 0]",14
49,"[0, 1]",98.64999999999654,"[45, 42]","[0, 0]","[0, 0]",14
50,"[2, 3]",148.34999999999948,"[48, 55]","[11.350000000000026, 0]","[9.700000000000003, 0]",14
51,"[2, 1]",118.04999999999544,"[50, -999]","[0.9000000000000002, 0]","[0, 0]",14
52,"[0, 3]",128.2499999999949,"[49, 48]","[0, 0]","[0, 0]",14
53,"[2, 1]",131.49999999999565,"[51, 58]","[3.899999999999994, 0]","[2.8999999999999977, 0]",14
54,"[0, 3]",128.89999999999506,"[52, 52]","[0, 0]","[0, 0]",14
55,"[0, 3]",131.79999999999572,"[54, 54]","[0, 0]","[0, 0]",14
56,"[0, 3]",139.74999999999753,"[55, 50]","[2.3999999999999995, 0]","[2.3999999999999995, 0]",14
57,"[0, 1]",111.6999999999958,"[56, 51]","[0, 0]","[0, 0]",14
58,"[0, 1]",113.94999999999567,"[57, 57]","[0, 0]","[0, 0]",14
59,"[2, 3]",150.49999999999997,"[53, 56]","[0, 0]","[0, 0]",14
60,"[2, 3]",155.050000000001,"[59, 59]","[0.7500000000000001, 0]","[0, 0]",14
61,"[2, 1]",131.04999999999555,"[60, 65]","[1.900000000000001, 0]","[0, 0]",14
62,"[2, 1]",138.59999999999727,"[61, 66]","[2.5999999999999988, 0]","[0, 0]",14
63,"[0, 1]",112.59999999999575,"[58, 53]","[2.4499999999999993, 0]","[2.4499999999999993, 0]",14
64,"[0, 1]",114.64999999999563,"[63, 63]","[0, 0]","[0, 0]",14
65,"[0, 1]",117.29999999999548,"[64, 64]","[0, 0]","[0, 0]",14
66,"[0, 1]",124.39999999999507,"[65, 61]","[2.849999999999998, 0]","[2.4499999999999993, 0]",14
67,"[0, 3]",156.3000000000013,"[66, 60]","[1.0500000000000003, 0]","[0, 0]",14
68,"[0, 3]",160.45000000000223,"[67, 67]","[1.3000000000000005, 0]","[0, 0]",14
69,"[0, 1]",133.59999999999613,"[68, 72]","[1.4500000000000006, 0]","[0, 0]",14
70,"[0, 3]",166.20000000000354,"[69, 68]","[1.5500000000000007, 0]","[0, 0]",14
71,"[0, 1]",139.49999999999747,"[70, 76]","[1.800000000000001, 0]","[0, 0]",14
72,"[2, 1]",120.4999999999953,"[62, 62]","[3.899999999999994, 0]","[0, 0]",14
73,"[0, 1]",140.0999999999976,"[71, 71]","[2.549999999999999, 0]","[0, 0]",14
74,"[0, 1]",142.89999999999824,"[73, 73]","[2.9999999999999973, 0]","[0, 0]",14
75,"[0, 1]",145.64999999999887,"[74, 74]","[2.6999999999999984, 0]","[0, 0]",14
76,"[2, 1]",123.49999999999513,"[72, 69]","[6.199999999999986, 0]","[0, 0]",14
77,"[2, 3]",157.00000000000145,"[76, 70]","[9.149999999999995, 0]","[0, 0]",14
78,"[0, 1]",143.94999999999848,"[75, 75]","[2.1000000000000005, 0]","[0, 0]",14
79,"[0, 3]",176.70000000000593,"[78, 77]","[1.5500000000000007, 0]","[0, 0]",14
0,"[0, 3]",98.84999999999653,"[-999, 7]","[0, 0]","[0, 0]",15
1,"[2, 3]",67.79999999999829,"[-999, -999]","[0, 0]","[0, 0]",15
2,"[2, 3]",71.79999999999806,"[1, 1]","[0, 0]","[0, 0]",15
3,"[2, 1]",39.799999999999876,"[2, -999]","[0, 0]","[0, 0]",15
4,"[2, 3]",73.69999999999796,"[3, 2]","[0, 0]","[0, 0]",15
5,"[2, 3]",77.04999999999777,"[4, 4]","[0, 0]","[0, 0]",15
6,"[0, 1]",69.79999999999818,"[0, 14]","[0, 0]","[0, 0]",15
7,"[2, 3]",77.79999999999772,"[5, 5]","[0, 0]","[0, 0]",15
8,"[0, 3]",104.99999999999618,"[6, 17]","[0, 0]","[0, 0]",15
9,"[0, 3]",107.79999999999602,"[8, 8]","[0, 0]","[0, 0]",15
10,"[0, 1]",83.09999999999742,"[9, 21]","[2.5999999999999988, 0]","[2.5999999999999988, 0]",15
11,"[2, 1]",41.79999999999976,"[7, -999]","[0, 0]","[0, 0]",15
12,"[2, 3]",76.79999999999778,"[11, 0]","[0, 0]","[0, 0]",15
13,"[2, 1]",43.24999999999968,"[12, 11]","[0, 0]","[0, 0]",15
14,"[2, 1]",46.74999999999948,"[13, 13]","[0, 0]","[0, 0]",15
15,"[2, 3]",78.2499999999977,"[14, 12]","[0, 0]","[0, 0]",15
16,"[0, 1]",74.04999999999794,"[10, 10]","[0, 0]","[0, 0]",15
17,"[2, 3]",79.49999999999763,"[15, 15]","[0, 0]","[0, 0]",15
18,"[0, 3]",104.44999999999621,"[16, 9]","[0, 0]","[0, 0]",15
19,"[2, 1]",48.89999999999936,"[17, 6]","[0, 0]","[0, 0]",15
20,"[2, 1]",51.34999999999922,"[19, 19]","[0, 0]","[0, 0]",15
21,"[2, 1]",53.549999999999095,"[20, 20]","[0, 0]","[0, 0]",15
22,"[0, 3]",101.74999999999636,"[18, 18]","[0, 0]","[0, 0]",15
23,"[2, 1]",64.54999999999848,"[21, 16]","[6.449999999999985, 0]","[6.449999999999985, 0]",15
24,"[2, 1]",65.9499999999984,"[23, 23]","[0, 0]","[0, 0]",15
25,"[0, 1]",69.3999999999982,"[22, 24]","[0, 0]","[0, 0]",15
26,"[0, 1]",71.89999999999806,"[25, 25]","[0, 0]","[0, 0]",15
27,"[0, 1]",79.79999999999761,"[26, 29]","[2.549999999999999, 0]","[2.549999999999999, 0]",15
28,"[0, 3]",111.34999999999582,"[27, 22]","[0, 0]","[0, 0]",15
29,"[2, 1]",71.59999999999808,"[24, 26]","[6.5999999999999845, 0]","[6.5999999999999845, 0]",15
30,"[2, 1]",77.74999999999773,"[29, 27]","[13.500000000000057, 0]","[0, 0]",15
31,"[2, 1]",79.34999999999764,"[30, 30]","[24.20000000000021, 0]","[0, 0]",15
32,"[2, 3]",125.04999999999504,"[31, 37]","[24.700000000000216, 0]","[2.849999999999998, 0]",15
33,"[0, 3]",106.49999999999609,"[28, 28]","[0, 0]","[0, 0]",15
34,"[2, 3]",125.649999999995,"[32, 32]","[20.15000000000015, 0]","[0, 0]",15
35,"[2, 3]",143.89999999999847,"[34, 45]","[28.40000000000027, 0]","[9.800000000000004, 0]",15
36,"[0, 3]",105.29999999999616,"[33, 33]","[0, 0]","[0, 0]",15
37,"[0, 3]",108.34999999999599,"[36, 36]","[0, 0]","[0, 0]",15
38,"[2, 1]",111.04999999999583,"[35, 48]","[17.100000000000108, 0]","[0, 0]",15
39,"[0, 1]",78.69999999999767,"[37, 31]","[0, 0]","[0, 0]",15
40,"[0, 3]",117.44999999999547,"[39, 34]","[3.049999999999997, 0]","[3.049999999999997, 0]",15
41,"[2, 1]",127.04999999999492,"[38, 53]","[23.5000000000002, 0]","[9.900000000000006, 0]",15
42,"[0, 3]",117.99999999999544,"[40, 40]","[0, 0]","[0, 0]",15
43,"[2, 1]",125.89999999999499,"[41, 41]","[11.350000000000026, 0]","[0, 0]",15
44,"[2, 3]",159.25000000000196,"[43, 56]","[10.000000000000007, 0]","[0, 0]",15
45,"[0, 3]",116.19999999999554,"[42, 42]","[0, 0]","[0, 0]",15
46,"[2, 3]",161.45000000000246,"[44, 44]","[8.599999999999987, 0]","[0, 0]",15
47,"[2, 1]",137.34999999999698,"[46, 61]","[9.850000000000005, 0]","[0, 0]",15
48,"[0, 1]",83.84999999999738,"[45, -999]","[0, 0]","[0, 0]",15
49,"[0, 3]",117.84999999999545,"[48, 35]","[0, 0]","[0, 0]",15
50,"[0, 1]",90.39999999999701,"[49, 38]","[0, 0]","[0, 0]",15
51,"[2, 3]",162.35000000000267,"[47, 46]","[7.499999999999981, 0]","[0, 0]",15
52,"[0, 1]",90.89999999999698,"[50, 50]","[0, 0]","[0, 0]",15
53,"[0, 1]",93.69999999999682,"[52, 52]","[0, 0]","[0, 0]",15
54,"[2, 3]",167.60000000000386,"[51, 63]","[7.89999999999998, 0]","[0, 0]",15
55,"[2, 1]",138.3499999999972,"[54, 62]","[15.200000000000081, 0]","[0, 0]",15
56,"[0, 3]",121.94999999999521,"[53, 49]","[0, 0]","[0, 0]",15
57,"[2, 3]",175.85000000000574,"[55, 65]","[24.30000000000021, 0]","[0, 0]",15
58,"[0, 1]",98.99999999999652,"[56, 43]","[3.2499999999999964, 0]","[3.2499999999999964, 0]",15
59,"[0, 1]",100.64999999999642,"[58, 58]","[0, 0]","[0, 0]",15
60,"[2, 3]",178.65000000000637,"[57, 69]","[23.4500000000002, 0]","[0, 0]",15
61,"[0, 1]",100.9999999999964,"[59, 59]","[0, 0]","[0, 0]",15
62,"[0, 1]",108.099999999996,"[61, 47]","[2.4499999999999993, 0]","[2.4499999999999993, 0]",15
63,"[0, 3]",141.799999999998,"[62, 51]","[0, 0]","[0, 0]",15
64,"[0, 3]",150.49999999999997,"[63, 54]","[1.900000000000001, 0]","[1.900000000000001, 0]",15
65,"[0, 3]",153.15000000000057,"[64, 64]","[0, 0]","[0, 0]",15
66,"[2, 1]",137.0499999999969,"[60, -999]","[22.05000000000018, 0]","[0, 0]",15
67,"[2, 3]",176.90000000000597,"[66, 72]","[22.350000000000183, 0]","[0, 0]",15
68,"[2, 3]",184.20000000000763,"[67, 73]","[22.85000000000019, 0]","[0, 0]",15
69,"[0, 3]",153.7000000000007,"[65, 57]","[2.849999999999998, 0]","[2.849999999999998, 0]",15
70,"[0, 3]",160.95000000000235,"[69, 60]","[2.1500000000000004, 0]","[2.1500000000000004, 0]",15
71,"[2, 1]",150.1999999999999,"[68, 74]","[23.150000000000194, 0]","[0, 0]",15
72,"[0, 3]",161.10000000000238,"[70, 70]","[0, 0]","[0, 0]",15
73,"[0, 3]",168.250000000004,"[72, 67]","[2.549999999999999, 0]","[2.549999999999999, 0]",15
74,"[0, 1]",138.6999999999973,"[73, -999]","[0, 0]","[0, 0]",15
75,"[0, 3]",173.25000000000514,"[74, 68]","[0, 0]","[0, 0]",15
76,"[2, 1]",144.64999999999864,"[71, 71]","[16.750000000000103, 0]","[0, 0]",15
77,"[2, 1]",148.24999999999946,"[76, 76]","[20.300000000000153, 0]","[0, 0]",15
78,"[2, 1]",151.75000000000026,"[77, 77]","[20.10000000000015, 0]","[0, 0]",15
79,"[2, 3]",185.800000000008,"[78, 75]","[21.300000000000168, 0]","[0, 0]",15
0,"[2, 3]",67.79999999999829,"[-999, -999]","[0, 0]","[0, 0]",16
1,"[0, 1]",74.6999999999979,"[-999, 12]","[0, 0]","[3.2499999999999964, 0]",16
2,"[0, 1]",76.29999999999781,"[1, 1]","[0, 0]","[0, 0]",16
3,"[0, 1]",78.94999999999766,"[2, 2]","[0, 0]","[0, 0]",16
4,"[0, 3]",112.39999999999576,"[3, 15]","[0, 0]","[0, 0]",16
5,"[2, 1]",36.500000000000064,"[0, -999]","[0, 0]","[0, 0]",16
6,"[2, 1]",39.19999999999991,"[5, 5]","[0, 0]","[0, 0]",16
7,"[2, 3]",72.49999999999802,"[6, 0]","[0, 0]","[0, 0]",16
8,"[2, 3]",76.5499999999978,"[7, 7]","[0, 0]","[0, 0]",16
9,"[0, 1]",76.59999999999779,"[4, 16]","[0, 0]","[0, 0]",16
10,"[2, 1]",41.64999999999977,"[8, 6]","[0, 0]","[0, 0]",16
11,"[0, 3]",106.74999999999608,"[9, 4]","[0, 0]","[0, 0]",16
12,"[2, 1]",43.09999999999969,"[10, 10]","[0, 0]","[0, 0]",16
13,"[2, 3]",75.39999999999786,"[12, 8]","[0, 0]","[0, 0]",16
14,"[2, 3]",79.19999999999764,"[13, 13]","[0, 0]","[0, 0]",16
15,"[2, 3]",82.19999999999747,"[14, 14]","[0, 0]","[0, 0]",16
16,"[2, 1]",55.59999999999898,"[15, 3]","[3.149999999999997, 0]","[3.149999999999997, 0]",16
17,"[2, 1]",64.0499999999985,"[16, 9]","[0, 0]","[0, 0]",16
18,"[0, 3]",98.09999999999657,"[11, 11]","[0, 0]","[0, 0]",16
19,"[2, 1]",64.1999999999985,"[17, 17]","[0, 0]","[0, 0]",16
20,"[0, 3]",105.54999999999615,"[18, 21]","[2.6999999999999984, 0]","[2.6999999999999984, 0]",16
21,"[2, 3]",97.34999999999661,"[19, 18]","[10.600000000000016, 0]","[0, 0]",16
22,"[2, 3]",106.14999999999611,"[21, 20]","[9.299999999999997, 0]","[0, 0]",16
23,"[0, 3]",108.99999999999595,"[20, 22]","[2.0500000000000007, 0]","[2.0500000000000007, 0]",16
24,"[2, 1]",74.29999999999792,"[22, -999]","[7.099999999999983, 0]","[0, 0]",16
25,"[0, 3]",109.24999999999594,"[23, 23]","[0, 0]","[0, 0]",16
26,"[2, 3]",111.5499999999958,"[24, 25]","[5.849999999999987, 0]","[0, 0]",16
27,"[2, 1]",81.49999999999751,"[26, 24]","[4.799999999999991, 0]","[0, 0]",16
28,"[2, 3]",117.44999999999547,"[27, 29]","[3.7499999999999947, 0]","[0, 0]",16
29,"[0, 3]",109.64999999999591,"[25, 26]","[2.6999999999999984, 0]","[2.6999999999999984, 0]",16
30,"[2, 3]",124.19999999999509,"[28, 34]","[5.799999999999987, 0]","[3.349999999999996, 0]",16
31,"[2, 1]",95.59999999999671,"[30, 37]","[1.4500000000000006, 0]","[0, 0]",16
32,"[2, 3]",130.69999999999547,"[31, 40]","[1.4500000000000006, 0]","[0, 0]",16
33,"[0, 1]",75.34999999999786,"[29, 27]","[0, 0]","[0, 0]",16
34,"[0, 3]",109.69999999999591,"[33, 28]","[0, 0]","[0, 0]",16
35,"[2, 3]",129.84999999999528,"[32, 32]","[1.7500000000000009, 0]","[0, 0]",16
36,"[2, 1]",101.79999999999636,"[35, 42]","[1.800000000000001, 0]","[0, 0]",16
37,"[0, 1]",77.44999999999774,"[34, 33]","[0, 0]","[0, 0]",16
38,"[2, 1]",109.54999999999592,"[36, 46]","[7.099999999999983, 0]","[3.149999999999997, 0]",16
39,"[2, 3]",142.99999999999827,"[38, 47]","[4.99999999999999, 0]","[0, 0]",16
40,"[0, 3]",106.99999999999606,"[37, 30]","[0, 0]","[0, 0]",16
41,"[0, 1]",79.49999999999763,"[40, 31]","[0, 0]","[0, 0]",16
42,"[0, 1]",82.14999999999748,"[41, 41]","[0, 0]","[0, 0]",16
43,"[2, 1]",108.69999999999597,"[39, 48]","[4.199999999999993, 0]","[0, 0]",16
44,"[0, 3]",115.1999999999956,"[42, 35]","[0, 0]","[0, 0]",16
45,"[2, 1]",110.09999999999589,"[43, 43]","[2.8999999999999977, 0]","[0, 0]",16
46,"[0, 1]",85.99999999999726,"[44, 36]","[0, 0]","[0, 0]",16
47,"[0, 3]",118.34999999999542,"[46, 44]","[0, 0]","[0, 0]",16
48,"[0, 1]",92.09999999999691,"[47, 38]","[0, 0]","[0, 0]",16
49,"[0, 3]",126.34999999999496,"[48, 39]","[0, 0]","[0, 0]",16
50,"[2, 1]",110.49999999999586,"[45, 55]","[4.449999999999992, 0]","[0, 0]",16
51,"[2, 1]",119.34999999999536,"[50, 59]","[8.699999999999989, 0]","[2.2, 0]",16
52,"[2, 3]",149.54999999999976,"[51, 57]","[7.099999999999983, 0]","[0, 0]",16
53,"[2, 1]",127.84999999999488,"[52, 64]","[6.549999999999985, 0]","[0, 0]",16
54,"[0, 3]",120.4499999999953,"[49, 49]","[0, 0]","[0, 0]",16
55,"[0, 1]",94.19999999999679,"[54, 45]","[0, 0]","[0, 0]",16
56,"[2, 3]",157.10000000000147,"[53, 65]","[6.0499999999999865, 0]","[0, 0]",16
57,"[0, 3]",124.0499999999951,"[55, 54]","[0, 0]","[0, 0]",16
58,"[2, 3]",158.70000000000184,"[56, 56]","[8.14999999999998, 0]","[0, 0]",16
59,"[0, 1]",94.94999999999675,"[57, 50]","[0, 0]","[0, 0]",16
60,"[2, 1]",128.54999999999498,"[58, 69]","[9.650000000000002, 0]","[0, 0]",16
61,"[2, 1]",132.1999999999958,"[60, 60]","[11.100000000000023, 0]","[0, 0]",16
62,"[0, 1]",98.24999999999656,"[59, 51]","[2.549999999999999, 0]","[2.549999999999999, 0]",16
63,"[2, 1]",133.4499999999961,"[61, 61]","[12.500000000000043, 0]","[0, 0]",16
64,"[0, 1]",97.99999999999658,"[62, 62]","[0, 0]","[0, 0]",16
65,"[0, 3]",130.3499999999954,"[64, 52]","[0, 0]","[0, 0]",16
66,"[2, 3]",163.10000000000284,"[63, 79]","[10.85000000000002, 0]","[0, 0]",16
67,"[0, 1]",101.59999999999637,"[65, 53]","[0, 0]","[0, 0]",16
68,"[2, 1]",134.2999999999963,"[66, 63]","[9.5, 0]","[0, 0]",16
69,"[0, 1]",102.14999999999634,"[67, 67]","[0, 0]","[0, 0]",16
70,"[2, 1]",136.0999999999967,"[68, 68]","[7.99999999999998, 0]","[0, 0]",16
71,"[2, 3]",169.25000000000423,"[70, 66]","[9.249999999999996, 0]","[0, 0]",16
72,"[2, 3]",173.80000000000527,"[71, 71]","[10.20000000000001, 0]","[0, 0]",16
73,"[2, 3]",177.80000000000618,"[72, 72]","[11.450000000000028, 0]","[0, 0]",16
74,"[2, 3]",181.450000000007,"[73, 73]","[12.650000000000045, 0]","[0, 0]",16
75,"[2, 1]",153.40000000000063,"[74, -999]","[14.750000000000075, 0]","[0, 0]",16
76,"[0, 3]",123.8499999999951,"[69, 58]","[0, 0]","[0, 0]",16
77,"[2, 3]",186.40000000000813,"[75, 74]","[17.35000000000011, 0]","[0, 0]",16
78,"[2, 1]",159.70000000000206,"[77, 75]","[17.85000000000012, 0]","[0, 0]",16
79,"[0, 3]",122.44999999999519,"[76, 76]","[0, 0]","[0, 0]",16
0,"[2, 1]",36.45000000000007,"[-999, -999]","[0, 0]","[0, 0]",17
1,"[2, 1]",39.04999999999992,"[0, 0]","[0, 0]","[0, 0]",17
2,"[0, 1]",73.049999999998,"[-999, 12]","[0, 0]","[3.049999999999997, 0]",17
3,"[0, 1]",80.89999999999755,"[2, 16]","[3.2999999999999963, 0]","[3.2999999999999963, 0]",17
4,"[0, 3]",111.29999999999582,"[3, 15]","[0, 0]","[0, 0]",17
5,"[0, 1]",83.79999999999738,"[4, 22]","[0, 0]","[0, 0]",17
6,"[2, 1]",36.60000000000006,"[1, 1]","[0, 0]","[0, 0]",17
7,"[0, 1]",89.34999999999707,"[5, 23]","[2.499999999999999, 0]","[2.499999999999999, 0]",17
8,"[2, 1]",36.95000000000004,"[6, 6]","[0, 0]","[0, 0]",17
9,"[2, 1]",39.74999999999988,"[8, 8]","[0, 0]","[0, 0]",17
10,"[0, 3]",116.44999999999553,"[7, 4]","[0, 0]","[0, 0]",17
11,"[2, 1]",40.74999999999982,"[9, 9]","[0, 0]","[0, 0]",17
12,"[2, 1]",43.94999999999964,"[11, 11]","[0, 0]","[0, 0]",17
13,"[2, 3]",73.34999999999798,"[12, -999]","[0, 0]","[0, 0]",17
14,"[0, 3]",113.74999999999568,"[10, 10]","[0, 0]","[0, 0]",17
15,"[2, 3]",74.99999999999788,"[13, 13]","[0, 0]","[0, 0]",17
16,"[2, 1]",44.49999999999961,"[15, 2]","[0, 0]","[0, 0]",17
17,"[0, 3]",112.59999999999575,"[14, 14]","[0, 0]","[0, 0]",17
18,"[0, 3]",115.64999999999557,"[17, 17]","[0, 0]","[0, 0]",17
19,"[0, 3]",123.79999999999511,"[18, 26]","[2.3999999999999995, 0]","[2.3999999999999995, 0]",17
20,"[0, 3]",126.34999999999496,"[19, 19]","[0, 0]","[0, 0]",17
21,"[0, 3]",133.79999999999617,"[20, 27]","[2.3999999999999995, 0]","[2.3999999999999995, 0]",17
22,"[2, 1]",40.94999999999981,"[16, 3]","[0, 0]","[0, 0]",17
23,"[2, 1]",49.699999999999314,"[22, 5]","[2.5999999999999988, 0]","[2.5999999999999988, 0]",17
24,"[0, 1]",100.84999999999641,"[21, 28]","[0, 0]","[0, 0]",17
25,"[2, 1]",54.14999999999906,"[23, 7]","[6.699999999999984, 0]","[6.699999999999984, 0]",17
26,"[2, 3]",103.04999999999629,"[25, 18]","[9.5, 0]","[9.5, 0]",17
27,"[2, 3]",115.54999999999558,"[26, 20]","[26.850000000000247, 0]","[3.899999999999994, 0]",17
28,"[2, 1]",84.84999999999732,"[27, -999]","[34.700000000000166, 0]","[0.2, 0]",17
29,"[2, 3]",120.94999999999527,"[28, 21]","[34.700000000000166, 0]","[0, 0]",17
30,"[0, 3]",123.9999999999951,"[24, 29]","[0, 0]","[0, 0]",17
31,"[0, 3]",126.94999999999493,"[30, 30]","[0.44999999999999996, 0]","[0, 0]",17
32,"[0, 1]",100.69999999999642,"[31, 36]","[1.1500000000000004, 0]","[0, 0]",17
33,"[2, 1]",85.84999999999727,"[29, 24]","[32.3000000000003, 0]","[0, 0]",17
34,"[0, 3]",130.54999999999544,"[32, 31]","[0.7500000000000001, 0]","[0, 0]",17
35,"[0, 1]",109.9499999999959,"[34, 42]","[3.4499999999999957, 0]","[3.4499999999999957, 0]",17
36,"[2, 1]",85.04999999999731,"[33, 33]","[27.600000000000257, 0]","[0, 0]",17
37,"[2, 1]",94.44999999999678,"[36, 32]","[26.200000000000237, 0]","[0, 0]",17
38,"[0, 3]",135.74999999999662,"[35, 34]","[0, 0]","[0, 0]",17
39,"[0, 3]",139.79999999999754,"[38, 38]","[0, 0]","[0, 0]",17
40,"[0, 3]",148.74999999999957,"[39, 45]","[1.850000000000001, 0]","[1.850000000000001, 0]",17
41,"[0, 3]",151.4500000000002,"[40, 40]","[0, 0]","[0, 0]",17
42,"[2, 1]",86.74999999999721,"[37, 37]","[17.95000000000012, 0]","[0, 0]",17
43,"[0, 1]",119.79999999999534,"[41, 47]","[0, 0]","[0, 0]",17
44,"[2, 1]",93.24999999999685,"[42, 35]","[15.900000000000091, 0]","[0, 0]",17
45,"[2, 3]",131.99999999999577,"[44, 39]","[14.550000000000072, 0]","[0, 0]",17
46,"[0, 1]",118.14999999999543,"[43, 43]","[0, 0]","[0, 0]",17
47,"[2, 1]",100.74999999999642,"[45, 44]","[13.100000000000051, 0]","[0, 0]",17
48,"[2, 3]",140.4499999999977,"[47, 41]","[11.700000000000031, 0]","[0, 0]",17
49,"[0, 1]",116.49999999999552,"[46, 46]","[0, 0]","[0, 0]",17
50,"[0, 3]",149.39999999999972,"[49, 51]","[0, 0]","[0, 0]",17
51,"[2, 3]",138.59999999999727,"[48, 48]","[8.699999999999989, 0]","[0, 0]",17
52,"[0, 1]",120.4499999999953,"[50, 55]","[0, 0]","[0, 0]",17
53,"[0, 3]",154.85000000000096,"[52, 57]","[0, 0]","[0, 0]",17
54,"[0, 3]",157.95000000000167,"[53, 53]","[0, 0]","[0, 0]",17
55,"[2, 1]",108.69999999999597,"[51, 49]","[1.6000000000000008, 0]","[0, 0]",17
56,"[0, 3]",158.70000000000184,"[54, 54]","[0.7500000000000001, 0]","[0, 0]",17
57,"[2, 3]",140.0499999999976,"[55, 50]","[0, 0]","[0, 0]",17
58,"[0, 1]",128.99999999999508,"[56, -999]","[1.1500000000000004, 0]","[0, 0]",17
59,"[0, 1]",131.84999999999573,"[58, 58]","[1.4000000000000006, 0]","[0, 0]",17
60,"[0, 1]",134.64999999999637,"[59, 59]","[1.6000000000000008, 0]","[0, 0]",17
61,"[2, 3]",152.8500000000005,"[57, 56]","[9.950000000000006, 0]","[9.399999999999999, 0]",17
62,"[0, 1]",135.1999999999965,"[60, 60]","[2.3999999999999995, 0]","[0, 0]",17
63,"[0, 1]",137.99999999999713,"[62, 62]","[3.099999999999997, 0]","[0, 0]",17
64,"[2, 3]",151.25000000000014,"[61, 61]","[2.000000000000001, 0]","[0, 0]",17
65,"[2, 1]",139.84999999999755,"[64, 63]","[12.600000000000044, 0]","[9.900000000000006, 0]",17
66,"[0, 3]",166.30000000000356,"[63, 64]","[3.7499999999999947, 0]","[0, 0]",17
67,"[2, 3]",186.7000000000082,"[65, 74]","[12.700000000000045, 0]","[9.600000000000001, 0]",17
68,"[2, 3]",189.55000000000885,"[67, 67]","[4.549999999999992, 0]","[0, 0]",17
69,"[0, 3]",165.90000000000347,"[66, 66]","[4.499999999999992, 0]","[0, 0]",17
70,"[2, 3]",195.70000000001025,"[68, 79]","[9.700000000000003, 0]","[3.1999999999999966, 0]",17
71,"[0, 3]",166.9500000000037,"[69, 69]","[4.99999999999999, 0]","[0, 0]",17
72,"[2, 1]",164.90000000000325,"[70, -999]","[6.749999999999984, 0]","[0, 0]",17
73,"[2, 1]",168.95000000000417,"[72, 72]","[7.89999999999998, 0]","[0, 0]",17
74,"[0, 3]",165.5500000000034,"[71, 71]","[4.799999999999991, 0]","[0, 0]",17
75,"[2, 1]",169.75000000000435,"[73, 73]","[9.099999999999994, 0]","[0, 0]",17
76,"[2, 1]",173.35000000000517,"[75, 75]","[10.25000000000001, 0]","[0, 0]",17
77,"[2, 1]",176.80000000000595,"[76, 76]","[12.650000000000045, 0]","[0, 0]",17
78,"[0, 1]",131.2999999999956,"[74, -999]","[2.4499999999999993, 0]","[0, 0]",17
79,"[0, 3]",170.15000000000444,"[78, 68]","[5.649999999999988, 0]","[3.099999999999997, 0]",17
0,"[0, 3]",99.89999999999647,"[-999, 8]","[0, 0]","[0, 0]",18
1,"[2, 3]",67.79999999999829,"[-999, -999]","[0, 0]","[0, 0]",18
2,"[2, 1]",38.09999999999997,"[1, -999]","[0, 0]","[0, 0]",18
3,"[0, 3]",99.09999999999651,"[0, 0]","[0, 0]","[0, 0]",18
4,"[2, 3]",69.4499999999982,"[2, 1]","[0, 0]","[0, 0]",18
5,"[2, 1]",40.84999999999982,"[4, 2]","[0, 0]","[0, 0]",18
6,"[2, 3]",72.69999999999801,"[5, 4]","[0, 0]","[0, 0]",18
7,"[2, 1]",44.34999999999962,"[6, 5]","[0, 0]","[0, 0]",18
8,"[2, 3]",75.74999999999784,"[7, 6]","[0, 0]","[0, 0]",18
9,"[0, 1]",71.1999999999981,"[3, 20]","[0, 0]","[0, 0]",18
10,"[0, 3]",103.59999999999626,"[9, 19]","[0, 0]","[0, 0]",18
11,"[0, 3]",107.59999999999603,"[10, 10]","[0, 0]","[0, 0]",18
12,"[2, 1]",40.899999999999814,"[8, 7]","[0, 0]","[0, 0]",18
13,"[0, 3]",108.64999999999597,"[11, 11]","[0, 0]","[0, 0]",18
14,"[0, 1]",82.64999999999745,"[13, 28]","[0, 0]","[0, 0]",18
15,"[0, 1]",89.74999999999704,"[14, 32]","[2.4499999999999993, 0]","[2.4499999999999993, 0]",18
16,"[2, 1]",37.000000000000036,"[12, 12]","[0, 0]","[0, 0]",18
17,"[0, 1]",89.69999999999705,"[15, 15]","[0, 0]","[0, 0]",18
18,"[0, 3]",123.9499999999951,"[17, 35]","[0, 0]","[0, 0]",18
19,"[2, 3]",69.59999999999819,"[16, 3]","[0, 0]","[0, 0]",18
20,"[2, 1]",38.34999999999996,"[19, 16]","[0, 0]","[0, 0]",18
21,"[0, 3]",127.24999999999491,"[18, 42]","[2.4499999999999993, 0]","[2.4499999999999993, 0]",18
22,"[0, 1]",101.59999999999637,"[21, 45]","[2.4499999999999993, 0]","[2.4499999999999993, 0]",18
23,"[0, 1]",109.9499999999959,"[22, 49]","[2.849999999999998, 0]","[2.849999999999998, 0]",18
24,"[2, 1]",40.74999999999982,"[20, 9]","[0, 0]","[0, 0]",18
25,"[2, 1]",42.49999999999972,"[24, 24]","[0, 0]","[0, 0]",18
26,"[2, 1]",45.49999999999955,"[25, 25]","[0, 0]","[0, 0]",18
27,"[0, 3]",133.4999999999961,"[23, 48]","[0, 0]","[0, 0]",18
28,"[2, 1]",46.149999999999515,"[26, 26]","[0, 0]","[0, 0]",18
29,"[2, 3]",78.64999999999768,"[28, 13]","[0, 0]","[0, 0]",18
30,"[0, 3]",133.049999999996,"[27, 27]","[0, 0]","[0, 0]",18
31,"[0, 1]",106.64999999999608,"[30, 54]","[0, 0]","[0, 0]",18
32,"[2, 1]",47.549999999999436,"[29, 14]","[0, 0]","[0, 0]",18
33,"[2, 3]",78.34999999999769,"[32, 29]","[0, 0]","[0, 0]",18
34,"[0, 3]",136.34999999999675,"[31, 55]","[0, 0]","[0, 0]",18
35,"[2, 3]",80.09999999999759,"[33, 33]","[0, 0]","[0, 0]",18
36,"[0, 1]",108.199999999996,"[34, 57]","[0, 0]","[0, 0]",18
37,"[0, 3]",141.849999999998,"[36, 58]","[0, 0]","[0, 0]",18
38,"[0, 3]",150.29999999999993,"[37, 63]","[2.2, 0]","[2.2, 0]",18
39,"[0, 3]",157.80000000000163,"[38, 64]","[2.25, 0]","[2.25, 0]",18
40,"[0, 1]",130.59999999999545,"[39, 65]","[0, 0]","[0, 0]",18
41,"[0, 3]",164.55000000000317,"[40, 67]","[0, 0]","[0, 0]",18
42,"[2, 3]",75.14999999999787,"[35, 18]","[0, 0]","[0, 0]",18
43,"[2, 1]",45.49999999999955,"[42, 17]","[0, 0]","[0, 0]",18
44,"[0, 3]",163.0000000000028,"[41, 41]","[1.0000000000000002, 0]","[0, 0]",18
45,"[2, 1]",45.34999999999956,"[43, 43]","[0, 0]","[0, 0]",18
46,"[0, 3]",163.60000000000295,"[44, 44]","[1.4000000000000006, 0]","[0, 0]",18
47,"[0, 1]",138.7999999999973,"[46, 73]","[1.6500000000000008, 0]","[0, 0]",18
48,"[2, 3]",72.49999999999802,"[45, 21]","[0, 0]","[0, 0]",18
49,"[2, 1]",44.84999999999959,"[48, 22]","[0, 0]","[0, 0]",18
50,"[0, 1]",135.84999999999664,"[47, 47]","[1.800000000000001, 0]","[0, 0]",18
51,"[0, 3]",168.35000000000403,"[50, 76]","[1.950000000000001, 0]","[0, 0]",18
52,"[0, 1]",141.64999999999796,"[51, 77]","[2.0500000000000007, 0]","[0, 0]",18
53,"[2, 1]",46.349999999999504,"[49, 23]","[3.099999999999997, 0]","[3.099999999999997, 0]",18
54,"[2, 1]",49.34999999999933,"[53, 53]","[0, 0]","[0, 0]",18
55,"[2, 3]",83.29999999999741,"[54, 30]","[0, 0]","[0, 0]",18
56,"[0, 1]",137.59999999999704,"[52, 52]","[2.1500000000000004, 0]","[0, 0]",18
57,"[2, 1]",53.94999999999907,"[55, 31]","[0, 0]","[0, 0]",18
58,"[2, 3]",88.7499999999971,"[57, 34]","[0, 0]","[0, 0]",18
59,"[0, 1]",135.89999999999665,"[56, 56]","[2.0500000000000007, 0]","[0, 0]",18
60,"[0, 1]",138.6999999999973,"[59, 59]","[1.950000000000001, 0]","[0, 0]",18
61,"[0, 1]",141.4499999999979,"[60, 60]","[1.7500000000000009, 0]","[0, 0]",18
62,"[0, 3]",174.15000000000535,"[61, 79]","[1.900000000000001, 0]","[0, 0]",18
63,"[2, 3]",88.6999999999971,"[58, 37]","[0, 0]","[0, 0]",18
64,"[2, 3]",96.69999999999665,"[63, 38]","[0, 0]","[0, 0]",18
65,"[2, 1]",66.49999999999837,"[64, -999]","[0, 0]","[0, 0]",18
66,"[0, 3]",171.50000000000475,"[62, 62]","[3.2499999999999964, 0]","[0, 0]",18
67,"[2, 3]",100.29999999999644,"[65, 39]","[0, 0]","[0, 0]",18
68,"[2, 1]",72.44999999999803,"[67, 40]","[0, 0]","[0, 0]",18
69,"[0, 3]",170.30000000000447,"[66, 66]","[1.5500000000000007, 0]","[0, 0]",18
70,"[0, 3]",173.4500000000052,"[69, 69]","[0.9500000000000003, 0]","[0, 0]",18
71,"[2, 1]",71.64999999999807,"[68, 68]","[0, 0]","[0, 0]",18
72,"[0, 1]",143.69999999999843,"[70, -999]","[0, 0]","[0, 0]",18
73,"[2, 1]",72.849999999998,"[71, 71]","[0, 0]","[0, 0]",18
74,"[0, 3]",174.70000000000547,"[72, 70]","[1.0500000000000003, 0]","[0, 0]",18
75,"[0, 3]",178.60000000000636,"[74, 74]","[1.6500000000000008, 0]","[0, 0]",18
76,"[2, 3]",102.8999999999963,"[73, 46]","[0, 0]","[0, 0]",18
77,"[2, 1]",79.8499999999976,"[76, 50]","[2.25, 0]","[0, 0]",18
78,"[0, 3]",177.35000000000608,"[75, 75]","[2.0500000000000007, 0]","[0, 0]",18
79,"[2, 3]",111.79999999999579,"[77, 51]","[1.800000000000001, 0]","[0, 0]",18
0,"[0, 1]",67.44999999999831,"[-999, -999]","[0, 0]","[0, 0]",19
1,"[0, 1]",74.89999999999789,"[0, 10]","[0, 0]","[0, 0]",19
2,"[2, 3]",67.79999999999829,"[-999, -999]","[0, 0]","[0, 0]",19
3,"[2, 3]",71.79999999999806,"[2, 2]","[0, 0]","[0, 0]",19
4,"[2, 3]",74.94999999999789,"[3, 3]","[0, 0]","[0, 0]",19
5,"[2, 3]",77.84999999999772,"[4, 4]","[0, 0]","[0, 0]",19
6,"[2, 3]",80.64999999999756,"[5, 5]","[0, 0]","[0, 0]",19
7,"[2, 3]",83.19999999999742,"[6, 6]","[0, 0]","[0, 0]",19
8,"[0, 1]",72.59999999999802,"[1, 14]","[2.5999999999999988, 0]","[2.5999999999999988, 0]",19
9,"[0, 1]",74.84999999999789,"[8, 8]","[0, 0]","[0, 0]",19
10,"[2, 1]",50.59999999999926,"[7, 0]","[0, 0]","[0, 0]",19
11,"[2, 3]",81.59999999999751,"[10, 7]","[0, 0]","[0, 0]",19
12,"[2, 3]",85.2999999999973,"[11, 11]","[0, 0]","[0, 0]",19
13,"[0, 3]",100.89999999999641,"[9, 12]","[0, 0]","[0, 0]",19
14,"[2, 1]",52.94999999999913,"[12, 1]","[0, 0]","[0, 0]",19
15,"[2, 1]",67.6499999999983,"[14, 9]","[6.149999999999986, 0]","[6.149999999999986, 0]",19
16,"[0, 3]",100.14999999999645,"[13, 13]","[0, 0]","[0, 0]",19
17,"[2, 3]",103.64999999999625,"[15, 16]","[3.349999999999996, 0]","[3.349999999999996, 0]",19
18,"[2, 3]",111.7499999999958,"[17, 20]","[0, 0]","[0, 0]",19
19,"[2, 3]",119.29999999999536,"[18, 23]","[0, 0]","[0, 0]",19
20,"[0, 3]",102.14999999999634,"[16, 17]","[0, 0]","[0, 0]",19
21,"[2, 1]",87.49999999999717,"[19, -999]","[2.000000000000001, 0]","[0, 0]",19
22,"[2, 1]",97.99999999999658,"[21, 28]","[20.400000000000155, 0]","[3.4999999999999956, 0]",19
23,"[0, 3]",105.39999999999615,"[20, 18]","[2.6999999999999984, 0]","[2.6999999999999984, 0]",19
24,"[2, 3]",128.94999999999507,"[22, 32]","[15.950000000000092, 0]","[0, 0]",19
25,"[2, 3]",132.69999999999592,"[24, 24]","[14.600000000000072, 0]","[0, 0]",19
26,"[0, 3]",108.54999999999598,"[23, 19]","[2.1000000000000005, 0]","[2.1000000000000005, 0]",19
27,"[2, 3]",139.04999999999737,"[25, 36]","[13.300000000000054, 0]","[0, 0]",19
28,"[0, 1]",78.99999999999766,"[26, 21]","[0, 0]","[0, 0]",19
29,"[2, 3]",139.6499999999975,"[27, 27]","[13.800000000000061, 0]","[0, 0]",19
30,"[2, 1]",110.64999999999586,"[29, 40]","[13.75000000000006, 0]","[0, 0]",19
31,"[2, 3]",146.29999999999902,"[30, 42]","[13.100000000000051, 0]","[0, 0]",19
32,"[0, 3]",104.4999999999962,"[28, 26]","[0, 0]","[0, 0]",19
33,"[2, 3]",158.1500000000017,"[31, 46]","[19.800000000000146, 0]","[6.549999999999985, 0]",19
34,"[0, 1]",75.59999999999785,"[32, 22]","[0, 0]","[0, 0]",19
35,"[0, 1]",78.44999999999769,"[34, 34]","[0, 0]","[0, 0]",19
36,"[0, 3]",113.59999999999569,"[35, 25]","[0, 0]","[0, 0]",19
37,"[2, 3]",159.30000000000197,"[33, 50]","[13.550000000000058, 0]","[0, 0]",19
38,"[2, 3]",162.0000000000026,"[37, 37]","[13.600000000000058, 0]","[0, 0]",19
39,"[2, 1]",133.79999999999617,"[38, 56]","[13.70000000000006, 0]","[0, 0]",19
40,"[0, 1]",79.14999999999765,"[36, 35]","[0, 0]","[0, 0]",19
41,"[2, 1]",135.09999999999647,"[39, 39]","[13.650000000000059, 0]","[0, 0]",19
42,"[0, 3]",115.69999999999557,"[40, 29]","[3.349999999999996, 0]","[3.349999999999996, 0]",19
43,"[2, 1]",142.39999999999813,"[41, 68]","[12.850000000000048, 0]","[0, 0]",19
44,"[0, 1]",86.24999999999724,"[42, 30]","[0, 0]","[0, 0]",19
45,"[0, 3]",120.4999999999953,"[44, 31]","[0, 0]","[0, 0]",19
46,"[0, 3]",123.54999999999512,"[45, 45]","[0, 0]","[0, 0]",19
47,"[2, 1]",144.39999999999858,"[43, 75]","[15.750000000000089, 0]","[3.099999999999997, 0]",19
48,"[0, 1]",93.54999999999683,"[46, 44]","[0, 0]","[0, 0]",19
49,"[2, 1]",153.90000000000074,"[47, 77]","[21.55000000000017, 0]","[6.699999999999984, 0]",19
50,"[0, 3]",124.99999999999504,"[48, 33]","[0, 0]","[0, 0]",19
51,"[2, 3]",183.80000000000754,"[49, 73]","[15.80000000000009, 0]","[0, 0]",19
52,"[2, 3]",188.10000000000852,"[51, 51]","[15.400000000000084, 0]","[0, 0]",19
53,"[2, 3]",191.80000000000936,"[52, 52]","[16.250000000000096, 0]","[0, 0]",19
54,"[2, 3]",195.35000000001017,"[53, 53]","[16.700000000000102, 0]","[0, 0]",19
55,"[0, 1]",88.14999999999714,"[50, 48]","[0, 0]","[0, 0]",19
56,"[0, 1]",90.99999999999697,"[55, 55]","[0, 0]","[0, 0]",19
57,"[2, 3]",194.50000000000998,"[54, 54]","[17.450000000000113, 0]","[0, 0]",19
58,"[2, 1]",166.5000000000036,"[57, -999]","[19.100000000000136, 0]","[0, 0]",19
59,"[2, 3]",201.40000000001154,"[58, 57]","[22.550000000000185, 0]","[0, 0]",19
60,"[0, 3]",117.79999999999545,"[56, 38]","[0, 0]","[0, 0]",19
61,"[2, 3]",203.30000000001198,"[59, 59]","[27.05000000000025, 0]","[0, 0]",19
62,"[2, 1]",175.3000000000056,"[61, -999]","[29.85000000000029, 0]","[0, 0]",19
63,"[2, 1]",179.00000000000645,"[62, 62]","[36.00000000000009, 0]","[0, 0]",19
64,"[2, 3]",213.45000000001428,"[63, 61]","[37.99999999999998, 0]","[0, 0]",19
65,"[2, 1]",186.7500000000082,"[64, 63]","[40.44999999999984, 0]","[0, 0]",19
66,"[2, 1]",190.80000000000913,"[65, 65]","[42.49999999999972, 0]","[0, 0]",19
67,"[0, 3]",107.34999999999604,"[60, 60]","[0, 0]","[0, 0]",19
68,"[0, 1]",81.09999999999754,"[67, 41]","[0, 0]","[0, 0]",19
69,"[2, 3]",219.85000000001574,"[66, 64]","[37.84999999999999, 0]","[0, 0]",19
70,"[2, 3]",224.5000000000168,"[69, 69]","[38.49999999999995, 0]","[0, 0]",19
71,"[2, 3]",228.40000000001768,"[70, 70]","[38.49999999999995, 0]","[0, 0]",19
72,"[2, 3]",232.10000000001853,"[71, 71]","[38.49999999999995, 0]","[0, 0]",19
73,"[0, 3]",104.24999999999622,"[68, 67]","[0, 0]","[0, 0]",19
74,"[2, 1]",201.80000000001164,"[72, -999]","[39.49999999999989, 0]","[0, 0]",19
75,"[0, 1]",74.99999999999788,"[73, 43]","[0, 0]","[0, 0]",19
76,"[0, 1]",82.74999999999744,"[75, 47]","[2.4499999999999993, 0]","[2.4499999999999993, 0]",19
77,"[0, 1]",84.84999999999732,"[76, 76]","[0, 0]","[0, 0]",19
78,"[2, 3]",230.05000000001806,"[74, 72]","[39.999999999999865, 0]","[0, 0]",19
79,"[2, 1]",203.25000000001197,"[78, 74]","[30.900000000000304, 0]","[0, 0]",19
0,"[0, 1]",67.44999999999831,"[-999, 8]","[0, 0]","[0, 0]",20
1,"[2, 3]",67.79999999999829,"[-999, -999]","[0, 0]","[0, 0]",20
2,"[2, 1]",38.09999999999997,"[1, -999]","[0, 0]","[0, 0]",20
3,"[0, 1]",68.29999999999826,"[0, 0]","[0, 0]","[0, 0]",20
4,"[0, 3]",102.24999999999633,"[3, 15]","[0, 0]","[0, 0]",20
5,"[2, 1]",36.80000000000005,"[2, 2]","[0, 0]","[0, 0]",20
6,"[0, 3]",109.04999999999595,"[4, 20]","[2.5999999999999988, 0]","[2.5999999999999988, 0]",20
7,"[0, 1]",80.19999999999759,"[6, 16]","[0, 0]","[0, 0]",20
8,"[2, 1]",36.70000000000005,"[5, 5]","[0, 0]","[0, 0]",20
9,"[0, 3]",112.44999999999575,"[7, 21]","[0, 0]","[0, 0]",20
10,"[0, 1]",85.09999999999731,"[9, 22]","[0, 0]","[0, 0]",20
11,"[0, 3]",117.44999999999547,"[10, 9]","[0, 0]","[0, 0]",20
12,"[0, 1]",90.24999999999702,"[11, 23]","[0, 0]","[0, 0]",20
13,"[0, 1]",92.84999999999687,"[12, 12]","[0, 0]","[0, 0]",20
14,"[0, 1]",95.64999999999671,"[13, 13]","[0, 0]","[0, 0]",20
15,"[2, 3]",67.94999999999828,"[8, 1]","[0, 0]","[0, 0]",20
16,"[2, 1]",43.24999999999968,"[15, 3]","[0, 0]","[0, 0]",20
17,"[0, 1]",100.09999999999646,"[14, 24]","[1.850000000000001, 0]","[1.850000000000001, 0]",20
18,"[0, 1]",101.1499999999964,"[17, 17]","[0, 0]","[0, 0]",20
19,"[0, 1]",108.34999999999599,"[18, 25]","[2.549999999999999, 0]","[2.549999999999999, 0]",20
20,"[2, 3]",71.94999999999806,"[16, 4]","[0, 0]","[0, 0]",20
21,"[2, 3]",80.49999999999757,"[20, 6]","[3.4999999999999956, 0]","[3.4999999999999956, 0]",20
22,"[2, 1]",52.24999999999917,"[21, 7]","[0, 0]","[0, 0]",20
23,"[2, 1]",60.99999999999867,"[22, 10]","[0, 0]","[0, 0]",20
24,"[2, 1]",79.44999999999763,"[23, 14]","[15.500000000000085, 0]","[9.950000000000006, 0]",20
25,"[2, 1]",91.19999999999696,"[24, 18]","[13.450000000000056, 0]","[2.25, 0]",20
26,"[2, 1]",97.4999999999966,"[25, 19]","[8.79999999999999, 0]","[0, 0]",20
27,"[2, 1]",104.6999999999962,"[26, 34]","[7.149999999999983, 0]","[0, 0]",20
28,"[2, 3]",135.79999999999663,"[27, 30]","[5.649999999999988, 0]","[0, 0]",20
29,"[2, 1]",113.54999999999569,"[28, 38]","[4.249999999999993, 0]","[0, 0]",20
30,"[0, 3]",117.34999999999548,"[19, 11]","[0, 0]","[0, 0]",20
31,"[2, 1]",118.6499999999954,"[29, 41]","[3.5499999999999954, 0]","[0, 0]",20
32,"[2, 1]",125.09999999999503,"[31, 42]","[3.949999999999994, 0]","[0, 0]",20
33,"[2, 1]",132.5999999999959,"[32, 50]","[4.749999999999991, 0]","[0, 0]",20
34,"[0, 1]",83.5999999999974,"[30, 26]","[0, 0]","[0, 0]",20
35,"[2, 3]",164.2500000000031,"[33, 52]","[7.94999999999998, 0]","[0, 0]",20
36,"[2, 1]",136.5499999999968,"[35, 53]","[9.850000000000005, 0]","[0, 0]",20
37,"[0, 1]",86.29999999999724,"[34, 27]","[2.499999999999999, 0]","[2.499999999999999, 0]",20
38,"[0, 1]",88.44999999999712,"[37, 37]","[0, 0]","[0, 0]",20
39,"[2, 1]",135.74999999999662,"[36, 36]","[12.600000000000044, 0]","[0, 0]",20
40,"[2, 1]",145.14999999999876,"[39, 62]","[14.650000000000073, 0]","[0, 0]",20
41,"[0, 1]",91.04999999999697,"[38, 29]","[2.499999999999999, 0]","[2.499999999999999, 0]",20
42,"[0, 1]",99.2999999999965,"[41, 31]","[2.2, 0]","[2.2, 0]",20
43,"[2, 1]",153.45000000000064,"[40, 66]","[17.650000000000116, 0]","[2.6499999999999986, 0]",20
44,"[2, 3]",202.40000000001177,"[43, 78]","[25.850000000000232, 0]","[9.600000000000001, 0]",20
45,"[2, 1]",174.25000000000537,"[44, 79]","[16.950000000000106, 0]","[0, 0]",20
46,"[0, 3]",122.64999999999517,"[42, 28]","[0, 0]","[0, 0]",20
47,"[2, 3]",206.0000000000126,"[45, 44]","[17.15000000000011, 0]","[0, 0]",20
48,"[2, 1]",179.10000000000647,"[47, 45]","[17.15000000000011, 0]","[0, 0]",20
49,"[2, 1]",183.1500000000074,"[48, 48]","[17.750000000000117, 0]","[0, 0]",20
50,"[0, 1]",88.8499999999971,"[46, 32]","[0, 0]","[0, 0]",20
51,"[2, 3]",214.60000000001455,"[49, 47]","[18.100000000000122, 0]","[0, 0]",20
52,"[0, 3]",119.54999999999535,"[50, 46]","[0, 0]","[0, 0]",20
53,"[0, 1]",93.09999999999685,"[52, 33]","[0, 0]","[0, 0]",20
54,"[2, 1]",183.45000000000746,"[51, 49]","[18.70000000000013, 0]","[0, 0]",20
55,"[2, 3]",218.7500000000155,"[54, 51]","[19.550000000000143, 0]","[0, 0]",20
56,"[2, 3]",222.8000000000164,"[55, 55]","[22.15000000000018, 0]","[0, 0]",20
57,"[0, 3]",120.4999999999953,"[53, 35]","[0, 0]","[0, 0]",20
58,"[2, 1]",192.4000000000095,"[56, -999]","[28.350000000000268, 0]","[0, 0]",20
59,"[2, 1]",196.00000000001032,"[58, 58]","[33.10000000000026, 0]","[0, 0]",20
60,"[2, 1]",199.4500000000111,"[59, 59]","[38.29999999999996, 0]","[0, 0]",20
61,"[0, 3]",116.9499999999955,"[57, 57]","[0, 0]","[0, 0]",20
62,"[0, 1]",90.499999999997,"[61, 39]","[0, 0]","[0, 0]",20
63,"[2, 3]",229.65000000001797,"[60, 56]","[46.499999999999496, 0]","[0, 0]",20
64,"[2, 3]",233.85000000001892,"[63, 63]","[52.849999999999135, 0]","[0, 0]",20
65,"[0, 1]",93.9499999999968,"[62, 40]","[2.849999999999998, 0]","[2.849999999999998, 0]",20
66,"[0, 1]",95.59999999999671,"[65, 65]","[0, 0]","[0, 0]",20
67,"[2, 1]",201.35000000001153,"[64, -999]","[54.49999999999904, 0]","[0, 0]",20
68,"[2, 1]",204.95000000001235,"[67, 67]","[55.04999999999901, 0]","[0, 0]",20
69,"[2, 3]",238.85000000002006,"[68, 64]","[51.799999999999194, 0]","[0, 0]",20
70,"[0, 3]",121.24999999999525,"[66, 61]","[0, 0]","[0, 0]",20
71,"[2, 1]",210.65000000001365,"[69, 68]","[54.14999999999906, 0]","[0, 0]",20
72,"[2, 1]",214.8000000000146,"[71, 71]","[55.199999999999, 0]","[0, 0]",20
73,"[0, 3]",120.89999999999527,"[70, 70]","[0, 0]","[0, 0]",20
74,"[0, 3]",124.19999999999509,"[73, 73]","[0, 0]","[0, 0]",20
75,"[2, 3]",243.05000000002102,"[72, 69]","[49.59999999999932, 0]","[0, 0]",20
76,"[2, 3]",247.60000000002205,"[75, 75]","[48.1999999999994, 0]","[0, 0]",20
77,"[2, 3]",251.50000000002294,"[76, 76]","[49.09999999999935, 0]","[0, 0]",20
78,"[0, 3]",120.4499999999953,"[74, 74]","[0, 0]","[0, 0]",20
79,"[0, 1]",92.99999999999686,"[78, -999]","[0, 0]","[0, 0]",20
0,"[0, 3]",96.69999999999665,"[-999, 2]","[0, 0]","[0, 0]",21
1,"[0, 1]",80.34999999999758,"[0, 12]","[2.9499999999999975, 0]","[2.9499999999999975, 0]",21
2,"[2, 3]",67.79999999999829,"[-999, -999]","[0, 0]","[0, 0]",21
3,"[0, 3]",108.29999999999599,"[1, 0]","[0, 0]","[0, 0]",21
4,"[0, 1]",86.64999999999722,"[3, 14]","[2.549999999999999, 0]","[2.549999999999999, 0]",21
5,"[0, 3]",118.5999999999954,"[4, 3]","[0, 0]","[0, 0]",21
6,"[2, 1]",36.500000000000064,"[2, -999]","[0, 0]","[0, 0]",21
7,"[0, 3]",120.3999999999953,"[5, 5]","[0, 0]","[0, 0]",21
8,"[2, 1]",36.95000000000004,"[6, 6]","[0, 0]","[0, 0]",21
9,"[2, 1]",39.74999999999988,"[8, 8]","[0, 0]","[0, 0]",21
10,"[2, 1]",42.9499999999997,"[9, 9]","[0, 0]","[0, 0]",21
11,"[2, 1]",46.19999999999951,"[10, 10]","[0, 0]","[0, 0]",21
12,"[2, 1]",49.04999999999935,"[11, 11]","[0, 0]","[0, 0]",21
13,"[2, 1]",57.64999999999886,"[12, 1]","[1.2000000000000004, 0]","[1.2000000000000004, 0]",21
14,"[2, 1]",59.199999999998774,"[13, 13]","[3.349999999999996, 0]","[3.349999999999996, 0]",21
15,"[0, 3]",107.94999999999601,"[7, 7]","[0, 0]","[0, 0]",21
16,"[2, 1]",64.74999999999847,"[14, 4]","[6.299999999999986, 0]","[2.3499999999999996, 0]",21
17,"[0, 3]",108.79999999999596,"[15, 15]","[0, 0]","[0, 0]",21
18,"[2, 3]",111.99999999999578,"[16, 17]","[20.600000000000158, 0]","[9.45, 0]",21
19,"[2, 3]",119.54999999999535,"[18, 22]","[8.84999999999999, 0]","[0, 0]",21
20,"[2, 3]",131.89999999999574,"[19, 25]","[30.5500000000003, 0]","[2.25, 0]",21
21,"[2, 1]",119.79999999999534,"[20, 31]","[35.600000000000115, 0]","[9.650000000000002, 0]",21
22,"[0, 3]",107.89999999999601,"[17, 18]","[2.3499999999999996, 0]","[2.3499999999999996, 0]",21
23,"[2, 3]",148.49999999999952,"[21, 20]","[24.25000000000021, 0]","[0, 0]",21
24,"[0, 3]",113.2999999999957,"[22, 19]","[1.950000000000001, 0]","[1.950000000000001, 0]",21
25,"[0, 3]",115.84999999999556,"[24, 24]","[0, 0]","[0, 0]",21
26,"[2, 3]",148.19999999999945,"[23, 23]","[22.700000000000188, 0]","[0, 0]",21
27,"[2, 1]",130.29999999999538,"[26, 37]","[24.500000000000213, 0]","[3.2999999999999963, 0]",21
28,"[0, 1]",82.49999999999746,"[25, -999]","[0, 0]","[0, 0]",21
29,"[0, 1]",85.3499999999973,"[28, 28]","[0, 0]","[0, 0]",21
30,"[0, 1]",88.19999999999713,"[29, 29]","[0, 0]","[0, 0]",21
31,"[0, 1]",90.94999999999698,"[30, 30]","[0, 0]","[0, 0]",21
32,"[0, 1]",98.59999999999654,"[31, 21]","[2.4499999999999993, 0]","[2.4499999999999993, 0]",21
33,"[0, 1]",100.74999999999642,"[32, 32]","[0, 0]","[0, 0]",21
34,"[0, 1]",103.39999999999627,"[33, 33]","[0, 0]","[0, 0]",21
35,"[2, 1]",121.44999999999524,"[27, 41]","[12.250000000000039, 0]","[0, 0]",21
36,"[2, 3]",152.8000000000005,"[35, 39]","[13.100000000000051, 0]","[0, 0]",21
37,"[0, 1]",101.59999999999637,"[34, 34]","[0, 0]","[0, 0]",21
38,"[2, 3]",155.10000000000102,"[36, 36]","[13.150000000000052, 0]","[0, 0]",21
39,"[0, 3]",132.1499999999958,"[37, 26]","[0, 0]","[0, 0]",21
40,"[2, 1]",128.69999999999501,"[38, 49]","[12.850000000000048, 0]","[0, 0]",21
41,"[0, 1]",102.69999999999631,"[39, 27]","[0, 0]","[0, 0]",21
42,"[2, 1]",139.54999999999748,"[40, 51]","[34.1500000000002, 0]","[2.9499999999999975, 0]",21
43,"[2, 3]",169.60000000000431,"[42, 38]","[31.30000000000031, 0]","[0, 0]",21
44,"[2, 3]",174.30000000000538,"[43, 43]","[30.100000000000293, 0]","[0, 0]",21
45,"[2, 1]",146.79999999999913,"[44, 56]","[28.850000000000275, 0]","[0, 0]",21
46,"[2, 1]",156.55000000000135,"[45, 59]","[28.950000000000276, 0]","[0, 0]",21
47,"[0, 1]",98.64999999999654,"[41, 35]","[2.549999999999999, 0]","[2.549999999999999, 0]",21
48,"[0, 1]",100.84999999999641,"[47, 47]","[0, 0]","[0, 0]",21
49,"[0, 1]",103.59999999999626,"[48, 48]","[0, 0]","[0, 0]",21
50,"[0, 1]",110.74999999999585,"[49, 40]","[2.3999999999999995, 0]","[2.3999999999999995, 0]",21
51,"[0, 1]",113.04999999999572,"[50, 50]","[0, 0]","[0, 0]",21
52,"[2, 1]",147.1499999999992,"[46, 46]","[32.4000000000003, 0]","[0, 0]",21
53,"[2, 3]",182.20000000000718,"[52, 61]","[34.000000000000206, 0]","[0, 0]",21
54,"[2, 3]",185.850000000008,"[53, 53]","[34.1500000000002, 0]","[0, 0]",21
55,"[0, 1]",113.84999999999567,"[51, 42]","[2.4499999999999993, 0]","[2.4499999999999993, 0]",21
56,"[0, 1]",115.99999999999555,"[55, 55]","[0, 0]","[0, 0]",21
57,"[2, 1]",157.35000000000153,"[54, 64]","[32.85000000000027, 0]","[0, 0]",21
58,"[0, 3]",148.64999999999955,"[56, 44]","[0, 0]","[0, 0]",21
59,"[0, 1]",121.99999999999521,"[58, 45]","[0, 0]","[0, 0]",21
60,"[0, 3]",154.30000000000084,"[59, 58]","[0, 0]","[0, 0]",21
61,"[0, 3]",158.20000000000172,"[60, 60]","[0, 0]","[0, 0]",21
62,"[0, 1]",130.94999999999553,"[61, 52]","[0, 0]","[0, 0]",21
63,"[0, 1]",133.64999999999614,"[62, 62]","[0, 0]","[0, 0]",21
64,"[0, 1]",136.44999999999678,"[63, 63]","[0, 0]","[0, 0]",21
65,"[2, 1]",148.64999999999955,"[57, 69]","[21.850000000000176, 0]","[0, 0]",21
66,"[2, 3]",179.95000000000667,"[65, 54]","[25.10000000000022, 0]","[0, 0]",21
67,"[2, 1]",153.6500000000007,"[66, 70]","[26.800000000000246, 0]","[0, 0]",21
68,"[2, 1]",157.40000000000154,"[67, 67]","[28.000000000000263, 0]","[0, 0]",21
69,"[0, 1]",134.59999999999636,"[64, 57]","[2.4499999999999993, 0]","[2.4499999999999993, 0]",21
70,"[0, 1]",142.54999999999816,"[69, 65]","[2.8999999999999977, 0]","[2.8999999999999977, 0]",21
71,"[2, 1]",162.25000000000264,"[68, 79]","[28.250000000000266, 0]","[0, 0]",21
72,"[2, 3]",194.30000000000993,"[71, 78]","[29.650000000000286, 0]","[0, 0]",21
73,"[2, 1]",167.70000000000388,"[72, 71]","[35.050000000000146, 0]","[0, 0]",21
74,"[0, 3]",168.6500000000041,"[70, 66]","[0, 0]","[0, 0]",21
75,"[2, 1]",169.5500000000043,"[73, 73]","[35.65000000000011, 0]","[0, 0]",21
76,"[2, 3]",202.9500000000119,"[75, 72]","[35.75000000000011, 0]","[0, 0]",21
77,"[2, 1]",176.25000000000583,"[76, 75]","[37.550000000000004, 0]","[0, 0]",21
78,"[0, 3]",165.1500000000033,"[74, 74]","[0, 0]","[0, 0]",21
79,"[0, 1]",139.1499999999974,"[78, 68]","[0, 0]","[0, 0]",21
0,"[2, 1]",36.45000000000007,"[-999, -999]","[0, 0]","[0, 0]",22
1,"[2, 3]",69.4499999999982,"[0, -999]","[0, 0]","[0, 0]",22
2,"[0, 3]",97.19999999999662,"[-999, 8]","[0, 0]","[0, 0]",22
3,"[0, 3]",115.39999999999559,"[2, 16]","[5.899999999999987, 0]","[5.899999999999987, 0]",22
4,"[0, 1]",85.2999999999973,"[3, -999]","[0, 0]","[0, 0]",22
5,"[2, 3]",68.94999999999823,"[1, 1]","[0, 0]","[0, 0]",22
6,"[2, 3]",72.64999999999802,"[5, 5]","[0, 0]","[0, 0]",22
7,"[2, 1]",43.79999999999965,"[6, -999]","[0, 0]","[0, 0]",22
8,"[2, 3]",74.7999999999979,"[7, 6]","[0, 0]","[0, 0]",22
9,"[2, 1]",46.89999999999947,"[8, 7]","[0, 0]","[0, 0]",22
10,"[0, 1]",76.94999999999777,"[4, 4]","[0, 0]","[0, 0]",22
11,"[2, 1]",47.69999999999943,"[9, 9]","[0, 0]","[0, 0]",22
12,"[2, 3]",80.49999999999757,"[11, 2]","[0, 0]","[0, 0]",22
13,"[0, 1]",75.24999999999787,"[10, 10]","[0, 0]","[0, 0]",22
14,"[2, 3]",81.14999999999753,"[12, 12]","[0, 0]","[0, 0]",22
15,"[0, 1]",75.79999999999784,"[13, 13]","[0, 0]","[0, 0]",22
16,"[2, 3]",81.34999999999752,"[14, 14]","[0, 0]","[0, 0]",22
17,"[2, 3]",88.54999999999711,"[16, 3]","[1.5000000000000007, 0]","[1.5000000000000007, 0]",22
18,"[2, 3]",90.79999999999698,"[17, 17]","[3.2999999999999963, 0]","[3.2499999999999964, 0]",22
19,"[0, 1]",71.84999999999806,"[15, 15]","[0, 0]","[0, 0]",22
20,"[2, 1]",75.94999999999783,"[18, 19]","[15.15000000000008, 0]","[9.950000000000006, 0]",22
21,"[0, 1]",77.24999999999775,"[19, 20]","[2.3499999999999996, 0]","[2.3499999999999996, 0]",22
22,"[2, 1]",79.79999999999761,"[20, 21]","[23.350000000000197, 0]","[1.1000000000000003, 0]",22
23,"[2, 1]",86.39999999999723,"[22, 26]","[23.350000000000197, 0]","[0, 0]",22
24,"[2, 1]",92.89999999999687,"[23, 27]","[28.40000000000027, 0]","[0, 0]",22
25,"[2, 3]",132.24999999999582,"[24, 29]","[29.20000000000028, 0]","[3.1999999999999966, 0]",22
26,"[0, 1]",74.7999999999979,"[21, 22]","[2.549999999999999, 0]","[2.549999999999999, 0]",22
27,"[0, 1]",81.34999999999752,"[26, 23]","[2.4499999999999993, 0]","[2.4499999999999993, 0]",22
28,"[0, 3]",113.09999999999572,"[27, 18]","[0, 0]","[0, 0]",22
29,"[0, 3]",117.19999999999548,"[28, 28]","[0, 0]","[0, 0]",22
30,"[0, 1]",90.449999999997,"[29, 24]","[0, 0]","[0, 0]",22
31,"[2, 1]",92.84999999999687,"[25, 30]","[22.95000000000019, 0]","[0, 0]",22
32,"[0, 3]",121.99999999999521,"[30, 25]","[0, 0]","[0, 0]",22
33,"[2, 1]",111.09999999999583,"[31, 38]","[30.200000000000294, 0]","[9.700000000000003, 0]",22
34,"[2, 3]",141.14999999999785,"[33, 32]","[19.100000000000136, 0]","[0, 0]",22
35,"[0, 1]",90.449999999997,"[32, 31]","[0, 0]","[0, 0]",22
36,"[0, 1]",92.99999999999686,"[35, 35]","[0, 0]","[0, 0]",22
37,"[2, 1]",115.1999999999956,"[34, 41]","[15.650000000000087, 0]","[0, 0]",22
38,"[0, 1]",93.54999999999683,"[36, 36]","[0, 0]","[0, 0]",22
39,"[2, 1]",119.94999999999533,"[37, 45]","[14.850000000000076, 0]","[0, 0]",22
40,"[0, 1]",98.94999999999652,"[38, 33]","[2.4499999999999993, 0]","[2.4499999999999993, 0]",22
41,"[0, 1]",101.0499999999964,"[40, 40]","[0, 0]","[0, 0]",22
42,"[2, 1]",122.84999999999516,"[39, 49]","[11.60000000000003, 0]","[0, 0]",22
43,"[2, 1]",124.09999999999509,"[42, 42]","[12.000000000000036, 0]","[0, 0]",22
44,"[2, 1]",127.3999999999949,"[43, 43]","[14.650000000000073, 0]","[0, 0]",22
45,"[0, 1]",101.34999999999638,"[41, 37]","[2.4499999999999993, 0]","[2.4499999999999993, 0]",22
46,"[2, 1]",128.649999999995,"[44, 44]","[14.300000000000068, 0]","[0, 0]",22
47,"[0, 3]",130.99999999999554,"[45, 34]","[0, 0]","[0, 0]",22
48,"[2, 1]",129.8999999999953,"[46, 46]","[15.000000000000078, 0]","[0, 0]",22
49,"[0, 1]",101.64999999999637,"[47, 39]","[0, 0]","[0, 0]",22
50,"[2, 3]",162.75000000000276,"[48, 57]","[16.5500000000001, 0]","[0, 0]",22
51,"[0, 3]",132.39999999999586,"[49, 47]","[0, 0]","[0, 0]",22
52,"[0, 3]",136.29999999999674,"[51, 51]","[0, 0]","[0, 0]",22
53,"[2, 3]",161.90000000000256,"[50, 50]","[17.050000000000107, 0]","[0, 0]",22
54,"[0, 3]",137.34999999999698,"[52, 52]","[0, 0]","[0, 0]",22
55,"[0, 3]",140.39999999999768,"[54, 54]","[0, 0]","[0, 0]",22
56,"[2, 1]",133.24999999999605,"[53, 62]","[19.050000000000136, 0]","[0, 0]",22
57,"[0, 3]",141.14999999999785,"[55, 55]","[0, 0]","[0, 0]",22
58,"[2, 1]",138.2499999999972,"[56, 63]","[23.400000000000198, 0]","[0, 0]",22
59,"[0, 1]",111.84999999999579,"[57, 48]","[0, 0]","[0, 0]",22
60,"[2, 3]",167.50000000000384,"[58, 53]","[23.700000000000202, 0]","[0, 0]",22
61,"[0, 1]",111.99999999999578,"[59, 59]","[0, 0]","[0, 0]",22
62,"[0, 1]",114.74999999999562,"[61, 61]","[0, 0]","[0, 0]",22
63,"[0, 1]",121.94999999999521,"[62, 56]","[2.549999999999999, 0]","[2.549999999999999, 0]",22
64,"[0, 1]",130.29999999999538,"[63, 58]","[1.900000000000001, 0]","[1.900000000000001, 0]",22
65,"[2, 1]",132.1499999999958,"[60, 64]","[19.95000000000015, 0]","[0, 0]",22
66,"[0, 3]",160.65000000000228,"[64, 60]","[0, 0]","[0, 0]",22
67,"[2, 1]",145.09999999999874,"[65, 70]","[28.200000000000266, 0]","[6.5999999999999845, 0]",22
68,"[0, 1]",132.5499999999959,"[66, 65]","[0, 0]","[0, 0]",22
69,"[2, 1]",144.9499999999987,"[67, 67]","[22.350000000000183, 0]","[0, 0]",22
70,"[0, 1]",132.29999999999583,"[68, 68]","[0, 0]","[0, 0]",22
71,"[2, 1]",152.4000000000004,"[69, 77]","[24.050000000000207, 0]","[3.149999999999997, 0]",22
72,"[0, 3]",162.75000000000276,"[70, 66]","[0, 0]","[0, 0]",22
73,"[0, 3]",166.80000000000368,"[72, 72]","[0, 0]","[0, 0]",22
74,"[2, 3]",181.350000000007,"[71, 79]","[16.700000000000102, 0]","[0, 0]",22
75,"[2, 1]",153.60000000000068,"[74, 71]","[15.950000000000092, 0]","[0, 0]",22
76,"[2, 1]",157.45000000000155,"[75, 75]","[14.950000000000077, 0]","[0, 0]",22
77,"[0, 1]",133.14999999999603,"[73, 69]","[0, 0]","[0, 0]",22
78,"[2, 3]",189.25000000000878,"[76, 74]","[15.050000000000079, 0]","[0, 0]",22
79,"[0, 3]",163.50000000000293,"[77, 73]","[0, 0]","[0, 0]",22
0,"[0, 1]",71.79999999999806,"[-999, 9]","[0, 0]","[0, 0]",23
1,"[0, 3]",104.5499999999962,"[0, 10]","[0, 0]","[0, 0]",23
2,"[2, 1]",36.45000000000007,"[-999, -999]","[0, 0]","[0, 0]",23
3,"[2, 1]",39.04999999999992,"[2, 2]","[0, 0]","[0, 0]",23
4,"[2, 3]",70.89999999999812,"[3, -999]","[0, 0]","[0, 0]",23
5,"[0, 3]",105.94999999999612,"[1, 13]","[2.6499999999999986, 0]","[2.6499999999999986, 0]",23
6,"[2, 1]",38.749999999999936,"[4, 3]","[0, 0]","[0, 0]",23
7,"[2, 3]",72.899999999998,"[6, 4]","[0, 0]","[0, 0]",23
8,"[2, 3]",76.59999999999779,"[7, 7]","[0, 0]","[0, 0]",23
9,"[2, 1]",43.79999999999965,"[8, 6]","[0, 0]","[0, 0]",23
10,"[2, 3]",78.44999999999769,"[9, 8]","[0, 0]","[0, 0]",23
11,"[0, 1]",74.54999999999791,"[5, 16]","[1.5000000000000007, 0]","[1.5000000000000007, 0]",23
12,"[2, 1]",48.599999999999376,"[10, 0]","[0, 0]","[0, 0]",23
13,"[2, 3]",82.84999999999744,"[12, 1]","[0, 0]","[0, 0]",23
14,"[2, 1]",53.699999999999086,"[13, 12]","[0, 0]","[0, 0]",23
15,"[2, 1]",55.79999999999897,"[14, 14]","[0, 0]","[0, 0]",23
16,"[2, 1]",57.949999999998845,"[15, 15]","[0, 0]","[0, 0]",23
17,"[0, 1]",67.79999999999829,"[11, 11]","[0, 0]","[0, 0]",23
18,"[0, 1]",71.2999999999981,"[17, 17]","[0, 0]","[0, 0]",23
19,"[0, 3]",110.59999999999586,"[18, 32]","[3.049999999999997, 0]","[3.049999999999997, 0]",23
20,"[0, 1]",81.24999999999753,"[19, 18]","[0, 0]","[0, 0]",23
21,"[0, 1]",84.09999999999737,"[20, 20]","[0, 0]","[0, 0]",23
22,"[0, 1]",91.84999999999692,"[21, 36]","[2.3999999999999995, 0]","[2.3999999999999995, 0]",23
23,"[0, 1]",93.9999999999968,"[22, 22]","[0, 0]","[0, 0]",23
24,"[2, 3]",72.79999999999801,"[16, 5]","[0, 0]","[0, 0]",23
25,"[0, 3]",124.24999999999508,"[23, 34]","[0, 0]","[0, 0]",23
26,"[0, 3]",128.34999999999494,"[25, 25]","[0, 0]","[0, 0]",23
27,"[2, 3]",72.04999999999805,"[24, 24]","[0, 0]","[0, 0]",23
28,"[2, 3]",75.24999999999787,"[27, 27]","[0, 0]","[0, 0]",23
29,"[2, 3]",78.0999999999977,"[28, 28]","[0, 0]","[0, 0]",23
30,"[0, 1]",94.74999999999676,"[26, 37]","[0, 0]","[0, 0]",23
31,"[0, 1]",97.5499999999966,"[30, 30]","[0, 0]","[0, 0]",23
32,"[2, 3]",76.24999999999781,"[29, 29]","[0, 0]","[0, 0]",23
33,"[0, 1]",98.09999999999657,"[31, 31]","[0, 0]","[0, 0]",23
34,"[2, 3]",81.6999999999975,"[32, 19]","[1.4000000000000006, 0]","[1.4000000000000006, 0]",23
35,"[0, 1]",98.64999999999654,"[33, 33]","[0, 0]","[0, 0]",23
36,"[2, 1]",56.74999999999891,"[34, 21]","[6.449999999999985, 0]","[6.449999999999985, 0]",23
37,"[2, 1]",68.54999999999825,"[36, 23]","[15.400000000000084, 0]","[9.55, 0]",23
38,"[0, 3]",126.79999999999494,"[35, 42]","[0, 0]","[0, 0]",23
39,"[2, 3]",105.09999999999617,"[37, 26]","[23.100000000000193, 0]","[3.149999999999997, 0]",23
40,"[2, 3]",108.64999999999597,"[39, 39]","[22.500000000000185, 0]","[0, 0]",23
41,"[0, 1]",94.84999999999675,"[38, 44]","[0, 0]","[0, 0]",23
42,"[2, 3]",109.9499999999959,"[40, 40]","[29.450000000000284, 0]","[0, 0]",23
43,"[0, 1]",100.39999999999644,"[41, 45]","[2.499999999999999, 0]","[2.499999999999999, 0]",23
44,"[2, 1]",83.19999999999742,"[42, 35]","[30.00000000000029, 0]","[0, 0]",23
45,"[2, 1]",92.2999999999969,"[44, 41]","[29.550000000000285, 0]","[1.950000000000001, 0]",23
46,"[2, 1]",109.14999999999594,"[45, 48]","[35.8500000000001, 0]","[9.900000000000006, 0]",23
47,"[0, 1]",95.7499999999967,"[43, 43]","[0, 0]","[0, 0]",23
48,"[0, 1]",98.39999999999655,"[47, 47]","[0, 0]","[0, 0]",23
49,"[2, 1]",110.89999999999584,"[46, 51]","[23.900000000000205, 0]","[0, 0]",23
50,"[2, 1]",112.04999999999578,"[49, 49]","[22.450000000000184, 0]","[0, 0]",23
51,"[0, 1]",101.69999999999636,"[48, 46]","[2.5999999999999988, 0]","[2.5999999999999988, 0]",23
52,"[0, 3]",133.24999999999605,"[51, 38]","[0, 0]","[0, 0]",23
53,"[0, 1]",112.29999999999576,"[52, 50]","[3.099999999999997, 0]","[3.099999999999997, 0]",23
54,"[2, 1]",120.14999999999532,"[50, 56]","[23.150000000000194, 0]","[6.549999999999985, 0]",23
55,"[2, 1]",127.74999999999488,"[54, 62]","[15.450000000000085, 0]","[0, 0]",23
56,"[0, 1]",109.64999999999591,"[53, 53]","[0, 0]","[0, 0]",23
57,"[0, 3]",142.19999999999808,"[56, 52]","[0, 0]","[0, 0]",23
58,"[2, 3]",154.25000000000082,"[55, 57]","[12.050000000000036, 0]","[0, 0]",23
59,"[2, 1]",127.69999999999489,"[58, 63]","[11.450000000000028, 0]","[0, 0]",23
60,"[2, 1]",137.64999999999705,"[59, 66]","[14.650000000000073, 0]","[3.149999999999997, 0]",23
61,"[2, 1]",139.84999999999755,"[60, 60]","[12.550000000000043, 0]","[0, 0]",23
62,"[0, 1]",106.4499999999961,"[57, 54]","[0, 0]","[0, 0]",23
63,"[0, 1]",113.69999999999568,"[62, 55]","[2.3999999999999995, 0]","[2.3999999999999995, 0]",23
64,"[0, 3]",147.24999999999923,"[63, 58]","[0, 0]","[0, 0]",23
65,"[2, 3]",167.85000000000392,"[61, 68]","[12.200000000000038, 0]","[0, 0]",23
66,"[0, 1]",118.84999999999539,"[64, 59]","[0, 0]","[0, 0]",23
67,"[0, 3]",150.90000000000006,"[66, 64]","[0, 0]","[0, 0]",23
68,"[0, 3]",154.80000000000095,"[67, 67]","[0, 0]","[0, 0]",23
69,"[0, 1]",128.2499999999949,"[68, 61]","[0, 0]","[0, 0]",23
70,"[0, 1]",130.7999999999955,"[69, 69]","[0, 0]","[0, 0]",23
71,"[2, 1]",133.9499999999962,"[65, 70]","[10.25000000000001, 0]","[0, 0]",23
72,"[0, 3]",161.2000000000024,"[70, 65]","[0, 0]","[0, 0]",23
73,"[2, 1]",132.999999999996,"[71, 71]","[25.950000000000234, 0]","[0, 0]",23
74,"[2, 3]",166.60000000000363,"[73, 72]","[27.75000000000026, 0]","[0, 0]",23
75,"[0, 1]",135.6999999999966,"[72, 73]","[3.349999999999996, 0]","[3.349999999999996, 0]",23
76,"[0, 1]",137.14999999999694,"[75, 75]","[0, 0]","[0, 0]",23
77,"[0, 3]",169.40000000000427,"[76, 74]","[0, 0]","[0, 0]",23
78,"[2, 1]",137.29999999999697,"[74, 76]","[23.700000000000202, 0]","[0, 0]",23
79,"[0, 1]",140.5499999999977,"[77, 78]","[0.49999999999999994, 0]","[0, 0]",23
0,"[0, 1]",67.6999999999983,"[-999, 10]","[0, 0]","[0, 0]",24
1,"[0, 1]",77.54999999999774,"[0, 12]","[2.1000000000000005, 0]","[2.1000000000000005, 0]",24
2,"[0, 1]",78.69999999999767,"[1, 1]","[0, 0]","[0, 0]",24
3,"[0, 1]",87.49999999999717,"[2, 13]","[1.2000000000000004, 0]","[1.2000000000000004, 0]",24
4,"[0, 3]",117.54999999999546,"[3, 9]","[0, 0]","[0, 0]",24
5,"[0, 3]",121.64999999999523,"[4, 4]","[0, 0]","[0, 0]",24
6,"[0, 3]",124.99999999999504,"[5, 5]","[0, 0]","[0, 0]",24
7,"[2, 3]",67.79999999999829,"[-999, -999]","[0, 0]","[0, 0]",24
8,"[0, 1]",96.54999999999666,"[6, 17]","[0, 0]","[0, 0]",24
9,"[2, 3]",69.84999999999818,"[7, 7]","[0, 0]","[0, 0]",24
10,"[2, 1]",38.399999999999956,"[9, -999]","[0, 0]","[0, 0]",24
11,"[0, 3]",126.04999999999498,"[8, 18]","[0, 0]","[0, 0]",24
12,"[2, 1]",47.049999999999464,"[10, 0]","[3.599999999999995, 0]","[3.599999999999995, 0]",24
13,"[2, 1]",59.899999999998734,"[12, 2]","[6.649999999999984, 0]","[6.649999999999984, 0]",24
14,"[0, 1]",93.9499999999968,"[11, 8]","[0, 0]","[0, 0]",24
15,"[2, 1]",63.9999999999985,"[13, 3]","[9.700000000000003, 0]","[2.3, 0]",24
16,"[2, 1]",66.29999999999838,"[15, 15]","[16.000000000000092, 0]","[0, 0]",24
17,"[2, 1]",69.64999999999819,"[16, 16]","[18.05000000000012, 0]","[0, 0]",24
18,"[2, 3]",104.39999999999621,"[17, 6]","[19.25000000000014, 0]","[0, 0]",24
19,"[2, 3]",113.4999999999957,"[18, 11]","[16.900000000000105, 0]","[0, 0]",24
20,"[2, 1]",91.24999999999696,"[19, 22]","[15.250000000000082, 0]","[0, 0]",24
21,"[2, 3]",123.49999999999513,"[20, 19]","[13.650000000000059, 0]","[0, 0]",24
22,"[0, 1]",80.99999999999754,"[14, 14]","[0, 0]","[0, 0]",24
23,"[2, 3]",131.39999999999563,"[21, 28]","[13.900000000000063, 0]","[1.7000000000000008, 0]",24
24,"[2, 3]",144.14999999999853,"[23, 31]","[17.25000000000011, 0]","[6.549999999999985, 0]",24
25,"[2, 1]",132.1999999999958,"[24, 37]","[19.200000000000138, 0]","[9.900000000000006, 0]",24
26,"[2, 1]",138.3499999999972,"[25, 38]","[7.84999999999998, 0]","[0, 0]",24
27,"[0, 1]",80.79999999999755,"[22, 20]","[2.799999999999998, 0]","[2.799999999999998, 0]",24
28,"[0, 3]",114.34999999999565,"[27, 21]","[2.799999999999998, 0]","[2.799999999999998, 0]",24
29,"[0, 3]",122.99999999999515,"[28, 23]","[2.4499999999999993, 0]","[2.4499999999999993, 0]",24
30,"[2, 1]",138.6999999999973,"[26, 39]","[6.449999999999985, 0]","[0, 0]",24
31,"[0, 3]",123.34999999999513,"[29, 29]","[0, 0]","[0, 0]",24
32,"[0, 1]",94.89999999999675,"[31, -999]","[0, 0]","[0, 0]",24
33,"[0, 1]",97.74999999999659,"[32, 32]","[0, 0]","[0, 0]",24
34,"[2, 3]",170.95000000000462,"[30, 41]","[10.000000000000007, 0]","[3.2499999999999964, 0]",24
35,"[2, 1]",142.7499999999982,"[34, 42]","[7.649999999999981, 0]","[0, 0]",24
36,"[0, 1]",96.04999999999669,"[33, 33]","[0, 0]","[0, 0]",24
37,"[0, 1]",98.84999999999653,"[36, 36]","[0, 0]","[0, 0]",24
38,"[0, 1]",106.59999999999609,"[37, 25]","[2.499999999999999, 0]","[2.499999999999999, 0]",24
39,"[0, 1]",113.69999999999568,"[38, 26]","[2.6999999999999984, 0]","[2.6999999999999984, 0]",24
40,"[0, 3]",145.04999999999873,"[39, 24]","[0, 0]","[0, 0]",24
41,"[0, 3]",149.14999999999966,"[40, 40]","[0, 0]","[0, 0]",24
42,"[0, 1]",122.2999999999952,"[41, 30]","[0, 0]","[0, 0]",24
43,"[2, 3]",166.70000000000366,"[35, 48]","[4.099999999999993, 0]","[0, 0]",24
44,"[0, 3]",153.95000000000076,"[42, 34]","[0, 0]","[0, 0]",24
45,"[2, 1]",134.2999999999963,"[43, 35]","[4.499999999999992, 0]","[0, 0]",24
46,"[2, 3]",174.4000000000054,"[45, 51]","[10.750000000000018, 0]","[0, 0]",24
47,"[2, 3]",181.60000000000704,"[46, 52]","[11.750000000000032, 0]","[0, 0]",24
48,"[0, 3]",150.24999999999991,"[44, 44]","[0.9000000000000002, 0]","[0, 0]",24
49,"[2, 3]",187.20000000000832,"[47, 56]","[14.600000000000072, 0]","[0, 0]",24
50,"[0, 3]",155.80000000000118,"[48, 43]","[3.049999999999997, 0]","[2.3999999999999995, 0]",24
51,"[0, 3]",158.30000000000175,"[50, 50]","[0, 0]","[0, 0]",24
52,"[0, 3]",165.6000000000034,"[51, 46]","[2.3999999999999995, 0]","[2.3999999999999995, 0]",24
53,"[2, 3]",183.6000000000075,"[49, 49]","[36.00000000000009, 0]","[0, 0]",24
54,"[2, 1]",155.30000000000106,"[53, 59]","[38.049999999999976, 0]","[0, 0]",24
55,"[0, 1]",131.94999999999575,"[52, -999]","[0, 0]","[0, 0]",24
56,"[0, 3]",166.30000000000356,"[55, 47]","[0, 0]","[0, 0]",24
57,"[0, 1]",138.2499999999972,"[56, 55]","[0, 0]","[0, 0]",24
58,"[2, 3]",183.80000000000754,"[54, 61]","[39.49999999999989, 0]","[0, 0]",24
59,"[0, 1]",138.7999999999973,"[57, 57]","[0, 0]","[0, 0]",24
60,"[2, 1]",158.30000000000175,"[58, 63]","[43.39999999999967, 0]","[0, 0]",24
61,"[0, 3]",171.05000000000464,"[59, 53]","[0.44999999999999996, 0]","[0, 0]",24
62,"[0, 1]",144.19999999999854,"[61, 54]","[1.950000000000001, 0]","[0, 0]",24
63,"[0, 1]",146.49999999999906,"[62, 62]","[2.9999999999999973, 0]","[0, 0]",24
64,"[0, 1]",153.60000000000068,"[63, 60]","[6.299999999999986, 0]","[2.4499999999999993, 0]",24
65,"[0, 1]",155.8500000000012,"[64, 64]","[4.549999999999992, 0]","[0, 0]",24
66,"[0, 1]",158.6000000000018,"[65, 65]","[5.09999999999999, 0]","[0, 0]",24
67,"[2, 3]",176.6000000000059,"[60, 58]","[31.700000000000315, 0]","[0, 0]",24
68,"[0, 1]",163.55000000000294,"[66, 70]","[7.7499999999999805, 0]","[2.4499999999999993, 0]",24
69,"[2, 3]",178.65000000000637,"[67, 67]","[30.900000000000304, 0]","[0, 0]",24
70,"[2, 1]",154.90000000000097,"[69, 66]","[31.700000000000315, 0]","[0, 0]",24
71,"[0, 1]",161.25000000000242,"[68, 68]","[5.14999999999999, 0]","[0, 0]",24
72,"[0, 3]",193.65000000000978,"[71, 78]","[4.699999999999991, 0]","[0, 0]",24
73,"[0, 3]",197.55000000001067,"[72, 72]","[4.149999999999993, 0]","[0, 0]",24
74,"[0, 1]",170.65000000000455,"[73, 79]","[3.5499999999999954, 0]","[0, 0]",24
75,"[0, 3]",203.70000000001207,"[74, 73]","[2.9499999999999975, 0]","[0, 0]",24
76,"[0, 1]",177.9500000000062,"[75, 74]","[2.2, 0]","[0, 0]",24
77,"[0, 3]",211.00000000001373,"[76, 75]","[0, 0]","[0, 0]",24
78,"[2, 3]",170.35000000000448,"[70, 69]","[19.100000000000136, 0]","[0, 0]",24
79,"[2, 1]",148.14999999999944,"[78, 71]","[20.00000000000015, 0]","[0, 0]",24
0,"[2, 1]",36.45000000000007,"[-999, -999]","[0, 0]","[0, 0]",25
1,"[2, 3]",69.4499999999982,"[0, -999]","[0, 0]","[0, 0]",25
2,"[0, 1]",75.84999999999783,"[-999, 12]","[0, 0]","[3.099999999999997, 0]",25
3,"[0, 3]",107.19999999999605,"[2, 13]","[0, 0]","[0, 0]",25
4,"[2, 3]",69.59999999999819,"[1, 1]","[0, 0]","[0, 0]",25
5,"[2, 1]",38.34999999999996,"[4, 0]","[0, 0]","[0, 0]",25
6,"[0, 1]",80.94999999999754,"[3, 16]","[2.3, 0]","[2.3, 0]",25
7,"[2, 3]",70.44999999999814,"[5, 4]","[0, 0]","[0, 0]",25
8,"[2, 1]",39.24999999999991,"[7, 5]","[0, 0]","[0, 0]",25
9,"[0, 1]",77.54999999999774,"[6, 6]","[0, 0]","[0, 0]",25
10,"[2, 1]",40.349999999999845,"[8, 8]","[0, 0]","[0, 0]",25
11,"[2, 1]",43.59999999999966,"[10, 10]","[0, 0]","[0, 0]",25
12,"[2, 1]",46.699999999999484,"[11, 11]","[0, 0]","[0, 0]",25
13,"[2, 3]",78.34999999999769,"[12, 7]","[0, 0]","[0, 0]",25
14,"[2, 1]",52.39999999999916,"[13, 2]","[0, 0]","[0, 0]",25
15,"[0, 3]",98.89999999999652,"[9, 3]","[0, 0]","[0, 0]",25
16,"[2, 1]",52.649999999999146,"[14, 14]","[0, 0]","[0, 0]",25
17,"[2, 1]",65.19999999999844,"[16, 9]","[6.699999999999984, 0]","[6.699999999999984, 0]",25
18,"[0, 1]",73.74999999999795,"[15, 19]","[2.549999999999999, 0]","[2.549999999999999, 0]",25
19,"[2, 1]",65.44999999999843,"[17, 17]","[9.45, 0]","[2.3, 0]",25
20,"[2, 1]",74.5999999999979,"[19, 18]","[11.900000000000034, 0]","[0, 0]",25
21,"[2, 1]",76.74999999999778,"[20, 20]","[15.80000000000009, 0]","[0, 0]",25
22,"[2, 3]",106.59999999999609,"[21, 15]","[19.35000000000014, 0]","[0, 0]",25
23,"[2, 1]",80.14999999999759,"[22, 21]","[17.050000000000107, 0]","[0, 0]",25
24,"[2, 1]",100.89999999999641,"[23, 30]","[24.95000000000022, 0]","[9.600000000000001, 0]",25
25,"[2, 1]",107.09999999999606,"[24, 32]","[13.850000000000062, 0]","[0, 0]",25
26,"[2, 3]",138.44999999999723,"[25, 27]","[12.400000000000041, 0]","[0, 0]",25
27,"[0, 3]",101.99999999999635,"[18, 22]","[2.2, 0]","[2.2, 0]",25
28,"[0, 1]",76.04999999999782,"[27, 23]","[0, 0]","[0, 0]",25
29,"[0, 1]",78.34999999999769,"[28, 28]","[0, 0]","[0, 0]",25
30,"[0, 1]",81.04999999999754,"[29, 29]","[0, 0]","[0, 0]",25
31,"[2, 1]",106.94999999999607,"[26, 37]","[10.90000000000002, 0]","[0, 0]",25
32,"[0, 1]",86.44999999999723,"[30, 24]","[2.3999999999999995, 0]","[2.3999999999999995, 0]",25
33,"[0, 1]",93.84999999999681,"[32, 25]","[2.6999999999999984, 0]","[2.6999999999999984, 0]",25
34,"[2, 3]",134.04999999999623,"[31, 26]","[9.45, 0]","[0, 0]",25
35,"[2, 1]",112.09999999999577,"[34, 42]","[8.04999999999998, 0]","[0, 0]",25
36,"[2, 3]",143.6499999999984,"[35, 34]","[6.549999999999985, 0]","[0, 0]",25
37,"[0, 1]",88.8499999999971,"[33, 33]","[0, 0]","[0, 0]",25
38,"[2, 3]",161.80000000000254,"[36, 48]","[14.750000000000075, 0]","[9.600000000000001, 0]",25
39,"[0, 1]",93.49999999999683,"[37, 31]","[2.3999999999999995, 0]","[2.3999999999999995, 0]",25
40,"[2, 3]",167.10000000000375,"[38, 49]","[3.699999999999995, 0]","[0, 0]",25
41,"[2, 1]",138.04999999999714,"[40, 50]","[2.3, 0]","[0, 0]",25
42,"[0, 1]",91.24999999999696,"[39, 39]","[0, 0]","[0, 0]",25
43,"[0, 1]",98.34999999999656,"[42, 35]","[2.3999999999999995, 0]","[2.3999999999999995, 0]",25
44,"[0, 3]",132.34999999999584,"[43, 36]","[0, 0]","[0, 0]",25
45,"[2, 3]",170.9000000000046,"[41, 52]","[0.9000000000000002, 0]","[0, 0]",25
46,"[2, 1]",159.55000000000203,"[45, 62]","[11.100000000000023, 0]","[9.900000000000006, 0]",25
47,"[0, 3]",131.04999999999555,"[44, 44]","[0, 0]","[0, 0]",25
48,"[0, 3]",133.9499999999962,"[47, 47]","[0, 0]","[0, 0]",25
49,"[0, 3]",142.04999999999805,"[48, 38]","[2.3999999999999995, 0]","[2.3999999999999995, 0]",25
50,"[0, 1]",113.09999999999572,"[49, -999]","[0, 0]","[0, 0]",25
51,"[0, 3]",147.34999999999926,"[50, 40]","[0, 0]","[0, 0]",25
52,"[0, 3]",150.09999999999988,"[51, 51]","[0, 0]","[0, 0]",25
53,"[0, 1]",122.2499999999952,"[52, 41]","[0, 0]","[0, 0]",25
54,"[2, 1]",149.94999999999985,"[46, 63]","[3.4999999999999956, 0]","[0, 0]",25
55,"[2, 3]",181.350000000007,"[54, 45]","[4.849999999999991, 0]","[0, 0]",25
56,"[2, 1]",158.85000000000187,"[55, 67]","[13.950000000000063, 0]","[0, 0]",25
57,"[2, 1]",166.55000000000362,"[56, 68]","[17.35000000000011, 0]","[3.149999999999997, 0]",25
58,"[2, 1]",180.5000000000068,"[57, 76]","[22.25000000000018, 0]","[6.749999999999984, 0]",25
59,"[0, 1]",113.84999999999567,"[53, 53]","[0, 0]","[0, 0]",25
60,"[2, 3]",211.50000000001384,"[58, 77]","[17.650000000000116, 0]","[0, 0]",25
61,"[0, 1]",114.44999999999564,"[59, 59]","[0, 0]","[0, 0]",25
62,"[0, 1]",117.19999999999548,"[61, 61]","[0, 0]","[0, 0]",25
63,"[0, 1]",124.84999999999505,"[62, 46]","[2.4499999999999993, 0]","[2.4499999999999993, 0]",25
64,"[2, 3]",208.6500000000132,"[60, 60]","[17.30000000000011, 0]","[0, 0]",25
65,"[0, 1]",130.14999999999534,"[63, 54]","[2.7499999999999982, 0]","[2.7499999999999982, 0]",25
66,"[2, 1]",178.55000000000635,"[64, 58]","[16.250000000000096, 0]","[0, 0]",25
67,"[0, 1]",129.4999999999952,"[65, 65]","[0, 0]","[0, 0]",25
68,"[0, 1]",136.39999999999677,"[67, 56]","[2.3999999999999995, 0]","[2.3999999999999995, 0]",25
69,"[2, 3]",209.20000000001332,"[66, 64]","[24.800000000000217, 0]","[0, 0]",25
70,"[2, 1]",182.50000000000725,"[69, 66]","[29.550000000000285, 0]","[0, 0]",25
71,"[2, 3]",216.95000000001508,"[70, 69]","[32.85000000000027, 0]","[0, 0]",25
72,"[2, 1]",190.55000000000908,"[71, 70]","[36.05000000000009, 0]","[0, 0]",25
73,"[0, 3]",159.25000000000196,"[68, 55]","[0, 0]","[0, 0]",25
74,"[0, 1]",133.29999999999606,"[73, 57]","[0, 0]","[0, 0]",25
75,"[2, 1]",190.150000000009,"[72, 72]","[45.799999999999535, 0]","[0, 0]",25
76,"[0, 1]",133.8499999999962,"[74, 74]","[0, 0]","[0, 0]",25
77,"[0, 3]",166.70000000000366,"[76, 73]","[0, 0]","[0, 0]",25
78,"[2, 3]",218.4000000000154,"[75, 71]","[49.24999999999934, 0]","[0, 0]",25
79,"[2, 1]",191.65000000000933,"[78, 75]","[51.599999999999206, 0]","[0, 0]",25
0,"[2, 1]",36.45000000000007,"[-999, -999]","[0, 0]","[0, 0]",26
1,"[0, 1]",76.3499999999978,"[-999, 12]","[0, 0]","[3.099999999999997, 0]",26
2,"[0, 1]",83.09999999999742,"[1, 15]","[2.799999999999998, 0]","[2.799999999999998, 0]",26
3,"[2, 1]",36.650000000000055,"[0, 0]","[0, 0]","[0, 0]",26
4,"[2, 3]",69.4499999999982,"[3, -999]","[0, 0]","[0, 0]",26
5,"[2, 1]",39.59999999999989,"[4, 3]","[0, 0]","[0, 0]",26
6,"[2, 1]",42.54999999999972,"[5, 5]","[0, 0]","[0, 0]",26
7,"[2, 1]",45.84999999999953,"[6, 6]","[0, 0]","[0, 0]",26
8,"[0, 3]",102.14999999999634,"[2, 13]","[0, 0]","[0, 0]",26
9,"[0, 3]",106.14999999999611,"[8, 8]","[0, 0]","[0, 0]",26
10,"[0, 1]",79.39999999999763,"[9, 17]","[0, 0]","[0, 0]",26
11,"[2, 1]",42.14999999999974,"[7, 7]","[0, 0]","[0, 0]",26
12,"[2, 1]",45.04999999999958,"[11, 11]","[0, 0]","[0, 0]",26
13,"[2, 3]",76.5499999999978,"[12, 4]","[0, 0]","[0, 0]",26
14,"[0, 1]",75.29999999999787,"[10, 10]","[0, 0]","[0, 0]",26
15,"[2, 1]",48.099999999999405,"[13, 1]","[0, 0]","[0, 0]",26
16,"[2, 1]",55.74999999999897,"[15, 2]","[2.6999999999999984, 0]","[2.6999999999999984, 0]",26
17,"[2, 1]",58.14999999999883,"[16, 16]","[5.399999999999989, 0]","[2.799999999999998, 0]",26
18,"[2, 1]",72.44999999999803,"[17, 14]","[10.350000000000012, 0]","[3.349999999999996, 0]",26
19,"[0, 3]",99.3999999999965,"[14, 9]","[0, 0]","[0, 0]",26
20,"[2, 1]",71.99999999999805,"[18, 18]","[9.5, 0]","[0, 0]",26
21,"[2, 3]",107.29999999999605,"[20, 22]","[17.100000000000108, 0]","[0, 0]",26
22,"[0, 3]",99.14999999999651,"[19, 19]","[0, 0]","[0, 0]",26
23,"[0, 1]",71.84999999999806,"[22, 20]","[0, 0]","[0, 0]",26
24,"[0, 3]",106.09999999999611,"[23, 21]","[0, 0]","[0, 0]",26
25,"[2, 3]",109.09999999999594,"[21, 24]","[20.350000000000154, 0]","[0, 0]",26
26,"[0, 1]",76.69999999999779,"[24, 23]","[0, 0]","[0, 0]",26
27,"[0, 1]",79.54999999999762,"[26, 26]","[0, 0]","[0, 0]",26
28,"[2, 1]",83.5999999999974,"[25, 27]","[19.30000000000014, 0]","[3.349999999999996, 0]",26
29,"[2, 1]",89.79999999999704,"[28, 32]","[15.650000000000087, 0]","[0, 0]",26
30,"[2, 1]",97.4999999999966,"[29, 36]","[14.500000000000071, 0]","[0, 0]",26
31,"[2, 3]",128.74999999999503,"[30, 34]","[13.05000000000005, 0]","[0, 0]",26
32,"[0, 1]",79.79999999999761,"[27, 28]","[1.0500000000000003, 0]","[1.0500000000000003, 0]",26
33,"[2, 3]",130.8499999999955,"[31, 31]","[11.65000000000003, 0]","[0, 0]",26
34,"[0, 3]",107.69999999999602,"[32, 25]","[0, 0]","[0, 0]",26
35,"[2, 3]",132.44999999999587,"[33, 33]","[10.20000000000001, 0]","[0, 0]",26
36,"[0, 1]",78.39999999999769,"[34, 29]","[0, 0]","[0, 0]",26
37,"[0, 1]",85.79999999999727,"[36, 30]","[2.499999999999999, 0]","[2.499999999999999, 0]",26
38,"[2, 1]",102.49999999999632,"[35, 43]","[7.549999999999981, 0]","[0, 0]",26
39,"[2, 3]",135.6499999999966,"[38, 35]","[6.199999999999986, 0]","[0, 0]",26
40,"[0, 1]",83.3999999999974,"[37, 37]","[0, 0]","[0, 0]",26
41,"[0, 1]",86.09999999999725,"[40, 40]","[0, 0]","[0, 0]",26
42,"[2, 1]",107.54999999999603,"[39, 45]","[4.049999999999994, 0]","[0, 0]",26
43,"[0, 1]",86.59999999999722,"[41, 41]","[0, 0]","[0, 0]",26
44,"[0, 1]",95.6999999999967,"[43, 38]","[2.5999999999999988, 0]","[2.5999999999999988, 0]",26
45,"[0, 1]",96.79999999999664,"[44, 44]","[0, 0]","[0, 0]",26
46,"[0, 3]",128.49999999999497,"[45, 39]","[0, 0]","[0, 0]",26
47,"[2, 1]",101.39999999999638,"[42, 42]","[2.2, 0]","[0, 0]",26
48,"[2, 1]",104.94999999999618,"[47, 47]","[3.399999999999996, 0]","[0, 0]",26
49,"[0, 3]",127.79999999999488,"[46, 46]","[0, 0]","[0, 0]",26
50,"[2, 3]",141.54999999999794,"[48, 52]","[3.149999999999997, 0]","[0, 0]",26
51,"[0, 3]",128.84999999999505,"[49, 49]","[0, 0]","[0, 0]",26
52,"[0, 3]",131.89999999999574,"[51, 51]","[0, 0]","[0, 0]",26
53,"[0, 1]",103.94999999999624,"[52, 48]","[0, 0]","[0, 0]",26
54,"[0, 1]",106.79999999999607,"[53, 53]","[0, 0]","[0, 0]",26
55,"[0, 3]",139.84999999999755,"[54, 50]","[0, 0]","[0, 0]",26
56,"[0, 3]",143.74999999999844,"[55, 55]","[0, 0]","[0, 0]",26
57,"[0, 1]",116.59999999999552,"[56, 67]","[0, 0]","[0, 0]",26
58,"[0, 1]",119.39999999999536,"[57, 57]","[0, 0]","[0, 0]",26
59,"[0, 1]",126.59999999999495,"[58, 74]","[2.499999999999999, 0]","[2.499999999999999, 0]",26
60,"[2, 1]",99.14999999999651,"[50, 54]","[1.2000000000000004, 0]","[0, 0]",26
61,"[0, 3]",157.90000000000165,"[59, 78]","[0, 0]","[0, 0]",26
62,"[0, 1]",130.69999999999547,"[61, 59]","[0, 0]","[0, 0]",26
63,"[0, 1]",133.54999999999612,"[62, 62]","[0, 0]","[0, 0]",26
64,"[0, 3]",166.5000000000036,"[63, 61]","[0, 0]","[0, 0]",26
65,"[0, 3]",170.55000000000453,"[64, 64]","[0, 0]","[0, 0]",26
66,"[0, 3]",173.85000000000528,"[65, 65]","[0, 0]","[0, 0]",26
67,"[2, 1]",87.84999999999715,"[60, 60]","[0, 0]","[0, 0]",26
68,"[0, 3]",174.70000000000547,"[66, 66]","[0, 0]","[0, 0]",26
69,"[0, 1]",147.19999999999922,"[68, -999]","[0, 0]","[0, 0]",26
70,"[0, 3]",180.45000000000678,"[69, 68]","[0, 0]","[0, 0]",26
71,"[0, 1]",154.6000000000009,"[70, 69]","[0, 0]","[0, 0]",26
72,"[2, 3]",113.74999999999568,"[67, 56]","[0, 0]","[0, 0]",26
73,"[0, 3]",185.50000000000793,"[71, 70]","[0, 0]","[0, 0]",26
74,"[2, 1]",88.59999999999711,"[72, 58]","[0, 0]","[0, 0]",26
75,"[0, 3]",187.20000000000832,"[73, 73]","[0, 0]","[0, 0]",26
76,"[0, 1]",160.45000000000223,"[75, 71]","[0, 0]","[0, 0]",26
77,"[0, 3]",193.60000000000977,"[76, 75]","[0.25, 0]","[0, 0]",26
78,"[2, 3]",113.14999999999571,"[74, 72]","[0, 0]","[0, 0]",26
79,"[0, 1]",165.5500000000034,"[77, 76]","[0.9500000000000003, 0]","[0, 0]",26
0,"[2, 3]",67.79999999999829,"[-999, -999]","[0, 0]","[0, 0]",27
1,"[2, 1]",38.09999999999997,"[0, -999]","[0, 0]","[0, 0]",27
2,"[0, 3]",96.69999999999665,"[-999, 0]","[0, 0]","[0, 0]",27
3,"[0, 3]",101.39999999999638,"[2, 2]","[0, 0]","[0, 0]",27
4,"[0, 3]",104.84999999999619,"[3, 3]","[0, 0]","[0, 0]",27
5,"[0, 3]",107.84999999999602,"[4, 4]","[0, 0]","[0, 0]",27
6,"[2, 1]",36.500000000000064,"[1, 1]","[0, 0]","[0, 0]",27
7,"[2, 1]",39.19999999999991,"[6, 6]","[0, 0]","[0, 0]",27
8,"[2, 1]",42.34999999999973,"[7, 7]","[0, 0]","[0, 0]",27
9,"[0, 1]",84.99999999999731,"[5, 25]","[6.949999999999983, 0]","[6.949999999999983, 0]",27
10,"[0, 3]",115.1499999999956,"[9, 5]","[0, 0]","[0, 0]",27
11,"[0, 3]",119.24999999999537,"[10, 10]","[0, 0]","[0, 0]",27
12,"[2, 1]",37.350000000000016,"[8, 8]","[0, 0]","[0, 0]",27
13,"[2, 1]",40.14999999999986,"[12, 12]","[0, 0]","[0, 0]",27
14,"[0, 3]",118.09999999999543,"[11, 11]","[0, 0]","[0, 0]",27
15,"[2, 1]",41.0999999999998,"[13, 13]","[0, 0]","[0, 0]",27
16,"[0, 1]",88.19999999999713,"[14, 28]","[0, 0]","[0, 0]",27
17,"[0, 3]",121.94999999999521,"[16, 29]","[1.1500000000000004, 0]","[0, 0]",27
18,"[2, 1]",37.79999999999999,"[15, 15]","[0, 0]","[0, 0]",27
19,"[2, 1]",40.49999999999984,"[18, 18]","[0, 0]","[0, 0]",27
20,"[2, 1]",43.699999999999655,"[19, 19]","[0, 0]","[0, 0]",27
21,"[0, 1]",87.89999999999715,"[17, 30]","[0, 0]","[0, 0]",27
22,"[0, 1]",90.649999999997,"[21, 21]","[0, 0]","[0, 0]",27
23,"[0, 1]",93.39999999999684,"[22, 22]","[0, 0]","[0, 0]",27
24,"[2, 1]",38.19999999999997,"[20, 20]","[0, 0]","[0, 0]",27
25,"[2, 1]",41.1499999999998,"[24, 24]","[0, 0]","[0, 0]",27
26,"[2, 1]",50.84999999999925,"[25, 9]","[3.4999999999999956, 0]","[3.4999999999999956, 0]",27
27,"[0, 1]",89.49999999999706,"[23, 23]","[0, 0]","[0, 0]",27
28,"[2, 1]",51.39999999999922,"[26, 26]","[0, 0]","[0, 0]",27
29,"[2, 3]",89.59999999999705,"[28, 14]","[0, 0]","[0, 0]",27
30,"[2, 1]",61.34999999999865,"[29, 16]","[9.099999999999994, 0]","[0.05, 0]",27
31,"[0, 3]",115.1999999999956,"[27, 40]","[0, 0]","[0, 0]",27
32,"[2, 3]",94.0999999999968,"[30, 17]","[11.050000000000022, 0]","[0, 0]",27
33,"[0, 3]",116.54999999999552,"[31, 31]","[0, 0]","[0, 0]",27
34,"[0, 1]",89.44999999999706,"[33, 41]","[0, 0]","[0, 0]",27
35,"[0, 1]",92.2999999999969,"[34, 34]","[0, 0]","[0, 0]",27
36,"[0, 1]",95.14999999999674,"[35, 35]","[0, 0]","[0, 0]",27
37,"[0, 1]",102.8499999999963,"[36, 43]","[2.4499999999999993, 0]","[2.4499999999999993, 0]",27
38,"[0, 3]",134.3999999999963,"[37, 42]","[0, 0]","[0, 0]",27
39,"[2, 3]",84.24999999999736,"[32, 32]","[0, 0]","[0, 0]",27
40,"[2, 3]",87.89999999999715,"[39, 39]","[0, 0]","[0, 0]",27
41,"[2, 1]",62.849999999998566,"[40, 27]","[0, 0]","[0, 0]",27
42,"[2, 3]",101.69999999999636,"[41, 33]","[0, 0]","[0, 0]",27
43,"[2, 1]",85.74999999999727,"[42, 36]","[2.6999999999999984, 0]","[2.6999999999999984, 0]",27
44,"[0, 1]",96.09999999999668,"[38, 47]","[0, 0]","[0, 0]",27
45,"[0, 1]",103.44999999999627,"[44, 48]","[2.499999999999999, 0]","[2.499999999999999, 0]",27
46,"[0, 1]",111.19999999999582,"[45, 49]","[2.849999999999998, 0]","[2.849999999999998, 0]",27
47,"[2, 1]",85.2499999999973,"[43, 37]","[0, 0]","[0, 0]",27
48,"[2, 1]",92.44999999999689,"[47, 44]","[0, 0]","[0, 0]",27
49,"[2, 1]",99.3499999999965,"[48, 45]","[0, 0]","[0, 0]",27
50,"[2, 3]",130.64999999999546,"[49, 38]","[0, 0]","[0, 0]",27
51,"[2, 1]",108.39999999999598,"[50, 53]","[0, 0]","[0, 0]",27
52,"[2, 3]",139.99999999999758,"[51, 50]","[1.2000000000000004, 0]","[0, 0]",27
53,"[0, 1]",99.1999999999965,"[46, 46]","[0, 0]","[0, 0]",27
54,"[0, 1]",106.19999999999611,"[53, 51]","[2.499999999999999, 0]","[2.499999999999999, 0]",27
55,"[2, 1]",113.3999999999957,"[52, 57]","[1.7500000000000009, 0]","[0, 0]",27
56,"[2, 3]",147.24999999999923,"[55, 60]","[2.25, 0]","[0, 0]",27
57,"[0, 1]",103.89999999999624,"[54, 54]","[0, 0]","[0, 0]",27
58,"[2, 1]",122.2499999999952,"[56, 66]","[4.94999999999999, 0]","[0, 0]",27
59,"[2, 1]",123.74999999999511,"[58, 58]","[8.699999999999989, 0]","[0, 0]",27
60,"[0, 3]",131.7499999999957,"[57, 52]","[0, 0]","[0, 0]",27
61,"[2, 3]",155.15000000000103,"[59, 69]","[10.25000000000001, 0]","[0, 0]",27
62,"[0, 1]",102.8999999999963,"[60, 55]","[0, 0]","[0, 0]",27
63,"[2, 1]",130.59999999999545,"[61, 73]","[11.700000000000031, 0]","[0, 0]",27
64,"[2, 3]",169.75000000000435,"[63, 78]","[16.6500000000001, 0]","[0, 0]",27
65,"[2, 1]",141.94999999999803,"[64, 79]","[21.100000000000165, 0]","[0, 0]",27
66,"[0, 1]",98.94999999999652,"[62, 62]","[0, 0]","[0, 0]",27
67,"[2, 1]",142.89999999999824,"[65, 65]","[23.050000000000193, 0]","[0, 0]",27
68,"[2, 1]",146.49999999999906,"[67, 67]","[24.450000000000212, 0]","[0, 0]",27
69,"[0, 3]",127.3499999999949,"[66, 56]","[0, 0]","[0, 0]",27
70,"[2, 3]",178.10000000000625,"[68, 64]","[24.90000000000022, 0]","[0, 0]",27
71,"[2, 1]",151.85000000000028,"[70, 68]","[24.100000000000207, 0]","[0, 0]",27
72,"[0, 1]",100.79999999999642,"[69, 59]","[2.5999999999999988, 0]","[2.5999999999999988, 0]",27
73,"[0, 1]",103.09999999999629,"[72, 72]","[0, 0]","[0, 0]",27
74,"[0, 3]",135.54999999999657,"[73, 61]","[0, 0]","[0, 0]",27
75,"[2, 3]",179.75000000000662,"[71, 70]","[24.050000000000207, 0]","[0, 0]",27
76,"[2, 1]",153.05000000000055,"[75, 71]","[25.05000000000022, 0]","[0, 0]",27
77,"[2, 3]",188.0500000000085,"[76, 75]","[25.05000000000022, 0]","[0, 0]",27
78,"[0, 3]",132.69999999999592,"[74, 74]","[0, 0]","[0, 0]",27
79,"[0, 1]",105.79999999999613,"[78, 63]","[0, 0]","[0, 0]",27
0,"[2, 1]",36.45000000000007,"[-999, -999]","[0, 0]","[0, 0]",28
1,"[2, 1]",39.04999999999992,"[0, 0]","[0, 0]","[0, 0]",28
2,"[2, 3]",70.89999999999812,"[1, -999]","[0, 0]","[0, 0]",28
3,"[0, 3]",100.49999999999643,"[-999, 11]","[0, 0]","[0, 0]",28
4,"[0, 3]",103.39999999999627,"[3, 3]","[0, 0]","[0, 0]",28
5,"[0, 3]",106.09999999999611,"[4, 4]","[0, 0]","[0, 0]",28
6,"[0, 1]",82.04999999999748,"[5, 16]","[2.7499999999999982, 0]","[2.7499999999999982, 0]",28
7,"[2, 1]",36.500000000000064,"[2, 1]","[0, 0]","[0, 0]",28
8,"[2, 1]",39.19999999999991,"[7, 7]","[0, 0]","[0, 0]",28
9,"[2, 1]",42.34999999999973,"[8, 8]","[0, 0]","[0, 0]",28
10,"[2, 3]",72.79999999999801,"[9, 2]","[0, 0]","[0, 0]",28
11,"[2, 3]",76.74999999999778,"[10, 10]","[0, 0]","[0, 0]",28
12,"[2, 1]",48.249999999999396,"[11, 9]","[0, 0]","[0, 0]",28
13,"[2, 1]",51.29999999999922,"[12, 12]","[0, 0]","[0, 0]",28
14,"[2, 1]",54.14999999999906,"[13, 13]","[0, 0]","[0, 0]",28
15,"[0, 3]",97.94999999999658,"[6, 17]","[0, 0]","[0, 0]",28
16,"[2, 1]",54.599999999999035,"[14, 14]","[0, 0]","[0, 0]",28
17,"[2, 3]",86.04999999999725,"[16, 5]","[0, 0]","[0, 0]",28
18,"[2, 1]",59.549999999998754,"[17, 6]","[0, 0]","[0, 0]",28
19,"[2, 1]",62.44999999999859,"[18, 18]","[0, 0]","[0, 0]",28
20,"[0, 1]",71.99999999999805,"[15, 24]","[1.850000000000001, 0]","[1.850000000000001, 0]",28
21,"[0, 3]",104.39999999999621,"[20, 15]","[0, 0]","[0, 0]",28
22,"[0, 3]",108.44999999999598,"[21, 21]","[0, 0]","[0, 0]",28
23,"[0, 3]",111.7499999999958,"[22, 22]","[0, 0]","[0, 0]",28
24,"[2, 1]",56.74999999999891,"[19, 19]","[0, 0]","[0, 0]",28
25,"[0, 1]",83.29999999999741,"[23, 30]","[0, 0]","[0, 0]",28
26,"[2, 1]",64.1499999999985,"[24, 20]","[3.2999999999999963, 0]","[3.2999999999999963, 0]",28
27,"[0, 1]",83.19999999999742,"[25, 25]","[0, 0]","[0, 0]",28
28,"[2, 1]",64.0499999999985,"[26, 26]","[7.99999999999998, 0]","[0, 0]",28
29,"[0, 1]",83.69999999999739,"[27, 27]","[0, 0]","[0, 0]",28
30,"[2, 1]",65.14999999999844,"[28, 28]","[14.950000000000077, 0]","[0, 0]",28
31,"[2, 1]",85.54999999999728,"[30, 29]","[22.500000000000185, 0]","[9.900000000000006, 0]",28
32,"[0, 1]",86.9499999999972,"[29, 31]","[2.549999999999999, 0]","[2.549999999999999, 0]",28
33,"[0, 3]",120.14999999999532,"[32, 37]","[0, 0]","[0, 0]",28
34,"[0, 3]",123.39999999999513,"[33, 33]","[0, 0]","[0, 0]",28
35,"[0, 3]",131.19999999999558,"[34, 40]","[2.3499999999999996, 0]","[2.3499999999999996, 0]",28
36,"[0, 1]",103.19999999999628,"[35, 45]","[0, 0]","[0, 0]",28
37,"[2, 3]",104.5499999999962,"[31, 23]","[3.7499999999999947, 0]","[0, 0]",28
38,"[2, 1]",78.0999999999977,"[37, 32]","[2.5999999999999988, 0]","[0, 0]",28
39,"[0, 1]",101.0499999999964,"[36, 36]","[0, 0]","[0, 0]",28
40,"[2, 3]",115.1499999999956,"[38, 34]","[1.1500000000000004, 0]","[0, 0]",28
41,"[0, 1]",106.4499999999961,"[39, 47]","[2.499999999999999, 0]","[2.499999999999999, 0]",28
42,"[0, 3]",139.6499999999975,"[41, 48]","[0, 0]","[0, 0]",28
43,"[0, 1]",112.39999999999576,"[42, 41]","[0, 0]","[0, 0]",28
44,"[0, 1]",115.2499999999956,"[43, 43]","[0, 0]","[0, 0]",28
45,"[2, 1]",75.99999999999783,"[40, 38]","[0, 0]","[0, 0]",28
46,"[0, 1]",115.89999999999556,"[44, 44]","[0, 0]","[0, 0]",28
47,"[2, 1]",89.34999999999707,"[45, 39]","[2.6999999999999984, 0]","[2.6999999999999984, 0]",28
48,"[2, 3]",119.59999999999535,"[47, 35]","[0, 0]","[0, 0]",28
49,"[0, 1]",114.14999999999566,"[46, 46]","[0, 0]","[0, 0]",28
50,"[2, 3]",127.29999999999491,"[48, 42]","[0.35, 0]","[0, 0]",28
51,"[2, 1]",115.99999999999555,"[50, 49]","[11.400000000000027, 0]","[9.700000000000003, 0]",28
52,"[2, 3]",149.04999999999964,"[51, 53]","[9.5, 0]","[0, 0]",28
53,"[0, 3]",140.19999999999763,"[49, 50]","[0, 0]","[0, 0]",28
54,"[0, 1]",114.19999999999565,"[53, 51]","[0, 0]","[0, 0]",28
55,"[0, 1]",116.8999999999955,"[54, 54]","[0, 0]","[0, 0]",28
56,"[0, 1]",124.19999999999509,"[55, 57]","[2.3499999999999996, 0]","[2.3499999999999996, 0]",28
57,"[2, 1]",117.69999999999546,"[52, 55]","[3.999999999999994, 0]","[0, 0]",28
58,"[2, 3]",148.94999999999962,"[57, 52]","[4.049999999999994, 0]","[0, 0]",28
59,"[0, 1]",121.94999999999521,"[56, 56]","[0, 0]","[0, 0]",28
60,"[0, 3]",154.35000000000085,"[59, 58]","[0, 0]","[0, 0]",28
61,"[0, 3]",158.25000000000173,"[60, 60]","[0, 0]","[0, 0]",28
62,"[0, 1]",130.3499999999954,"[61, 70]","[0, 0]","[0, 0]",28
63,"[0, 3]",164.95000000000326,"[62, 71]","[0, 0]","[0, 0]",28
64,"[0, 1]",138.19999999999717,"[63, 73]","[0.25, 0]","[0, 0]",28
65,"[0, 1]",146.6999999999991,"[64, 74]","[3.349999999999996, 0]","[2.0500000000000007, 0]",28
66,"[2, 1]",111.34999999999582,"[58, 59]","[2.5999999999999988, 0]","[0, 0]",28
67,"[0, 1]",145.49999999999883,"[65, 65]","[1.850000000000001, 0]","[0, 0]",28
68,"[0, 3]",177.35000000000608,"[67, 75]","[2.7499999999999982, 0]","[0, 0]",28
69,"[0, 3]",181.20000000000695,"[68, 68]","[3.5499999999999954, 0]","[0, 0]",28
70,"[2, 1]",105.99999999999612,"[66, 66]","[3.7499999999999947, 0]","[0, 0]",28
71,"[2, 3]",141.4499999999979,"[70, 61]","[5.999999999999987, 0]","[0, 0]",28
72,"[0, 3]",179.95000000000667,"[69, 69]","[4.149999999999993, 0]","[0, 0]",28
73,"[2, 1]",111.04999999999583,"[71, 62]","[7.599999999999981, 0]","[0, 0]",28
74,"[2, 1]",120.89999999999527,"[73, 64]","[8.349999999999984, 0]","[0, 0]",28
75,"[2, 3]",152.45000000000041,"[74, 63]","[9.55, 0]","[0, 0]",28
76,"[0, 1]",145.89999999999893,"[72, -999]","[4.199999999999993, 0]","[0, 0]",28
77,"[0, 1]",148.69999999999956,"[76, 76]","[3.699999999999995, 0]","[0, 0]",28
78,"[0, 1]",151.5500000000002,"[77, 77]","[3.049999999999997, 0]","[0, 0]",28
79,"[0, 1]",154.35000000000085,"[78, 78]","[3.099999999999997, 0]","[0, 0]",28
