Vehicle_label,Utilities,Probabilities,Routes_taken,Gamma,Eta
0,"[-3.3934722009681666, -3.2154719693331044, -3.183096364573559, -2.8244503377604104]","[0.19247404554494235, 0.22997291656738206, 0.2375402666027489, 0.3400127712849267]","[0, 3, 2, 1, 3, 2, 1, 3, 3, 2, 1, 0, 3, 2, 2, 0, 0, 0, 3, 0, 1, 1, 0, 2, 2, 3, 2, 1, 3, 3, 3, 2, 1, 3, 1, 1, 2, 1, 1, 1, 3, 3, 2, 2, 0, 2, 1, 1, 1, 1, 0, 1, 0, 1, 3, 2, 2, 2, 2, 0, 1, 3, 3, 1, 1, 3, 2, 0, 3, 2, 3, 0, 3, 2, 2, 2, 3, 1, 1, 2]",1.0045671174689927,0.8593965708124512
1,"[-8.809325640246467, -7.8023197460434295, -7.656940262885607, -6.012451634687082]","[0.04292499642204599, 0.1175025714038635, 0.13588918002296815, 0.7036832521511224]","[3, 2, 0, 1, 3, 1, 3, 1, 3, 3, 2, 0, 3, 0, 3, 3, 3, 3, 3, 3, 0, 3, 2, 3, 2, 3, 3, 3, 3, 0, 3, 1, 2, 3, 3, 3, 3, 1, 3, 3, 3, 3, 3, 3, 3, 3, 3, 3, 3, 1, 1, 3, 3, 0, 1, 3, 3, 3, 2, 3, 3, 1, 3, 1, 3, 3, 3, 3, 3, 3, 3, 1, 1, 1, 3, 3, 2, 3, 3, 1]",1.0985787483097307,1.242902300281687
2,"[-4.409917230840119, -4.1197964803058476, -4.038396686833682, -3.452985304192679]","[0.15648907662746875, 0.2091615584258039, 0.22689940140621398, 0.40744996354051327]","[3, 0, 1, 2, 3, 1, 3, 2, 0, 1, 3, 1, 3, 0, 0, 2, 1, 1, 0, 3, 2, 2, 3, 2, 1, 0, 3, 2, 1, 2, 3, 1, 2, 2, 3, 3, 0, 3, 3, 2, 2, 0, 2, 3, 3, 2, 1, 0, 3, 0, 2, 3, 0, 3, 3, 3, 3, 0, 1, 1, 1, 0, 1, 3, 1, 0, 3, 3, 3, 0, 3, 2, 3, 3, 2, 3, 1, 1, 2, 3]",0.8283589196766159,0.9994787959256964
3,"[-5.499516102667234, -5.078439849036736, -4.974798089467479, -4.1972433459611995]","[0.12672298506369, 0.1930751975810188, 0.21415959270022195, 0.46604222465506934]","[3, 0, 2, 1, 0, 3, 3, 2, 0, 2, 3, 3, 3, 1, 2, 3, 1, 0, 1, 3, 0, 1, 3, 2, 1, 0, 2, 3, 2, 3, 3, 3, 2, 3, 1, 1, 2, 3, 3, 3, 2, 3, 3, 2, 2, 3, 3, 3, 1, 2, 3, 3, 1, 3, 3, 2, 3, 1, 2, 3, 3, 2, 2, 1, 2, 3, 2, 1, 2, 3, 0, 2, 3, 2, 1, 2, 0, 2, 1, 2]",1.0264243342594521,1.0693110354404203
4,"[-5.189619181700777, -4.833608838720063, -4.743163316092432, -4.099264371140461]","[0.14356026839964645, 0.20494984257942536, 0.2243507782856583, 0.42713911073527]","[1, 0, 3, 2, 1, 3, 1, 2, 3, 3, 2, 1, 3, 2, 1, 2, 0, 2, 0, 3, 0, 3, 2, 0, 1, 2, 3, 0, 2, 1, 1, 2, 3, 1, 3, 1, 3, 1, 3, 3, 1, 3, 1, 1, 1, 3, 3, 3, 2, 3, 1, 2, 1, 3, 3, 1, 1, 3, 1, 0, 0, 3, 0, 3, 0, 2, 0, 0, 0, 3, 3, 3, 2, 1, 0, 0, 3, 1, 1, 2]",1.2303139307548507,1.0276998379511788
5,"[-4.442261359122931, -4.209581821255938, -4.104826156564007, -3.6052856810870844]","[0.16742852448798665, 0.2112909468266957, 0.23462576215051872, 0.3866547665347989]","[2, 1, 0, 3, 3, 2, 1, 3, 3, 0, 3, 1, 0, 2, 1, 1, 2, 2, 3, 0, 1, 0, 3, 0, 3, 2, 1, 3, 2, 2, 1, 2, 1, 3, 3, 1, 0, 2, 1, 3, 1, 2, 3, 2, 2, 2, 3, 3, 2, 1, 2, 2, 2, 1, 3, 2, 3, 2, 0, 3, 0, 3, 3, 3, 3, 0, 1, 0, 2, 1, 1, 1, 2, 3, 2, 0, 0, 3, 3, 3]",1.210797972706072,0.9628585915173954
6,"[-6.90768032348363, -6.259363324469734, -6.071467244659475, -4.926461178555759]","[0.08018275463572877, 0.15333505994837626, 0.18503066000340077, 0.5814515254124941]","[0, 2, 3, 1, 3, 2, 1, 1, 3, 2, 1, 2, 1, 2, 2, 3, 0, 3, 3, 3, 1, 3, 3, 0, 1, 2, 3, 3, 2, 1, 3, 0, 3, 3, 3, 3, 3, 0, 0, 2, 3, 1, 3, 3, 3, 3, 2, 1, 3, 3, 3, 3, 3, 3, 1, 3, 2, 3, 2, 3, 1, 3, 3, 3, 3, 0, 1, 1, 0, 1, 2, 3, 0, 1, 0, 2, 1, 3, 2, 3]",0.8326543749094379,1.1815007320473294
7,"[-5.48417225819906, -5.032375702775365, -4.878541491724892, -4.143921327616896]","[0.12160210455761418, 0.19105299150921576, 0.22282462856371502, 0.464520275369455]","[3, 1, 2, 0, 3, 0, 2, 3, 3, 3, 2, 0, 1, 1, 1, 0, 0, 1, 1, 3, 2, 2, 2, 3, 1, 3, 1, 2, 3, 3, 2, 1, 2, 1, 3, 3, 2, 3, 1, 3, 1, 3, 3, 1, 3, 3, 3, 3, 2, 2, 0, 3, 0, 3, 0, 3, 2, 3, 0, 0, 3, 0, 3, 1, 1, 1, 2, 3, 3, 2, 2, 0, 1, 0, 2, 3, 3, 3, 2, 3]",0.8639960245002192,1.079699372347367
8,"[-4.365844328930704, -4.086298025513062, -4.006325952927106, -3.5251622310025135]","[0.16466010737863485, 0.21776787401904188, 0.23589853355188464, 0.38167348505043874]","[0, 1, 3, 2, 3, 3, 3, 3, 3, 1, 2, 1, 2, 3, 0, 3, 2, 1, 1, 2, 0, 2, 1, 3, 3, 0, 1, 3, 3, 3, 1, 3, 3, 0, 0, 1, 3, 0, 3, 1, 3, 0, 3, 2, 1, 1, 3, 2, 2, 3, 1, 0, 2, 0, 3, 2, 2, 3, 2, 1, 2, 2, 1, 0, 3, 1, 1, 1, 2, 3, 3, 3, 1, 3, 1, 3, 3, 0, 3, 2]",1.0458140007783236,0.9640189093999073
9,"[-4.318090731348743, -4.066518828077304, -3.990334690374236, -3.5476407676665835]","[0.17139035601718483, 0.22041577340869836, 0.23786416599073937, 0.37032970458337744]","[1, 3, 0, 2, 0, 2, 0, 1, 0, 3, 1, 2, 0, 3, 3, 1, 3, 1, 0, 2, 3, 3, 2, 0, 2, 2, 2, 0, 3, 3, 2, 1, 2, 1, 3, 0, 1, 3, 2, 1, 2, 3, 1, 3, 0, 1, 2, 3, 3, 1, 3, 0, 0, 1, 1, 2, 3, 3, 3, 0, 3, 0, 1, 3, 1, 3, 1, 2, 1, 0, 3, 2, 0, 3, 2, 3, 0, 3, 0, 0]",1.1888866363822514,0.9496503163372221
10,"[-7.137385318270581, -6.530665559570731, -6.219816327707392, -5.163952661761299]","[0.0797897688130332, 0.1463666894520661, 0.19972956498039032, 0.5741139767545105]","[0, 1, 3, 2, 3, 2, 3, 3, 2, 3, 3, 1, 2, 3, 1, 3, 3, 3, 2, 2, 3, 3, 3, 2, 3, 0, 3, 3, 2, 0, 0, 3, 3, 3, 2, 2, 0, 3, 1, 3, 1, 3, 3, 2, 3, 3, 3, 3, 3, 2, 3, 1, 3, 1, 2, 1, 0, 3, 3, 2, 2, 2, 3, 1, 2, 3, 3, 3, 1, 3, 3, 1, 3, 0, 3, 3, 2, 1, 3, 3]",0.9120202636887106,1.1774790374310895
11,"[-6.250150393857782, -5.754397891946865, -5.616561378281747, -4.910625480180079]","[0.11985630375766206, 0.1967720709156913, 0.22585259955587136, 0.45751902577077525]","[1, 2, 3, 0, 1, 3, 0, 3, 0, 3, 1, 3, 0, 3, 2, 2, 1, 2, 2, 3, 3, 2, 3, 0, 3, 1, 3, 1, 3, 3, 3, 3, 2, 1, 3, 3, 3, 3, 2, 2, 2, 3, 2, 3, 3, 3, 3, 3, 2, 2, 1, 2, 1, 3, 3, 3, 3, 2, 1, 2, 3, 3, 2, 2, 2, 3, 2, 0, 0, 1, 3, 1, 1, 0, 1, 2, 3, 3, 3, 0]",1.373858578908198,1.0827949176581613
12,"[-3.2249872928660066, -3.0774903229284423, -3.0202739100897857, -2.7922419942254826]","[0.20293910160175518, 0.23519216699169065, 0.2490414440796713, 0.31282728732688275]","[2, 1, 0, 3, 1, 0, 0, 3, 3, 0, 2, 3, 2, 3, 2, 0, 1, 1, 3, 2, 1, 1, 2, 2, 3, 0, 1, 3, 1, 3, 0, 1, 3, 2, 1, 0, 3, 0, 0, 3, 3, 2, 3, 2, 0, 1, 3, 2, 0, 0, 0, 2, 2, 2, 3, 0, 3, 2, 2, 1, 2, 1, 3, 2, 3, 3, 2, 2, 2, 0, 3, 1, 2, 1, 1, 3, 2, 3, 1, 1]",0.9012320070906997,0.8334293284922306
13,"[-3.4030582202931914, -3.277829567075494, -3.2287968977239263, -2.992715528856874]","[0.20699183551693714, 0.23460611552428082, 0.24639616640316472, 0.3120058825556174]","[0, 1, 3, 2, 3, 2, 3, 1, 3, 0, 0, 1, 2, 3, 1, 3, 1, 3, 1, 1, 2, 2, 0, 0, 0, 2, 1, 3, 3, 1, 2, 3, 2, 2, 0, 3, 3, 3, 3, 1, 2, 0, 3, 2, 0, 1, 3, 0, 3, 3, 1, 2, 2, 2, 2, 3, 0, 2, 3, 3, 0, 3, 1, 0, 1, 1, 3, 2, 3, 2, 0, 3, 0, 3, 1, 3, 2, 2, 1, 2]",1.323504300848879,0.8354785531784601
14,"[-6.771744976904283, -6.082251061148945, -5.907489361116717, -5.148412959094884]","[0.09582306298229754, 0.19094726924925506, 0.22741101357093807, 0.4858186541975093]","[3, 0, 1, 2, 3, 3, 1, 3, 3, 0, 2, 0, 3, 2, 3, 3, 2, 3, 3, 2, 0, 3, 1, 3, 1, 3, 3, 0, 3, 3, 3, 1, 3, 3, 3, 2, 1, 3, 2, 3, 3, 3, 1, 1, 1, 3, 1, 3, 3, 2, 2, 2, 3, 3, 1, 1, 3, 3, 3, 1, 1, 3, 1, 2, 3, 3, 3, 3, 3, 3, 1, 3, 3, 3, 1, 2, 3, 1, 1, 1]",1.0448147634070253,1.1325115851309089
15,"[-6.352258818449618, -5.825161445864113, -5.6656605520081085, -4.895138481271518]","[0.11142643913262552, 0.18875728946045908, 0.22139820237721758, 0.4784180690296977]","[2, 0, 3, 1, 3, 0, 3, 3, 2, 1, 0, 1, 2, 3, 0, 2, 3, 2, 2, 1, 0, 1, 3, 3, 3, 2, 3, 1, 2, 3, 3, 1, 3, 2, 3, 3, 3, 3, 3, 1, 3, 1, 2, 3, 2, 3, 3, 2, 3, 3, 3, 3, 1, 1, 3, 3, 2, 3, 3, 3, 3, 3, 0, 1, 2, 3, 1, 2, 3, 3, 1, 1, 3, 3, 0, 3, 3, 3, 3, 3]",0.7805637477978373,1.1449948774426935
16,"[-13.443382353383935, -12.365537150495506, -12.200722580942161, -9.554473896715292]","[0.017774401324481284, 0.05222725563639867, 0.061585045105478665, 0.8684132979336414]","[2, 0, 1, 3, 3, 3, 3, 2, 3, 1, 3, 3, 3, 3, 3, 3, 2, 1, 3, 3, 3, 3, 3, 3, 3, 3, 3, 2, 1, 3, 3, 3, 3, 3, 1, 3, 3, 3, 3, 2, 3, 3, 3, 3, 0, 3, 3, 3, 3, 3, 3, 2, 3, 1, 3, 3, 3, 3, 2, 3, 3, 3, 3, 3, 3, 2, 3, 3, 3, 3, 3, 3, 3, 0, 3, 3, 3, 3, 3, 1]",0.8124779413559853,1.4341273905384944
17,"[-5.619329596827913, -5.235791875954173, -5.211536788090704, -4.825156148103393]","[0.161718774896136, 0.23731695016432894, 0.24314346936279133, 0.35782080557674373]","[2, 3, 0, 1, 3, 2, 2, 1, 0, 2, 3, 1, 2, 1, 1, 3, 3, 0, 0, 3, 0, 1, 1, 3, 3, 3, 2, 3, 1, 3, 3, 0, 3, 2, 3, 3, 2, 3, 3, 1, 3, 1, 0, 1, 2, 3, 2, 2, 2, 2, 1, 0, 3, 0, 3, 0, 0, 3, 3, 0, 1, 1, 2, 1, 3, 0, 3, 1, 1, 0, 1, 1, 2, 1, 2, 3, 1, 3, 2, 1]",1.1743452317668193,1.0537025772778044
18,"[-1.990752261280915, -1.9457040397679952, -1.9475534294251304, -1.8733067977414986]","[0.2372567005393456, 0.248189086478861, 0.2477305123211682, 0.26682370066062533]","[0, 2, 1, 3, 2, 2, 2, 1, 3, 2, 1, 3, 0, 3, 0, 0, 0, 3, 1, 3, 1, 1, 1, 0, 1, 2, 3, 0, 1, 0, 2, 3, 3, 1, 2, 2, 0, 2, 1, 1, 3, 0, 3, 3, 2, 3, 1, 3, 2, 3, 0, 1, 1, 3, 3, 2, 1, 0, 1, 3, 3, 0, 1, 0, 1, 0, 1, 3, 3, 2, 3, 3, 2, 0, 3, 2, 3, 1, 3, 2]",0.6977996921182976,0.5760036439476146
19,"[-6.757450655529615, -6.1762963560002655, -6.2916962894099395, -5.514799908264813]","[0.127451815722973, 0.22789675029445333, 0.20305822151055924, 0.44159321247201433]","[3, 0, 1, 2, 2, 2, 3, 2, 3, 0, 2, 2, 3, 3, 0, 1, 2, 1, 3, 0, 0, 1, 2, 2, 0, 3, 1, 1, 3, 3, 2, 1, 2, 1, 3, 2, 3, 2, 3, 1, 2, 0, 3, 1, 1, 2, 1, 3, 3, 2, 3, 3, 3, 0, 2, 3, 1, 0, 3, 1, 3, 0, 2, 2, 3, 3, 3, 1, 3, 2, 3, 3, 2, 3, 2, 3, 1, 0, 3, 3]",0.9939720740403443,1.137557902683373
20,"[-15.968947478379805, -14.012318299355478, -14.619285017841785, -12.289845211923259]","[0.019401510486939673, 0.13727416112180016, 0.07481462473582194, 0.7685097036554382]","[2, 3, 0, 1, 3, 3, 3, 3, 2, 2, 2, 3, 3, 3, 3, 2, 3, 3, 1, 1, 3, 3, 3, 1, 3, 3, 3, 3, 3, 3, 3, 3, 1, 3, 1, 1, 3, 3, 3, 3, 2, 3, 1, 3, 3, 3, 3, 3, 3, 3, 3, 3, 3, 3, 3, 3, 3, 3, 3, 3, 3, 3, 3, 3, 3, 3, 0, 0, 2, 3, 1, 3, 3, 3, 3, 3, 1, 3, 3, 3]",1.0517721680846954,1.4354888558244463
21,"[-3.8362507199597973, -3.6222263944039463, -3.7060790617642185, -3.4385049756964414]","[0.20550159813584132, 0.2545451269237038, 0.2340712295721347, 0.3058820453683203]","[1, 3, 0, 2, 0, 3, 1, 2, 2, 0, 2, 3, 2, 3, 3, 1, 0, 1, 0, 1, 1, 2, 1, 1, 0, 0, 2, 2, 1, 0, 3, 0, 1, 2, 0, 2, 2, 1, 3, 3, 1, 1, 0, 1, 2, 2, 1, 1, 0, 3, 1, 3, 1, 2, 1, 1, 1, 3, 1, 2, 2, 2, 3, 1, 2, 0, 3, 1, 2, 3, 0, 2, 0, 2, 0, 3, 0, 3, 1, 3]",0.8739022744516703,0.9152765435193295
22,"[-4.340412872885949, -4.130958485154314, -4.240847765249877, -3.985360620444192]","[0.20990981272459297, 0.2588198766965294, 0.23188535334087468, 0.29938495723800307]","[2, 0, 3, 1, 2, 3, 2, 1, 0, 1, 3, 3, 1, 2, 2, 0, 3, 3, 0, 0, 0, 3, 0, 1, 1, 1, 3, 3, 2, 1, 0, 3, 3, 0, 1, 3, 2, 2, 0, 1, 3, 0, 3, 2, 1, 1, 3, 2, 3, 2, 2, 1, 0, 0, 2, 1, 0, 3, 3, 3, 2, 3, 0, 1, 2, 2, 3, 3, 3, 3, 0, 2, 0, 1, 1, 2, 0, 3, 1, 2]",1.2256998910852401,0.9429466460861922
23,"[-3.99420890378356, -3.7941717152349708, -3.8948377781844337, -3.650058208618166]","[0.2111167527687747, 0.25786817369039483, 0.23317341257075747, 0.2978416609700731]","[1, 0, 2, 3, 0, 2, 3, 1, 0, 0, 2, 3, 2, 0, 2, 3, 3, 1, 1, 1, 2, 2, 0, 1, 3, 2, 2, 2, 1, 2, 3, 3, 1, 3, 0, 3, 3, 1, 3, 0, 0, 1, 0, 1, 3, 2, 0, 0, 1, 1, 1, 1, 3, 3, 1, 1, 3, 0, 3, 0, 1, 3, 0, 1, 2, 1, 2, 2, 1, 3, 3, 3, 3, 1, 3, 0, 0, 2, 0, 2]",0.8910093507729648,0.9327125614263558
24,"[-5.528453031478223, -5.131587972617093, -5.395343946433654, -4.91663463538495]","[0.18270476759034923, 0.2717103521458772, 0.2087172871679206, 0.336867593095853]","[1, 3, 0, 2, 2, 0, 2, 3, 3, 3, 2, 1, 0, 3, 1, 3, 3, 0, 2, 1, 3, 1, 0, 0, 1, 3, 3, 3, 3, 0, 1, 2, 3, 0, 3, 1, 1, 0, 1, 2, 2, 3, 2, 2, 1, 0, 2, 1, 1, 1, 1, 0, 2, 3, 1, 3, 1, 3, 1, 3, 1, 3, 1, 1, 3, 1, 0, 0, 1, 1, 3, 3, 2, 1, 0, 3, 1, 2, 0, 2]",0.922553493415326,1.0644079511730862
25,"[-4.75886814726751, -4.465978732178173, -4.661382303143089, -4.314637698866426]","[0.19992082407601086, 0.2679527941155893, 0.22039188400599247, 0.31173449780240736]","[1, 2, 3, 0, 2, 3, 2, 1, 3, 1, 2, 0, 2, 0, 3, 3, 1, 0, 1, 1, 3, 2, 0, 3, 2, 3, 2, 3, 0, 1, 0, 0, 2, 1, 2, 0, 2, 0, 0, 3, 3, 0, 2, 1, 2, 1, 1, 2, 3, 1, 2, 2, 1, 0, 2, 3, 3, 2, 3, 1, 3, 3, 2, 3, 2, 0, 2, 3, 3, 2, 3, 3, 0, 3, 3, 3, 3, 3, 2, 3]",1.0389188355990815,0.9911395438729355
26,"[-3.14335874578134, -3.035259872776865, -3.107908314833974, -2.977270935723009]","[0.23089777182947757, 0.2572565765946253, 0.23923001556226253, 0.27261563601363464]","[0, 2, 3, 1, 2, 3, 2, 1, 1, 0, 1, 2, 1, 3, 0, 0, 0, 2, 3, 1, 0, 3, 0, 3, 0, 0, 2, 1, 3, 3, 2, 2, 3, 1, 2, 3, 3, 3, 2, 0, 3, 3, 3, 0, 0, 1, 0, 3, 0, 3, 3, 1, 0, 2, 2, 2, 2, 1, 3, 2, 3, 3, 1, 3, 1, 0, 0, 3, 0, 1, 1, 2, 3, 2, 2, 2, 3, 0, 1, 2]",1.2576528863268055,0.7941713828053794
27,"[-6.157510432391094, -5.758432098424329, -6.025328820951913, -5.624159620608759]","[0.18739222828987107, 0.2792988154133763, 0.21387366904558153, 0.31943528725117104]","[1, 0, 2, 3, 3, 1, 1, 0, 2, 0, 2, 3, 2, 2, 3, 1, 1, 0, 0, 3, 1, 3, 0, 0, 1, 1, 3, 3, 2, 1, 3, 2, 3, 1, 3, 2, 2, 0, 1, 2, 3, 3, 1, 3, 0, 1, 2, 2, 3, 3, 3, 3, 3, 2, 1, 3, 2, 1, 0, 2, 2, 1, 0, 2, 0, 2, 1, 2, 1, 0, 2, 1, 3, 2, 2, 2, 1, 2, 1, 3]",1.4212535519243334,1.0642344759559736
28,"[-4.498948279823644, -4.255564178671021, -4.430948453338774, -4.21938991397739]","[0.21420297693359514, 0.2732284222801053, 0.22927539569984562, 0.28329320508645395]","[3, 2, 1, 0, 3, 3, 0, 2, 2, 3, 2, 2, 1, 3, 1, 1, 1, 0, 2, 0, 0, 1, 0, 2, 2, 3, 3, 3, 0, 1, 2, 0, 3, 3, 3, 3, 1, 2, 3, 1, 2, 1, 0, 3, 0, 3, 2, 1, 2, 3, 0, 3, 2, 0, 3, 3, 2, 2, 0, 2, 0, 3, 2, 1, 3, 3, 3, 1, 0, 3, 3, 1, 1, 1, 1, 1, 3, 0, 1, 2]",1.1089784521914339,0.9609580767875624
29,"[-2.861753262613273, -2.7726393236848095, -2.8456504220751495, -2.761528747024155]","[0.23725594677129683, 0.25936943660626377, 0.241107367633976, 0.2622672489884634]","[1, 3, 0, 2, 3, 3, 1, 0, 3, 3, 1, 2, 0, 2, 2, 0, 0, 1, 0, 3, 1, 0, 2, 1, 2, 1, 0, 3, 2, 1, 3, 2, 3, 3, 1, 0, 3, 3, 3, 3, 3, 2, 0, 2, 0, 1, 1, 1, 0, 2, 2, 2, 0, 1, 1, 1, 3, 2, 3, 3, 1, 1, 3, 3, 1, 2, 0, 1, 3, 1, 1, 1, 2, 0, 2, 0, 2, 1, 2, 1]",0.9879046595947834,0.7610158737919028
30,"[-2.4059942571353985, -2.355904759327407, -2.40695281201677, -2.343410152548951]","[0.24301389233530366, 0.2554963463696755, 0.24278106179081965, 0.25870869950420133]","[0, 1, 2, 3, 2, 3, 3, 0, 0, 0, 2, 2, 3, 0, 2, 1, 1, 0, 3, 3, 1, 3, 1, 1, 1, 2, 1, 2, 0, 2, 1, 1, 3, 0, 2, 0, 2, 2, 0, 1, 2, 2, 3, 2, 2, 3, 3, 3, 3, 2, 0, 1, 3, 3, 2, 1, 3, 1, 3, 0, 3, 2, 3, 1, 2, 2, 1, 1, 1, 3, 0, 1, 3, 2, 0, 3, 1, 1, 3, 3]",0.963168909164591,0.6688550196332526
31,"[-5.113348047383755, -4.795314606988222, -5.167002206750793, -4.757405110838331]","[0.21053925257382325, 0.2893698272737423, 0.1995406448985369, 0.3005502752538976]","[2, 0, 3, 1, 0, 0, 3, 2, 1, 0, 2, 3, 0, 3, 2, 1, 3, 1, 1, 2, 0, 3, 1, 2, 1, 0, 2, 1, 3, 2, 1, 3, 0, 2, 0, 3, 0, 3, 2, 0, 2, 0, 1, 2, 3, 2, 2, 0, 0, 0, 2, 2, 1, 1, 3, 2, 0, 2, 1, 2, 1, 1, 1, 0, 3, 3, 3, 1, 1, 3, 3, 3, 0, 0, 1, 3, 2, 1, 2, 3]",0.7280884979825366,1.0557194768299536
32,"[-2.168323769527685, -2.1259115956576298, -2.1574684840490237, -2.136168143252613]","[0.24468321458455905, 0.25528397323466273, 0.24735378943251896, 0.25267902274825926]","[2, 3, 0, 1, 3, 3, 1, 3, 2, 2, 2, 0, 1, 3, 2, 1, 0, 0, 2, 3, 2, 0, 0, 3, 0, 3, 1, 3, 2, 1, 1, 3, 3, 3, 1, 1, 2, 3, 3, 2, 1, 1, 2, 1, 2, 3, 1, 0, 3, 3, 3, 2, 0, 2, 3, 1, 1, 2, 3, 3, 1, 2, 1, 2, 2, 3, 1, 2, 2, 1, 3, 1, 1, 3, 2, 2, 3, 1, 1, 1]",1.1881543807356265,0.599656562596579
33,"[-3.569521675766359, -3.4112877355438225, -3.5697918535102424, -3.397727957780052]","[0.22943131457314012, 0.2687650672411256, 0.22936933571122406, 0.2724342824745102]","[2, 3, 0, 1, 1, 3, 0, 3, 2, 3, 1, 2, 3, 2, 3, 0, 1, 1, 3, 0, 3, 2, 2, 0, 0, 0, 3, 0, 3, 3, 2, 1, 2, 0, 3, 0, 0, 3, 1, 0, 0, 1, 0, 2, 2, 0, 1, 1, 1, 0, 3, 2, 2, 3, 2, 2, 1, 0, 0, 2, 2, 3, 1, 3, 2, 2, 0, 2, 1, 1, 1, 0, 3, 0, 0, 1, 1, 0, 0, 2]",0.9582214493783273,0.8682103020645372
34,"[-3.240707167360748, -3.146329491248785, -3.256615563725676, -3.135400396450367]","[0.23842201282300238, 0.2620197657494858, 0.23465911116476482, 0.26489911026274704]","[0, 3, 1, 2, 2, 2, 3, 1, 3, 3, 1, 3, 2, 1, 0, 3, 0, 3, 2, 1, 1, 3, 1, 0, 1, 0, 2, 3, 3, 0, 3, 1, 3, 3, 3, 0, 1, 0, 3, 3, 0, 1, 2, 3, 1, 2, 1, 1, 0, 0, 3, 0, 3, 1, 1, 1, 0, 3, 1, 1, 0, 0, 3, 3, 0, 2, 0, 3, 1, 1, 0, 0, 2, 0, 1, 1, 2, 0, 3, 1]",1.433278910466433,0.7995880021290456
35,"[-3.554038324861519, -3.4199772757051137, -3.57591274931379, -3.4412272007734495]","[0.23577975780907823, 0.2696053407726712, 0.23067821142348732, 0.26393668999476333]","[3, 1, 2, 0, 1, 2, 0, 2, 3, 1, 2, 1, 0, 0, 0, 2, 1, 2, 3, 3, 1, 0, 3, 1, 1, 3, 2, 3, 0, 3, 3, 0, 3, 3, 2, 0, 0, 0, 1, 3, 1, 3, 0, 1, 2, 3, 3, 0, 0, 2, 1, 3, 2, 2, 1, 2, 3, 3, 1, 3, 3, 3, 0, 3, 3, 3, 1, 3, 3, 1, 1, 1, 2, 0, 0, 2, 0, 3, 3, 3]",0.7411619033766348,0.8850213179241632
36,"[-27.355449560147715, -23.880607128895747, -26.994370290928547, -25.11522978666354]","[0.022663910138337975, 0.7318797531547782, 0.03251992787424382, 0.21293640883264]","[0, 1, 2, 3, 3, 1, 1, 1, 1, 0, 1, 1, 3, 1, 2, 1, 1, 1, 3, 1, 3, 3, 3, 2, 3, 3, 2, 3, 3, 3, 1, 3, 1, 1, 1, 2, 1, 1, 1, 2, 3, 1, 1, 1, 1, 1, 1, 3, 2, 3, 3, 3, 2, 3, 1, 3, 3, 3, 1, 3, 1, 1, 1, 1, 1, 1, 1, 1, 3, 1, 3, 1, 0, 3, 1, 1, 1, 0, 1, 1]",1.290088053693569,1.5392273912868757
37,"[-1.9030631679575247, -1.86396448684276, -1.908939604125497, -1.8703887841349458]","[0.24586770492631987, 0.2556712111405051, 0.2444271159626918, 0.25403396797048317]","[0, 3, 1, 2, 1, 2, 3, 3, 1, 3, 1, 0, 3, 0, 2, 1, 0, 3, 2, 0, 1, 1, 0, 3, 3, 1, 0, 2, 0, 0, 0, 2, 1, 1, 2, 1, 3, 0, 3, 0, 2, 2, 2, 0, 1, 3, 1, 3, 1, 3, 1, 1, 2, 1, 3, 3, 0, 1, 1, 1, 1, 1, 0, 0, 0, 3, 0, 3, 2, 0, 2, 1, 3, 3, 3, 1, 3, 1, 1, 3]",0.6961102195371162,0.5392780220806759
38,"[-7.832492550979012, -7.271566337857521, -7.945138639571089, -7.507695570773874]","[0.19882647649102048, 0.3484025903783014, 0.17764485814436395, 0.2751260749863142]","[2, 0, 1, 3, 3, 1, 1, 2, 1, 3, 0, 1, 1, 2, 3, 1, 0, 2, 2, 0, 3, 1, 0, 2, 1, 2, 1, 2, 2, 2, 0, 1, 3, 1, 3, 3, 3, 3, 1, 3, 0, 0, 1, 3, 1, 1, 2, 1, 1, 3, 1, 3, 1, 1, 3, 1, 2, 0, 3, 0, 0, 1, 0, 2, 3, 3, 0, 3, 1, 1, 2, 1, 0, 1, 2, 0, 2, 3, 2, 3]",0.9269855513380425,1.1877730646553433
39,"[-3.060147472025766, -2.9506625513115465, -3.07191313329668, -2.9885157386202965]","[0.23933372243855633, 0.2670254111934741, 0.23653430372951675, 0.2571065626384528]","[0, 1, 3, 2, 1, 2, 3, 1, 3, 0, 3, 0, 1, 0, 0, 2, 3, 3, 1, 1, 1, 2, 3, 2, 2, 2, 2, 3, 2, 1, 2, 2, 1, 1, 0, 2, 2, 3, 0, 1, 2, 3, 1, 1, 2, 3, 3, 2, 3, 1, 0, 2, 2, 2, 3, 2, 3, 1, 2, 3, 0, 1, 3, 0, 3, 3, 3, 3, 1, 0, 3, 0, 0, 3, 3, 3, 0, 1, 3, 1]",1.0168500365927906,0.7865301038457616
40,"[-8.355494600549717, -7.808984461637531, -8.593764858012394, -8.001836972571352]","[0.2024507913784926, 0.3496759926323894, 0.1595291388118561, 0.28834407717726185]","[3, 2, 1, 0, 2, 2, 3, 1, 0, 2, 2, 1, 0, 3, 3, 0, 0, 1, 1, 3, 0, 3, 3, 1, 1, 3, 3, 0, 1, 0, 0, 1, 0, 3, 0, 2, 0, 1, 3, 1, 1, 3, 0, 3, 3, 1, 3, 3, 3, 0, 1, 0, 3, 1, 0, 1, 2, 1, 3, 3, 2, 1, 1, 1, 3, 3, 0, 3, 1, 3, 3, 3, 3, 0, 1, 0, 3, 0, 2, 2]",1.3411611123962393,1.1699431231169268
41,"[-3.363254101815838, -3.2383288402399613, -3.401744896255825, -3.2997274712065834]","[0.24033307134481727, 0.27231269503291794, 0.231258229797194, 0.2560960038250708]","[1, 3, 0, 2, 3, 1, 2, 0, 0, 2, 3, 0, 2, 1, 0, 2, 1, 3, 1, 3, 0, 0, 3, 1, 0, 2, 3, 1, 3, 2, 1, 3, 2, 2, 1, 1, 1, 3, 1, 0, 2, 1, 1, 2, 1, 1, 2, 3, 1, 3, 2, 1, 2, 1, 3, 0, 3, 2, 2, 1, 0, 1, 3, 0, 0, 2, 1, 1, 0, 0, 1, 3, 0, 1, 3, 0, 0, 0, 2, 0]",1.027379267954509,0.8307946961658812
42,"[-4.778778934371186, -4.5795885076429395, -4.8841172808899955, -4.69669625480693]","[0.2377567260531575, 0.2901617186875738, 0.21398579727614564, 0.2580957579831231]","[1, 3, 2, 0, 1, 3, 0, 0, 1, 3, 1, 2, 0, 3, 2, 3, 2, 0, 2, 1, 1, 0, 1, 0, 0, 1, 1, 2, 0, 2, 1, 2, 3, 0, 3, 2, 2, 2, 0, 0, 3, 0, 3, 2, 3, 3, 2, 0, 2, 0, 2, 0, 3, 1, 1, 2, 3, 0, 3, 1, 1, 0, 2, 3, 3, 0, 1, 3, 1, 1, 0, 1, 3, 1, 1, 2, 2, 0, 1, 2]",1.1361879865330538,0.9768480152513453
43,"[-4.34860985744704, -4.130188568322361, -4.3964981219175225, -4.253766626517368]","[0.23272928454938235, 0.2895410833404847, 0.22184693114590562, 0.2558827009642274]","[2, 3, 1, 0, 2, 1, 3, 0, 3, 0, 3, 1, 2, 1, 2, 3, 1, 0, 2, 0, 0, 1, 0, 1, 1, 3, 0, 1, 2, 0, 3, 3, 3, 2, 2, 0, 0, 1, 0, 0, 2, 3, 2, 0, 1, 3, 2, 1, 0, 3, 3, 3, 3, 1, 0, 0, 2, 3, 0, 3, 1, 3, 1, 2, 3, 1, 3, 0, 0, 0, 0, 1, 2, 1, 2, 1, 3, 1, 0, 1]",0.8885938596625402,0.9544442772324884
44,"[-7.792033178701139, -7.21274800042184, -7.992635648836508, -7.4985464218341225]","[0.20226147553882626, 0.3609886336071542, 0.1654979525712277, 0.2712519382827918]","[3, 1, 0, 2, 3, 1, 2, 0, 3, 1, 1, 1, 2, 2, 1, 3, 1, 3, 0, 3, 3, 2, 0, 1, 0, 3, 1, 0, 1, 1, 1, 1, 3, 0, 2, 3, 0, 1, 1, 2, 2, 1, 1, 1, 3, 1, 1, 3, 3, 3, 0, 1, 0, 2, 3, 0, 3, 0, 0, 1, 1, 3, 1, 3, 1, 1, 3, 0, 1, 1, 3, 3, 0, 1, 2, 3, 0, 1, 3, 1]",0.7865640610242626,1.1990730057454337
45,"[-6.509720245140163, -6.086572080044897, -6.568483085336274, -6.36981373200973]","[0.21645691030836664, 0.33047785884080155, 0.20410379405486756, 0.24896143679596427]","[2, 1, 0, 3, 1, 3, 1, 1, 2, 0, 1, 2, 2, 0, 2, 1, 3, 3, 3, 1, 2, 0, 2, 0, 0, 1, 1, 0, 2, 0, 2, 3, 2, 2, 0, 3, 1, 0, 1, 2, 1, 3, 3, 3, 3, 1, 3, 2, 1, 0, 0, 1, 3, 3, 0, 3, 0, 3, 1, 3, 2, 3, 0, 1, 1, 1, 2, 1, 1, 1, 1, 0, 2, 3, 0, 3, 0, 1, 3, 1]",0.8465859163163929,1.1227049489030025
46,"[-31.186812582171314, -26.82073317188867, -31.22694575931015, -28.85958159240111]","[0.010995714337261788, 0.865740319392583, 0.010563159346159054, 0.11270080692399616]","[0, 3, 2, 1, 3, 1, 1, 1, 1, 1, 1, 1, 1, 1, 1, 1, 0, 3, 3, 3, 2, 1, 1, 2, 1, 0, 2, 3, 3, 1, 3, 1, 1, 1, 1, 1, 1, 1, 1, 1, 1, 3, 1, 1, 1, 1, 3, 1, 1, 1, 1, 1, 1, 1, 1, 1, 1, 1, 1, 3, 1, 1, 3, 3, 1, 3, 1, 1, 1, 0, 3, 1, 3, 1, 1, 1, 1, 1, 2, 1]",1.0176271289865002,1.5996990264838247
47,"[-2.1538433060464586, -2.1287850556242724, -2.169937846634387, -2.143669155973552]","[0.24877879375587497, 0.2550915176595582, 0.24480686230679746, 0.2513228262777694]","[2, 1, 3, 0, 0, 0, 2, 1, 0, 2, 3, 0, 1, 3, 1, 3, 2, 3, 2, 1, 1, 2, 2, 0, 1, 0, 0, 3, 3, 3, 3, 2, 0, 0, 1, 0, 0, 1, 0, 3, 0, 1, 2, 2, 1, 1, 2, 1, 1, 1, 2, 3, 2, 0, 3, 2, 1, 2, 3, 1, 3, 0, 0, 1, 3, 1, 3, 2, 1, 0, 3, 1, 2, 2, 2, 3, 1, 1, 0, 2]",1.140177398120008,0.5948970067498098
48,"[-7.573061367606253, -7.026904296612638, -7.908617996528823, -7.409713806918443]","[0.21649750365814258, 0.3738056791494764, 0.15478272943993973, 0.2549140877524412]","[1, 0, 2, 3, 3, 1, 1, 1, 1, 1, 2, 3, 3, 0, 2, 3, 0, 2, 1, 3, 2, 1, 0, 0, 1, 3, 3, 3, 3, 1, 3, 2, 3, 1, 0, 1, 3, 1, 2, 0, 3, 1, 1, 2, 3, 2, 1, 3, 3, 1, 1, 1, 2, 1, 0, 2, 0, 2, 1, 3, 1, 3, 2, 3, 2, 3, 0, 1, 1, 1, 3, 1, 1, 1, 1, 1, 1, 3, 0, 3]",0.7797789680442813,1.184173503184024
49,"[-3.28489655244935, -3.169347879621805, -3.3563241449025476, -3.2459703038777312]","[0.2443048483741627, 0.2742295410889798, 0.22746337390335022, 0.25400223663350713]","[1, 0, 2, 3, 3, 2, 2, 3, 0, 0, 3, 1, 0, 1, 1, 1, 0, 1, 0, 2, 2, 1, 1, 3, 2, 1, 3, 0, 0, 3, 2, 2, 1, 1, 1, 1, 1, 0, 3, 0, 0, 0, 2, 1, 2, 0, 2, 2, 3, 2, 0, 1, 0, 0, 1, 2, 2, 3, 0, 2, 1, 0, 3, 3, 2, 1, 1, 3, 2, 0, 2, 0, 2, 1, 3, 2, 1, 3, 3, 2]",0.7502839683316124,0.8362576145896707
50,"[-3.8700688056484553, -3.713389623562674, -3.9220329240957197, -3.8178720269063953]","[0.2396606619228531, 0.2803119797426796, 0.2275249484120083, 0.25250240992245904]","[2, 1, 0, 3, 3, 2, 3, 0, 1, 0, 3, 0, 0, 1, 2, 2, 3, 3, 1, 2, 2, 2, 0, 2, 1, 3, 2, 1, 2, 1, 3, 1, 1, 1, 0, 1, 2, 1, 1, 3, 2, 2, 1, 2, 0, 0, 1, 3, 1, 3, 1, 2, 1, 2, 0, 3, 0, 1, 3, 0, 3, 3, 2, 3, 1, 3, 2, 3, 2, 2, 2, 3, 2, 0, 0, 2, 2, 0, 1, 0]",0.9656299408217105,0.8941023270058058
51,"[-2.9141986461737397, -2.868101590880659, -2.9625953242810725, -2.9076657947618014]","[0.24959527802548778, 0.26137019484605545, 0.2378033424892091, 0.2512311846392476]","[3, 2, 1, 0, 2, 2, 3, 1, 1, 2, 3, 3, 1, 0, 0, 0, 2, 3, 0, 2, 1, 2, 3, 3, 0, 2, 0, 2, 3, 0, 3, 2, 2, 0, 3, 0, 2, 0, 3, 3, 3, 3, 1, 3, 1, 0, 0, 0, 2, 0, 1, 1, 3, 3, 1, 3, 3, 0, 1, 1, 1, 0, 1, 3, 3, 3, 2, 3, 1, 1, 3, 3, 3, 0, 1, 0, 3, 3, 3, 0]",1.2617216931869364,0.7502262399513568
52,"[-4.349130141147842, -4.164820220762446, -4.424804746537368, -4.33043854247976]","[0.24105832549585038, 0.2898457367190428, 0.22348947323527507, 0.2456064645498318]","[3, 0, 1, 2, 0, 0, 3, 1, 2, 1, 1, 1, 2, 2, 0, 3, 3, 0, 2, 3, 1, 2, 1, 1, 0, 0, 2, 2, 0, 3, 2, 3, 1, 1, 3, 1, 3, 3, 3, 1, 3, 2, 1, 3, 2, 0, 3, 1, 2, 2, 2, 1, 2, 0, 3, 1, 3, 1, 2, 1, 1, 0, 0, 3, 1, 1, 0, 0, 2, 3, 0, 1, 1, 0, 1, 1, 2, 2, 2, 3]",0.9536692771669703,0.9447804964127849
53,"[-4.098040194714071, -3.9237662215450855, -4.1900185705557815, -4.052660864051191]","[0.2410259267028956, 0.28691284123308514, 0.21984574284733108, 0.2522154892166882]","[2, 0, 1, 3, 2, 0, 3, 2, 1, 0, 1, 1, 3, 2, 1, 0, 3, 0, 3, 1, 2, 1, 2, 2, 2, 0, 0, 1, 2, 2, 1, 0, 3, 1, 2, 0, 3, 3, 0, 3, 2, 0, 0, 0, 0, 3, 0, 0, 1, 1, 3, 0, 1, 2, 0, 3, 2, 3, 0, 1, 0, 0, 3, 2, 0, 2, 3, 1, 1, 0, 2, 0, 0, 2, 3, 1, 0, 3, 2, 3]",0.901929330395473,0.9234564136546017
54,"[-4.591643558150878, -4.448909658930308, -4.722337072090585, -4.559493615485328]","[0.24608831305928636, 0.28384387949031387, 0.2159392145036804, 0.25412859294671936]","[0, 3, 2, 1, 2, 1, 2, 0, 0, 3, 0, 0, 1, 3, 1, 1, 3, 2, 1, 3, 2, 0, 0, 2, 0, 3, 1, 3, 1, 0, 3, 1, 0, 1, 2, 3, 0, 3, 1, 0, 1, 3, 2, 0, 1, 0, 0, 3, 2, 3, 3, 1, 0, 2, 1, 0, 2, 3, 1, 0, 1, 1, 2, 2, 0, 3, 0, 0, 1, 1, 0, 1, 1, 0, 0, 0, 0, 1, 3, 0]",1.143479800818746,0.9551668218286932
55,"[-6.52883864858737, -6.249644034818292, -6.861069181018181, -6.561047806758472]","[0.249520261065848, 0.32988190683566826, 0.17898635719357261, 0.2416114749049111]","[2, 3, 0, 1, 2, 3, 0, 1, 1, 0, 0, 3, 0, 1, 3, 3, 3, 1, 1, 1, 2, 0, 2, 1, 2, 1, 2, 0, 1, 3, 0, 1, 2, 1, 0, 0, 1, 3, 1, 2, 3, 1, 1, 2, 1, 3, 0, 1, 1, 3, 3, 3, 3, 1, 3, 2, 3, 0, 0, 2, 2, 1, 2, 1, 1, 0, 1, 2, 1, 1, 1, 1, 3, 1, 0, 3, 3, 1, 2, 1]",0.9216907453176254,1.1101201883625926
56,"[-4.068964836433671, -3.9400715147855534, -4.159129799194696, -4.043305313873597]","[0.24525789212764626, 0.27899771714309246, 0.2241118628881487, 0.2516325278411126]","[2, 0, 1, 3, 1, 2, 0, 3, 0, 1, 2, 2, 1, 1, 1, 0, 3, 2, 1, 1, 3, 3, 0, 0, 1, 0, 0, 1, 2, 1, 3, 3, 1, 3, 0, 3, 3, 2, 2, 0, 3, 1, 1, 1, 2, 3, 2, 0, 1, 3, 3, 0, 3, 3, 0, 1, 1, 0, 1, 1, 1, 0, 2, 3, 1, 3, 0, 3, 1, 2, 0, 1, 0, 3, 3, 0, 0, 0, 2, 0]",1.1555417284277931,0.9036216390372916
57,"[-2.8795347792712027, -2.808961469500805, -2.9225540801097116, -2.8782863347873793]","[0.24799955112515065, 0.2661340810693479, 0.23755700966056464, 0.24830935814493685]","[2, 1, 0, 3, 0, 3, 1, 3, 2, 3, 2, 3, 0, 1, 1, 1, 0, 0, 1, 2, 3, 2, 0, 1, 1, 1, 1, 1, 2, 1, 3, 3, 2, 0, 1, 0, 0, 2, 1, 1, 3, 0, 1, 1, 3, 0, 3, 1, 2, 0, 3, 2, 3, 1, 1, 1, 1, 3, 3, 0, 3, 1, 0, 1, 0, 2, 2, 3, 2, 2, 2, 0, 1, 3, 0, 0, 3, 3, 2, 1]",0.9769459978409876,0.7537781288759957
58,"[-7.492932010212653, -7.078046531824897, -7.836320478583579, -7.395094740032005]","[0.2311420862293413, 0.3499947280724841, 0.1639635496617757, 0.25489963603639904]","[0, 2, 1, 3, 2, 0, 0, 0, 0, 3, 1, 1, 2, 1, 1, 1, 3, 2, 1, 3, 2, 1, 0, 3, 2, 2, 0, 1, 1, 3, 1, 1, 2, 3, 1, 3, 0, 0, 0, 0, 3, 3, 2, 0, 1, 2, 3, 1, 1, 3, 3, 3, 3, 1, 3, 1, 1, 1, 2, 1, 0, 0, 0, 1, 2, 2, 3, 1, 3, 2, 1, 1, 3, 1, 3, 3, 1, 1, 1, 0]",1.0297837150813023,1.1456369742218275
59,"[-2.162289759695632, -2.119567390982772, -2.186213247131895, -2.1622442871790417]","[0.24875287809571497, 0.2596104699021571, 0.24287246222985365, 0.24876418977227432]","[2, 0, 3, 1, 3, 3, 2, 1, 0, 1, 1, 2, 0, 1, 2, 2, 3, 0, 3, 1, 0, 2, 2, 2, 0, 3, 3, 3, 2, 1, 3, 2, 0, 0, 0, 3, 1, 1, 3, 2, 1, 2, 0, 1, 2, 3, 3, 2, 1, 1, 1, 3, 0, 0, 2, 1, 0, 1, 2, 1, 0, 3, 3, 1, 1, 3, 0, 2, 2, 1, 1, 0, 0, 1, 3, 3, 3, 2, 2, 2]",0.5965280058924904,0.6194908902478049
60,"[-3.6940144728091653, -3.594156080543162, -3.7727302628462622, -3.687079511344942]","[0.24775312225657478, 0.2737707747762983, 0.22899885087806296, 0.24947725208906388]","[0, 3, 1, 2, 2, 3, 1, 2, 3, 0, 3, 2, 0, 0, 1, 1, 3, 1, 2, 0, 1, 1, 1, 1, 2, 2, 0, 3, 2, 2, 3, 2, 0, 1, 0, 1, 0, 0, 3, 1, 3, 2, 0, 2, 3, 0, 2, 3, 2, 2, 3, 0, 1, 1, 1, 0, 3, 3, 1, 0, 0, 2, 2, 3, 1, 2, 3, 1, 2, 1, 0, 0, 1, 3, 2, 2, 3, 3, 1, 2]",1.1490156607600792,0.8593084686352184
61,"[-6.410544855693215, -6.08603380444359, -6.8019998810366715, -6.320842248612971]","[0.24077381933678996, 0.3330754480670267, 0.1627805473644662, 0.2633701852317172]","[2, 3, 1, 0, 0, 1, 0, 2, 3, 3, 3, 0, 3, 1, 3, 3, 1, 2, 1, 0, 3, 0, 1, 1, 3, 2, 2, 1, 0, 1, 0, 1, 2, 3, 2, 1, 1, 1, 0, 0, 0, 3, 1, 1, 0, 1, 3, 0, 1, 3, 3, 3, 1, 2, 3, 1, 2, 1, 3, 1, 1, 0, 1, 3, 1, 1, 1, 2, 3, 3, 3, 1, 0, 3, 3, 0, 1, 1, 1, 0]",0.7696412499275584,1.1170395686822927
62,"[-8.394533312232456, -7.940386475729838, -8.834472817039707, -8.552106014280653]","[0.24551208123126897, 0.38663960010137655, 0.15812828784076924, 0.20972003082658527]","[0, 2, 1, 3, 0, 3, 1, 3, 3, 2, 1, 1, 2, 0, 1, 0, 0, 3, 1, 2, 3, 1, 0, 0, 1, 3, 1, 3, 2, 0, 1, 0, 0, 2, 0, 3, 0, 2, 0, 0, 0, 1, 2, 2, 0, 2, 2, 2, 3, 3, 2, 1, 1, 2, 3, 1, 3, 1, 0, 2, 0, 1, 0, 0, 3, 0, 2, 1, 1, 0, 3, 1, 0, 1, 3, 3, 0, 2, 0, 3]",0.862426884820638,1.2014642030665033
63,"[-3.179361400532328, -3.1108673462708305, -3.2412684197214396, -3.1581779325293398]","[0.247999021753085, 0.26558072830435403, 0.23311171039487127, 0.2533085395476899]","[1, 0, 2, 3, 0, 1, 0, 1, 2, 2, 3, 3, 3, 2, 3, 2, 0, 2, 2, 1, 0, 3, 3, 3, 1, 0, 3, 0, 0, 0, 0, 3, 2, 3, 0, 1, 1, 2, 1, 3, 1, 3, 1, 0, 2, 0, 0, 2, 2, 1, 2, 0, 1, 1, 0, 2, 2, 2, 3, 2, 1, 1, 3, 1, 1, 2, 0, 2, 3, 0, 0, 3, 1, 2, 0, 3, 1, 0, 2, 3]",1.2665530652044832,0.7866078417165325
64,"[-3.8997726740693257, -3.781479702982271, -3.983273012361424, -3.906910917371054]","[0.24762577811834824, 0.27872109391186134, 0.22778866906197798, 0.24586445890781258]","[3, 2, 1, 0, 3, 3, 0, 2, 0, 2, 1, 3, 2, 1, 1, 0, 1, 3, 0, 0, 1, 2, 2, 3, 3, 2, 0, 2, 1, 0, 0, 1, 3, 1, 1, 3, 1, 1, 0, 0, 3, 2, 1, 1, 0, 0, 3, 1, 1, 1, 3, 3, 3, 0, 0, 3, 0, 3, 2, 0, 3, 2, 3, 1, 1, 0, 0, 3, 0, 2, 3, 0, 3, 3, 0, 3, 3, 1, 1, 2]",0.9384570801010483,0.8941598352321886
65,"[-19.85174874408467, -17.697335906445772, -20.002394819606458, -19.585828447515127]","[0.08483484765438763, 0.7315161040654563, 0.07297087012914563, 0.11067817815101026]","[1, 3, 0, 2, 3, 1, 1, 1, 1, 1, 1, 1, 1, 1, 1, 1, 3, 1, 3, 3, 3, 1, 1, 3, 0, 3, 1, 1, 1, 0, 1, 1, 1, 3, 1, 1, 1, 1, 1, 1, 1, 1, 0, 3, 1, 3, 1, 1, 1, 1, 0, 1, 1, 1, 1, 1, 1, 1, 0, 1, 1, 1, 1, 1, 1, 0, 1, 3, 0, 1, 0, 1, 1, 1, 1, 1, 1, 1, 1, 1]",1.0844421148731456,1.4366047721310604
66,"[-4.8500112704596345, -4.65244946551694, -5.014510632945246, -4.81749614651475]","[0.243914564427457, 0.2971924245540918, 0.2069171880937985, 0.2519758229246529]","[2, 3, 1, 0, 2, 1, 1, 1, 2, 3, 0, 0, 1, 3, 1, 3, 3, 0, 3, 2, 2, 3, 3, 1, 3, 3, 2, 0, 2, 2, 1, 2, 3, 2, 3, 1, 0, 1, 3, 1, 1, 3, 1, 1, 2, 1, 2, 3, 1, 1, 0, 1, 3, 0, 3, 1, 1, 3, 3, 2, 0, 0, 3, 1, 1, 1, 3, 1, 3, 3, 2, 3, 3, 3, 1, 1, 3, 3, 3, 3]",1.0184132184877153,0.9780677595725198
67,"[-5.218202275979667, -5.017943928087012, -5.340391353222408, -5.234717636818077]","[0.24447967110861607, 0.29868529935699795, 0.21635986941860247, 0.24047516011578338]","[1, 2, 3, 0, 3, 1, 0, 0, 3, 1, 2, 2, 2, 3, 1, 2, 3, 3, 1, 0, 0, 2, 1, 3, 0, 3, 1, 3, 3, 1, 0, 3, 2, 1, 0, 2, 3, 3, 2, 1, 0, 2, 1, 1, 1, 2, 2, 1, 1, 2, 0, 2, 3, 0, 0, 3, 2, 3, 3, 1, 2, 2, 1, 3, 0, 0, 2, 2, 1, 0, 0, 2, 1, 1, 0, 2, 0, 1, 3, 2]",1.1216220166414117,0.9985980549292024
68,"[-3.1283506148441727, -3.0705211079055412, -3.185856467210636, -3.1355138808307585]","[0.25021812570158025, 0.26511469593498194, 0.2362350273083265, 0.24843215105511138]","[2, 3, 1, 0, 0, 2, 0, 1, 3, 3, 0, 3, 1, 3, 1, 2, 3, 0, 2, 2, 1, 2, 2, 0, 0, 2, 0, 2, 3, 3, 1, 3, 2, 1, 2, 1, 1, 3, 2, 0, 3, 0, 3, 1, 3, 3, 0, 2, 1, 2, 3, 3, 1, 1, 1, 1, 3, 1, 1, 1, 3, 0, 3, 0, 0, 1, 3, 0, 3, 1, 3, 2, 1, 1, 0, 3, 0, 2, 2, 0]",1.065284113144855,0.786457691438316
69,"[-7.517666650532774, -7.253585410799688, -7.865430851997835, -7.570209703953087]","[0.2526967258497508, 0.3290702643364336, 0.178470952373475, 0.23976205744034068]","[2, 1, 3, 0, 2, 2, 3, 0, 1, 3, 3, 3, 0, 0, 0, 2, 1, 2, 2, 1, 1, 2, 0, 2, 2, 0, 3, 1, 0, 3, 0, 1, 0, 1, 3, 1, 3, 0, 3, 3, 0, 3, 2, 0, 0, 1, 3, 3, 1, 0, 1, 1, 2, 0, 3, 1, 0, 2, 3, 3, 1, 1, 1, 1, 1, 3, 1, 0, 1, 2, 1, 1, 0, 3, 0, 3, 2, 3, 2, 1]",1.3715952559980733,1.1153096205264306
70,"[-5.224024717530463, -5.027477610201564, -5.389229604465125, -5.2412592856625375]","[0.247046207139456, 0.3007028295718763, 0.20942601060298133, 0.24282495268568627]","[2, 3, 1, 0, 3, 1, 0, 2, 0, 3, 3, 2, 1, 1, 0, 0, 0, 3, 1, 0, 1, 3, 2, 2, 3, 1, 1, 0, 3, 0, 3, 1, 3, 1, 1, 2, 1, 3, 0, 1, 1, 1, 3, 3, 0, 1, 0, 1, 3, 3, 3, 3, 1, 1, 0, 1, 2, 3, 3, 1, 0, 1, 1, 2, 3, 2, 3, 3, 1, 3, 1, 2, 0, 2, 1, 0, 2, 0, 1, 1]",1.1624706571068741,0.9962173024450272
71,"[-5.0690482818562534, -4.914179360154199, -5.269178237219018, -5.114729351233653]","[0.25371206883001884, 0.29621008773890695, 0.2076948803607598, 0.2423829630703143]","[3, 1, 0, 2, 0, 0, 3, 1, 2, 1, 1, 1, 3, 2, 3, 1, 0, 2, 0, 3, 1, 2, 0, 0, 1, 3, 0, 1, 0, 0, 2, 2, 2, 3, 2, 3, 1, 0, 1, 0, 3, 0, 3, 3, 3, 1, 1, 3, 3, 2, 2, 1, 1, 1, 1, 0, 0, 3, 3, 3, 0, 1, 0, 1, 2, 2, 3, 0, 1, 0, 1, 1, 2, 3, 2, 1, 1, 2, 1, 1]",1.013368339546209,0.9959234192225414
72,"[-5.802789044854136, -5.572648825608898, -5.995152216937977, -5.812087418832893]","[0.24542717516595483, 0.3089379611116269, 0.20247918523682928, 0.24315567848558908]","[1, 2, 0, 3, 2, 3, 1, 0, 1, 3, 0, 3, 0, 1, 2, 1, 1, 1, 2, 1, 3, 0, 1, 2, 3, 1, 0, 1, 2, 0, 2, 0, 1, 3, 3, 2, 3, 2, 2, 1, 0, 2, 3, 0, 0, 3, 1, 0, 1, 3, 1, 0, 2, 0, 0, 0, 1, 2, 1, 0, 3, 2, 2, 0, 1, 1, 1, 1, 2, 1, 3, 1, 3, 1, 1, 3, 1, 3, 1, 0]",1.28995532094452,1.0281682079924994
73,"[-6.568521134147511, -6.293267461156485, -6.9309474934069435, -6.654472872755604]","[0.25442128430273425, 0.335038404539007, 0.1770735412230532, 0.2334667699352055]","[2, 1, 3, 0, 0, 3, 1, 0, 0, 3, 0, 1, 0, 1, 1, 3, 3, 2, 3, 2, 3, 1, 2, 3, 1, 2, 3, 2, 2, 2, 2, 2, 3, 0, 3, 3, 2, 2, 0, 2, 0, 0, 3, 1, 2, 3, 1, 1, 1, 3, 1, 3, 2, 0, 1, 0, 0, 1, 3, 1, 1, 3, 1, 3, 3, 0, 2, 3, 0, 0, 0, 1, 2, 1, 2, 3, 1, 2, 1, 0]",0.9203859164962052,1.1010545465084378
74,"[-14.761612298858024, -13.673508501537619, -15.736822933707346, -15.077660892751746]","[0.19705301209847934, 0.584979373013891, 0.07431123522569943, 0.14365637966193023]","[0, 1, 3, 2, 1, 0, 1, 3, 1, 0, 0, 1, 3, 0, 0, 1, 3, 1, 1, 0, 2, 1, 1, 1, 0, 0, 1, 1, 2, 1, 0, 3, 1, 1, 2, 1, 1, 1, 1, 3, 0, 1, 1, 2, 1, 1, 2, 0, 1, 0, 1, 1, 0, 3, 1, 1, 1, 0, 3, 3, 2, 3, 1, 0, 1, 0, 1, 0, 3, 0, 1, 3, 1, 1, 1, 1, 1, 0, 1, 1]",0.9900910342312064,1.3611724254472282
75,"[-16.53117303483135, -14.73134699498045, -17.10480602041121, -16.502445928326072]","[0.11572448723134202, 0.6999705731723868, 0.06520781152383155, 0.11909712807243963]","[1, 2, 3, 0, 1, 1, 1, 1, 3, 0, 3, 3, 1, 1, 0, 2, 1, 1, 2, 1, 3, 0, 1, 1, 0, 1, 3, 0, 0, 1, 1, 1, 1, 1, 3, 1, 0, 0, 1, 0, 1, 1, 0, 1, 0, 1, 1, 0, 0, 3, 1, 1, 1, 1, 1, 0, 1, 1, 1, 1, 0, 1, 3, 1, 3, 1, 1, 1, 1, 3, 1, 1, 1, 1, 0, 1, 1, 1, 3, 1]",0.7835165405651922,1.4203852927952612
76,"[-9.581937028105017, -8.952362665387254, -10.164691737188539, -9.634754164617362]","[0.22811659523236472, 0.42813186484345284, 0.12737075596304032, 0.216380783961142]","[1, 3, 2, 0, 0, 1, 1, 0, 3, 0, 1, 1, 3, 3, 0, 3, 2, 3, 0, 2, 1, 2, 2, 2, 1, 3, 1, 0, 1, 1, 0, 3, 0, 1, 1, 1, 0, 2, 0, 1, 3, 3, 0, 2, 0, 1, 1, 1, 3, 1, 0, 0, 0, 3, 2, 1, 1, 1, 1, 3, 1, 1, 1, 2, 1, 0, 2, 0, 1, 1, 1, 1, 1, 2, 0, 2, 3, 1, 3, 1]",0.9624306351274194,1.2237123785016413
77,"[-6.8138522985788885, -6.423796591515986, -7.108448340202305, -6.888711908813042]","[0.24097725587123967, 0.3559386064264242, 0.17948766976204666, 0.22359646794028948]","[1, 3, 0, 2, 2, 1, 3, 3, 1, 0, 1, 3, 0, 0, 2, 2, 0, 2, 2, 3, 1, 0, 0, 1, 0, 1, 3, 2, 2, 1, 1, 1, 3, 0, 2, 1, 2, 3, 0, 0, 3, 1, 2, 1, 3, 1, 1, 0, 0, 3, 1, 1, 1, 0, 0, 0, 1, 1, 3, 1, 0, 0, 2, 1, 1, 2, 2, 2, 3, 0, 3, 1, 1, 1, 1, 2, 3, 3, 0, 0]",0.777064702370168,1.1265150616548658
78,"[-6.228461541393826, -6.007545727900518, -6.467191632342089, -6.262404019347653]","[0.24990797301018536, 0.3116898290379368, 0.19683437738282533, 0.24156782056905246]","[1, 0, 2, 3, 3, 2, 1, 1, 0, 3, 2, 2, 1, 2, 0, 3, 1, 2, 0, 3, 0, 1, 3, 0, 1, 2, 0, 1, 1, 2, 1, 1, 2, 3, 0, 1, 2, 1, 0, 1, 2, 0, 0, 1, 1, 2, 2, 0, 1, 1, 3, 2, 1, 1, 0, 3, 3, 2, 0, 1, 3, 1, 0, 1, 1, 3, 1, 1, 2, 2, 1, 2, 2, 3, 2, 3, 0, 2, 3, 0]",1.0990523619586492,1.0650119261471123
79,"[-15.096326145139424, -13.886086982245766, -16.593954353807835, -14.989853625327143]","[0.1757378397247795, 0.5894751121054012, 0.03930552636145061, 0.1954815218083686]","[2, 1, 3, 0, 0, 3, 1, 1, 1, 2, 1, 1, 1, 3, 1, 2, 0, 3, 0, 0, 3, 1, 2, 1, 1, 3, 0, 1, 1, 0, 1, 0, 1, 0, 1, 1, 3, 1, 0, 1, 3, 1, 1, 3, 2, 1, 0, 1, 1, 1, 1, 0, 1, 3, 1, 1, 1, 3, 1, 1, 0, 0, 1, 1, 1, 1, 3, 1, 1, 3, 1, 1, 1, 1, 1, 3, 1, 1, 1, 3]",0.7840893798486177,1.3938120541403234
