Vehicle_label,Road_order,Total_time,Leading_vehicles,Stopped_time,Stop_while_front,Round_number
0,"[2, 3]",67.79999999999829,"[-999, -999]","[0, 0]","[0, 0]",1
1,"[2, 1]",37.6,"[0, -999]","[0, 0]","[0, 0]",1
2,"[2, 3]",71.2499999999981,"[1, 0]","[0, 0]","[0, 0]",1
3,"[2, 1]",39.74999999999988,"[2, 1]","[0, 0]","[0, 0]",1
4,"[2, 1]",42.54999999999972,"[3, 3]","[0, 0]","[0, 0]",1
5,"[2, 1]",45.299999999999564,"[4, 4]","[0, 0]","[0, 0]",1
6,"[2, 1]",47.94999999999941,"[5, 5]","[0, 0]","[0, 0]",1
7,"[0, 1]",67.5999999999983,"[-999, 11]","[0, 0]","[0, 0]",1
8,"[2, 1]",47.59999999999943,"[6, 6]","[0, 0]","[0, 0]",1
9,"[2, 3]",78.2999999999977,"[8, 2]","[0, 0]","[0, 0]",1
10,"[2, 1]",47.24999999999945,"[9, 8]","[0, 0]","[0, 0]",1
11,"[2, 1]",50.14999999999929,"[10, 10]","[0, 0]","[0, 0]",1
12,"[0, 3]",96.94999999999663,"[7, 15]","[0, 0]","[0, 0]",1
13,"[0, 3]",100.9999999999964,"[12, 12]","[0, 0]","[0, 0]",1
14,"[0, 1]",72.849999999998,"[13, 23]","[0, 0]","[0, 0]",1
15,"[2, 3]",72.54999999999802,"[11, 9]","[0, 0]","[0, 0]",1
16,"[0, 1]",72.14999999999804,"[14, 14]","[0, 0]","[0, 0]",1
17,"[0, 1]",73.89999999999795,"[16, 16]","[0, 0]","[0, 0]",1
18,"[2, 1]",41.249999999999794,"[15, 7]","[0, 0]","[0, 0]",1
19,"[2, 1]",42.9499999999997,"[18, 18]","[0, 0]","[0, 0]",1
20,"[0, 3]",107.24999999999605,"[17, 31]","[3.399999999999996, 0]","[3.399999999999996, 0]",1
21,"[0, 1]",84.59999999999734,"[20, 33]","[3.1999999999999966, 0]","[3.1999999999999966, 0]",1
22,"[0, 1]",85.1999999999973,"[21, 21]","[0, 0]","[0, 0]",1
23,"[2, 1]",37.05000000000003,"[19, 19]","[0, 0]","[0, 0]",1
24,"[0, 1]",84.34999999999735,"[22, 22]","[0, 0]","[0, 0]",1
25,"[0, 1]",90.89999999999698,"[24, 41]","[2.4499999999999993, 0]","[2.4499999999999993, 0]",1
26,"[0, 1]",96.99999999999663,"[25, 43]","[2.3999999999999995, 0]","[2.3999999999999995, 0]",1
27,"[0, 3]",129.0499999999951,"[26, 44]","[0, 0]","[0, 0]",1
28,"[0, 1]",100.94999999999641,"[27, 45]","[0, 0]","[0, 0]",1
29,"[2, 1]",47.29999999999945,"[23, 17]","[2.3999999999999995, 0]","[2.3999999999999995, 0]",1
30,"[0, 1]",100.54999999999643,"[28, 28]","[0, 0]","[0, 0]",1
31,"[2, 3]",69.99999999999817,"[29, 13]","[0, 0]","[0, 0]",1
32,"[2, 3]",79.69999999999762,"[31, 20]","[0.5499999999999999, 0]","[0.5499999999999999, 0]",1
33,"[2, 1]",45.24999999999957,"[32, 29]","[0, 0]","[0, 0]",1
34,"[0, 1]",94.54999999999677,"[30, 30]","[0, 0]","[0, 0]",1
35,"[0, 1]",102.54999999999632,"[34, 49]","[2.9999999999999973, 0]","[2.9999999999999973, 0]",1
36,"[0, 3]",132.79999999999595,"[35, 48]","[0, 0]","[0, 0]",1
37,"[0, 3]",136.34999999999675,"[36, 36]","[0, 0]","[0, 0]",1
38,"[0, 1]",108.99999999999595,"[37, 50]","[0, 0]","[0, 0]",1
39,"[0, 3]",142.2499999999981,"[38, 51]","[0, 0]","[0, 0]",1
40,"[0, 1]",114.69999999999563,"[39, 56]","[0, 0]","[0, 0]",1
41,"[2, 1]",41.399999999999785,"[33, 24]","[0, 0]","[0, 0]",1
42,"[2, 3]",72.14999999999804,"[41, 32]","[0, 0]","[0, 0]",1
43,"[2, 1]",45.49999999999955,"[42, 25]","[0, 0]","[0, 0]",1
44,"[2, 3]",75.94999999999783,"[43, 42]","[0, 0]","[0, 0]",1
45,"[2, 1]",49.39999999999933,"[44, 26]","[0, 0]","[0, 0]",1
46,"[2, 3]",82.74999999999744,"[45, 27]","[3.349999999999996, 0]","[3.349999999999996, 0]",1
47,"[0, 3]",131.89999999999574,"[40, 57]","[0, 0]","[0, 0]",1
48,"[2, 3]",83.24999999999741,"[46, 46]","[0, 0]","[0, 0]",1
49,"[2, 1]",58.449999999998816,"[48, 34]","[4.499999999999992, 0]","[0.05, 0]",1
50,"[2, 1]",65.09999999999845,"[49, 35]","[4.249999999999993, 0]","[0, 0]",1
51,"[2, 3]",103.74999999999625,"[50, 37]","[14.100000000000065, 0]","[0, 0]",1
52,"[0, 3]",123.44999999999513,"[47, 47]","[0, 0]","[0, 0]",1
53,"[0, 1]",95.14999999999674,"[52, 58]","[0, 0]","[0, 0]",1
54,"[0, 3]",128.44999999999496,"[53, 60]","[0, 0]","[0, 0]",1
55,"[0, 1]",100.79999999999642,"[54, 65]","[0, 0]","[0, 0]",1
56,"[2, 1]",64.1499999999985,"[51, 38]","[5.899999999999987, 0]","[0, 0]",1
57,"[2, 3]",98.69999999999654,"[56, 39]","[4.499999999999992, 0]","[0, 0]",1
58,"[2, 1]",70.39999999999814,"[57, 40]","[2.9999999999999973, 0]","[0, 0]",1
59,"[0, 3]",124.64999999999506,"[55, 54]","[0, 0]","[0, 0]",1
60,"[2, 3]",106.59999999999609,"[58, 52]","[1.1000000000000003, 0]","[0, 0]",1
61,"[0, 1]",95.04999999999674,"[59, 69]","[0, 0]","[0, 0]",1
62,"[0, 3]",127.3999999999949,"[61, 59]","[0, 0]","[0, 0]",1
63,"[0, 3]",130.89999999999552,"[62, 62]","[0, 0]","[0, 0]",1
64,"[0, 1]",103.44999999999627,"[63, 72]","[0, 0]","[0, 0]",1
65,"[2, 1]",66.79999999999835,"[60, 53]","[0, 0]","[0, 0]",1
66,"[0, 1]",102.8999999999963,"[64, 64]","[0, 0]","[0, 0]",1
67,"[0, 3]",135.14999999999648,"[66, 63]","[0, 0]","[0, 0]",1
68,"[0, 3]",138.64999999999728,"[67, 67]","[0, 0]","[0, 0]",1
69,"[2, 1]",68.19999999999827,"[65, 55]","[3.2999999999999963, 0]","[3.2999999999999963, 0]",1
70,"[2, 1]",76.29999999999781,"[69, 61]","[3.2999999999999963, 0]","[3.2999999999999963, 0]",1
71,"[0, 1]",104.79999999999619,"[68, 75]","[0, 0]","[0, 0]",1
72,"[2, 1]",75.19999999999787,"[70, 70]","[0, 0]","[0, 0]",1
73,"[0, 1]",104.44999999999621,"[71, 71]","[0, 0]","[0, 0]",1
74,"[2, 1]",87.19999999999719,"[72, 66]","[3.099999999999997, 0]","[3.099999999999997, 0]",1
75,"[2, 1]",87.74999999999716,"[74, 74]","[0, 0]","[0, 0]",1
76,"[2, 3]",122.39999999999519,"[75, 68]","[0, 0]","[0, 0]",1
77,"[0, 1]",102.8999999999963,"[73, 79]","[2.3999999999999995, 0]","[2.3999999999999995, 0]",1
78,"[0, 1]",104.6499999999962,"[77, 77]","[0, 0]","[0, 0]",1
79,"[2, 1]",93.19999999999685,"[76, 73]","[0, 0]","[0, 0]",1
0,"[2, 1]",36.45000000000007,"[-999, -999]","[0, 0]","[0, 0]",2
1,"[0, 1]",67.49999999999831,"[-999, 9]","[0, 0]","[0, 0]",2
2,"[0, 1]",74.84999999999789,"[1, 12]","[0, 0]","[0, 0]",2
3,"[2, 3]",67.84999999999829,"[0, -999]","[0, 0]","[0, 0]",2
4,"[0, 3]",101.1999999999964,"[2, 10]","[0, 0]","[0, 0]",2
5,"[2, 3]",69.4499999999982,"[3, 3]","[0, 0]","[0, 0]",2
6,"[2, 3]",72.44999999999803,"[5, 5]","[0, 0]","[0, 0]",2
7,"[2, 3]",74.94999999999789,"[6, 6]","[0, 0]","[0, 0]",2
8,"[0, 3]",106.99999999999606,"[4, 18]","[2.799999999999998, 0]","[2.799999999999998, 0]",2
9,"[2, 1]",38.44999999999995,"[7, -999]","[0, 0]","[0, 0]",2
10,"[2, 3]",72.59999999999802,"[9, 7]","[0, 0]","[0, 0]",2
11,"[0, 1]",72.19999999999804,"[8, -999]","[0, 0]","[0, 0]",2
12,"[2, 1]",41.29999999999979,"[10, 1]","[0, 0]","[0, 0]",2
13,"[0, 1]",71.79999999999806,"[11, 11]","[0, 0]","[0, 0]",2
14,"[0, 3]",104.4999999999962,"[13, 19]","[0, 0]","[0, 0]",2
15,"[0, 3]",107.79999999999602,"[14, 14]","[0, 0]","[0, 0]",2
16,"[0, 3]",116.09999999999555,"[15, 21]","[2.1500000000000004, 0]","[2.1500000000000004, 0]",2
17,"[2, 3]",71.44999999999808,"[12, 4]","[0, 0]","[0, 0]",2
18,"[2, 3]",73.94999999999794,"[17, 17]","[0, 0]","[0, 0]",2
19,"[2, 3]",81.89999999999749,"[18, 8]","[2.9999999999999973, 0]","[2.9999999999999973, 0]",2
20,"[2, 1]",58.649999999998805,"[19, 13]","[4.699999999999991, 0]","[3.4499999999999957, 0]",2
21,"[2, 3]",96.94999999999663,"[20, 15]","[0, 0]","[0, 0]",2
22,"[2, 3]",104.5499999999962,"[21, 16]","[6.399999999999985, 0]","[0, 0]",2
23,"[0, 1]",70.29999999999815,"[16, -999]","[0, 0]","[0, 0]",2
24,"[2, 3]",103.89999999999624,"[22, 22]","[17.650000000000116, 0]","[0, 0]",2
25,"[0, 3]",106.3999999999961,"[23, 24]","[3.2999999999999963, 0]","[3.2999999999999963, 0]",2
26,"[0, 3]",113.64999999999569,"[25, 27]","[2.1000000000000005, 0]","[2.1000000000000005, 0]",2
27,"[2, 3]",105.89999999999613,"[24, 25]","[20.05000000000015, 0]","[0, 0]",2
28,"[2, 1]",75.59999999999785,"[27, -999]","[17.800000000000118, 0]","[0, 0]",2
29,"[2, 3]",114.84999999999562,"[28, 31]","[16.150000000000095, 0]","[0, 0]",2
30,"[2, 1]",85.49999999999729,"[29, 32]","[14.600000000000072, 0]","[0, 0]",2
31,"[0, 3]",104.6499999999962,"[26, 26]","[0, 0]","[0, 0]",2
32,"[0, 1]",75.34999999999786,"[31, 28]","[0, 0]","[0, 0]",2
33,"[2, 3]",114.19999999999565,"[30, 34]","[10.700000000000017, 0]","[0, 0]",2
34,"[0, 3]",106.04999999999612,"[32, 29]","[0, 0]","[0, 0]",2
35,"[2, 3]",114.34999999999565,"[33, 33]","[7.299999999999982, 0]","[0, 0]",2
36,"[2, 3]",122.54999999999518,"[35, 41]","[6.8999999999999835, 0]","[0, 0]",2
37,"[2, 3]",129.59999999999522,"[36, 44]","[7.249999999999982, 0]","[0, 0]",2
38,"[2, 1]",98.94999999999652,"[37, -999]","[7.299999999999982, 0]","[0, 0]",2
39,"[2, 1]",113.59999999999569,"[38, 48]","[14.45000000000007, 0]","[5.999999999999987, 0]",2
40,"[2, 1]",120.4499999999953,"[39, 50]","[7.94999999999998, 0]","[0, 0]",2
41,"[0, 3]",103.74999999999625,"[34, 35]","[3.049999999999997, 0]","[3.049999999999997, 0]",2
42,"[2, 1]",123.79999999999511,"[40, 51]","[8.249999999999982, 0]","[0, 0]",2
43,"[2, 3]",157.05000000000146,"[42, 53]","[8.399999999999984, 0]","[0, 0]",2
44,"[0, 3]",105.59999999999614,"[41, 36]","[2.499999999999999, 0]","[2.499999999999999, 0]",2
45,"[0, 3]",112.39999999999576,"[44, 37]","[2.3999999999999995, 0]","[2.3999999999999995, 0]",2
46,"[0, 1]",84.99999999999731,"[45, 38]","[0, 0]","[0, 0]",2
47,"[2, 1]",125.599999999995,"[43, 56]","[8.09999999999998, 0]","[0, 0]",2
48,"[0, 1]",82.99999999999743,"[46, 46]","[0, 0]","[0, 0]",2
49,"[0, 3]",114.99999999999561,"[48, 45]","[0, 0]","[0, 0]",2
50,"[0, 1]",87.54999999999717,"[49, 39]","[0, 0]","[0, 0]",2
51,"[0, 1]",94.24999999999679,"[50, 40]","[2.3999999999999995, 0]","[2.3999999999999995, 0]",2
52,"[2, 3]",145.2999999999988,"[47, 43]","[0.15000000000000002, 0]","[0, 0]",2
53,"[0, 3]",122.84999999999516,"[51, 49]","[0, 0]","[0, 0]",2
54,"[0, 1]",96.09999999999668,"[53, 42]","[0, 0]","[0, 0]",2
55,"[2, 1]",117.29999999999548,"[52, 60]","[2.2, 0]","[0, 0]",2
56,"[0, 1]",95.44999999999672,"[54, 54]","[0, 0]","[0, 0]",2
57,"[2, 1]",126.84999999999494,"[55, 68]","[6.999999999999983, 0]","[2.7499999999999982, 0]",2
58,"[0, 1]",99.44999999999649,"[56, 47]","[2.3499999999999996, 0]","[2.3499999999999996, 0]",2
59,"[2, 1]",124.54999999999507,"[57, 57]","[7.099999999999983, 0]","[0, 0]",2
60,"[0, 1]",98.49999999999655,"[58, 58]","[0, 0]","[0, 0]",2
61,"[2, 1]",124.29999999999508,"[59, 59]","[10.100000000000009, 0]","[0, 0]",2
62,"[0, 1]",102.29999999999633,"[60, 55]","[2.499999999999999, 0]","[2.499999999999999, 0]",2
63,"[2, 3]",156.4000000000013,"[61, 72]","[8.949999999999992, 0]","[0, 0]",2
64,"[2, 1]",127.84999999999488,"[63, 74]","[19.100000000000136, 0]","[0, 0]",2
65,"[2, 3]",162.5000000000027,"[64, 76]","[21.150000000000166, 0]","[0, 0]",2
66,"[2, 3]",165.70000000000343,"[65, 65]","[22.80000000000019, 0]","[0, 0]",2
67,"[2, 1]",137.24999999999696,"[66, -999]","[23.750000000000203, 0]","[0, 0]",2
68,"[0, 1]",90.34999999999701,"[62, 62]","[0, 0]","[0, 0]",2
69,"[0, 3]",122.34999999999519,"[68, 52]","[0, 0]","[0, 0]",2
70,"[0, 3]",125.94999999999499,"[69, 69]","[0, 0]","[0, 0]",2
71,"[2, 3]",163.55000000000294,"[67, 66]","[25.80000000000023, 0]","[0, 0]",2
72,"[0, 3]",126.04999999999498,"[70, 70]","[0, 0]","[0, 0]",2
73,"[2, 3]",164.3000000000031,"[71, 71]","[26.550000000000242, 0]","[0, 0]",2
74,"[0, 1]",94.79999999999676,"[72, 61]","[0, 0]","[0, 0]",2
75,"[2, 3]",164.7000000000032,"[73, 73]","[24.750000000000217, 0]","[0, 0]",2
76,"[0, 3]",126.19999999999497,"[74, 63]","[0, 0]","[0, 0]",2
77,"[2, 3]",164.95000000000326,"[75, 75]","[22.20000000000018, 0]","[0, 0]",2
78,"[2, 3]",168.05000000000396,"[77, 77]","[22.300000000000182, 0]","[0, 0]",2
79,"[2, 3]",171.20000000000468,"[78, 78]","[25.300000000000225, 0]","[0, 0]",2
0,"[0, 1]",67.44999999999831,"[-999, -999]","[0, 0]","[0, 0]",3
1,"[0, 3]",99.89999999999647,"[0, 8]","[0, 0]","[0, 0]",3
2,"[0, 3]",108.34999999999599,"[1, 13]","[2.0500000000000007, 0]","[2.0500000000000007, 0]",3
3,"[0, 1]",84.24999999999736,"[2, 15]","[3.1999999999999966, 0]","[3.1999999999999966, 0]",3
4,"[0, 1]",85.2499999999973,"[3, 3]","[0, 0]","[0, 0]",3
5,"[0, 1]",87.29999999999718,"[4, 4]","[0, 0]","[0, 0]",3
6,"[0, 1]",89.54999999999706,"[5, 5]","[0, 0]","[0, 0]",3
7,"[0, 3]",121.34999999999525,"[6, 23]","[0, 0]","[0, 0]",3
8,"[2, 3]",67.79999999999829,"[-999, -999]","[0, 0]","[0, 0]",3
9,"[0, 1]",91.09999999999697,"[7, 25]","[0, 0]","[0, 0]",3
10,"[0, 1]",93.44999999999683,"[9, 9]","[0, 0]","[0, 0]",3
11,"[0, 3]",125.84999999999499,"[10, 26]","[0, 0]","[0, 0]",3
12,"[0, 1]",97.09999999999663,"[11, 10]","[0, 0]","[0, 0]",3
13,"[2, 3]",72.899999999998,"[8, 1]","[0, 0]","[0, 0]",3
14,"[2, 1]",43.149999999999686,"[13, 0]","[0, 0]","[0, 0]",3
15,"[2, 1]",44.99999999999958,"[14, 14]","[0, 0]","[0, 0]",3
16,"[2, 3]",76.69999999999779,"[15, 2]","[0, 0]","[0, 0]",3
17,"[0, 3]",118.84999999999539,"[12, 11]","[0, 0]","[0, 0]",3
18,"[0, 3]",122.1999999999952,"[17, 17]","[0, 0]","[0, 0]",3
19,"[0, 1]",102.49999999999632,"[18, 37]","[3.049999999999997, 0]","[3.049999999999997, 0]",3
20,"[2, 3]",71.2499999999981,"[16, 16]","[0, 0]","[0, 0]",3
21,"[0, 3]",135.74999999999662,"[19, 41]","[2.6999999999999984, 0]","[2.6999999999999984, 0]",3
22,"[0, 3]",138.09999999999715,"[21, 21]","[0, 0]","[0, 0]",3
23,"[2, 3]",69.4999999999982,"[20, 20]","[0, 0]","[0, 0]",3
24,"[0, 3]",142.04999999999805,"[22, 47]","[2.4499999999999993, 0]","[2.4499999999999993, 0]",3
25,"[2, 1]",41.0999999999998,"[23, 6]","[0, 0]","[0, 0]",3
26,"[2, 3]",74.89999999999789,"[25, 7]","[0, 0]","[0, 0]",3
27,"[0, 1]",107.29999999999605,"[24, -999]","[0, 0]","[0, 0]",3
28,"[0, 3]",140.79999999999777,"[27, 50]","[0, 0]","[0, 0]",3
29,"[0, 1]",113.09999999999572,"[28, 51]","[0, 0]","[0, 0]",3
30,"[0, 3]",145.24999999999878,"[29, 28]","[0, 0]","[0, 0]",3
31,"[0, 1]",118.09999999999543,"[30, 52]","[0, 0]","[0, 0]",3
32,"[0, 3]",152.30000000000038,"[31, 53]","[0, 0]","[0, 0]",3
33,"[0, 3]",154.80000000000095,"[32, 32]","[0, 0]","[0, 0]",3
34,"[2, 1]",40.44999999999984,"[26, 12]","[0, 0]","[0, 0]",3
35,"[2, 1]",41.84999999999976,"[34, 34]","[0, 0]","[0, 0]",3
36,"[2, 1]",44.399999999999615,"[35, 35]","[0, 0]","[0, 0]",3
37,"[2, 1]",46.699999999999484,"[36, 36]","[0, 0]","[0, 0]",3
38,"[0, 3]",150.95000000000007,"[33, 55]","[2.3999999999999995, 0]","[2.3999999999999995, 0]",3
39,"[2, 3]",75.04999999999788,"[37, 18]","[0, 0]","[0, 0]",3
40,"[0, 3]",155.30000000000106,"[38, 56]","[1.900000000000001, 0]","[1.900000000000001, 0]",3
41,"[2, 3]",75.44999999999786,"[39, 39]","[0, 0]","[0, 0]",3
42,"[0, 1]",122.49999999999518,"[40, -999]","[0, 0]","[0, 0]",3
43,"[0, 1]",124.94999999999504,"[42, 42]","[0, 0]","[0, 0]",3
44,"[2, 1]",38.599999999999945,"[41, 19]","[0, 0]","[0, 0]",3
45,"[0, 1]",130.64999999999546,"[43, 60]","[2.499999999999999, 0]","[2.499999999999999, 0]",3
46,"[0, 3]",163.10000000000284,"[45, 61]","[0, 0]","[0, 0]",3
47,"[2, 3]",74.14999999999793,"[44, 22]","[0, 0]","[0, 0]",3
48,"[0, 3]",163.05000000000283,"[46, 46]","[0, 0]","[0, 0]",3
49,"[0, 1]",134.8499999999964,"[48, 45]","[0.3, 0]","[0, 0]",3
50,"[2, 3]",75.24999999999787,"[47, 24]","[0, 0]","[0, 0]",3
51,"[2, 1]",47.549999999999436,"[50, 27]","[3.349999999999996, 0]","[3.349999999999996, 0]",3
52,"[2, 1]",55.849999999998964,"[51, 29]","[3.349999999999996, 0]","[3.349999999999996, 0]",3
53,"[2, 3]",88.6999999999971,"[52, 30]","[0, 0]","[0, 0]",3
54,"[2, 1]",60.949999999998674,"[53, 31]","[0, 0]","[0, 0]",3
55,"[2, 3]",99.3999999999965,"[54, 33]","[11.400000000000027, 0]","[0, 0]",3
56,"[2, 3]",106.2999999999961,"[55, 38]","[12.200000000000038, 0]","[0, 0]",3
57,"[0, 1]",117.94999999999544,"[49, 49]","[0, 0]","[0, 0]",3
58,"[0, 3]",150.6,"[57, 62]","[0, 0]","[0, 0]",3
59,"[2, 3]",107.79999999999602,"[56, 40]","[9.900000000000006, 0]","[0, 0]",3
60,"[2, 1]",83.99999999999737,"[59, 43]","[8.199999999999982, 0]","[0, 0]",3
61,"[2, 3]",115.1499999999956,"[60, 59]","[6.699999999999984, 0]","[0, 0]",3
62,"[2, 3]",129.8999999999953,"[61, 48]","[7.7499999999999805, 0]","[2.5999999999999988, 0]",3
63,"[2, 1]",107.59999999999603,"[62, 57]","[7.099999999999983, 0]","[3.399999999999996, 0]",3
64,"[0, 3]",140.24999999999764,"[58, 58]","[0, 0]","[0, 0]",3
65,"[0, 1]",112.49999999999575,"[64, 66]","[0, 0]","[0, 0]",3
66,"[2, 1]",103.54999999999626,"[63, 63]","[1.1000000000000003, 0]","[0, 0]",3
67,"[2, 3]",137.99999999999713,"[66, 64]","[1.900000000000001, 0]","[0, 0]",3
68,"[2, 1]",114.79999999999562,"[67, 69]","[4.049999999999994, 0]","[0, 0]",3
69,"[0, 1]",106.49999999999609,"[65, 65]","[0, 0]","[0, 0]",3
70,"[0, 1]",113.3499999999957,"[69, 68]","[2.4499999999999993, 0]","[2.4499999999999993, 0]",3
71,"[2, 1]",121.24999999999525,"[68, 75]","[9.45, 0]","[2.6999999999999984, 0]",3
72,"[2, 3]",150.90000000000006,"[71, 67]","[9.55, 0]","[0, 0]",3
73,"[2, 1]",124.0499999999951,"[72, 76]","[11.65000000000003, 0]","[0, 0]",3
74,"[2, 3]",162.80000000000277,"[73, 79]","[12.650000000000045, 0]","[0, 0]",3
75,"[0, 1]",104.04999999999623,"[70, 70]","[0, 0]","[0, 0]",3
76,"[0, 1]",111.09999999999583,"[75, 71]","[2.4499999999999993, 0]","[2.4499999999999993, 0]",3
77,"[2, 1]",126.69999999999494,"[74, 73]","[11.500000000000028, 0]","[0, 0]",3
78,"[0, 3]",141.04999999999782,"[76, 72]","[0, 0]","[0, 0]",3
79,"[0, 3]",143.79999999999845,"[78, 78]","[0, 0]","[0, 0]",3
0,"[0, 3]",96.74999999999665,"[-999, 4]","[0, 0]","[0, 0]",4
1,"[2, 3]",67.79999999999829,"[-999, -999]","[0, 0]","[0, 0]",4
2,"[2, 1]",37.6,"[1, -999]","[0, 0]","[0, 0]",4
3,"[0, 3]",104.5499999999962,"[0, 12]","[2.9499999999999975, 0]","[2.9499999999999975, 0]",4
4,"[2, 3]",68.79999999999824,"[2, 1]","[0, 0]","[0, 0]",4
5,"[0, 3]",108.54999999999598,"[3, 14]","[2.25, 0]","[2.25, 0]",4
6,"[0, 3]",110.39999999999587,"[5, 5]","[0, 0]","[0, 0]",4
7,"[2, 1]",36.55000000000006,"[4, 2]","[0, 0]","[0, 0]",4
8,"[0, 1]",87.29999999999718,"[6, 22]","[5.699999999999988, 0]","[5.699999999999988, 0]",4
9,"[0, 3]",116.9999999999955,"[8, 6]","[0, 0]","[0, 0]",4
10,"[0, 3]",120.5499999999953,"[9, 9]","[0, 0]","[0, 0]",4
11,"[2, 3]",72.44999999999803,"[7, 0]","[0, 0]","[0, 0]",4
12,"[2, 3]",74.84999999999789,"[11, 11]","[0, 0]","[0, 0]",4
13,"[2, 1]",44.6499999999996,"[12, -999]","[0, 0]","[0, 0]",4
14,"[2, 3]",79.09999999999765,"[13, 3]","[0, 0]","[0, 0]",4
15,"[0, 1]",82.14999999999748,"[10, 24]","[0, 0]","[0, 0]",4
16,"[2, 1]",45.94999999999953,"[14, 13]","[0, 0]","[0, 0]",4
17,"[2, 1]",47.79999999999942,"[16, 16]","[0, 0]","[0, 0]",4
18,"[0, 1]",78.94999999999766,"[15, 15]","[0, 0]","[0, 0]",4
19,"[0, 3]",111.49999999999581,"[18, 25]","[0, 0]","[0, 0]",4
20,"[0, 1]",89.84999999999704,"[19, 27]","[3.1999999999999966, 0]","[3.1999999999999966, 0]",4
21,"[2, 1]",39.54999999999989,"[17, 17]","[0, 0]","[0, 0]",4
22,"[2, 1]",41.29999999999979,"[21, 21]","[0, 0]","[0, 0]",4
23,"[0, 3]",116.9499999999955,"[20, 28]","[0, 0]","[0, 0]",4
24,"[2, 1]",47.29999999999945,"[22, 8]","[3.2499999999999964, 0]","[3.2499999999999964, 0]",4
25,"[2, 3]",85.2999999999973,"[24, 10]","[3.4499999999999957, 0]","[3.4499999999999957, 0]",4
26,"[2, 1]",62.54999999999858,"[25, 18]","[0, 0]","[0, 0]",4
27,"[2, 1]",63.44999999999853,"[26, 26]","[0, 0]","[0, 0]",4
28,"[2, 3]",96.79999999999664,"[27, 19]","[10.650000000000016, 0]","[0, 0]",4
29,"[0, 3]",111.34999999999582,"[23, 30]","[2.25, 0]","[2.25, 0]",4
30,"[2, 3]",103.24999999999628,"[28, 23]","[16.6500000000001, 0]","[0, 0]",4
31,"[2, 1]",73.64999999999796,"[30, 20]","[14.300000000000068, 0]","[0, 0]",4
32,"[2, 1]",82.74999999999744,"[31, 33]","[12.600000000000044, 0]","[0, 0]",4
33,"[0, 1]",75.09999999999788,"[29, 31]","[0, 0]","[0, 0]",4
34,"[2, 3]",113.24999999999571,"[32, 35]","[11.050000000000022, 0]","[0, 0]",4
35,"[0, 3]",104.04999999999623,"[33, 29]","[0, 0]","[0, 0]",4
36,"[0, 1]",76.89999999999777,"[35, 32]","[0, 0]","[0, 0]",4
37,"[0, 1]",79.24999999999764,"[36, 36]","[0, 0]","[0, 0]",4
38,"[2, 3]",108.149999999996,"[34, 34]","[2.849999999999998, 0]","[0, 0]",4
39,"[0, 1]",78.79999999999767,"[37, 37]","[0, 0]","[0, 0]",4
40,"[2, 3]",108.49999999999598,"[38, 38]","[0, 0]","[0, 0]",4
41,"[0, 1]",78.34999999999769,"[39, 39]","[0, 0]","[0, 0]",4
42,"[0, 3]",114.59999999999563,"[41, 45]","[1.850000000000001, 0]","[1.850000000000001, 0]",4
43,"[0, 3]",117.19999999999548,"[42, 42]","[0, 0]","[0, 0]",4
44,"[0, 1]",90.34999999999701,"[43, 48]","[0, 0]","[0, 0]",4
45,"[2, 3]",100.69999999999642,"[40, 40]","[0.2, 0]","[0, 0]",4
46,"[2, 1]",72.29999999999804,"[45, 41]","[4.449999999999992, 0]","[0, 0]",4
47,"[0, 1]",86.54999999999723,"[44, 44]","[0, 0]","[0, 0]",4
48,"[2, 1]",72.69999999999801,"[46, 46]","[2.7499999999999982, 0]","[0, 0]",4
49,"[2, 3]",106.94999999999607,"[48, 43]","[1.5500000000000007, 0]","[0, 0]",4
50,"[0, 3]",113.19999999999571,"[47, 49]","[0, 0]","[0, 0]",4
51,"[0, 3]",116.54999999999552,"[50, 50]","[0, 0]","[0, 0]",4
52,"[0, 1]",89.09999999999708,"[51, 53]","[0, 0]","[0, 0]",4
53,"[2, 1]",74.94999999999789,"[49, 47]","[0, 0]","[0, 0]",4
54,"[2, 3]",114.19999999999565,"[53, 51]","[0, 0]","[0, 0]",4
55,"[0, 3]",116.8999999999955,"[52, 54]","[0, 0]","[0, 0]",4
56,"[0, 3]",119.39999999999536,"[55, 55]","[0, 0]","[0, 0]",4
57,"[0, 3]",121.79999999999522,"[56, 56]","[0, 0]","[0, 0]",4
58,"[2, 3]",124.34999999999508,"[54, 57]","[9.650000000000002, 0]","[9.650000000000002, 0]",4
59,"[0, 1]",90.94999999999698,"[57, -999]","[0, 0]","[0, 0]",4
60,"[0, 3]",124.39999999999507,"[59, 58]","[0, 0]","[0, 0]",4
61,"[0, 3]",126.99999999999493,"[60, 60]","[0, 0]","[0, 0]",4
62,"[2, 1]",87.39999999999718,"[58, 59]","[0, 0]","[0, 0]",4
63,"[0, 1]",96.19999999999668,"[61, 62]","[0, 0]","[0, 0]",4
64,"[2, 3]",123.8999999999951,"[62, 61]","[0, 0]","[0, 0]",4
65,"[0, 3]",131.2999999999956,"[63, 68]","[2.499999999999999, 0]","[2.499999999999999, 0]",4
66,"[0, 3]",133.59999999999613,"[65, 65]","[0, 0]","[0, 0]",4
67,"[0, 1]",105.24999999999616,"[66, -999]","[0, 0]","[0, 0]",4
68,"[2, 3]",117.99999999999544,"[64, 64]","[0, 0]","[0, 0]",4
69,"[2, 3]",130.64999999999546,"[68, 66]","[6.449999999999985, 0]","[6.449999999999985, 0]",4
70,"[2, 3]",138.04999999999714,"[69, 71]","[0, 0]","[0, 0]",4
71,"[0, 3]",130.24999999999537,"[67, 69]","[0, 0]","[0, 0]",4
72,"[0, 1]",101.89999999999635,"[71, 67]","[0, 0]","[0, 0]",4
73,"[0, 3]",135.2499999999965,"[72, 70]","[0, 0]","[0, 0]",4
74,"[0, 3]",137.8499999999971,"[73, 73]","[0, 0]","[0, 0]",4
75,"[0, 3]",140.34999999999766,"[74, 74]","[0, 0]","[0, 0]",4
76,"[2, 1]",95.59999999999671,"[70, 72]","[10.450000000000014, 0]","[0, 0]",4
77,"[0, 3]",139.99999999999758,"[75, 75]","[0, 0]","[0, 0]",4
78,"[2, 1]",95.7499999999967,"[76, 76]","[8.74999999999999, 0]","[0, 0]",4
79,"[0, 1]",109.14999999999594,"[77, 78]","[0, 0]","[0, 0]",4
0,"[2, 1]",36.45000000000007,"[-999, -999]","[0, 0]","[0, 0]",5
1,"[2, 1]",38.54999999999995,"[0, 0]","[0, 0]","[0, 0]",5
2,"[0, 1]",71.64999999999807,"[-999, 9]","[0, 0]","[0, 0]",5
3,"[2, 1]",37.200000000000024,"[1, 1]","[0, 0]","[0, 0]",5
4,"[2, 1]",39.449999999999896,"[3, 3]","[0, 0]","[0, 0]",5
5,"[2, 1]",42.14999999999974,"[4, 4]","[0, 0]","[0, 0]",5
6,"[2, 1]",44.84999999999959,"[5, 5]","[0, 0]","[0, 0]",5
7,"[2, 1]",47.24999999999945,"[6, 6]","[0, 0]","[0, 0]",5
8,"[2, 3]",75.34999999999786,"[7, -999]","[0, 0]","[0, 0]",5
9,"[2, 1]",45.24999999999957,"[8, 7]","[0, 0]","[0, 0]",5
10,"[2, 1]",55.09999999999901,"[9, 2]","[2.3, 0]","[2.3, 0]",5
11,"[0, 1]",67.6499999999983,"[2, 13]","[0, 0]","[0, 0]",5
12,"[2, 1]",53.549999999999095,"[10, 10]","[3.2999999999999963, 0]","[3.2999999999999963, 0]",5
13,"[2, 1]",55.999999999998956,"[12, 12]","[4.99999999999999, 0]","[2.25, 0]",5
14,"[2, 1]",65.8499999999984,"[13, 11]","[8.499999999999986, 0]","[3.349999999999996, 0]",5
15,"[2, 1]",66.79999999999835,"[14, 14]","[7.399999999999982, 0]","[0, 0]",5
16,"[2, 1]",69.4999999999982,"[15, 15]","[13.70000000000006, 0]","[0, 0]",5
17,"[2, 1]",72.54999999999802,"[16, 16]","[11.300000000000026, 0]","[0, 0]",5
18,"[2, 1]",75.49999999999785,"[17, 17]","[9.600000000000001, 0]","[0, 0]",5
19,"[2, 1]",78.59999999999768,"[18, 18]","[8.04999999999998, 0]","[0, 0]",5
20,"[2, 1]",81.7499999999975,"[19, 19]","[6.549999999999985, 0]","[0, 0]",5
21,"[2, 1]",84.69999999999733,"[20, 20]","[5.09999999999999, 0]","[0, 0]",5
22,"[2, 1]",87.74999999999716,"[21, 21]","[3.599999999999995, 0]","[0, 0]",5
23,"[2, 1]",90.84999999999698,"[22, 22]","[2.1500000000000004, 0]","[0, 0]",5
24,"[2, 1]",93.84999999999681,"[23, 23]","[0.7000000000000001, 0]","[0, 0]",5
25,"[2, 1]",96.99999999999663,"[24, 24]","[0, 0]","[0, 0]",5
26,"[2, 1]",100.04999999999646,"[25, 25]","[0, 0]","[0, 0]",5
27,"[2, 1]",103.14999999999628,"[26, 26]","[0, 0]","[0, 0]",5
28,"[2, 1]",106.19999999999611,"[27, 27]","[0, 0]","[0, 0]",5
29,"[2, 1]",109.24999999999594,"[28, 28]","[0, 0]","[0, 0]",5
30,"[2, 1]",112.29999999999576,"[29, 29]","[0.39999999999999997, 0]","[0, 0]",5
31,"[2, 3]",145.69999999999888,"[30, 37]","[0, 0]","[0, 0]",5
32,"[2, 1]",115.89999999999556,"[31, 30]","[0, 0]","[0, 0]",5
33,"[2, 1]",119.59999999999535,"[32, 32]","[0, 0]","[0, 0]",5
34,"[2, 1]",121.69999999999523,"[33, 33]","[0, 0]","[0, 0]",5
35,"[2, 1]",124.69999999999506,"[34, 34]","[0, 0]","[0, 0]",5
36,"[2, 1]",127.69999999999489,"[35, 35]","[0, 0]","[0, 0]",5
37,"[0, 3]",96.64999999999665,"[-999, -999]","[0, 0]","[0, 0]",5
38,"[2, 1]",133.79999999999617,"[36, 59]","[0, 0]","[0, 0]",5
39,"[2, 3]",164.00000000000304,"[38, 31]","[0, 0]","[0, 0]",5
40,"[2, 3]",168.200000000004,"[39, 39]","[0, 0]","[0, 0]",5
41,"[2, 1]",143.44999999999837,"[40, 64]","[0, 0]","[0, 0]",5
42,"[2, 3]",174.60000000000545,"[41, 40]","[0.3, 0]","[0, 0]",5
43,"[2, 1]",152.0000000000003,"[42, 68]","[2.1000000000000005, 0]","[0, 0]",5
44,"[2, 1]",164.35000000000312,"[43, 73]","[6.649999999999984, 0]","[2.9499999999999975, 0]",5
45,"[2, 3]",193.95000000000985,"[44, 42]","[4.749999999999991, 0]","[0, 0]",5
46,"[2, 1]",167.10000000000375,"[45, 77]","[6.199999999999986, 0]","[0, 0]",5
47,"[2, 3]",200.95000000001144,"[46, 45]","[7.049999999999983, 0]","[0, 0]",5
48,"[2, 1]",173.75000000000526,"[47, 46]","[7.7499999999999805, 0]","[0, 0]",5
49,"[2, 1]",177.35000000000608,"[48, 48]","[9.750000000000004, 0]","[0, 0]",5
50,"[2, 1]",180.0500000000067,"[49, 49]","[10.85000000000002, 0]","[0, 0]",5
51,"[2, 1]",183.1500000000074,"[50, 50]","[11.60000000000003, 0]","[0, 0]",5
52,"[2, 1]",186.2000000000081,"[51, 51]","[13.950000000000063, 0]","[0, 0]",5
53,"[2, 1]",189.3500000000088,"[52, 52]","[17.000000000000107, 0]","[0, 0]",5
54,"[2, 1]",192.3500000000095,"[53, 53]","[18.70000000000013, 0]","[0, 0]",5
55,"[2, 3]",226.00000000001714,"[54, -999]","[19.45000000000014, 0]","[0, 0]",5
56,"[2, 1]",199.000000000011,"[55, 54]","[21.55000000000017, 0]","[0, 0]",5
57,"[2, 3]",233.15000000001876,"[56, 55]","[23.850000000000204, 0]","[0, 0]",5
58,"[2, 1]",205.90000000001257,"[57, 56]","[23.850000000000204, 0]","[0, 0]",5
59,"[0, 1]",71.1999999999981,"[27, 36]","[0, 0]","[0, 0]",5
60,"[2, 1]",206.75000000001276,"[58, 58]","[23.050000000000193, 0]","[0, 0]",5
61,"[0, 1]",75.49999999999785,"[59, 38]","[2.0500000000000007, 0]","[2.0500000000000007, 0]",5
62,"[2, 1]",206.75000000001276,"[60, 60]","[22.20000000000018, 0]","[0, 0]",5
63,"[0, 1]",73.29999999999798,"[61, 61]","[0, 0]","[0, 0]",5
64,"[0, 1]",75.29999999999787,"[63, 63]","[0, 0]","[0, 0]",5
65,"[2, 1]",204.3000000000122,"[62, 62]","[21.40000000000017, 0]","[0, 0]",5
66,"[2, 1]",207.3000000000129,"[65, 65]","[21.45000000000017, 0]","[0, 0]",5
67,"[0, 1]",76.3999999999978,"[64, 41]","[2.3499999999999996, 0]","[2.3499999999999996, 0]",5
68,"[0, 1]",78.2499999999977,"[67, 67]","[0, 0]","[0, 0]",5
69,"[2, 1]",205.00000000001236,"[66, 66]","[19.650000000000144, 0]","[0, 0]",5
70,"[2, 1]",207.95000000001303,"[69, 69]","[19.35000000000014, 0]","[0, 0]",5
71,"[0, 1]",79.34999999999764,"[68, 43]","[2.4499999999999993, 0]","[2.4499999999999993, 0]",5
72,"[2, 1]",208.2500000000131,"[70, 70]","[18.400000000000126, 0]","[0, 0]",5
73,"[0, 1]",78.34999999999769,"[71, 71]","[0, 0]","[0, 0]",5
74,"[2, 1]",208.60000000001318,"[72, 72]","[18.55000000000013, 0]","[0, 0]",5
75,"[2, 1]",211.65000000001388,"[74, 74]","[19.050000000000136, 0]","[0, 0]",5
76,"[2, 1]",214.75000000001458,"[75, 75]","[19.100000000000136, 0]","[0, 0]",5
77,"[0, 1]",77.19999999999776,"[73, 44]","[2.3499999999999996, 0]","[2.3499999999999996, 0]",5
78,"[2, 1]",215.00000000001464,"[76, 76]","[20.300000000000153, 0]","[0, 0]",5
79,"[2, 1]",218.00000000001532,"[78, 78]","[20.550000000000157, 0]","[0, 0]",5
0,"[0, 3]",96.64999999999665,"[-999, -999]","[0, 0]","[0, 0]",6
1,"[2, 1]",36.45000000000007,"[-999, -999]","[0, 0]","[0, 0]",6
2,"[2, 1]",38.54999999999995,"[1, 1]","[0, 0]","[0, 0]",6
3,"[2, 1]",41.1499999999998,"[2, 2]","[0, 0]","[0, 0]",6
4,"[2, 1]",43.89999999999964,"[3, 3]","[0, 0]","[0, 0]",6
5,"[2, 1]",46.4499999999995,"[4, 4]","[0, 0]","[0, 0]",6
6,"[2, 1]",48.84999999999936,"[5, 5]","[0, 0]","[0, 0]",6
7,"[2, 1]",50.94999999999924,"[6, 6]","[0, 0]","[0, 0]",6
8,"[2, 1]",52.79999999999914,"[7, 7]","[0, 0]","[0, 0]",6
9,"[2, 1]",54.69999999999903,"[8, 8]","[0, 0]","[0, 0]",6
10,"[2, 1]",57.14999999999889,"[9, 9]","[0, 0]","[0, 0]",6
11,"[0, 1]",71.84999999999806,"[0, 13]","[2.0500000000000007, 0]","[2.0500000000000007, 0]",6
12,"[2, 1]",57.249999999998884,"[10, 10]","[0, 0]","[0, 0]",6
13,"[2, 1]",59.899999999998734,"[12, 12]","[0, 0]","[0, 0]",6
14,"[2, 1]",68.89999999999823,"[13, 11]","[7.599999999999981, 0]","[0, 0]",6
15,"[2, 1]",77.19999999999776,"[14, 16]","[11.800000000000033, 0]","[2.3499999999999996, 0]",6
16,"[0, 1]",68.04999999999828,"[11, 14]","[0, 0]","[0, 0]",6
17,"[2, 1]",74.99999999999788,"[15, 15]","[7.099999999999983, 0]","[0, 0]",6
18,"[2, 1]",77.09999999999776,"[17, 17]","[5.349999999999989, 0]","[0, 0]",6
19,"[2, 1]",80.0499999999976,"[18, 18]","[3.8499999999999943, 0]","[0, 0]",6
20,"[2, 3]",113.3999999999957,"[19, -999]","[2.3499999999999996, 0]","[0, 0]",6
21,"[2, 1]",85.94999999999726,"[20, 26]","[0.8500000000000002, 0]","[0, 0]",6
22,"[2, 3]",119.54999999999535,"[21, 20]","[0, 0]","[0, 0]",6
23,"[2, 1]",89.69999999999705,"[22, 21]","[1.850000000000001, 0]","[0, 0]",6
24,"[2, 1]",99.99999999999646,"[23, 32]","[4.94999999999999, 0]","[2.000000000000001, 0]",6
25,"[2, 1]",105.74999999999613,"[24, 33]","[3.899999999999994, 0]","[0, 0]",6
26,"[0, 1]",67.5499999999983,"[16, 19]","[0, 0]","[0, 0]",6
27,"[2, 1]",115.29999999999559,"[25, 40]","[8.249999999999982, 0]","[3.349999999999996, 0]",6
28,"[2, 1]",116.19999999999554,"[27, 27]","[4.599999999999992, 0]","[0, 0]",6
29,"[2, 1]",124.34999999999508,"[28, 47]","[3.4499999999999957, 0]","[0, 0]",6
30,"[2, 3]",155.65000000000114,"[29, 43]","[2.3999999999999995, 0]","[0, 0]",6
31,"[2, 1]",135.09999999999647,"[30, 52]","[5.04999999999999, 0]","[2.9499999999999975, 0]",6
32,"[0, 1]",72.14999999999804,"[26, 23]","[2.499999999999999, 0]","[2.499999999999999, 0]",6
33,"[0, 1]",78.79999999999767,"[32, 24]","[2.3, 0]","[2.3, 0]",6
34,"[2, 1]",146.04999999999896,"[31, 56]","[12.35000000000004, 0]","[9.750000000000004, 0]",6
35,"[2, 1]",151.80000000000027,"[34, 57]","[4.499999999999992, 0]","[0, 0]",6
36,"[2, 1]",157.6500000000016,"[35, 58]","[6.999999999999983, 0]","[0, 0]",6
37,"[0, 3]",101.79999999999636,"[33, 22]","[0, 0]","[0, 0]",6
38,"[2, 3]",187.05000000000828,"[36, -999]","[10.300000000000011, 0]","[0, 0]",6
39,"[0, 1]",71.54999999999808,"[37, 25]","[0, 0]","[0, 0]",6
40,"[0, 1]",73.24999999999798,"[39, 39]","[0, 0]","[0, 0]",6
41,"[2, 3]",185.30000000000788,"[38, 38]","[14.650000000000073, 0]","[0, 0]",6
42,"[0, 3]",103.04999999999629,"[40, 37]","[0, 0]","[0, 0]",6
43,"[0, 3]",106.54999999999609,"[42, 42]","[0, 0]","[0, 0]",6
44,"[2, 3]",182.95000000000735,"[41, 41]","[17.750000000000117, 0]","[0, 0]",6
45,"[2, 1]",167.95000000000394,"[44, 64]","[24.000000000000206, 0]","[6.299999999999986, 0]",6
46,"[2, 3]",197.60000000001068,"[45, 44]","[17.000000000000107, 0]","[0, 0]",6
47,"[0, 1]",69.2999999999982,"[43, 28]","[0, 0]","[0, 0]",6
48,"[2, 3]",199.000000000011,"[46, 46]","[19.100000000000136, 0]","[0, 0]",6
49,"[2, 3]",202.35000000001176,"[48, 48]","[22.650000000000187, 0]","[0, 0]",6
50,"[2, 3]",205.5500000000125,"[49, 49]","[25.400000000000226, 0]","[0, 0]",6
51,"[0, 1]",68.19999999999827,"[47, 29]","[0, 0]","[0, 0]",6
52,"[0, 1]",70.89999999999812,"[51, 51]","[0, 0]","[0, 0]",6
53,"[2, 3]",203.20000000001195,"[50, 50]","[28.250000000000266, 0]","[0, 0]",6
54,"[0, 1]",75.39999999999786,"[52, 31]","[2.25, 0]","[2.25, 0]",6
55,"[0, 1]",77.04999999999777,"[54, 54]","[0, 0]","[0, 0]",6
56,"[0, 1]",79.19999999999764,"[55, 55]","[0, 0]","[0, 0]",6
57,"[0, 1]",86.44999999999723,"[56, 34]","[2.499999999999999, 0]","[2.499999999999999, 0]",6
58,"[0, 1]",93.79999999999681,"[57, 35]","[2.799999999999998, 0]","[2.799999999999998, 0]",6
59,"[0, 1]",100.09999999999646,"[58, 36]","[2.549999999999999, 0]","[2.549999999999999, 0]",6
60,"[0, 1]",100.69999999999642,"[59, 59]","[0, 0]","[0, 0]",6
61,"[0, 1]",102.54999999999632,"[60, 60]","[0, 0]","[0, 0]",6
62,"[0, 1]",104.79999999999619,"[61, 61]","[0, 0]","[0, 0]",6
63,"[0, 1]",107.04999999999606,"[62, 62]","[0, 0]","[0, 0]",6
64,"[0, 1]",109.34999999999593,"[63, 63]","[0, 0]","[0, 0]",6
65,"[0, 1]",116.54999999999552,"[64, 45]","[2.4499999999999993, 0]","[2.4499999999999993, 0]",6
66,"[0, 1]",118.19999999999543,"[65, 65]","[0, 0]","[0, 0]",6
67,"[0, 1]",120.3999999999953,"[66, 66]","[0, 0]","[0, 0]",6
68,"[2, 3]",167.8000000000039,"[53, 53]","[11.750000000000032, 0]","[0, 0]",6
69,"[0, 1]",119.94999999999533,"[67, 67]","[0, 0]","[0, 0]",6
70,"[0, 1]",122.2499999999952,"[69, 69]","[0, 0]","[0, 0]",6
71,"[0, 1]",124.49999999999507,"[70, 70]","[0, 0]","[0, 0]",6
72,"[0, 1]",126.79999999999494,"[71, 71]","[0, 0]","[0, 0]",6
73,"[0, 1]",129.0999999999951,"[72, 72]","[0, 0]","[0, 0]",6
74,"[0, 1]",131.34999999999562,"[73, 73]","[0, 0]","[0, 0]",6
75,"[0, 1]",133.59999999999613,"[74, 74]","[0, 0]","[0, 0]",6
76,"[0, 1]",135.89999999999665,"[75, 75]","[0, 0]","[0, 0]",6
77,"[0, 1]",138.19999999999717,"[76, 76]","[0, 0]","[0, 0]",6
78,"[0, 1]",140.4499999999977,"[77, 77]","[0, 0]","[0, 0]",6
79,"[0, 1]",142.6999999999982,"[78, 78]","[0, 0]","[0, 0]",6
0,"[2, 1]",36.45000000000007,"[-999, -999]","[0, 0]","[0, 0]",7
1,"[2, 1]",38.54999999999995,"[0, 0]","[0, 0]","[0, 0]",7
2,"[2, 1]",41.1499999999998,"[1, 1]","[0, 0]","[0, 0]",7
3,"[2, 1]",43.89999999999964,"[2, 2]","[0, 0]","[0, 0]",7
4,"[2, 1]",46.4499999999995,"[3, 3]","[0, 0]","[0, 0]",7
5,"[2, 1]",48.799999999999365,"[4, 4]","[0, 0]","[0, 0]",7
6,"[2, 1]",50.94999999999924,"[5, 5]","[0, 0]","[0, 0]",7
7,"[2, 1]",52.74999999999914,"[6, 6]","[0, 0]","[0, 0]",7
8,"[2, 1]",54.69999999999903,"[7, 7]","[0, 0]","[0, 0]",7
9,"[2, 1]",57.14999999999889,"[8, 8]","[0, 0]","[0, 0]",7
10,"[2, 1]",59.94999999999873,"[9, 9]","[0, 0]","[0, 0]",7
11,"[2, 3]",92.2999999999969,"[10, -999]","[0, 0]","[0, 0]",7
12,"[2, 3]",96.04999999999669,"[11, 11]","[4.3499999999999925, 0]","[0, 0]",7
13,"[2, 1]",67.29999999999832,"[12, 10]","[10.750000000000018, 0]","[0, 0]",7
14,"[2, 1]",70.99999999999811,"[13, 13]","[8.399999999999984, 0]","[0, 0]",7
15,"[2, 3]",103.34999999999627,"[14, 12]","[6.699999999999984, 0]","[0, 0]",7
16,"[2, 3]",107.34999999999604,"[15, 15]","[5.09999999999999, 0]","[0, 0]",7
17,"[2, 1]",75.54999999999785,"[16, 14]","[3.599999999999995, 0]","[0, 0]",7
18,"[2, 1]",79.14999999999765,"[17, 17]","[2.1000000000000005, 0]","[0, 0]",7
19,"[2, 3]",111.09999999999583,"[18, 16]","[0.6, 0]","[0, 0]",7
20,"[2, 1]",81.24999999999753,"[19, 18]","[0, 0]","[0, 0]",7
21,"[2, 1]",84.89999999999732,"[20, 20]","[0, 0]","[0, 0]",7
22,"[2, 1]",92.79999999999687,"[21, 28]","[0, 0]","[0, 0]",7
23,"[2, 3]",123.39999999999513,"[22, 19]","[0, 0]","[0, 0]",7
24,"[2, 1]",100.59999999999643,"[23, 33]","[0, 0]","[0, 0]",7
25,"[2, 3]",132.74999999999594,"[24, 23]","[0, 0]","[0, 0]",7
26,"[2, 1]",108.94999999999595,"[25, 35]","[0, 0]","[0, 0]",7
27,"[2, 1]",116.19999999999554,"[26, 36]","[3.1999999999999966, 0]","[3.1999999999999966, 0]",7
28,"[0, 1]",71.39999999999809,"[10, 21]","[0, 0]","[0, 0]",7
29,"[2, 1]",132.1499999999958,"[27, 41]","[9.850000000000005, 0]","[9.850000000000005, 0]",7
30,"[2, 1]",132.69999999999592,"[29, 29]","[1.2000000000000004, 0]","[0, 0]",7
31,"[2, 1]",141.04999999999782,"[30, 44]","[3.1999999999999966, 0]","[0, 0]",7
32,"[0, 1]",68.69999999999824,"[28, 22]","[0, 0]","[0, 0]",7
33,"[0, 1]",70.89999999999812,"[32, 32]","[0, 0]","[0, 0]",7
34,"[0, 1]",77.64999999999773,"[33, 24]","[2.4499999999999993, 0]","[2.4499999999999993, 0]",7
35,"[0, 1]",79.44999999999763,"[34, 34]","[0, 0]","[0, 0]",7
36,"[0, 1]",86.04999999999725,"[35, 26]","[2.3999999999999995, 0]","[2.3999999999999995, 0]",7
37,"[2, 1]",133.4499999999961,"[31, 45]","[3.5499999999999954, 0]","[0, 0]",7
38,"[0, 3]",114.79999999999562,"[36, 25]","[0, 0]","[0, 0]",7
39,"[0, 1]",88.14999999999714,"[38, 27]","[0, 0]","[0, 0]",7
40,"[0, 1]",90.499999999997,"[39, 39]","[0, 0]","[0, 0]",7
41,"[0, 1]",92.79999999999687,"[40, 40]","[0, 0]","[0, 0]",7
42,"[0, 3]",125.04999999999504,"[41, 38]","[0, 0]","[0, 0]",7
43,"[0, 3]",128.599999999995,"[42, 42]","[0, 0]","[0, 0]",7
44,"[0, 1]",99.49999999999649,"[43, 30]","[0, 0]","[0, 0]",7
45,"[0, 1]",106.54999999999609,"[44, 31]","[2.499999999999999, 0]","[2.499999999999999, 0]",7
46,"[0, 1]",113.89999999999567,"[45, 37]","[2.849999999999998, 0]","[2.849999999999998, 0]",7
47,"[2, 1]",114.79999999999562,"[37, 46]","[2.799999999999998, 0]","[0, 0]",7
48,"[0, 1]",117.74999999999545,"[46, 47]","[2.3999999999999995, 0]","[2.3999999999999995, 0]",7
49,"[0, 3]",147.29999999999924,"[48, 43]","[0, 0]","[0, 0]",7
50,"[0, 1]",119.74999999999534,"[49, 52]","[0, 0]","[0, 0]",7
51,"[0, 1]",126.54999999999495,"[50, 61]","[2.549999999999999, 0]","[2.549999999999999, 0]",7
52,"[2, 1]",110.04999999999589,"[47, 48]","[0, 0]","[0, 0]",7
53,"[0, 1]",125.44999999999501,"[51, 51]","[0, 0]","[0, 0]",7
54,"[0, 1]",127.64999999999489,"[53, 53]","[0, 0]","[0, 0]",7
55,"[0, 1]",134.2999999999963,"[54, 71]","[2.8999999999999977, 0]","[2.4499999999999993, 0]",7
56,"[0, 1]",141.54999999999794,"[55, 72]","[3.899999999999994, 0]","[2.799999999999998, 0]",7
57,"[0, 1]",148.8499999999996,"[56, 77]","[3.399999999999996, 0]","[1.900000000000001, 0]",7
58,"[0, 1]",149.39999999999972,"[57, 57]","[1.950000000000001, 0]","[0, 0]",7
59,"[0, 1]",151.20000000000013,"[58, 58]","[2.25, 0]","[0, 0]",7
60,"[0, 1]",153.40000000000063,"[59, 59]","[2.5999999999999988, 0]","[0, 0]",7
61,"[2, 1]",94.94999999999675,"[52, 50]","[9.399999999999999, 0]","[0, 0]",7
62,"[0, 1]",152.90000000000052,"[60, 60]","[2.9999999999999973, 0]","[0, 0]",7
63,"[0, 1]",155.20000000000104,"[62, 62]","[3.2999999999999963, 0]","[0, 0]",7
64,"[0, 1]",157.50000000000156,"[63, 63]","[3.649999999999995, 0]","[0, 0]",7
65,"[0, 1]",159.75000000000207,"[64, 64]","[3.949999999999994, 0]","[0, 0]",7
66,"[0, 1]",162.0000000000026,"[65, 65]","[3.949999999999994, 0]","[0, 0]",7
67,"[0, 1]",164.3000000000031,"[66, 66]","[3.649999999999995, 0]","[0, 0]",7
68,"[0, 1]",166.5000000000036,"[67, 67]","[3.149999999999997, 0]","[0, 0]",7
69,"[2, 3]",106.59999999999609,"[61, 49]","[0, 0]","[0, 0]",7
70,"[2, 3]",110.49999999999586,"[69, 69]","[0, 0]","[0, 0]",7
71,"[2, 1]",86.04999999999725,"[70, 54]","[0, 0]","[0, 0]",7
72,"[2, 1]",92.54999999999688,"[71, 55]","[0, 0]","[0, 0]",7
73,"[0, 1]",157.75000000000162,"[68, 68]","[2.6499999999999986, 0]","[0, 0]",7
74,"[0, 1]",160.05000000000214,"[73, 73]","[2.0500000000000007, 0]","[0, 0]",7
75,"[0, 1]",162.35000000000267,"[74, 74]","[1.5000000000000007, 0]","[0, 0]",7
76,"[0, 3]",194.50000000000998,"[75, -999]","[0.8500000000000002, 0]","[0, 0]",7
77,"[2, 1]",88.14999999999714,"[72, 56]","[0, 0]","[0, 0]",7
78,"[0, 1]",165.75000000000344,"[76, 75]","[0, 0]","[0, 0]",7
79,"[0, 1]",168.15000000000398,"[78, 78]","[0, 0]","[0, 0]",7
0,"[2, 1]",36.45000000000007,"[-999, -999]","[0, 0]","[0, 0]",8
1,"[2, 1]",38.54999999999995,"[0, 0]","[0, 0]","[0, 0]",8
2,"[2, 1]",41.1499999999998,"[1, 1]","[0, 0]","[0, 0]",8
3,"[2, 1]",43.89999999999964,"[2, 2]","[0, 0]","[0, 0]",8
4,"[2, 1]",46.4499999999995,"[3, 3]","[0, 0]","[0, 0]",8
5,"[2, 1]",48.799999999999365,"[4, 4]","[0, 0]","[0, 0]",8
6,"[2, 1]",50.94999999999924,"[5, 5]","[0, 0]","[0, 0]",8
7,"[2, 1]",52.74999999999914,"[6, 6]","[0, 0]","[0, 0]",8
8,"[2, 1]",54.74999999999903,"[7, 7]","[0, 0]","[0, 0]",8
9,"[2, 1]",57.19999999999889,"[8, 8]","[0, 0]","[0, 0]",8
10,"[2, 1]",60.049999999998725,"[9, 9]","[0, 0]","[0, 0]",8
11,"[2, 1]",62.699999999998575,"[10, 10]","[0, 0]","[0, 0]",8
12,"[2, 1]",65.64999999999841,"[11, 11]","[7.699999999999981, 0]","[0, 0]",8
13,"[2, 1]",68.84999999999823,"[12, 12]","[9.5, 0]","[0, 0]",8
14,"[2, 1]",83.24999999999741,"[13, 16]","[14.150000000000066, 0]","[6.999999999999983, 0]",8
15,"[0, 1]",69.89999999999817,"[4, 13]","[0, 0]","[0, 0]",8
16,"[0, 1]",71.54999999999808,"[15, 15]","[0, 0]","[0, 0]",8
17,"[2, 3]",107.94999999999601,"[14, -999]","[5.449999999999989, 0]","[0, 0]",8
18,"[2, 1]",88.59999999999711,"[17, 23]","[6.349999999999985, 0]","[2.4499999999999993, 0]",8
19,"[2, 1]",105.14999999999617,"[18, 28]","[12.250000000000039, 0]","[9.850000000000005, 0]",8
20,"[0, 1]",71.34999999999809,"[16, 14]","[0, 0]","[0, 0]",8
21,"[2, 1]",103.04999999999629,"[19, 19]","[0.9000000000000002, 0]","[0, 0]",8
22,"[2, 1]",122.1499999999952,"[21, 33]","[9.850000000000005, 0]","[9.850000000000005, 0]",8
23,"[0, 1]",68.39999999999826,"[20, 20]","[0, 0]","[0, 0]",8
24,"[0, 1]",75.59999999999785,"[23, 18]","[1.7000000000000008, 0]","[1.7000000000000008, 0]",8
25,"[0, 1]",77.34999999999775,"[24, 24]","[0, 0]","[0, 0]",8
26,"[2, 3]",143.94999999999848,"[22, 29]","[0, 0]","[0, 0]",8
27,"[2, 1]",121.44999999999524,"[26, 35]","[0, 0]","[0, 0]",8
28,"[0, 1]",74.04999999999794,"[25, 25]","[0, 0]","[0, 0]",8
29,"[0, 3]",106.3499999999961,"[28, 17]","[0, 0]","[0, 0]",8
30,"[0, 1]",84.99999999999731,"[29, 21]","[3.1999999999999966, 0]","[3.1999999999999966, 0]",8
31,"[2, 3]",144.14999999999853,"[27, 26]","[0, 0]","[0, 0]",8
32,"[0, 1]",83.5499999999974,"[30, 30]","[0, 0]","[0, 0]",8
33,"[0, 1]",85.64999999999728,"[32, 32]","[0, 0]","[0, 0]",8
34,"[0, 1]",93.34999999999684,"[33, 22]","[2.4499999999999993, 0]","[2.4499999999999993, 0]",8
35,"[0, 1]",94.59999999999677,"[34, 34]","[0, 0]","[0, 0]",8
36,"[0, 1]",100.9999999999964,"[35, 27]","[2.499999999999999, 0]","[2.499999999999999, 0]",8
37,"[2, 1]",107.69999999999602,"[31, 39]","[0, 0]","[0, 0]",8
38,"[2, 3]",138.7499999999973,"[37, 31]","[1.800000000000001, 0]","[0, 0]",8
39,"[0, 1]",97.24999999999662,"[36, 36]","[0, 0]","[0, 0]",8
40,"[0, 1]",103.84999999999624,"[39, 37]","[2.499999999999999, 0]","[2.499999999999999, 0]",8
41,"[0, 1]",105.59999999999614,"[40, 40]","[0, 0]","[0, 0]",8
42,"[2, 3]",134.59999999999636,"[38, 38]","[6.249999999999986, 0]","[0, 0]",8
43,"[0, 1]",104.99999999999618,"[41, 41]","[0, 0]","[0, 0]",8
44,"[0, 1]",111.6499999999958,"[43, 46]","[2.499999999999999, 0]","[2.499999999999999, 0]",8
45,"[0, 3]",143.04999999999828,"[44, 42]","[0, 0]","[0, 0]",8
46,"[2, 1]",101.69999999999636,"[42, 43]","[4.449999999999992, 0]","[0, 0]",8
47,"[0, 1]",113.4999999999957,"[45, 49]","[0, 0]","[0, 0]",8
48,"[0, 1]",115.74999999999557,"[47, 47]","[0, 0]","[0, 0]",8
49,"[2, 1]",102.9499999999963,"[46, 44]","[4.99999999999999, 0]","[0, 0]",8
50,"[0, 1]",115.29999999999559,"[48, 48]","[0, 0]","[0, 0]",8
51,"[0, 1]",117.59999999999546,"[50, 50]","[0, 0]","[0, 0]",8
52,"[0, 1]",125.49999999999501,"[51, 63]","[3.049999999999997, 0]","[3.049999999999997, 0]",8
53,"[0, 1]",126.54999999999495,"[52, 52]","[0, 0]","[0, 0]",8
54,"[0, 1]",132.89999999999597,"[53, 77]","[2.499999999999999, 0]","[2.499999999999999, 0]",8
55,"[0, 1]",134.64999999999637,"[54, 54]","[0, 0]","[0, 0]",8
56,"[2, 3]",119.44999999999536,"[49, 45]","[0, 0]","[0, 0]",8
57,"[0, 1]",134.14999999999625,"[55, 55]","[0, 0]","[0, 0]",8
58,"[0, 1]",136.39999999999677,"[57, 57]","[0, 0]","[0, 0]",8
59,"[2, 3]",117.34999999999548,"[56, 56]","[0.5499999999999999, 0]","[0, 0]",8
60,"[2, 3]",120.4999999999953,"[59, 59]","[2.1000000000000005, 0]","[0, 0]",8
61,"[0, 1]",133.19999999999604,"[58, 58]","[0, 0]","[0, 0]",8
62,"[0, 1]",135.44999999999655,"[61, 61]","[0, 0]","[0, 0]",8
63,"[2, 1]",89.44999999999706,"[60, 51]","[1.0500000000000003, 0]","[0, 0]",8
64,"[0, 1]",134.99999999999645,"[62, 62]","[0, 0]","[0, 0]",8
65,"[0, 1]",137.29999999999697,"[64, 64]","[0, 0]","[0, 0]",8
66,"[0, 1]",139.5999999999975,"[65, 65]","[0, 0]","[0, 0]",8
67,"[0, 1]",141.799999999998,"[66, 66]","[0, 0]","[0, 0]",8
68,"[0, 1]",144.0499999999985,"[67, 67]","[0.3, 0]","[0, 0]",8
69,"[0, 3]",176.25000000000583,"[68, -999]","[0.6, 0]","[0, 0]",8
70,"[0, 1]",150.24999999999991,"[69, 68]","[1.900000000000001, 0]","[0, 0]",8
71,"[0, 3]",182.85000000000733,"[70, 69]","[2.5999999999999988, 0]","[0, 0]",8
72,"[0, 1]",156.60000000000136,"[71, 70]","[3.1999999999999966, 0]","[0, 0]",8
73,"[0, 1]",158.9500000000019,"[72, 72]","[3.4999999999999956, 0]","[0, 0]",8
74,"[0, 1]",161.25000000000242,"[73, 73]","[2.8999999999999977, 0]","[0, 0]",8
75,"[0, 1]",163.55000000000294,"[74, 74]","[2.1000000000000005, 0]","[0, 0]",8
76,"[2, 3]",88.19999999999713,"[63, 60]","[0, 0]","[0, 0]",8
77,"[2, 1]",65.09999999999845,"[76, 53]","[0, 0]","[0, 0]",8
78,"[0, 3]",190.30000000000902,"[75, 71]","[1.5500000000000007, 0]","[0, 0]",8
79,"[0, 1]",164.3000000000031,"[78, 75]","[0, 0]","[0, 0]",8
0,"[2, 3]",67.79999999999829,"[-999, -999]","[0, 0]","[0, 0]",9
1,"[2, 1]",37.6,"[0, -999]","[0, 0]","[0, 0]",9
2,"[0, 3]",97.94999999999658,"[-999, 8]","[0, 0]","[0, 0]",9
3,"[2, 1]",36.95000000000004,"[1, 1]","[0, 0]","[0, 0]",9
4,"[2, 1]",39.24999999999991,"[3, 3]","[0, 0]","[0, 0]",9
5,"[2, 1]",41.949999999999754,"[4, 4]","[0, 0]","[0, 0]",9
6,"[2, 1]",44.5999999999996,"[5, 5]","[0, 0]","[0, 0]",9
7,"[2, 1]",46.99999999999947,"[6, 6]","[0, 0]","[0, 0]",9
8,"[2, 3]",74.89999999999789,"[7, 0]","[0, 0]","[0, 0]",9
9,"[2, 1]",47.79999999999942,"[8, 7]","[0, 0]","[0, 0]",9
10,"[2, 1]",50.44999999999927,"[9, 9]","[0, 0]","[0, 0]",9
11,"[0, 1]",67.6999999999983,"[2, 14]","[0, 0]","[0, 0]",9
12,"[2, 1]",49.9999999999993,"[10, 10]","[0, 0]","[0, 0]",9
13,"[2, 1]",51.89999999999919,"[12, 12]","[0, 0]","[0, 0]",9
14,"[2, 1]",53.99999999999907,"[13, 13]","[0, 0]","[0, 0]",9
15,"[0, 1]",72.49999999999802,"[11, 17]","[2.3, 0]","[2.3, 0]",9
16,"[2, 1]",60.4499999999987,"[14, 11]","[2.849999999999998, 0]","[2.849999999999998, 0]",9
17,"[2, 1]",61.099999999998666,"[16, 16]","[0, 0]","[0, 0]",9
18,"[0, 1]",68.64999999999824,"[15, 15]","[0, 0]","[0, 0]",9
19,"[2, 1]",71.99999999999805,"[17, 18]","[6.649999999999984, 0]","[6.649999999999984, 0]",9
20,"[0, 1]",75.04999999999788,"[18, 19]","[2.849999999999998, 0]","[2.849999999999998, 0]",9
21,"[2, 1]",81.24999999999753,"[19, 23]","[15.000000000000078, 0]","[2.799999999999998, 0]",9
22,"[2, 3]",111.29999999999582,"[21, -999]","[9.900000000000006, 0]","[0, 0]",9
23,"[0, 1]",69.89999999999817,"[20, 20]","[0, 0]","[0, 0]",9
24,"[0, 1]",76.79999999999778,"[23, 21]","[2.3999999999999995, 0]","[2.3999999999999995, 0]",9
25,"[2, 1]",82.34999999999746,"[22, 28]","[4.749999999999991, 0]","[0, 0]",9
26,"[2, 1]",89.19999999999708,"[25, 29]","[3.4999999999999956, 0]","[0, 0]",9
27,"[2, 1]",90.449999999997,"[26, 26]","[2.1500000000000004, 0]","[0, 0]",9
28,"[0, 1]",69.3499999999982,"[24, 24]","[0, 0]","[0, 0]",9
29,"[0, 1]",75.99999999999783,"[28, 25]","[2.549999999999999, 0]","[2.549999999999999, 0]",9
30,"[0, 3]",107.34999999999604,"[29, 22]","[0, 0]","[0, 0]",9
31,"[0, 3]",110.89999999999584,"[30, 30]","[0, 0]","[0, 0]",9
32,"[2, 3]",114.09999999999566,"[27, 31]","[1.800000000000001, 0]","[0, 0]",9
33,"[0, 1]",80.14999999999759,"[31, 27]","[0, 0]","[0, 0]",9
34,"[0, 1]",82.49999999999746,"[33, 33]","[0, 0]","[0, 0]",9
35,"[0, 1]",84.74999999999733,"[34, 34]","[0, 0]","[0, 0]",9
36,"[2, 3]",108.94999999999595,"[32, 32]","[3.8499999999999943, 0]","[0, 0]",9
37,"[0, 1]",88.6499999999971,"[35, 41]","[2.4499999999999993, 0]","[2.4499999999999993, 0]",9
38,"[0, 1]",96.39999999999667,"[37, 43]","[2.3999999999999995, 0]","[2.3999999999999995, 0]",9
39,"[0, 1]",102.69999999999631,"[38, 45]","[2.549999999999999, 0]","[2.549999999999999, 0]",9
40,"[0, 1]",103.29999999999627,"[39, 39]","[0, 0]","[0, 0]",9
41,"[2, 1]",73.39999999999797,"[36, 35]","[0, 0]","[0, 0]",9
42,"[0, 1]",102.34999999999633,"[40, 40]","[0, 0]","[0, 0]",9
43,"[2, 1]",77.24999999999775,"[41, 37]","[0, 0]","[0, 0]",9
44,"[0, 1]",106.69999999999608,"[42, 49]","[2.3999999999999995, 0]","[2.3999999999999995, 0]",9
45,"[2, 1]",80.44999999999757,"[43, 38]","[0, 0]","[0, 0]",9
46,"[0, 1]",105.49999999999615,"[44, 44]","[0, 0]","[0, 0]",9
47,"[0, 3]",137.49999999999702,"[46, 48]","[0, 0]","[0, 0]",9
48,"[2, 3]",107.04999999999606,"[45, 36]","[0, 0]","[0, 0]",9
49,"[2, 1]",89.34999999999707,"[48, 42]","[3.149999999999997, 0]","[3.149999999999997, 0]",9
50,"[0, 3]",135.6499999999966,"[47, 47]","[0, 0]","[0, 0]",9
51,"[0, 1]",107.29999999999605,"[50, 59]","[0, 0]","[0, 0]",9
52,"[0, 1]",109.69999999999591,"[51, 51]","[0, 0]","[0, 0]",9
53,"[0, 1]",111.94999999999578,"[52, 52]","[0, 0]","[0, 0]",9
54,"[0, 1]",118.5999999999954,"[53, 63]","[2.3999999999999995, 0]","[2.3999999999999995, 0]",9
55,"[2, 1]",86.9499999999972,"[49, 46]","[2.6999999999999984, 0]","[2.6999999999999984, 0]",9
56,"[0, 1]",123.74999999999511,"[54, 68]","[2.3, 0]","[2.3, 0]",9
57,"[0, 3]",155.9500000000012,"[56, 70]","[0, 0]","[0, 0]",9
58,"[0, 1]",129.59999999999522,"[57, 73]","[0, 0]","[0, 0]",9
59,"[2, 1]",79.19999999999764,"[55, 55]","[3.999999999999994, 0]","[0, 0]",9
60,"[2, 3]",113.89999999999567,"[59, 50]","[3.2999999999999963, 0]","[0, 0]",9
61,"[2, 3]",116.9999999999955,"[60, 60]","[1.950000000000001, 0]","[0, 0]",9
62,"[0, 1]",122.79999999999517,"[58, 58]","[0, 0]","[0, 0]",9
63,"[2, 1]",89.29999999999707,"[61, 53]","[0, 0]","[0, 0]",9
64,"[0, 1]",126.59999999999495,"[62, 77]","[2.3999999999999995, 0]","[2.3999999999999995, 0]",9
65,"[0, 1]",128.39999999999495,"[64, 64]","[0, 0]","[0, 0]",9
66,"[0, 1]",130.59999999999545,"[65, 65]","[1.6500000000000008, 0]","[0, 0]",9
67,"[0, 1]",132.84999999999596,"[66, 66]","[2.3999999999999995, 0]","[0, 0]",9
68,"[2, 1]",85.1999999999973,"[63, 54]","[0, 0]","[0, 0]",9
69,"[0, 1]",132.39999999999586,"[67, 67]","[2.8999999999999977, 0]","[0, 0]",9
70,"[2, 3]",113.4999999999957,"[68, 61]","[0.5499999999999999, 0]","[0, 0]",9
71,"[0, 1]",131.84999999999573,"[69, 69]","[3.149999999999997, 0]","[0, 0]",9
72,"[0, 1]",134.14999999999625,"[71, 71]","[3.349999999999996, 0]","[0, 0]",9
73,"[2, 1]",81.19999999999753,"[70, 56]","[1.4000000000000006, 0]","[0, 0]",9
74,"[0, 1]",133.64999999999614,"[72, 72]","[3.599999999999995, 0]","[0, 0]",9
75,"[0, 3]",165.85000000000346,"[74, -999]","[3.8499999999999943, 0]","[0, 0]",9
76,"[2, 3]",110.24999999999588,"[73, 57]","[0, 0]","[0, 0]",9
77,"[2, 1]",86.39999999999723,"[76, 62]","[0, 0]","[0, 0]",9
78,"[0, 1]",134.3499999999963,"[75, 74]","[3.099999999999997, 0]","[0, 0]",9
79,"[0, 3]",167.00000000000372,"[78, 75]","[2.3, 0]","[0, 0]",9
0,"[2, 1]",36.45000000000007,"[-999, -999]","[0, 0]","[0, 0]",10
1,"[2, 1]",38.54999999999995,"[0, 0]","[0, 0]","[0, 0]",10
2,"[2, 3]",69.89999999999817,"[1, -999]","[0, 0]","[0, 0]",10
3,"[2, 1]",41.1499999999998,"[2, 1]","[0, 0]","[0, 0]",10
4,"[2, 1]",43.94999999999964,"[3, 3]","[0, 0]","[0, 0]",10
5,"[2, 1]",46.59999999999949,"[4, 4]","[0, 0]","[0, 0]",10
6,"[2, 1]",48.99999999999935,"[5, 5]","[0, 0]","[0, 0]",10
7,"[2, 1]",51.249999999999226,"[6, 6]","[0, 0]","[0, 0]",10
8,"[0, 3]",96.64999999999665,"[-999, 2]","[0, 0]","[0, 0]",10
9,"[2, 1]",50.49999999999927,"[7, 7]","[0, 0]","[0, 0]",10
10,"[2, 1]",52.299999999999166,"[9, 9]","[0, 0]","[0, 0]",10
11,"[2, 1]",54.54999999999904,"[10, 10]","[0, 0]","[0, 0]",10
12,"[2, 1]",57.29999999999888,"[11, 11]","[0, 0]","[0, 0]",10
13,"[2, 1]",60.049999999998725,"[12, 12]","[0, 0]","[0, 0]",10
14,"[2, 1]",62.849999999998566,"[13, 13]","[6.499999999999985, 0]","[0, 0]",10
15,"[0, 3]",96.79999999999664,"[8, 8]","[0, 0]","[0, 0]",10
16,"[2, 1]",63.14999999999855,"[14, 14]","[8.84999999999999, 0]","[0, 0]",10
17,"[2, 1]",66.34999999999837,"[16, 16]","[6.499999999999985, 0]","[0, 0]",10
18,"[2, 3]",99.64999999999648,"[17, 15]","[4.799999999999991, 0]","[0, 0]",10
19,"[2, 1]",70.09999999999816,"[18, 17]","[3.2499999999999964, 0]","[0, 0]",10
20,"[2, 1]",85.49999999999729,"[19, 23]","[8.09999999999998, 0]","[6.349999999999985, 0]",10
21,"[2, 1]",91.24999999999696,"[20, 24]","[0, 0]","[0, 0]",10
22,"[0, 1]",67.94999999999828,"[15, 19]","[0, 0]","[0, 0]",10
23,"[0, 1]",70.74999999999812,"[22, 22]","[0, 0]","[0, 0]",10
24,"[0, 1]",78.0999999999977,"[23, 20]","[2.3999999999999995, 0]","[2.3999999999999995, 0]",10
25,"[2, 1]",89.79999999999704,"[21, 28]","[0, 0]","[0, 0]",10
26,"[0, 3]",106.54999999999609,"[24, 18]","[0, 0]","[0, 0]",10
27,"[2, 1]",87.79999999999715,"[25, 25]","[0, 0]","[0, 0]",10
28,"[0, 1]",76.14999999999782,"[26, 21]","[0, 0]","[0, 0]",10
29,"[2, 1]",104.74999999999619,"[27, 34]","[9.850000000000005, 0]","[9.850000000000005, 0]",10
30,"[0, 3]",105.84999999999613,"[28, 26]","[0, 0]","[0, 0]",10
31,"[0, 3]",109.24999999999594,"[30, 30]","[0, 0]","[0, 0]",10
32,"[0, 1]",80.0499999999976,"[31, 27]","[0, 0]","[0, 0]",10
33,"[0, 1]",82.29999999999747,"[32, 32]","[0, 0]","[0, 0]",10
34,"[0, 1]",84.64999999999733,"[33, 33]","[0, 0]","[0, 0]",10
35,"[0, 1]",91.79999999999693,"[34, 29]","[2.3999999999999995, 0]","[2.3999999999999995, 0]",10
36,"[0, 1]",99.2499999999965,"[35, 41]","[2.5999999999999988, 0]","[2.5999999999999988, 0]",10
37,"[0, 1]",105.54999999999615,"[36, 43]","[2.549999999999999, 0]","[2.549999999999999, 0]",10
38,"[0, 1]",111.7499999999958,"[37, 44]","[2.6999999999999984, 0]","[2.6999999999999984, 0]",10
39,"[0, 1]",118.04999999999544,"[38, 49]","[2.549999999999999, 0]","[2.549999999999999, 0]",10
40,"[0, 1]",118.5999999999954,"[39, 39]","[0, 0]","[0, 0]",10
41,"[2, 1]",80.14999999999759,"[29, 35]","[0, 0]","[0, 0]",10
42,"[0, 1]",123.8999999999951,"[40, 55]","[2.849999999999998, 0]","[2.849999999999998, 0]",10
43,"[2, 1]",83.34999999999741,"[41, 36]","[0, 0]","[0, 0]",10
44,"[2, 1]",89.54999999999706,"[43, 37]","[0, 0]","[0, 0]",10
45,"[0, 1]",119.04999999999538,"[42, 42]","[0, 0]","[0, 0]",10
46,"[0, 3]",154.1500000000008,"[45, 58]","[0, 0]","[0, 0]",10
47,"[0, 1]",125.89999999999499,"[46, 45]","[0, 0]","[0, 0]",10
48,"[0, 1]",128.2499999999949,"[47, 47]","[0, 0]","[0, 0]",10
49,"[2, 1]",84.79999999999733,"[44, 38]","[0, 0]","[0, 0]",10
50,"[0, 1]",127.89999999999488,"[48, 48]","[0, 0]","[0, 0]",10
51,"[2, 3]",113.74999999999568,"[49, -999]","[0, 0]","[0, 0]",10
52,"[0, 1]",131.89999999999574,"[50, 63]","[2.499999999999999, 0]","[2.499999999999999, 0]",10
53,"[0, 1]",139.79999999999754,"[52, 64]","[2.0500000000000007, 0]","[2.0500000000000007, 0]",10
54,"[0, 1]",146.09999999999897,"[53, 68]","[2.3999999999999995, 0]","[2.3999999999999995, 0]",10
55,"[2, 1]",81.39999999999752,"[51, 40]","[6.149999999999986, 0]","[0, 0]",10
56,"[2, 3]",113.79999999999568,"[55, 51]","[5.649999999999988, 0]","[0, 0]",10
57,"[0, 1]",141.14999999999785,"[54, 54]","[0, 0]","[0, 0]",10
58,"[2, 3]",115.1499999999956,"[56, 56]","[3.1999999999999966, 0]","[0, 0]",10
59,"[0, 1]",146.39999999999904,"[57, 71]","[2.799999999999998, 0]","[2.799999999999998, 0]",10
60,"[2, 3]",121.14999999999526,"[58, 46]","[0, 0]","[0, 0]",10
61,"[2, 3]",123.74999999999511,"[60, 60]","[0, 0]","[0, 0]",10
62,"[0, 3]",170.60000000000454,"[59, 69]","[0, 0]","[0, 0]",10
63,"[2, 1]",97.6499999999966,"[61, 50]","[1.5000000000000007, 0]","[0, 0]",10
64,"[2, 1]",103.99999999999623,"[63, 52]","[2.499999999999999, 0]","[0, 0]",10
65,"[0, 1]",138.19999999999717,"[62, 73]","[0, 0]","[0, 0]",10
66,"[0, 1]",140.5499999999977,"[65, 65]","[0, 0]","[0, 0]",10
67,"[0, 1]",142.84999999999823,"[66, 66]","[0.9500000000000003, 0]","[0, 0]",10
68,"[2, 1]",101.84999999999636,"[64, 53]","[2.9999999999999973, 0]","[0, 0]",10
69,"[2, 3]",133.54999999999612,"[68, 61]","[3.4499999999999957, 0]","[0, 0]",10
70,"[0, 1]",139.6499999999975,"[67, 67]","[1.4000000000000006, 0]","[0, 0]",10
71,"[2, 1]",106.59999999999609,"[69, 57]","[1.7500000000000009, 0]","[0, 0]",10
72,"[0, 3]",169.20000000000422,"[70, 76]","[1.7000000000000008, 0]","[0, 0]",10
73,"[2, 1]",111.34999999999582,"[71, 59]","[2.1000000000000005, 0]","[0, 0]",10
74,"[0, 3]",170.0000000000044,"[72, 72]","[1.900000000000001, 0]","[0, 0]",10
75,"[0, 1]",142.7499999999982,"[74, 70]","[2.1500000000000004, 0]","[0, 0]",10
76,"[2, 3]",138.7499999999973,"[73, 62]","[1.6000000000000008, 0]","[0, 0]",10
77,"[0, 1]",142.2999999999981,"[75, 75]","[3.5499999999999954, 0]","[0, 0]",10
78,"[0, 1]",144.64999999999864,"[77, 77]","[3.699999999999995, 0]","[0, 0]",10
79,"[0, 1]",146.94999999999916,"[78, 78]","[4.549999999999992, 0]","[0, 0]",10
0,"[2, 3]",67.79999999999829,"[-999, -999]","[0, 0]","[0, 0]",11
1,"[0, 1]",81.7999999999975,"[-999, 11]","[0, 0]","[10.300000000000011, 0]",11
2,"[2, 1]",36.60000000000006,"[0, -999]","[0, 0]","[0, 0]",11
3,"[2, 1]",38.89999999999993,"[2, 2]","[0, 0]","[0, 0]",11
4,"[2, 1]",41.599999999999774,"[3, 3]","[0, 0]","[0, 0]",11
5,"[2, 1]",44.29999999999962,"[4, 4]","[0, 0]","[0, 0]",11
6,"[2, 1]",46.64999999999949,"[5, 5]","[0, 0]","[0, 0]",11
7,"[2, 3]",77.79999999999772,"[6, 0]","[0, 0]","[0, 0]",11
8,"[0, 1]",69.84999999999818,"[1, 12]","[0, 0]","[0, 0]",11
9,"[2, 1]",43.99999999999964,"[7, 6]","[0, 0]","[0, 0]",11
10,"[2, 1]",46.94999999999947,"[9, 9]","[0, 0]","[0, 0]",11
11,"[2, 1]",48.84999999999936,"[10, 10]","[0, 0]","[0, 0]",11
12,"[2, 1]",55.79999999999897,"[11, 1]","[0.8500000000000002, 0]","[0.8500000000000002, 0]",11
13,"[2, 1]",61.74999999999863,"[12, 8]","[6.949999999999983, 0]","[6.949999999999983, 0]",11
14,"[2, 1]",63.64999999999852,"[13, 13]","[10.600000000000016, 0]","[2.549999999999999, 0]",11
15,"[0, 3]",99.49999999999649,"[8, 16]","[0, 0]","[0, 0]",11
16,"[2, 3]",90.29999999999701,"[14, 7]","[8.74999999999999, 0]","[0, 0]",11
17,"[2, 1]",63.29999999999854,"[16, 14]","[12.200000000000038, 0]","[0.35, 0]",11
18,"[0, 1]",74.34999999999792,"[15, 19]","[3.2499999999999964, 0]","[3.2499999999999964, 0]",11
19,"[2, 1]",63.84999999999851,"[17, 17]","[12.100000000000037, 0]","[0, 0]",11
20,"[2, 1]",72.34999999999803,"[19, 18]","[9.750000000000004, 0]","[0, 0]",11
21,"[2, 1]",79.49999999999763,"[20, 22]","[8.09999999999998, 0]","[0, 0]",11
22,"[0, 1]",71.64999999999807,"[18, 20]","[0, 0]","[0, 0]",11
23,"[2, 1]",82.64999999999745,"[21, 24]","[6.499999999999985, 0]","[0, 0]",11
24,"[0, 1]",76.5499999999978,"[22, 21]","[1.950000000000001, 0]","[1.950000000000001, 0]",11
25,"[2, 1]",86.24999999999724,"[23, 26]","[5.04999999999999, 0]","[0, 0]",11
26,"[0, 1]",80.19999999999759,"[24, 23]","[2.6499999999999986, 0]","[2.6499999999999986, 0]",11
27,"[2, 1]",89.79999999999704,"[25, 28]","[2.799999999999998, 0]","[0, 0]",11
28,"[0, 1]",83.74999999999739,"[26, 25]","[2.499999999999999, 0]","[2.499999999999999, 0]",11
29,"[0, 1]",89.99999999999703,"[28, 27]","[2.6499999999999986, 0]","[2.6499999999999986, 0]",11
30,"[2, 1]",90.499999999997,"[27, 29]","[0, 0]","[0, 0]",11
31,"[0, 1]",93.49999999999683,"[29, 30]","[2.3999999999999995, 0]","[2.3999999999999995, 0]",11
32,"[0, 1]",99.74999999999648,"[31, 36]","[2.5999999999999988, 0]","[2.5999999999999988, 0]",11
33,"[0, 1]",100.34999999999644,"[32, 32]","[0, 0]","[0, 0]",11
34,"[0, 1]",102.24999999999633,"[33, 33]","[0, 0]","[0, 0]",11
35,"[0, 1]",108.94999999999595,"[34, 41]","[2.4499999999999993, 0]","[2.4499999999999993, 0]",11
36,"[2, 1]",83.04999999999742,"[30, 31]","[0, 0]","[0, 0]",11
37,"[2, 3]",114.69999999999563,"[36, -999]","[0, 0]","[0, 0]",11
38,"[2, 3]",118.39999999999542,"[37, 37]","[0, 0]","[0, 0]",11
39,"[0, 1]",102.39999999999633,"[35, 35]","[0, 0]","[0, 0]",11
40,"[0, 1]",108.94999999999595,"[39, 47]","[2.4499999999999993, 0]","[2.4499999999999993, 0]",11
41,"[2, 1]",88.54999999999711,"[38, 34]","[0, 0]","[0, 0]",11
42,"[0, 1]",113.54999999999569,"[40, 48]","[2.849999999999998, 0]","[2.849999999999998, 0]",11
43,"[0, 1]",120.4999999999953,"[42, 49]","[2.1000000000000005, 0]","[2.1000000000000005, 0]",11
44,"[0, 3]",150.04999999999987,"[43, 45]","[0, 0]","[0, 0]",11
45,"[2, 3]",110.79999999999585,"[41, 38]","[0, 0]","[0, 0]",11
46,"[0, 3]",150.95000000000007,"[44, 44]","[0, 0]","[0, 0]",11
47,"[2, 1]",85.3499999999973,"[45, 39]","[0, 0]","[0, 0]",11
48,"[2, 1]",91.94999999999692,"[47, 40]","[0, 0]","[0, 0]",11
49,"[2, 1]",98.24999999999656,"[48, 42]","[1.4000000000000006, 0]","[0, 0]",11
50,"[2, 1]",104.5999999999962,"[49, 43]","[2.549999999999999, 0]","[0, 0]",11
51,"[2, 3]",148.4499999999995,"[50, 53]","[9.55, 0]","[6.549999999999985, 0]",11
52,"[2, 3]",151.35000000000016,"[51, 51]","[3.049999999999997, 0]","[0, 0]",11
53,"[0, 3]",137.29999999999697,"[46, 46]","[0.49999999999999994, 0]","[0, 0]",11
54,"[2, 3]",157.00000000000145,"[52, 61]","[8.449999999999985, 0]","[3.349999999999996, 0]",11
55,"[2, 1]",134.19999999999627,"[54, 64]","[7.499999999999981, 0]","[0, 0]",11
56,"[0, 1]",104.09999999999623,"[53, 50]","[0.9500000000000003, 0]","[0, 0]",11
57,"[0, 1]",106.3999999999961,"[56, 56]","[1.4000000000000006, 0]","[0, 0]",11
58,"[2, 3]",159.10000000000193,"[55, 54]","[6.699999999999984, 0]","[0, 0]",11
59,"[2, 1]",136.5499999999968,"[58, 66]","[7.699999999999981, 0]","[0, 0]",11
60,"[2, 3]",169.85000000000437,"[59, 70]","[10.550000000000015, 0]","[0, 0]",11
61,"[0, 3]",132.0999999999958,"[57, 52]","[1.4500000000000006, 0]","[0, 0]",11
62,"[0, 1]",104.14999999999623,"[61, 57]","[0, 0]","[0, 0]",11
63,"[2, 1]",141.3999999999979,"[60, 74]","[12.800000000000047, 0]","[0, 0]",11
64,"[0, 1]",103.69999999999625,"[62, 62]","[0, 0]","[0, 0]",11
65,"[0, 1]",110.54999999999586,"[64, 55]","[2.3999999999999995, 0]","[2.3999999999999995, 0]",11
66,"[0, 1]",112.24999999999577,"[65, 65]","[0, 0]","[0, 0]",11
67,"[2, 1]",145.14999999999876,"[63, 79]","[13.650000000000059, 0]","[2.9499999999999975, 0]",11
68,"[2, 1]",145.64999999999887,"[67, 67]","[12.900000000000048, 0]","[0, 0]",11
69,"[2, 3]",178.60000000000636,"[68, 60]","[17.30000000000011, 0]","[0, 0]",11
70,"[0, 3]",135.84999999999664,"[66, 58]","[0, 0]","[0, 0]",11
71,"[2, 1]",149.14999999999966,"[69, 68]","[19.550000000000143, 0]","[0, 0]",11
72,"[0, 1]",106.04999999999612,"[70, 59]","[0, 0]","[0, 0]",11
73,"[2, 1]",150.04999999999987,"[71, 71]","[22.700000000000188, 0]","[0, 0]",11
74,"[0, 1]",105.64999999999614,"[72, 72]","[0, 0]","[0, 0]",11
75,"[2, 1]",149.54999999999976,"[73, 73]","[27.75000000000026, 0]","[0, 0]",11
76,"[2, 3]",182.7000000000073,"[75, 69]","[28.200000000000266, 0]","[0, 0]",11
77,"[2, 1]",155.70000000000115,"[76, 75]","[27.650000000000258, 0]","[0, 0]",11
78,"[0, 1]",104.19999999999622,"[74, 63]","[2.499999999999999, 0]","[2.499999999999999, 0]",11
79,"[0, 1]",105.89999999999613,"[78, 78]","[0, 0]","[0, 0]",11
0,"[2, 1]",36.45000000000007,"[-999, -999]","[0, 0]","[0, 0]",12
1,"[2, 1]",38.54999999999995,"[0, 0]","[0, 0]","[0, 0]",12
2,"[2, 3]",69.89999999999817,"[1, -999]","[0, 0]","[0, 0]",12
3,"[2, 1]",41.1499999999998,"[2, 1]","[0, 0]","[0, 0]",12
4,"[2, 1]",43.94999999999964,"[3, 3]","[0, 0]","[0, 0]",12
5,"[2, 1]",46.59999999999949,"[4, 4]","[0, 0]","[0, 0]",12
6,"[2, 1]",48.99999999999935,"[5, 5]","[0, 0]","[0, 0]",12
7,"[2, 1]",51.249999999999226,"[6, 6]","[0, 0]","[0, 0]",12
8,"[0, 3]",96.64999999999665,"[-999, 2]","[0, 0]","[0, 0]",12
9,"[2, 1]",50.549999999999265,"[7, 7]","[0, 0]","[0, 0]",12
10,"[2, 1]",52.34999999999916,"[9, 9]","[0, 0]","[0, 0]",12
11,"[2, 1]",54.599999999999035,"[10, 10]","[0, 0]","[0, 0]",12
12,"[2, 1]",57.29999999999888,"[11, 11]","[0, 0]","[0, 0]",12
13,"[2, 1]",60.049999999998725,"[12, 12]","[0, 0]","[0, 0]",12
14,"[2, 1]",62.89999999999856,"[13, 13]","[6.549999999999985, 0]","[0, 0]",12
15,"[2, 3]",92.54999999999688,"[14, 8]","[5.549999999999988, 0]","[0, 0]",12
16,"[0, 3]",97.4999999999966,"[8, 15]","[0, 0]","[0, 0]",12
17,"[2, 1]",62.64999999999858,"[15, 14]","[3.399999999999996, 0]","[0, 0]",12
18,"[0, 1]",72.79999999999801,"[16, 19]","[0, 0]","[0, 0]",12
19,"[2, 1]",63.34999999999854,"[17, 17]","[1.800000000000001, 0]","[0, 0]",12
20,"[2, 3]",96.74999999999665,"[19, 16]","[0, 0]","[0, 0]",12
21,"[2, 1]",68.79999999999824,"[20, 18]","[0, 0]","[0, 0]",12
22,"[0, 1]",73.39999999999797,"[18, 21]","[3.099999999999997, 0]","[3.099999999999997, 0]",12
23,"[0, 1]",74.7999999999979,"[22, 22]","[0, 0]","[0, 0]",12
24,"[0, 1]",76.99999999999777,"[23, 23]","[0, 0]","[0, 0]",12
25,"[0, 1]",84.19999999999736,"[24, 26]","[2.3999999999999995, 0]","[2.3999999999999995, 0]",12
26,"[2, 1]",77.84999999999772,"[21, 24]","[9.800000000000004, 0]","[9.800000000000004, 0]",12
27,"[2, 1]",83.5499999999974,"[26, 25]","[0, 0]","[0, 0]",12
28,"[0, 1]",85.84999999999727,"[25, 27]","[2.8999999999999977, 0]","[2.8999999999999977, 0]",12
29,"[0, 1]",86.9499999999972,"[28, 28]","[0, 0]","[0, 0]",12
30,"[0, 1]",93.34999999999684,"[29, 36]","[2.3999999999999995, 0]","[2.3999999999999995, 0]",12
31,"[0, 1]",95.09999999999674,"[30, 30]","[0, 0]","[0, 0]",12
32,"[2, 3]",103.39999999999627,"[27, 20]","[0, 0]","[0, 0]",12
33,"[0, 1]",94.54999999999677,"[31, 31]","[0, 0]","[0, 0]",12
34,"[0, 1]",102.8999999999963,"[33, 37]","[1.7500000000000009, 0]","[1.7500000000000009, 0]",12
35,"[0, 1]",109.19999999999594,"[34, 38]","[2.3999999999999995, 0]","[2.3999999999999995, 0]",12
36,"[2, 1]",72.29999999999804,"[32, 29]","[0, 0]","[0, 0]",12
37,"[2, 1]",89.79999999999704,"[36, 33]","[8.649999999999988, 0]","[6.749999999999984, 0]",12
38,"[2, 1]",95.14999999999674,"[37, 34]","[14.200000000000067, 0]","[0, 0]",12
39,"[0, 1]",107.19999999999605,"[35, 41]","[2.549999999999999, 0]","[2.549999999999999, 0]",12
40,"[0, 1]",113.4499999999957,"[39, 43]","[2.6499999999999986, 0]","[2.6499999999999986, 0]",12
41,"[2, 1]",95.99999999999669,"[38, 35]","[10.050000000000008, 0]","[0, 0]",12
42,"[0, 3]",140.29999999999765,"[40, -999]","[0, 0]","[0, 0]",12
43,"[2, 1]",99.49999999999649,"[41, 39]","[6.799999999999984, 0]","[0, 0]",12
44,"[0, 1]",109.9999999999959,"[42, 45]","[0.6, 0]","[0, 0]",12
45,"[2, 1]",103.04999999999629,"[43, 40]","[3.4499999999999957, 0]","[0, 0]",12
46,"[0, 1]",114.04999999999566,"[44, 48]","[3.599999999999995, 0]","[2.499999999999999, 0]",12
47,"[0, 3]",145.3499999999988,"[46, 42]","[1.1500000000000004, 0]","[0, 0]",12
48,"[2, 1]",104.44999999999621,"[45, 44]","[0, 0]","[0, 0]",12
49,"[2, 1]",110.74999999999585,"[48, 46]","[0, 0]","[0, 0]",12
50,"[0, 1]",113.04999999999572,"[47, 49]","[1.2500000000000004, 0]","[0, 0]",12
51,"[0, 1]",115.1999999999956,"[50, 50]","[1.3000000000000005, 0]","[0, 0]",12
52,"[2, 3]",138.2499999999972,"[49, 47]","[0.49999999999999994, 0]","[0, 0]",12
53,"[0, 1]",119.14999999999537,"[51, 55]","[3.7999999999999945, 0]","[2.3999999999999995, 0]",12
54,"[0, 1]",127.19999999999492,"[53, 61]","[3.1999999999999966, 0]","[1.7500000000000009, 0]",12
55,"[2, 1]",109.29999999999593,"[52, 51]","[7.199999999999982, 0]","[0, 0]",12
56,"[0, 1]",130.74999999999548,"[54, 63]","[3.949999999999994, 0]","[2.4499999999999993, 0]",12
57,"[0, 1]",131.2999999999956,"[56, 56]","[1.3500000000000005, 0]","[0, 0]",12
58,"[0, 1]",133.09999999999602,"[57, 57]","[1.1500000000000004, 0]","[0, 0]",12
59,"[0, 3]",165.00000000000327,"[58, 67]","[0.9000000000000002, 0]","[0, 0]",12
60,"[0, 1]",136.69999999999683,"[59, 68]","[1.6500000000000008, 0]","[0, 0]",12
61,"[2, 1]",102.29999999999633,"[55, 53]","[2.3999999999999995, 0]","[0, 0]",12
62,"[0, 1]",136.0999999999967,"[60, 60]","[3.099999999999997, 0]","[0, 0]",12
63,"[2, 1]",105.74999999999613,"[61, 54]","[0, 0]","[0, 0]",12
64,"[2, 3]",137.24999999999696,"[63, 52]","[0, 0]","[0, 0]",12
65,"[0, 3]",162.9500000000028,"[62, 59]","[2.5999999999999988, 0]","[0, 0]",12
66,"[0, 1]",136.0499999999967,"[65, 69]","[1.850000000000001, 0]","[0, 0]",12
67,"[2, 3]",135.84999999999664,"[64, 64]","[0, 0]","[0, 0]",12
68,"[2, 1]",110.54999999999586,"[67, 58]","[2.1000000000000005, 0]","[0, 0]",12
69,"[2, 1]",123.04999999999515,"[68, 62]","[10.000000000000007, 0]","[6.549999999999985, 0]",12
70,"[2, 3]",155.8500000000012,"[69, 65]","[4.6499999999999915, 0]","[0, 0]",12
71,"[0, 1]",127.3999999999949,"[66, 66]","[0, 0]","[0, 0]",12
72,"[0, 3]",159.70000000000206,"[71, 70]","[0, 0]","[0, 0]",12
73,"[2, 1]",127.3499999999949,"[70, 71]","[5.549999999999988, 0]","[0, 0]",12
74,"[0, 1]",134.3999999999963,"[72, 77]","[2.549999999999999, 0]","[2.549999999999999, 0]",12
75,"[0, 1]",136.19999999999672,"[74, 74]","[0, 0]","[0, 0]",12
76,"[0, 1]",138.39999999999722,"[75, 75]","[0, 0]","[0, 0]",12
77,"[2, 1]",119.79999999999534,"[73, 73]","[7.549999999999981, 0]","[0, 0]",12
78,"[0, 1]",137.8999999999971,"[76, 76]","[0, 0]","[0, 0]",12
79,"[0, 1]",140.19999999999763,"[78, 78]","[0, 0]","[0, 0]",12
0,"[0, 1]",67.6999999999983,"[-999, 6]","[0, 0]","[0, 0]",13
1,"[2, 1]",36.45000000000007,"[-999, -999]","[0, 0]","[0, 0]",13
2,"[2, 3]",68.94999999999823,"[1, -999]","[0, 0]","[0, 0]",13
3,"[2, 1]",38.54999999999995,"[2, 1]","[0, 0]","[0, 0]",13
4,"[2, 1]",41.1499999999998,"[3, 3]","[0, 0]","[0, 0]",13
5,"[2, 1]",43.849999999999646,"[4, 4]","[0, 0]","[0, 0]",13
6,"[2, 1]",46.499999999999496,"[5, 5]","[0, 0]","[0, 0]",13
7,"[2, 1]",54.89999999999902,"[6, 0]","[3.099999999999997, 0]","[3.099999999999997, 0]",13
8,"[2, 3]",84.74999999999733,"[7, 2]","[0, 0]","[0, 0]",13
9,"[2, 1]",56.349999999998936,"[8, 7]","[3.649999999999995, 0]","[0.05, 0]",13
10,"[2, 1]",59.349999999998765,"[9, 9]","[1.4500000000000006, 0]","[0, 0]",13
11,"[2, 3]",91.89999999999692,"[10, 8]","[0, 0]","[0, 0]",13
12,"[2, 1]",62.2499999999986,"[11, 10]","[6.799999999999984, 0]","[0, 0]",13
13,"[2, 1]",65.8999999999984,"[12, 12]","[4.849999999999991, 0]","[0, 0]",13
14,"[2, 1]",68.19999999999827,"[13, 13]","[3.1999999999999966, 0]","[0, 0]",13
15,"[0, 1]",72.04999999999805,"[0, 14]","[2.3499999999999996, 0]","[2.3499999999999996, 0]",13
16,"[0, 1]",73.94999999999794,"[15, 15]","[0, 0]","[0, 0]",13
17,"[2, 1]",82.54999999999745,"[14, 18]","[11.500000000000028, 0]","[9.850000000000005, 0]",13
18,"[0, 1]",73.49999999999797,"[16, 16]","[0, 0]","[0, 0]",13
19,"[2, 1]",85.04999999999731,"[17, 23]","[0, 0]","[0, 0]",13
20,"[2, 1]",91.44999999999695,"[19, 24]","[0, 0]","[0, 0]",13
21,"[2, 1]",97.5999999999966,"[20, 26]","[0, 0]","[0, 0]",13
22,"[2, 1]",103.74999999999625,"[21, 28]","[0, 0]","[0, 0]",13
23,"[0, 1]",69.19999999999821,"[18, 17]","[0, 0]","[0, 0]",13
24,"[0, 1]",75.39999999999786,"[23, 19]","[2.0500000000000007, 0]","[2.0500000000000007, 0]",13
25,"[2, 1]",104.44999999999621,"[22, 29]","[0, 0]","[0, 0]",13
26,"[0, 1]",78.89999999999766,"[24, 20]","[2.499999999999999, 0]","[2.499999999999999, 0]",13
27,"[2, 1]",108.49999999999598,"[25, 32]","[0, 0]","[0, 0]",13
28,"[0, 1]",82.24999999999747,"[26, 21]","[2.549999999999999, 0]","[2.549999999999999, 0]",13
29,"[0, 1]",89.69999999999705,"[28, 22]","[2.8999999999999977, 0]","[2.8999999999999977, 0]",13
30,"[2, 1]",109.34999999999593,"[27, 34]","[0, 0]","[0, 0]",13
31,"[0, 3]",116.9499999999955,"[29, -999]","[0, 0]","[0, 0]",13
32,"[0, 1]",89.34999999999707,"[31, 25]","[0, 0]","[0, 0]",13
33,"[2, 1]",110.29999999999588,"[30, 35]","[6.849999999999984, 0]","[0, 0]",13
34,"[0, 1]",93.39999999999684,"[32, 27]","[2.6499999999999986, 0]","[2.6499999999999986, 0]",13
35,"[0, 1]",100.64999999999642,"[34, 30]","[2.799999999999998, 0]","[2.799999999999998, 0]",13
36,"[0, 1]",107.74999999999602,"[35, 33]","[2.0500000000000007, 0]","[2.0500000000000007, 0]",13
37,"[0, 1]",108.34999999999599,"[36, 36]","[0, 0]","[0, 0]",13
38,"[0, 1]",115.0499999999956,"[37, 44]","[2.499999999999999, 0]","[2.499999999999999, 0]",13
39,"[0, 1]",116.59999999999552,"[38, 38]","[0, 0]","[0, 0]",13
40,"[0, 1]",123.19999999999514,"[39, 47]","[2.4499999999999993, 0]","[2.4499999999999993, 0]",13
41,"[0, 1]",124.84999999999505,"[40, 40]","[0, 0]","[0, 0]",13
42,"[0, 1]",131.99999999999577,"[41, 48]","[2.499999999999999, 0]","[2.499999999999999, 0]",13
43,"[0, 1]",138.59999999999727,"[42, 49]","[2.6499999999999986, 0]","[2.6499999999999986, 0]",13
44,"[2, 1]",94.89999999999675,"[33, 37]","[2.3, 0]","[2.3, 0]",13
45,"[2, 3]",124.94999999999504,"[44, 31]","[0, 0]","[0, 0]",13
46,"[0, 1]",140.59999999999772,"[43, 50]","[1.850000000000001, 0]","[1.850000000000001, 0]",13
47,"[2, 1]",99.79999999999647,"[45, 39]","[0, 0]","[0, 0]",13
48,"[2, 1]",111.84999999999579,"[47, 41]","[2.8999999999999977, 0]","[2.7499999999999982, 0]",13
49,"[2, 1]",117.49999999999547,"[48, 42]","[0, 0]","[0, 0]",13
50,"[2, 1]",123.9499999999951,"[49, 43]","[0, 0]","[0, 0]",13
51,"[0, 1]",136.0499999999967,"[46, 52]","[2.2, 0]","[2.2, 0]",13
52,"[2, 1]",127.4999999999949,"[50, 46]","[0.35, 0]","[0, 0]",13
53,"[0, 1]",139.6499999999975,"[51, 55]","[2.25, 0]","[2.25, 0]",13
54,"[0, 1]",145.89999999999893,"[53, 58]","[2.4499999999999993, 0]","[2.4499999999999993, 0]",13
55,"[2, 1]",128.34999999999494,"[52, 51]","[2.1000000000000005, 0]","[0, 0]",13
56,"[0, 1]",149.44999999999973,"[54, 59]","[2.3999999999999995, 0]","[2.3999999999999995, 0]",13
57,"[0, 1]",155.70000000000115,"[56, 63]","[2.5999999999999988, 0]","[2.5999999999999988, 0]",13
58,"[2, 1]",129.14999999999512,"[55, 53]","[3.399999999999996, 0]","[0, 0]",13
59,"[2, 1]",135.44999999999655,"[58, 54]","[4.749999999999991, 0]","[0, 0]",13
60,"[0, 1]",156.4000000000013,"[57, 64]","[2.5999999999999988, 0]","[2.5999999999999988, 0]",13
61,"[0, 1]",157.00000000000145,"[60, 60]","[0, 0]","[0, 0]",13
62,"[0, 1]",164.90000000000325,"[61, 73]","[2.9999999999999973, 0]","[2.9999999999999973, 0]",13
63,"[2, 1]",133.4999999999961,"[59, 56]","[6.449999999999985, 0]","[0, 0]",13
64,"[2, 1]",139.69999999999752,"[63, 57]","[8.299999999999983, 0]","[0, 0]",13
65,"[0, 1]",160.00000000000213,"[62, 62]","[0, 0]","[0, 0]",13
66,"[0, 1]",166.70000000000366,"[65, 77]","[2.499999999999999, 0]","[2.499999999999999, 0]",13
67,"[0, 3]",197.85000000001074,"[66, 70]","[0, 0]","[0, 0]",13
68,"[0, 1]",171.80000000000481,"[67, 66]","[0.1, 0]","[0, 0]",13
69,"[0, 1]",174.10000000000534,"[68, 68]","[1.0000000000000002, 0]","[0, 0]",13
70,"[2, 3]",157.6000000000016,"[64, -999]","[3.7499999999999947, 0]","[0, 0]",13
71,"[0, 1]",173.65000000000524,"[69, 69]","[1.4000000000000006, 0]","[0, 0]",13
72,"[0, 1]",175.95000000000576,"[71, 71]","[1.7000000000000008, 0]","[0, 0]",13
73,"[2, 1]",128.04999999999487,"[70, 61]","[7.599999999999981, 0]","[0, 0]",13
74,"[0, 1]",175.45000000000564,"[72, 72]","[2.000000000000001, 0]","[0, 0]",13
75,"[0, 1]",177.70000000000616,"[74, 74]","[2.2, 0]","[0, 0]",13
76,"[0, 1]",179.95000000000667,"[75, 75]","[2.849999999999998, 0]","[0, 0]",13
77,"[2, 1]",132.84999999999596,"[73, 65]","[9.349999999999998, 0]","[2.5999999999999988, 0]",13
78,"[0, 1]",179.45000000000655,"[76, 76]","[4.199999999999993, 0]","[0, 0]",13
79,"[0, 1]",181.70000000000707,"[78, 78]","[5.04999999999999, 0]","[0, 0]",13
0,"[0, 1]",76.89999999999777,"[-999, 9]","[0, 0]","[2.7499999999999982, 0]",14
1,"[0, 1]",81.89999999999749,"[0, 10]","[2.3, 0]","[2.3, 0]",14
2,"[0, 1]",83.5499999999974,"[1, 1]","[0, 0]","[0, 0]",14
3,"[2, 1]",36.45000000000007,"[-999, -999]","[0, 0]","[0, 0]",14
4,"[2, 1]",38.54999999999995,"[3, 3]","[0, 0]","[0, 0]",14
5,"[2, 1]",41.1499999999998,"[4, 4]","[0, 0]","[0, 0]",14
6,"[2, 1]",43.89999999999964,"[5, 5]","[0, 0]","[0, 0]",14
7,"[2, 1]",46.4499999999995,"[6, 6]","[0, 0]","[0, 0]",14
8,"[0, 3]",102.09999999999634,"[2, 11]","[0, 0]","[0, 0]",14
9,"[2, 1]",46.04999999999952,"[7, 7]","[0, 0]","[0, 0]",14
10,"[2, 1]",53.699999999999086,"[9, 0]","[0.9000000000000002, 0]","[0.9000000000000002, 0]",14
11,"[2, 3]",79.79999999999761,"[10, -999]","[0.05, 0]","[0.05, 0]",14
12,"[2, 1]",62.1999999999986,"[11, 2]","[6.799999999999984, 0]","[6.799999999999984, 0]",14
13,"[2, 1]",63.59999999999852,"[12, 12]","[0, 0]","[0, 0]",14
14,"[2, 1]",66.14999999999839,"[13, 13]","[0, 0]","[0, 0]",14
15,"[2, 1]",68.89999999999823,"[14, 14]","[0, 0]","[0, 0]",14
16,"[0, 1]",73.89999999999795,"[8, 15]","[3.349999999999996, 0]","[3.349999999999996, 0]",14
17,"[0, 1]",80.34999999999758,"[16, 18]","[2.3499999999999996, 0]","[2.3499999999999996, 0]",14
18,"[2, 1]",71.79999999999806,"[15, 16]","[16.4500000000001, 0]","[0, 0]",14
19,"[2, 1]",78.1499999999977,"[18, 17]","[14.200000000000067, 0]","[0, 0]",14
20,"[0, 1]",81.19999999999753,"[17, 19]","[2.549999999999999, 0]","[2.549999999999999, 0]",14
21,"[2, 1]",81.7499999999975,"[19, 20]","[12.500000000000043, 0]","[0, 0]",14
22,"[0, 1]",84.74999999999733,"[20, 21]","[2.4499999999999993, 0]","[2.4499999999999993, 0]",14
23,"[0, 1]",91.04999999999697,"[22, 26]","[2.3999999999999995, 0]","[2.3999999999999995, 0]",14
24,"[0, 1]",97.34999999999661,"[23, 27]","[2.3499999999999996, 0]","[2.3499999999999996, 0]",14
25,"[0, 1]",97.89999999999658,"[24, 24]","[0, 0]","[0, 0]",14
26,"[2, 1]",77.04999999999777,"[21, 22]","[0.8500000000000002, 0]","[0, 0]",14
27,"[2, 1]",83.34999999999741,"[26, 23]","[0, 0]","[0, 0]",14
28,"[0, 1]",94.19999999999679,"[25, 25]","[0, 0]","[0, 0]",14
29,"[2, 3]",112.24999999999577,"[27, -999]","[0, 0]","[0, 0]",14
30,"[0, 1]",97.99999999999658,"[28, 37]","[2.3999999999999995, 0]","[2.3999999999999995, 0]",14
31,"[0, 1]",99.79999999999647,"[30, 30]","[0, 0]","[0, 0]",14
32,"[0, 1]",106.3499999999961,"[31, 41]","[2.499999999999999, 0]","[2.499999999999999, 0]",14
33,"[0, 1]",113.19999999999571,"[32, 42]","[2.6499999999999986, 0]","[2.6499999999999986, 0]",14
34,"[0, 1]",114.69999999999563,"[33, 33]","[0, 0]","[0, 0]",14
35,"[0, 1]",121.19999999999526,"[34, 44]","[2.499999999999999, 0]","[2.499999999999999, 0]",14
36,"[2, 3]",99.59999999999648,"[29, 29]","[0, 0]","[0, 0]",14
37,"[2, 1]",74.54999999999791,"[36, 28]","[0, 0]","[0, 0]",14
38,"[2, 3]",105.44999999999615,"[37, 36]","[0, 0]","[0, 0]",14
39,"[0, 1]",114.69999999999563,"[35, 35]","[0, 0]","[0, 0]",14
40,"[0, 1]",121.84999999999522,"[39, 45]","[2.499999999999999, 0]","[2.499999999999999, 0]",14
41,"[2, 1]",77.24999999999775,"[38, 31]","[0, 0]","[0, 0]",14
42,"[2, 1]",83.89999999999738,"[41, 32]","[0, 0]","[0, 0]",14
43,"[2, 3]",114.44999999999564,"[42, 38]","[1.7500000000000009, 0]","[0, 0]",14
44,"[2, 1]",92.2999999999969,"[43, 34]","[2.4499999999999993, 0]","[0, 0]",14
45,"[2, 1]",104.44999999999621,"[44, 39]","[4.549999999999992, 0]","[2.9999999999999973, 0]",14
46,"[2, 3]",134.14999999999625,"[45, 43]","[0, 0]","[0, 0]",14
47,"[2, 1]",112.14999999999577,"[46, 48]","[1.4000000000000006, 0]","[0, 0]",14
48,"[0, 1]",104.14999999999623,"[40, 40]","[0, 0]","[0, 0]",14
49,"[2, 1]",115.79999999999556,"[47, 50]","[2.799999999999998, 0]","[0, 0]",14
50,"[0, 1]",107.999999999996,"[48, 47]","[2.4499999999999993, 0]","[2.4499999999999993, 0]",14
51,"[0, 1]",115.79999999999556,"[50, 49]","[2.000000000000001, 0]","[2.000000000000001, 0]",14
52,"[0, 3]",147.9999999999994,"[51, 56]","[0, 0]","[0, 0]",14
53,"[0, 1]",121.59999999999523,"[52, 57]","[0, 0]","[0, 0]",14
54,"[0, 1]",123.09999999999515,"[53, 53]","[0, 0]","[0, 0]",14
55,"[0, 1]",129.64999999999523,"[54, 65]","[2.4499999999999993, 0]","[2.4499999999999993, 0]",14
56,"[2, 3]",130.29999999999538,"[49, 46]","[2.1000000000000005, 0]","[0, 0]",14
57,"[2, 1]",103.49999999999626,"[56, 51]","[3.2999999999999963, 0]","[0, 0]",14
58,"[0, 1]",131.94999999999575,"[55, 68]","[2.25, 0]","[2.25, 0]",14
59,"[2, 3]",135.34999999999653,"[57, 52]","[4.099999999999993, 0]","[0, 0]",14
60,"[0, 3]",161.40000000000245,"[58, 70]","[0, 0]","[0, 0]",14
61,"[0, 3]",164.15000000000308,"[60, 60]","[0, 0]","[0, 0]",14
62,"[0, 1]",135.54999999999657,"[61, 73]","[0, 0]","[0, 0]",14
63,"[0, 1]",137.8999999999971,"[62, 62]","[0, 0]","[0, 0]",14
64,"[0, 1]",140.24999999999764,"[63, 63]","[0, 0]","[0, 0]",14
65,"[2, 1]",97.69999999999659,"[59, 54]","[0, 0]","[0, 0]",14
66,"[0, 3]",169.80000000000436,"[64, 76]","[0, 0]","[0, 0]",14
67,"[0, 1]",143.6499999999984,"[66, 64]","[0, 0]","[0, 0]",14
68,"[2, 1]",99.04999999999652,"[65, 55]","[0.9000000000000002, 0]","[0, 0]",14
69,"[0, 3]",173.4500000000052,"[67, 66]","[0, 0]","[0, 0]",14
70,"[2, 3]",127.19999999999492,"[68, 59]","[0, 0]","[0, 0]",14
71,"[0, 3]",174.20000000000536,"[69, 69]","[0, 0]","[0, 0]",14
72,"[0, 3]",176.95000000000599,"[71, 71]","[0, 0]","[0, 0]",14
73,"[2, 1]",94.89999999999675,"[70, 58]","[4.149999999999993, 0]","[0, 0]",14
74,"[0, 1]",146.44999999999905,"[72, -999]","[0.15000000000000002, 0]","[0, 0]",14
75,"[0, 1]",148.74999999999957,"[74, 74]","[0.8000000000000002, 0]","[0, 0]",14
76,"[2, 3]",127.99999999999487,"[73, 61]","[2.9499999999999975, 0]","[0, 0]",14
77,"[0, 3]",178.50000000000634,"[75, 72]","[1.3000000000000005, 0]","[0, 0]",14
78,"[0, 1]",152.45000000000041,"[77, 75]","[2.2, 0]","[0, 0]",14
79,"[0, 1]",154.85000000000096,"[78, 78]","[2.6499999999999986, 0]","[0, 0]",14
0,"[2, 3]",67.79999999999829,"[-999, -999]","[0, 0]","[0, 0]",15
1,"[2, 3]",71.2999999999981,"[0, 0]","[0, 0]","[0, 0]",15
2,"[0, 1]",73.84999999999795,"[-999, 9]","[0, 0]","[3.1999999999999966, 0]",15
3,"[2, 1]",36.850000000000044,"[1, -999]","[0, 0]","[0, 0]",15
4,"[2, 1]",39.3999999999999,"[3, 3]","[0, 0]","[0, 0]",15
5,"[2, 1]",42.14999999999974,"[4, 4]","[0, 0]","[0, 0]",15
6,"[2, 1]",44.84999999999959,"[5, 5]","[0, 0]","[0, 0]",15
7,"[2, 1]",47.24999999999945,"[6, 6]","[0, 0]","[0, 0]",15
8,"[2, 3]",78.1999999999977,"[7, 1]","[0, 0]","[0, 0]",15
9,"[2, 1]",47.09999999999946,"[8, 7]","[0, 0]","[0, 0]",15
10,"[2, 1]",55.74999999999897,"[9, 2]","[0, 0]","[0, 0]",15
11,"[2, 1]",57.44999999999887,"[10, 10]","[1.4500000000000006, 0]","[1.4500000000000006, 0]",15
12,"[2, 1]",58.54999999999881,"[11, 11]","[3.399999999999996, 0]","[3.399999999999996, 0]",15
13,"[2, 1]",60.89999999999868,"[12, 12]","[6.149999999999986, 0]","[2.3999999999999995, 0]",15
14,"[2, 1]",63.64999999999852,"[13, 13]","[6.449999999999985, 0]","[0, 0]",15
15,"[0, 3]",96.69999999999665,"[2, 8]","[0, 0]","[0, 0]",15
16,"[2, 1]",63.549999999998526,"[14, 14]","[8.699999999999989, 0]","[0, 0]",15
17,"[2, 1]",66.64999999999836,"[16, 16]","[10.550000000000015, 0]","[0, 0]",15
18,"[2, 1]",69.74999999999818,"[17, 17]","[8.14999999999998, 0]","[0, 0]",15
19,"[2, 1]",89.44999999999706,"[18, 24]","[12.800000000000047, 0]","[6.349999999999985, 0]",15
20,"[0, 1]",70.79999999999812,"[15, 18]","[0, 0]","[0, 0]",15
21,"[2, 1]",92.54999999999688,"[19, 25]","[4.899999999999991, 0]","[0, 0]",15
22,"[0, 1]",69.3999999999982,"[20, 20]","[0, 0]","[0, 0]",15
23,"[2, 1]",95.99999999999669,"[21, 28]","[3.399999999999996, 0]","[0, 0]",15
24,"[0, 1]",69.24999999999821,"[22, 22]","[0, 0]","[0, 0]",15
25,"[0, 1]",76.4999999999978,"[24, 19]","[2.1500000000000004, 0]","[2.1500000000000004, 0]",15
26,"[2, 3]",122.64999999999517,"[23, -999]","[2.000000000000001, 0]","[0, 0]",15
27,"[2, 1]",104.94999999999618,"[26, 33]","[3.349999999999996, 0]","[2.9499999999999975, 0]",15
28,"[0, 1]",78.89999999999766,"[25, 21]","[1.5500000000000007, 0]","[1.5500000000000007, 0]",15
29,"[0, 1]",85.2499999999973,"[28, 23]","[2.25, 0]","[2.25, 0]",15
30,"[2, 3]",129.0499999999951,"[27, 26]","[0, 0]","[0, 0]",15
31,"[0, 1]",83.14999999999742,"[29, 29]","[0, 0]","[0, 0]",15
32,"[2, 3]",130.3999999999954,"[30, 30]","[0, 0]","[0, 0]",15
33,"[0, 1]",82.19999999999747,"[31, 31]","[0, 0]","[0, 0]",15
34,"[0, 1]",89.34999999999707,"[33, 27]","[2.549999999999999, 0]","[2.549999999999999, 0]",15
35,"[0, 1]",90.89999999999698,"[34, 34]","[0, 0]","[0, 0]",15
36,"[0, 1]",93.09999999999685,"[35, 35]","[0, 0]","[0, 0]",15
37,"[2, 1]",95.39999999999672,"[32, 36]","[0.8000000000000002, 0]","[0, 0]",15
38,"[0, 1]",96.94999999999663,"[36, 37]","[2.4499999999999993, 0]","[2.4499999999999993, 0]",15
39,"[0, 1]",104.5999999999962,"[38, 42]","[2.6999999999999984, 0]","[2.6999999999999984, 0]",15
40,"[0, 1]",105.14999999999617,"[39, 39]","[0, 0]","[0, 0]",15
41,"[0, 3]",136.39999999999677,"[40, 43]","[0, 0]","[0, 0]",15
42,"[2, 1]",90.99999999999697,"[37, 38]","[9.45, 0]","[0, 0]",15
43,"[2, 3]",121.84999999999522,"[42, 32]","[8.84999999999999, 0]","[0, 0]",15
44,"[2, 1]",98.14999999999657,"[43, 40]","[7.499999999999981, 0]","[0, 0]",15
45,"[0, 1]",100.89999999999641,"[41, 44]","[0, 0]","[0, 0]",15
46,"[2, 1]",104.14999999999623,"[44, 45]","[9.099999999999994, 0]","[3.1999999999999966, 0]",15
47,"[2, 3]",136.9999999999969,"[46, 50]","[6.349999999999985, 0]","[0, 0]",15
48,"[2, 3]",140.39999999999768,"[47, 47]","[5.799999999999987, 0]","[0, 0]",15
49,"[2, 1]",116.24999999999554,"[48, 54]","[4.99999999999999, 0]","[0, 0]",15
50,"[0, 3]",122.2499999999952,"[45, 41]","[0, 0]","[0, 0]",15
51,"[0, 1]",95.34999999999673,"[50, 46]","[0.49999999999999994, 0]","[0, 0]",15
52,"[2, 1]",111.6999999999958,"[49, 49]","[3.949999999999994, 0]","[0, 0]",15
53,"[0, 1]",94.94999999999675,"[51, 51]","[1.0500000000000003, 0]","[0, 0]",15
54,"[0, 1]",97.19999999999662,"[53, 53]","[0, 0]","[0, 0]",15
55,"[2, 1]",114.79999999999562,"[52, 66]","[4.099999999999993, 0]","[0, 0]",15
56,"[0, 3]",126.59999999999495,"[54, 48]","[0, 0]","[0, 0]",15
57,"[2, 1]",118.14999999999543,"[55, 69]","[1.5500000000000007, 0]","[0, 0]",15
58,"[2, 3]",156.95000000000144,"[57, 72]","[3.2499999999999964, 0]","[3.2499999999999964, 0]",15
59,"[2, 3]",165.30000000000334,"[58, 75]","[7.7499999999999805, 0]","[3.2999999999999963, 0]",15
60,"[2, 3]",168.10000000000397,"[59, 59]","[7.399999999999982, 0]","[0, 0]",15
61,"[0, 3]",118.89999999999539,"[56, 56]","[0, 0]","[0, 0]",15
62,"[2, 3]",168.35000000000403,"[60, 60]","[9.900000000000006, 0]","[0, 0]",15
63,"[2, 1]",139.89999999999756,"[62, 79]","[12.35000000000004, 0]","[0, 0]",15
64,"[2, 1]",143.0999999999983,"[63, 63]","[14.900000000000077, 0]","[0, 0]",15
65,"[2, 1]",146.04999999999896,"[64, 64]","[19.600000000000144, 0]","[0, 0]",15
66,"[0, 1]",78.79999999999767,"[61, 52]","[0, 0]","[0, 0]",15
67,"[2, 3]",176.70000000000593,"[65, 62]","[22.000000000000178, 0]","[0, 0]",15
68,"[2, 1]",149.89999999999984,"[67, 65]","[23.100000000000193, 0]","[0, 0]",15
69,"[0, 1]",80.14999999999759,"[66, 55]","[2.3, 0]","[2.3, 0]",15
70,"[2, 1]",150.85000000000005,"[68, 68]","[23.6000000000002, 0]","[0, 0]",15
71,"[0, 3]",108.84999999999596,"[69, 61]","[0, 0]","[0, 0]",15
72,"[0, 3]",112.44999999999575,"[71, 71]","[0, 0]","[0, 0]",15
73,"[2, 1]",147.5499999999993,"[70, 70]","[19.600000000000144, 0]","[0, 0]",15
74,"[0, 1]",82.44999999999746,"[72, 57]","[0, 0]","[0, 0]",15
75,"[0, 3]",115.69999999999557,"[74, 58]","[0, 0]","[0, 0]",15
76,"[2, 3]",175.3000000000056,"[73, 67]","[22.400000000000183, 0]","[0, 0]",15
77,"[0, 1]",84.94999999999732,"[75, 74]","[0, 0]","[0, 0]",15
78,"[0, 1]",87.24999999999719,"[77, 77]","[0, 0]","[0, 0]",15
79,"[0, 1]",89.54999999999706,"[78, 78]","[0, 0]","[0, 0]",15
0,"[2, 1]",36.45000000000007,"[-999, -999]","[0, 0]","[0, 0]",16
1,"[2, 1]",38.54999999999995,"[0, 0]","[0, 0]","[0, 0]",16
2,"[0, 3]",96.64999999999665,"[-999, -999]","[0, 0]","[0, 0]",16
3,"[2, 1]",37.200000000000024,"[1, 1]","[0, 0]","[0, 0]",16
4,"[2, 1]",39.449999999999896,"[3, 3]","[0, 0]","[0, 0]",16
5,"[2, 1]",42.14999999999974,"[4, 4]","[0, 0]","[0, 0]",16
6,"[2, 1]",44.84999999999959,"[5, 5]","[0, 0]","[0, 0]",16
7,"[2, 1]",47.24999999999945,"[6, 6]","[0, 0]","[0, 0]",16
8,"[2, 1]",49.499999999999325,"[7, 7]","[0, 0]","[0, 0]",16
9,"[2, 1]",51.54999999999921,"[8, 8]","[0, 0]","[0, 0]",16
10,"[2, 1]",53.24999999999911,"[9, 9]","[0, 0]","[0, 0]",16
11,"[2, 1]",55.44999999999899,"[10, 10]","[0, 0]","[0, 0]",16
12,"[0, 3]",102.9499999999963,"[2, 16]","[3.399999999999996, 0]","[3.399999999999996, 0]",16
13,"[2, 1]",55.34999999999899,"[11, 11]","[0, 0]","[0, 0]",16
14,"[2, 1]",58.14999999999883,"[13, 13]","[0, 0]","[0, 0]",16
15,"[0, 1]",70.89999999999812,"[12, 17]","[0, 0]","[0, 0]",16
16,"[2, 3]",84.94999999999732,"[14, 2]","[0.9000000000000002, 0]","[0, 0]",16
17,"[2, 1]",58.34999999999882,"[16, 14]","[7.7499999999999805, 0]","[0.05, 0]",16
18,"[2, 1]",68.89999999999823,"[17, 15]","[7.699999999999981, 0]","[2.000000000000001, 0]",16
19,"[2, 1]",69.3499999999982,"[18, 18]","[3.949999999999994, 0]","[0, 0]",16
20,"[2, 1]",71.74999999999807,"[19, 19]","[2.3999999999999995, 0]","[0, 0]",16
21,"[2, 1]",79.9499999999976,"[20, 22]","[0.8500000000000002, 0]","[0, 0]",16
22,"[0, 1]",73.79999999999795,"[15, 20]","[3.399999999999996, 0]","[3.399999999999996, 0]",16
23,"[0, 1]",80.24999999999758,"[22, 21]","[2.4499999999999993, 0]","[2.4499999999999993, 0]",16
24,"[0, 1]",86.54999999999723,"[23, 27]","[2.549999999999999, 0]","[2.549999999999999, 0]",16
25,"[0, 1]",92.79999999999687,"[24, 29]","[2.5999999999999988, 0]","[2.5999999999999988, 0]",16
26,"[0, 1]",99.04999999999652,"[25, 36]","[2.499999999999999, 0]","[2.499999999999999, 0]",16
27,"[2, 1]",72.54999999999802,"[21, 23]","[0, 0]","[0, 0]",16
28,"[0, 1]",96.84999999999664,"[26, 26]","[0, 0]","[0, 0]",16
29,"[2, 1]",76.09999999999782,"[27, 24]","[0, 0]","[0, 0]",16
30,"[0, 3]",125.34999999999502,"[28, 37]","[0, 0]","[0, 0]",16
31,"[0, 1]",97.99999999999658,"[30, 38]","[0.8000000000000002, 0]","[0, 0]",16
32,"[0, 1]",100.29999999999644,"[31, 31]","[1.0500000000000003, 0]","[0, 0]",16
33,"[0, 1]",102.54999999999632,"[32, 32]","[0.9500000000000003, 0]","[0, 0]",16
34,"[0, 1]",110.09999999999589,"[33, 41]","[4.599999999999992, 0]","[2.549999999999999, 0]",16
35,"[0, 1]",116.74999999999551,"[34, 42]","[5.699999999999988, 0]","[2.7499999999999982, 0]",16
36,"[2, 1]",65.7999999999984,"[29, 25]","[0, 0]","[0, 0]",16
37,"[2, 3]",97.5499999999966,"[36, -999]","[0, 0]","[0, 0]",16
38,"[2, 1]",73.29999999999798,"[37, 28]","[0, 0]","[0, 0]",16
39,"[0, 1]",115.89999999999556,"[35, 44]","[4.549999999999992, 0]","[1.900000000000001, 0]",16
40,"[0, 1]",116.49999999999552,"[39, 39]","[2.1500000000000004, 0]","[0, 0]",16
41,"[2, 1]",86.84999999999721,"[38, 33]","[9.950000000000006, 0]","[9.950000000000006, 0]",16
42,"[2, 1]",92.64999999999688,"[41, 34]","[0, 0]","[0, 0]",16
43,"[0, 3]",145.94999999999894,"[40, 47]","[0.9000000000000002, 0]","[0, 0]",16
44,"[2, 1]",96.44999999999666,"[42, 35]","[0, 0]","[0, 0]",16
45,"[0, 1]",115.2499999999956,"[43, 48]","[1.0500000000000003, 0]","[0, 0]",16
46,"[2, 3]",125.49999999999501,"[44, 30]","[1.3500000000000005, 0]","[0, 0]",16
47,"[2, 3]",129.24999999999514,"[46, 46]","[1.800000000000001, 0]","[0, 0]",16
48,"[2, 1]",100.74999999999642,"[47, 40]","[0.7500000000000001, 0]","[0, 0]",16
49,"[2, 1]",120.4999999999953,"[48, 53]","[6.449999999999985, 0]","[6.449999999999985, 0]",16
50,"[2, 1]",126.14999999999498,"[49, 54]","[0, 0]","[0, 0]",16
51,"[0, 1]",103.64999999999625,"[45, 45]","[1.6500000000000008, 0]","[0, 0]",16
52,"[2, 1]",129.64999999999523,"[50, 56]","[2.8999999999999977, 0]","[0, 0]",16
53,"[0, 1]",103.14999999999628,"[51, 51]","[1.850000000000001, 0]","[0, 0]",16
54,"[0, 1]",110.34999999999587,"[53, 49]","[4.499999999999992, 0]","[2.549999999999999, 0]",16
55,"[2, 1]",130.49999999999542,"[52, 60]","[7.249999999999982, 0]","[0, 0]",16
56,"[0, 1]",114.79999999999562,"[54, 50]","[4.849999999999991, 0]","[2.849999999999998, 0]",16
57,"[2, 1]",134.3999999999963,"[55, 62]","[9.149999999999995, 0]","[0, 0]",16
58,"[2, 3]",165.50000000000338,"[57, 61]","[10.000000000000007, 0]","[0, 0]",16
59,"[2, 1]",142.34999999999812,"[58, 66]","[9.700000000000003, 0]","[0, 0]",16
60,"[0, 1]",113.3999999999957,"[56, 52]","[3.099999999999997, 0]","[2.000000000000001, 0]",16
61,"[0, 3]",142.99999999999827,"[60, 43]","[0, 0]","[0, 0]",16
62,"[0, 1]",115.39999999999559,"[61, 55]","[0, 0]","[0, 0]",16
63,"[2, 1]",140.9999999999978,"[59, 70]","[11.65000000000003, 0]","[0, 0]",16
64,"[0, 1]",119.29999999999536,"[62, 57]","[2.6999999999999984, 0]","[2.499999999999999, 0]",16
65,"[2, 1]",144.79999999999868,"[63, 74]","[11.65000000000003, 0]","[0, 0]",16
66,"[0, 1]",118.24999999999542,"[64, 64]","[0.7500000000000001, 0]","[0, 0]",16
67,"[2, 1]",142.84999999999823,"[65, 65]","[12.200000000000038, 0]","[0, 0]",16
68,"[2, 1]",151.75000000000026,"[67, 76]","[13.70000000000006, 0]","[0, 0]",16
69,"[2, 1]",157.90000000000165,"[68, 77]","[14.700000000000074, 0]","[0, 0]",16
70,"[0, 1]",116.54999999999552,"[66, 59]","[3.649999999999995, 0]","[2.4499999999999993, 0]",16
71,"[2, 1]",161.55000000000248,"[69, 78]","[24.20000000000021, 0]","[0, 0]",16
72,"[0, 3]",145.14999999999876,"[70, 58]","[1.5000000000000007, 0]","[0, 0]",16
73,"[2, 1]",165.1000000000033,"[71, 79]","[23.250000000000195, 0]","[0, 0]",16
74,"[0, 1]",114.79999999999562,"[72, 63]","[1.850000000000001, 0]","[0, 0]",16
75,"[0, 3]",147.24999999999923,"[74, 72]","[2.1500000000000004, 0]","[0, 0]",16
76,"[0, 1]",124.64999999999506,"[75, 67]","[4.99999999999999, 0]","[2.499999999999999, 0]",16
77,"[0, 1]",132.5499999999959,"[76, 68]","[5.349999999999989, 0]","[2.3, 0]",16
78,"[0, 1]",138.89999999999733,"[77, 69]","[5.699999999999988, 0]","[2.25, 0]",16
79,"[0, 1]",145.24999999999878,"[78, 71]","[5.4999999999999885, 0]","[2.3999999999999995, 0]",16
0,"[2, 1]",36.45000000000007,"[-999, -999]","[0, 0]","[0, 0]",17
1,"[2, 1]",38.54999999999995,"[0, 0]","[0, 0]","[0, 0]",17
2,"[2, 3]",69.89999999999817,"[1, -999]","[0, 0]","[0, 0]",17
3,"[2, 1]",41.1499999999998,"[2, 1]","[0, 0]","[0, 0]",17
4,"[2, 1]",43.94999999999964,"[3, 3]","[0, 0]","[0, 0]",17
5,"[2, 1]",46.59999999999949,"[4, 4]","[0, 0]","[0, 0]",17
6,"[2, 1]",48.99999999999935,"[5, 5]","[0, 0]","[0, 0]",17
7,"[2, 1]",51.249999999999226,"[6, 6]","[0, 0]","[0, 0]",17
8,"[0, 3]",100.9999999999964,"[-999, 12]","[0, 0]","[0, 0]",17
9,"[2, 1]",50.49999999999927,"[7, 7]","[0, 0]","[0, 0]",17
10,"[2, 1]",52.299999999999166,"[9, 9]","[0, 0]","[0, 0]",17
11,"[2, 1]",54.54999999999904,"[10, 10]","[0, 0]","[0, 0]",17
12,"[2, 3]",83.4499999999974,"[11, 2]","[0, 0]","[0, 0]",17
13,"[2, 1]",56.74999999999891,"[12, 11]","[0, 0]","[0, 0]",17
14,"[2, 1]",59.699999999998745,"[13, 13]","[0, 0]","[0, 0]",17
15,"[0, 1]",67.5499999999983,"[8, 14]","[0, 0]","[0, 0]",17
16,"[2, 3]",90.89999999999698,"[14, 8]","[0, 0]","[0, 0]",17
17,"[2, 1]",68.64999999999824,"[16, 15]","[7.299999999999982, 0]","[1.7000000000000008, 0]",17
18,"[2, 3]",97.39999999999661,"[17, 16]","[4.049999999999994, 0]","[0, 0]",17
19,"[2, 1]",70.14999999999816,"[18, 17]","[2.549999999999999, 0]","[0, 0]",17
20,"[0, 3]",98.29999999999656,"[15, 18]","[0, 0]","[0, 0]",17
21,"[2, 1]",70.74999999999812,"[19, 19]","[1.0500000000000003, 0]","[0, 0]",17
22,"[2, 3]",104.29999999999622,"[21, 20]","[0, 0]","[0, 0]",17
23,"[0, 1]",72.49999999999802,"[20, 21]","[0, 0]","[0, 0]",17
24,"[0, 1]",73.54999999999797,"[23, 23]","[0, 0]","[0, 0]",17
25,"[0, 1]",80.09999999999759,"[24, 26]","[2.4499999999999993, 0]","[2.4499999999999993, 0]",17
26,"[2, 1]",72.74999999999801,"[22, 24]","[0, 0]","[0, 0]",17
27,"[2, 1]",79.74999999999761,"[26, 25]","[0, 0]","[0, 0]",17
28,"[0, 1]",82.64999999999745,"[25, 27]","[1.950000000000001, 0]","[1.950000000000001, 0]",17
29,"[0, 3]",112.29999999999576,"[28, 22]","[0, 0]","[0, 0]",17
30,"[0, 1]",85.49999999999729,"[29, 36]","[0, 0]","[0, 0]",17
31,"[0, 1]",87.84999999999715,"[30, 30]","[0, 0]","[0, 0]",17
32,"[0, 1]",94.69999999999676,"[31, 39]","[2.499999999999999, 0]","[2.499999999999999, 0]",17
33,"[0, 1]",96.34999999999667,"[32, 32]","[0, 0]","[0, 0]",17
34,"[0, 1]",103.39999999999627,"[33, 41]","[2.549999999999999, 0]","[2.549999999999999, 0]",17
35,"[0, 1]",110.64999999999586,"[34, 42]","[2.9499999999999975, 0]","[2.9499999999999975, 0]",17
36,"[2, 1]",63.949999999998504,"[27, 28]","[0, 0]","[0, 0]",17
37,"[0, 1]",108.79999999999596,"[35, 35]","[0, 0]","[0, 0]",17
38,"[2, 3]",94.29999999999679,"[36, 29]","[0, 0]","[0, 0]",17
39,"[2, 1]",71.44999999999808,"[38, 31]","[0, 0]","[0, 0]",17
40,"[0, 1]",110.09999999999589,"[37, 44]","[2.499999999999999, 0]","[2.499999999999999, 0]",17
41,"[2, 1]",80.54999999999757,"[39, 33]","[2.849999999999998, 0]","[2.849999999999998, 0]",17
42,"[2, 1]",86.19999999999725,"[41, 34]","[1.2000000000000004, 0]","[0, 0]",17
43,"[0, 1]",106.19999999999611,"[40, 40]","[0, 0]","[0, 0]",17
44,"[2, 1]",95.54999999999671,"[42, 37]","[5.699999999999988, 0]","[2.7499999999999982, 0]",17
45,"[2, 3]",125.09999999999503,"[44, -999]","[2.6499999999999986, 0]","[0, 0]",17
46,"[2, 3]",129.29999999999515,"[45, 45]","[1.4500000000000006, 0]","[0, 0]",17
47,"[0, 1]",100.14999999999645,"[43, 43]","[0, 0]","[0, 0]",17
48,"[0, 3]",132.0999999999958,"[47, 46]","[0, 0]","[0, 0]",17
49,"[2, 1]",99.74999999999648,"[46, 47]","[0, 0]","[0, 0]",17
50,"[0, 3]",132.6499999999959,"[48, 48]","[0, 0]","[0, 0]",17
51,"[0, 1]",105.14999999999617,"[50, 49]","[0, 0]","[0, 0]",17
52,"[0, 3]",138.49999999999724,"[51, 56]","[0, 0]","[0, 0]",17
53,"[0, 1]",110.84999999999584,"[52, 57]","[0, 0]","[0, 0]",17
54,"[0, 1]",112.94999999999573,"[53, 53]","[0, 0]","[0, 0]",17
55,"[0, 3]",145.09999999999874,"[54, 61]","[0, 0]","[0, 0]",17
56,"[2, 3]",121.99999999999521,"[49, 50]","[6.799999999999984, 0]","[3.099999999999997, 0]",17
57,"[2, 1]",93.29999999999684,"[56, 51]","[3.4999999999999956, 0]","[0, 0]",17
58,"[0, 1]",118.09999999999543,"[55, 68]","[3.4499999999999957, 0]","[3.4499999999999957, 0]",17
59,"[0, 1]",119.04999999999538,"[58, 58]","[0, 0]","[0, 0]",17
60,"[0, 1]",127.4499999999949,"[59, 70]","[1.0500000000000003, 0]","[1.0500000000000003, 0]",17
61,"[2, 3]",119.59999999999535,"[57, 52]","[0, 0]","[0, 0]",17
62,"[0, 1]",130.99999999999554,"[60, 71]","[2.25, 0]","[2.25, 0]",17
63,"[0, 1]",137.34999999999698,"[62, 72]","[2.549999999999999, 0]","[2.549999999999999, 0]",17
64,"[0, 1]",143.5499999999984,"[63, 77]","[2.6499999999999986, 0]","[2.6499999999999986, 0]",17
65,"[2, 1]",88.14999999999714,"[61, 54]","[3.2999999999999963, 0]","[0, 0]",17
66,"[0, 1]",141.3999999999979,"[64, 64]","[0, 0]","[0, 0]",17
67,"[0, 1]",143.1999999999983,"[66, 66]","[0, 0]","[0, 0]",17
68,"[2, 1]",83.4499999999974,"[65, 65]","[0, 0]","[0, 0]",17
69,"[0, 1]",142.7499999999982,"[67, 67]","[0, 0]","[0, 0]",17
70,"[2, 1]",94.84999999999675,"[68, 59]","[3.2999999999999963, 0]","[3.2999999999999963, 0]",17
71,"[2, 1]",100.49999999999643,"[70, 60]","[0, 0]","[0, 0]",17
72,"[2, 1]",106.84999999999607,"[71, 62]","[1.1500000000000004, 0]","[0, 0]",17
73,"[0, 1]",136.79999999999686,"[69, 69]","[0, 0]","[0, 0]",17
74,"[0, 1]",139.04999999999737,"[73, 73]","[0, 0]","[0, 0]",17
75,"[0, 3]",171.2500000000047,"[74, -999]","[0, 0]","[0, 0]",17
76,"[0, 1]",145.24999999999878,"[75, 74]","[0, 0]","[0, 0]",17
77,"[2, 1]",102.09999999999634,"[72, 63]","[0.65, 0]","[0, 0]",17
78,"[0, 1]",144.8499999999987,"[76, 76]","[0, 0]","[0, 0]",17
79,"[0, 1]",147.19999999999922,"[78, 78]","[0, 0]","[0, 0]",17
0,"[2, 3]",67.79999999999829,"[-999, -999]","[0, 0]","[0, 0]",18
1,"[0, 3]",96.69999999999665,"[-999, 2]","[0, 0]","[0, 0]",18
2,"[2, 3]",69.4499999999982,"[0, 0]","[0, 0]","[0, 0]",18
3,"[2, 1]",37.79999999999999,"[2, -999]","[0, 0]","[0, 0]",18
4,"[2, 1]",40.549999999999834,"[3, 3]","[0, 0]","[0, 0]",18
5,"[2, 1]",43.29999999999968,"[4, 4]","[0, 0]","[0, 0]",18
6,"[2, 1]",45.94999999999953,"[5, 5]","[0, 0]","[0, 0]",18
7,"[2, 1]",48.34999999999939,"[6, 6]","[0, 0]","[0, 0]",18
8,"[2, 1]",50.59999999999926,"[7, 7]","[0, 0]","[0, 0]",18
9,"[2, 1]",52.54999999999915,"[8, 8]","[0, 0]","[0, 0]",18
10,"[2, 1]",54.39999999999905,"[9, 9]","[0, 0]","[0, 0]",18
11,"[2, 3]",85.84999999999727,"[10, 1]","[0, 0]","[0, 0]",18
12,"[0, 1]",67.7499999999983,"[1, 14]","[0, 0]","[0, 0]",18
13,"[2, 1]",54.449999999999044,"[11, 10]","[0, 0]","[0, 0]",18
14,"[2, 1]",57.49999999999887,"[13, 13]","[0, 0]","[0, 0]",18
15,"[2, 1]",64.69999999999847,"[14, 12]","[0, 0]","[0, 0]",18
16,"[0, 1]",72.19999999999804,"[12, 17]","[2.1000000000000005, 0]","[2.1000000000000005, 0]",18
17,"[2, 1]",62.89999999999856,"[15, 15]","[0, 0]","[0, 0]",18
18,"[0, 1]",71.2999999999981,"[16, 16]","[0, 0]","[0, 0]",18
19,"[2, 1]",74.89999999999789,"[17, 18]","[2.9499999999999975, 0]","[2.9499999999999975, 0]",18
20,"[2, 1]",75.39999999999786,"[19, 19]","[0, 0]","[0, 0]",18
21,"[2, 1]",94.54999999999677,"[20, 28]","[11.750000000000032, 0]","[10.050000000000008, 0]",18
22,"[0, 3]",97.09999999999663,"[18, 11]","[0, 0]","[0, 0]",18
23,"[0, 1]",72.949999999998,"[22, 20]","[0, 0]","[0, 0]",18
24,"[0, 1]",75.09999999999788,"[23, 23]","[0, 0]","[0, 0]",18
25,"[2, 1]",92.04999999999691,"[21, 30]","[1.7500000000000009, 0]","[0, 0]",18
26,"[2, 1]",98.19999999999656,"[25, 31]","[0.9500000000000003, 0]","[0, 0]",18
27,"[2, 1]",104.34999999999621,"[26, 32]","[0, 0]","[0, 0]",18
28,"[0, 1]",68.84999999999823,"[24, 24]","[0, 0]","[0, 0]",18
29,"[2, 1]",107.69999999999602,"[27, 33]","[0, 0]","[0, 0]",18
30,"[0, 1]",73.19999999999798,"[28, 21]","[0.39999999999999997, 0]","[0.39999999999999997, 0]",18
31,"[0, 1]",79.54999999999762,"[30, 25]","[2.499999999999999, 0]","[2.499999999999999, 0]",18
32,"[0, 1]",85.69999999999727,"[31, 26]","[2.4499999999999993, 0]","[2.4499999999999993, 0]",18
33,"[0, 1]",91.74999999999693,"[32, 27]","[2.549999999999999, 0]","[2.549999999999999, 0]",18
34,"[0, 1]",98.54999999999654,"[33, 29]","[2.6999999999999984, 0]","[2.6999999999999984, 0]",18
35,"[0, 1]",99.94999999999646,"[34, 34]","[0, 0]","[0, 0]",18
36,"[2, 1]",103.34999999999627,"[29, 35]","[2.6999999999999984, 0]","[2.6999999999999984, 0]",18
37,"[2, 3]",132.94999999999598,"[36, -999]","[0, 0]","[0, 0]",18
38,"[0, 1]",101.39999999999638,"[35, 36]","[2.499999999999999, 0]","[2.499999999999999, 0]",18
39,"[2, 1]",108.049999999996,"[37, 40]","[0.2, 0]","[0, 0]",18
40,"[0, 1]",100.24999999999645,"[38, 38]","[0, 0]","[0, 0]",18
41,"[2, 1]",117.54999999999546,"[39, 45]","[5.14999999999999, 0]","[2.6999999999999984, 0]",18
42,"[2, 1]",123.19999999999514,"[41, 48]","[4.249999999999993, 0]","[0, 0]",18
43,"[0, 1]",101.29999999999639,"[40, 39]","[2.499999999999999, 0]","[2.499999999999999, 0]",18
44,"[2, 1]",121.24999999999525,"[42, 42]","[2.6999999999999984, 0]","[0, 0]",18
45,"[0, 1]",100.29999999999644,"[43, 43]","[0, 0]","[0, 0]",18
46,"[2, 1]",126.64999999999495,"[44, 51]","[7.349999999999982, 0]","[0, 0]",18
47,"[2, 1]",133.24999999999605,"[46, 53]","[8.699999999999989, 0]","[0, 0]",18
48,"[0, 1]",101.94999999999635,"[45, 41]","[2.549999999999999, 0]","[2.549999999999999, 0]",18
49,"[2, 1]",136.89999999999688,"[47, 54]","[7.699999999999981, 0]","[0, 0]",18
50,"[0, 3]",130.24999999999537,"[48, 37]","[0, 0]","[0, 0]",18
51,"[0, 1]",109.44999999999592,"[50, 44]","[3.399999999999996, 0]","[3.399999999999996, 0]",18
52,"[0, 3]",139.2499999999974,"[51, 50]","[0.49999999999999994, 0]","[0, 0]",18
53,"[0, 1]",111.49999999999581,"[52, 46]","[1.0000000000000002, 0]","[0, 0]",18
54,"[0, 1]",118.24999999999542,"[53, 47]","[3.8499999999999943, 0]","[2.4499999999999993, 0]",18
55,"[2, 1]",129.29999999999515,"[49, 58]","[5.09999999999999, 0]","[0, 0]",18
56,"[2, 3]",159.60000000000204,"[55, 52]","[7.89999999999998, 0]","[0, 0]",18
57,"[2, 1]",137.24999999999696,"[56, 60]","[11.200000000000024, 0]","[0, 0]",18
58,"[0, 1]",116.09999999999555,"[54, 49]","[4.249999999999993, 0]","[2.4499999999999993, 0]",18
59,"[0, 1]",122.34999999999519,"[58, 55]","[4.699999999999991, 0]","[2.549999999999999, 0]",18
60,"[0, 1]",123.9999999999951,"[59, 59]","[2.4499999999999993, 0]","[0, 0]",18
61,"[0, 1]",130.54999999999544,"[60, 57]","[5.14999999999999, 0]","[2.499999999999999, 0]",18
62,"[0, 1]",132.29999999999583,"[61, 61]","[2.8999999999999977, 0]","[0, 0]",18
63,"[2, 1]",135.79999999999663,"[57, 62]","[12.700000000000045, 0]","[2.6499999999999986, 0]",18
64,"[2, 3]",165.45000000000337,"[63, 56]","[13.250000000000053, 0]","[0, 0]",18
65,"[0, 1]",133.8499999999962,"[62, 63]","[5.949999999999987, 0]","[2.499999999999999, 0]",18
66,"[0, 1]",135.44999999999655,"[65, 65]","[4.199999999999993, 0]","[0, 0]",18
67,"[0, 1]",142.09999999999806,"[66, 68]","[6.8999999999999835, 0]","[2.549999999999999, 0]",18
68,"[2, 1]",135.14999999999648,"[64, 66]","[11.800000000000033, 0]","[0, 0]",18
69,"[2, 3]",166.55000000000362,"[68, 64]","[14.300000000000068, 0]","[0, 0]",18
70,"[2, 1]",139.49999999999747,"[69, 67]","[25.350000000000225, 0]","[0, 0]",18
71,"[0, 3]",167.60000000000386,"[67, 69]","[3.4499999999999957, 0]","[2.1000000000000005, 0]",18
72,"[2, 3]",171.20000000000468,"[70, 71]","[29.450000000000284, 0]","[0, 0]",18
73,"[2, 1]",147.69999999999933,"[72, 75]","[30.5500000000003, 0]","[0, 0]",18
74,"[0, 1]",135.29999999999652,"[71, 70]","[1.5500000000000007, 0]","[0, 0]",18
75,"[0, 1]",137.09999999999692,"[74, 74]","[2.1000000000000005, 0]","[0, 0]",18
76,"[2, 3]",173.80000000000527,"[73, 72]","[26.100000000000236, 0]","[0, 0]",18
77,"[0, 1]",140.9499999999978,"[75, 73]","[4.199999999999993, 0]","[2.3999999999999995, 0]",18
78,"[0, 1]",142.6999999999982,"[77, 77]","[1.900000000000001, 0]","[0, 0]",18
79,"[0, 1]",144.9499999999987,"[78, 78]","[1.950000000000001, 0]","[0, 0]",18
0,"[0, 3]",96.64999999999665,"[-999, -999]","[0, 0]","[0, 0]",19
1,"[2, 1]",36.45000000000007,"[-999, -999]","[0, 0]","[0, 0]",19
2,"[0, 1]",75.74999999999784,"[0, 9]","[2.849999999999998, 0]","[2.849999999999998, 0]",19
3,"[2, 1]",36.80000000000005,"[1, 1]","[0, 0]","[0, 0]",19
4,"[2, 1]",39.04999999999992,"[3, 3]","[0, 0]","[0, 0]",19
5,"[2, 1]",41.749999999999766,"[4, 4]","[0, 0]","[0, 0]",19
6,"[2, 1]",44.49999999999961,"[5, 5]","[0, 0]","[0, 0]",19
7,"[2, 1]",46.849999999999476,"[6, 6]","[0, 0]","[0, 0]",19
8,"[2, 1]",49.19999999999934,"[7, 7]","[0, 0]","[0, 0]",19
9,"[2, 1]",51.29999999999922,"[8, 8]","[0, 0]","[0, 0]",19
10,"[2, 1]",58.6999999999988,"[9, 2]","[1.4500000000000006, 0]","[1.4500000000000006, 0]",19
11,"[2, 1]",59.84999999999874,"[10, 10]","[3.349999999999996, 0]","[3.349999999999996, 0]",19
12,"[0, 1]",67.6999999999983,"[2, 13]","[0, 0]","[0, 0]",19
13,"[2, 1]",59.49999999999876,"[11, 11]","[6.299999999999986, 0]","[2.3499999999999996, 0]",19
14,"[2, 1]",68.14999999999827,"[13, 12]","[8.249999999999982, 0]","[0, 0]",19
15,"[2, 3]",99.69999999999648,"[14, 0]","[17.20000000000011, 0]","[0.15000000000000002, 0]",19
16,"[2, 1]",70.29999999999815,"[15, 14]","[17.20000000000011, 0]","[0, 0]",19
17,"[2, 1]",73.84999999999795,"[16, 16]","[14.800000000000075, 0]","[0, 0]",19
18,"[2, 3]",106.2999999999961,"[17, 15]","[13.150000000000052, 0]","[0, 0]",19
19,"[2, 1]",91.24999999999696,"[18, 24]","[18.100000000000122, 0]","[6.549999999999985, 0]",19
20,"[0, 1]",71.64999999999807,"[12, 17]","[0, 0]","[0, 0]",19
21,"[2, 1]",104.94999999999618,"[19, 29]","[19.95000000000015, 0]","[9.900000000000006, 0]",19
22,"[2, 3]",134.7999999999964,"[21, 18]","[8.599999999999987, 0]","[0, 0]",19
23,"[0, 1]",68.39999999999826,"[20, 20]","[0, 0]","[0, 0]",19
24,"[0, 1]",71.04999999999811,"[23, 23]","[0, 0]","[0, 0]",19
25,"[2, 3]",133.39999999999608,"[22, 22]","[7.099999999999983, 0]","[0, 0]",19
26,"[0, 1]",75.54999999999785,"[24, 19]","[2.3999999999999995, 0]","[2.3999999999999995, 0]",19
27,"[2, 1]",106.69999999999608,"[25, 33]","[5.599999999999988, 0]","[0, 0]",19
28,"[0, 1]",74.39999999999792,"[26, 26]","[0, 0]","[0, 0]",19
29,"[0, 1]",76.59999999999779,"[28, 28]","[0, 0]","[0, 0]",19
30,"[2, 1]",107.54999999999603,"[27, 34]","[1.2500000000000004, 0]","[0, 0]",19
31,"[0, 1]",81.04999999999754,"[29, 21]","[2.4499999999999993, 0]","[2.4499999999999993, 0]",19
32,"[0, 1]",82.64999999999745,"[31, 31]","[0, 0]","[0, 0]",19
33,"[0, 1]",84.84999999999732,"[32, 32]","[0, 0]","[0, 0]",19
34,"[0, 1]",91.49999999999694,"[33, 27]","[2.3999999999999995, 0]","[2.3999999999999995, 0]",19
35,"[0, 1]",99.2999999999965,"[34, 30]","[2.25, 0]","[2.25, 0]",19
36,"[0, 3]",128.89999999999506,"[35, 25]","[0, 0]","[0, 0]",19
37,"[0, 1]",101.29999999999639,"[36, 38]","[0, 0]","[0, 0]",19
38,"[2, 1]",94.34999999999678,"[30, 35]","[0.7000000000000001, 0]","[0, 0]",19
39,"[2, 1]",101.1999999999964,"[38, 37]","[2.3999999999999995, 0]","[0, 0]",19
40,"[0, 1]",102.59999999999631,"[37, 39]","[2.549999999999999, 0]","[2.549999999999999, 0]",19
41,"[0, 1]",109.29999999999593,"[40, 42]","[2.6499999999999986, 0]","[2.6499999999999986, 0]",19
42,"[2, 1]",102.04999999999634,"[39, 40]","[13.600000000000058, 0]","[0, 0]",19
43,"[0, 3]",137.449999999997,"[41, 36]","[0, 0]","[0, 0]",19
44,"[2, 1]",105.74999999999613,"[42, 41]","[10.95000000000002, 0]","[0, 0]",19
45,"[0, 3]",138.3499999999972,"[43, 43]","[0, 0]","[0, 0]",19
46,"[0, 1]",110.24999999999588,"[45, 47]","[0, 0]","[0, 0]",19
47,"[2, 1]",101.29999999999639,"[44, 44]","[4.799999999999991, 0]","[0, 0]",19
48,"[0, 1]",109.7999999999959,"[46, 46]","[0, 0]","[0, 0]",19
49,"[2, 1]",118.39999999999542,"[47, 50]","[11.60000000000003, 0]","[9.900000000000006, 0]",19
50,"[0, 1]",109.29999999999593,"[48, 48]","[0, 0]","[0, 0]",19
51,"[0, 1]",116.54999999999552,"[50, 49]","[2.549999999999999, 0]","[2.549999999999999, 0]",19
52,"[0, 1]",123.79999999999511,"[51, 57]","[2.9499999999999975, 0]","[2.9499999999999975, 0]",19
53,"[0, 1]",124.54999999999507,"[52, 52]","[0, 0]","[0, 0]",19
54,"[0, 1]",132.34999999999584,"[53, 61]","[3.699999999999995, 0]","[3.149999999999997, 0]",19
55,"[0, 1]",132.89999999999597,"[54, 54]","[1.1500000000000004, 0]","[0, 0]",19
56,"[0, 1]",139.5999999999975,"[55, 64]","[3.949999999999994, 0]","[2.499999999999999, 0]",19
57,"[2, 1]",104.84999999999619,"[49, 51]","[1.3000000000000005, 0]","[0, 0]",19
58,"[0, 1]",143.74999999999844,"[56, 65]","[4.449999999999992, 0]","[2.7499999999999982, 0]",19
59,"[2, 3]",132.84999999999596,"[57, 45]","[0, 0]","[0, 0]",19
60,"[0, 1]",142.14999999999807,"[58, 58]","[1.900000000000001, 0]","[0, 0]",19
61,"[2, 1]",106.79999999999607,"[59, 53]","[0, 0]","[0, 0]",19
62,"[0, 1]",146.39999999999904,"[60, 68]","[4.599999999999992, 0]","[2.549999999999999, 0]",19
63,"[0, 1]",154.1000000000008,"[62, 69]","[3.999999999999994, 0]","[1.7500000000000009, 0]",19
64,"[2, 1]",113.99999999999567,"[61, 55]","[3.5499999999999954, 0]","[2.499999999999999, 0]",19
65,"[2, 1]",119.69999999999534,"[64, 56]","[2.3, 0]","[0, 0]",19
66,"[0, 1]",149.19999999999968,"[63, 63]","[2.3999999999999995, 0]","[0, 0]",19
67,"[0, 1]",151.00000000000009,"[66, 66]","[2.549999999999999, 0]","[0, 0]",19
68,"[2, 1]",126.24999999999497,"[65, 60]","[5.04999999999999, 0]","[2.5999999999999988, 0]",19
69,"[2, 1]",131.99999999999577,"[68, 62]","[2.25, 0]","[0, 0]",19
70,"[2, 3]",163.25000000000287,"[69, -999]","[4.549999999999992, 0]","[0, 0]",19
71,"[2, 3]",167.45000000000383,"[70, 70]","[7.249999999999982, 0]","[0, 0]",19
72,"[0, 1]",146.54999999999907,"[67, 77]","[2.3999999999999995, 0]","[2.3999999999999995, 0]",19
73,"[0, 1]",148.34999999999948,"[72, 72]","[0, 0]","[0, 0]",19
74,"[0, 1]",150.6,"[73, 73]","[0, 0]","[0, 0]",19
75,"[0, 1]",152.90000000000052,"[74, 74]","[0, 0]","[0, 0]",19
76,"[0, 1]",155.15000000000103,"[75, 75]","[0, 0]","[0, 0]",19
77,"[2, 1]",128.44999999999496,"[71, 67]","[6.199999999999986, 0]","[0, 0]",19
78,"[0, 1]",154.75000000000094,"[76, 76]","[0, 0]","[0, 0]",19
79,"[0, 1]",157.00000000000145,"[78, 78]","[0, 0]","[0, 0]",19
0,"[0, 3]",96.64999999999665,"[-999, -999]","[0, 0]","[0, 0]",20
1,"[2, 1]",36.45000000000007,"[-999, -999]","[0, 0]","[0, 0]",20
2,"[2, 1]",38.54999999999995,"[1, 1]","[0, 0]","[0, 0]",20
3,"[2, 1]",41.1499999999998,"[2, 2]","[0, 0]","[0, 0]",20
4,"[2, 1]",43.89999999999964,"[3, 3]","[0, 0]","[0, 0]",20
5,"[2, 1]",46.4499999999995,"[4, 4]","[0, 0]","[0, 0]",20
6,"[2, 1]",48.84999999999936,"[5, 5]","[0, 0]","[0, 0]",20
7,"[2, 1]",50.94999999999924,"[6, 6]","[0, 0]","[0, 0]",20
8,"[2, 3]",82.04999999999748,"[7, 0]","[0, 0]","[0, 0]",20
9,"[2, 1]",51.04999999999924,"[8, 7]","[0, 0]","[0, 0]",20
10,"[2, 1]",54.09999999999906,"[9, 9]","[0, 0]","[0, 0]",20
11,"[0, 1]",72.24999999999804,"[0, 14]","[2.499999999999999, 0]","[2.499999999999999, 0]",20
12,"[2, 1]",53.14999999999912,"[10, 10]","[0, 0]","[0, 0]",20
13,"[2, 1]",55.34999999999899,"[12, 12]","[0, 0]","[0, 0]",20
14,"[2, 1]",57.99999999999884,"[13, 13]","[0, 0]","[0, 0]",20
15,"[2, 1]",66.44999999999837,"[14, 11]","[0, 0]","[0, 0]",20
16,"[0, 3]",96.84999999999664,"[11, 8]","[0, 0]","[0, 0]",20
17,"[2, 1]",64.89999999999846,"[15, 15]","[5.899999999999987, 0]","[0, 0]",20
18,"[0, 1]",68.74999999999824,"[16, 17]","[0, 0]","[0, 0]",20
19,"[2, 1]",72.44999999999803,"[17, 18]","[15.80000000000009, 0]","[3.2499999999999964, 0]",20
20,"[2, 1]",89.39999999999706,"[19, 23]","[20.250000000000153, 0]","[10.050000000000008, 0]",20
21,"[0, 1]",70.94999999999811,"[18, 19]","[0, 0]","[0, 0]",20
22,"[0, 1]",72.79999999999801,"[21, 21]","[0, 0]","[0, 0]",20
23,"[0, 1]",74.84999999999789,"[22, 22]","[0, 0]","[0, 0]",20
24,"[0, 1]",83.4999999999974,"[23, 20]","[0.9000000000000002, 0]","[0.9000000000000002, 0]",20
25,"[2, 1]",83.99999999999737,"[20, 24]","[2.8999999999999977, 0]","[0, 0]",20
26,"[0, 1]",86.9999999999972,"[24, 25]","[2.549999999999999, 0]","[2.549999999999999, 0]",20
27,"[2, 1]",87.54999999999717,"[25, 26]","[0, 0]","[0, 0]",20
28,"[0, 1]",90.499999999997,"[26, 27]","[2.5999999999999988, 0]","[2.5999999999999988, 0]",20
29,"[0, 1]",91.09999999999697,"[28, 28]","[0, 0]","[0, 0]",20
30,"[0, 3]",122.2999999999952,"[29, 37]","[0, 0]","[0, 0]",20
31,"[0, 1]",94.94999999999675,"[30, 39]","[0.6, 0]","[0, 0]",20
32,"[0, 1]",97.24999999999662,"[31, 31]","[0.8500000000000002, 0]","[0, 0]",20
33,"[0, 1]",99.54999999999649,"[32, 32]","[0.1, 0]","[0, 0]",20
34,"[0, 1]",106.79999999999607,"[33, 41]","[2.6499999999999986, 0]","[2.6499999999999986, 0]",20
35,"[0, 1]",114.24999999999565,"[34, 42]","[2.1500000000000004, 0]","[2.1500000000000004, 0]",20
36,"[0, 1]",114.79999999999562,"[35, 35]","[0, 0]","[0, 0]",20
37,"[2, 3]",94.49999999999677,"[27, -999]","[3.899999999999994, 0]","[0, 0]",20
38,"[0, 3]",143.1999999999983,"[36, 43]","[0, 0]","[0, 0]",20
39,"[2, 1]",67.6999999999983,"[37, 29]","[0.8000000000000002, 0]","[0, 0]",20
40,"[0, 1]",113.59999999999569,"[38, 44]","[0, 0]","[0, 0]",20
41,"[2, 1]",83.89999999999738,"[39, 33]","[9.800000000000004, 0]","[9.800000000000004, 0]",20
42,"[2, 1]",89.54999999999706,"[41, 34]","[0, 0]","[0, 0]",20
43,"[2, 3]",120.69999999999528,"[42, 30]","[0, 0]","[0, 0]",20
44,"[2, 1]",96.84999999999664,"[43, 36]","[1.2000000000000004, 0]","[0, 0]",20
45,"[2, 1]",105.79999999999613,"[44, 40]","[4.699999999999991, 0]","[3.1999999999999966, 0]",20
46,"[0, 3]",132.0999999999958,"[40, 38]","[0, 0]","[0, 0]",20
47,"[2, 3]",141.49999999999793,"[45, 49]","[3.649999999999995, 0]","[3.149999999999997, 0]",20
48,"[2, 3]",144.4499999999986,"[47, 47]","[0, 0]","[0, 0]",20
49,"[0, 3]",129.9999999999953,"[46, 46]","[0.7000000000000001, 0]","[0, 0]",20
50,"[0, 1]",102.54999999999632,"[49, 45]","[1.1000000000000003, 0]","[0, 0]",20
51,"[0, 1]",104.89999999999618,"[50, 50]","[1.4500000000000006, 0]","[0, 0]",20
52,"[0, 1]",107.24999999999605,"[51, 51]","[1.7500000000000009, 0]","[0, 0]",20
53,"[0, 1]",115.29999999999559,"[52, 57]","[5.1999999999999895, 0]","[2.8999999999999977, 0]",20
54,"[0, 1]",116.24999999999554,"[53, 53]","[2.799999999999998, 0]","[0, 0]",20
55,"[0, 1]",123.09999999999515,"[54, 58]","[5.14999999999999, 0]","[2.549999999999999, 0]",20
56,"[0, 3]",154.2000000000008,"[55, 48]","[2.1000000000000005, 0]","[0, 0]",20
57,"[2, 1]",99.14999999999651,"[48, 52]","[14.100000000000065, 0]","[0, 0]",20
58,"[2, 1]",111.24999999999582,"[57, 54]","[16.5500000000001, 0]","[2.6999999999999984, 0]",20
59,"[0, 1]",121.24999999999525,"[56, 61]","[1.5000000000000007, 0]","[0, 0]",20
60,"[0, 1]",123.29999999999514,"[59, 59]","[0.8500000000000002, 0]","[0, 0]",20
61,"[2, 1]",111.49999999999581,"[58, 55]","[8.449999999999985, 0]","[0, 0]",20
62,"[0, 1]",129.24999999999514,"[60, 63]","[1.5500000000000007, 0]","[1.0500000000000003, 0]",20
63,"[2, 1]",121.34999999999525,"[61, 60]","[8.549999999999986, 0]","[3.2499999999999964, 0]",20
64,"[0, 1]",132.79999999999595,"[62, 65]","[3.399999999999996, 0]","[2.3499999999999996, 0]",20
65,"[2, 1]",124.24999999999508,"[63, 62]","[2.3999999999999995, 0]","[0, 0]",20
66,"[0, 1]",130.59999999999545,"[64, 64]","[1.5000000000000007, 0]","[0, 0]",20
67,"[2, 3]",153.40000000000063,"[65, 56]","[2.1500000000000004, 0]","[0, 0]",20
68,"[2, 1]",135.84999999999664,"[67, 70]","[7.549999999999981, 0]","[2.549999999999999, 0]",20
69,"[2, 1]",141.64999999999796,"[68, 74]","[6.699999999999984, 0]","[0, 0]",20
70,"[0, 1]",124.09999999999509,"[66, 66]","[1.950000000000001, 0]","[0, 0]",20
71,"[2, 1]",144.99999999999872,"[69, 75]","[10.600000000000016, 0]","[0, 0]",20
72,"[2, 1]",151.35000000000016,"[71, 78]","[14.050000000000065, 0]","[0, 0]",20
73,"[2, 1]",157.6500000000016,"[72, 79]","[17.85000000000012, 0]","[0, 0]",20
74,"[0, 1]",122.99999999999515,"[70, 68]","[4.899999999999991, 0]","[2.499999999999999, 0]",20
75,"[0, 1]",130.64999999999546,"[74, 69]","[4.849999999999991, 0]","[2.0500000000000007, 0]",20
76,"[2, 3]",183.80000000000754,"[73, -999]","[19.750000000000146, 0]","[0, 0]",20
77,"[2, 1]",156.8000000000014,"[76, 73]","[22.20000000000018, 0]","[0, 0]",20
78,"[0, 1]",131.44999999999564,"[75, 71]","[5.599999999999988, 0]","[2.4499999999999993, 0]",20
79,"[0, 1]",137.79999999999708,"[78, 72]","[5.749999999999988, 0]","[2.3, 0]",20
0,"[2, 1]",36.45000000000007,"[-999, -999]","[0, 0]","[0, 0]",21
1,"[0, 1]",67.7499999999983,"[-999, 7]","[0, 0]","[0, 0]",21
2,"[0, 3]",101.1499999999964,"[1, 8]","[0, 0]","[0, 0]",21
3,"[2, 1]",36.60000000000006,"[0, 0]","[0, 0]","[0, 0]",21
4,"[2, 1]",38.84999999999993,"[3, 3]","[0, 0]","[0, 0]",21
5,"[2, 1]",41.54999999999978,"[4, 4]","[0, 0]","[0, 0]",21
6,"[2, 1]",44.24999999999962,"[5, 5]","[0, 0]","[0, 0]",21
7,"[2, 1]",46.699999999999484,"[6, 6]","[0, 0]","[0, 0]",21
8,"[2, 3]",75.04999999999788,"[7, -999]","[0, 0]","[0, 0]",21
9,"[2, 1]",51.7499999999992,"[8, 1]","[3.149999999999997, 0]","[3.149999999999997, 0]",21
10,"[2, 1]",54.449999999999044,"[9, 9]","[0, 0]","[0, 0]",21
11,"[2, 1]",57.29999999999888,"[10, 10]","[0, 0]","[0, 0]",21
12,"[2, 1]",59.94999999999873,"[11, 11]","[0, 0]","[0, 0]",21
13,"[2, 1]",62.849999999998566,"[12, 12]","[6.249999999999986, 0]","[0, 0]",21
14,"[2, 1]",65.9999999999984,"[13, 13]","[8.399999999999984, 0]","[0, 0]",21
15,"[0, 3]",96.69999999999665,"[2, 2]","[0, 0]","[0, 0]",21
16,"[2, 1]",66.39999999999837,"[14, 14]","[6.0499999999999865, 0]","[0, 0]",21
17,"[2, 1]",69.19999999999821,"[16, 16]","[4.299999999999993, 0]","[0, 0]",21
18,"[0, 1]",74.19999999999793,"[15, 17]","[3.4499999999999957, 0]","[3.4499999999999957, 0]",21
19,"[2, 3]",100.14999999999645,"[17, 15]","[2.799999999999998, 0]","[0, 0]",21
20,"[2, 1]",76.3499999999978,"[19, 21]","[1.3000000000000005, 0]","[0, 0]",21
21,"[0, 1]",69.2999999999982,"[18, 18]","[0, 0]","[0, 0]",21
22,"[2, 3]",105.74999999999613,"[20, 19]","[0, 0]","[0, 0]",21
23,"[0, 1]",73.49999999999797,"[21, 20]","[2.3, 0]","[2.3, 0]",21
24,"[0, 1]",75.39999999999786,"[23, 23]","[0, 0]","[0, 0]",21
25,"[0, 3]",107.64999999999603,"[24, 22]","[0, 0]","[0, 0]",21
26,"[0, 1]",80.54999999999757,"[25, 27]","[0, 0]","[0, 0]",21
27,"[2, 1]",72.34999999999803,"[22, 24]","[0, 0]","[0, 0]",21
28,"[0, 1]",80.0499999999976,"[26, 26]","[0, 0]","[0, 0]",21
29,"[0, 1]",86.79999999999721,"[28, 36]","[2.3999999999999995, 0]","[2.3999999999999995, 0]",21
30,"[2, 3]",100.34999999999644,"[27, 25]","[0, 0]","[0, 0]",21
31,"[0, 1]",91.89999999999692,"[29, 38]","[2.25, 0]","[2.25, 0]",21
32,"[0, 1]",98.19999999999656,"[31, 39]","[2.3499999999999996, 0]","[2.3499999999999996, 0]",21
33,"[0, 1]",104.44999999999621,"[32, 41]","[2.5999999999999988, 0]","[2.5999999999999988, 0]",21
34,"[0, 1]",110.69999999999585,"[33, 42]","[2.5999999999999988, 0]","[2.5999999999999988, 0]",21
35,"[0, 1]",116.9499999999955,"[34, 43]","[2.4499999999999993, 0]","[2.4499999999999993, 0]",21
36,"[2, 1]",63.34999999999854,"[30, 28]","[0, 0]","[0, 0]",21
37,"[0, 3]",143.79999999999845,"[35, -999]","[0, 0]","[0, 0]",21
38,"[2, 1]",67.09999999999833,"[36, 29]","[0, 0]","[0, 0]",21
39,"[2, 1]",73.19999999999798,"[38, 31]","[0, 0]","[0, 0]",21
40,"[0, 1]",110.79999999999585,"[37, 44]","[0, 0]","[0, 0]",21
41,"[2, 1]",76.74999999999778,"[39, 32]","[0, 0]","[0, 0]",21
42,"[2, 1]",82.94999999999743,"[41, 33]","[0, 0]","[0, 0]",21
43,"[2, 1]",89.19999999999708,"[42, 34]","[0, 0]","[0, 0]",21
44,"[2, 1]",95.44999999999672,"[43, 35]","[0, 0]","[0, 0]",21
45,"[0, 1]",106.64999999999608,"[40, 46]","[2.8999999999999977, 0]","[2.6499999999999986, 0]",21
46,"[2, 1]",99.84999999999647,"[44, 40]","[0, 0]","[0, 0]",21
47,"[0, 3]",135.1999999999965,"[45, 37]","[0.9000000000000002, 0]","[0, 0]",21
48,"[0, 3]",138.7999999999973,"[47, 47]","[0.5499999999999999, 0]","[0, 0]",21
49,"[2, 1]",100.59999999999643,"[46, 45]","[0, 0]","[0, 0]",21
50,"[2, 3]",139.29999999999742,"[49, 48]","[4.249999999999993, 0]","[3.2499999999999964, 0]",21
51,"[0, 1]",105.94999999999612,"[48, 49]","[2.25, 0]","[0, 0]",21
52,"[2, 1]",113.99999999999567,"[50, 53]","[0, 0]","[0, 0]",21
53,"[0, 1]",105.49999999999615,"[51, 51]","[0.39999999999999997, 0]","[0, 0]",21
54,"[0, 1]",112.29999999999576,"[53, 52]","[2.3499999999999996, 0]","[2.3499999999999996, 0]",21
55,"[2, 1]",114.49999999999564,"[52, 54]","[0, 0]","[0, 0]",21
56,"[0, 1]",117.09999999999549,"[54, 55]","[2.6999999999999984, 0]","[2.6999999999999984, 0]",21
57,"[2, 1]",117.69999999999546,"[55, 56]","[0, 0]","[0, 0]",21
58,"[2, 1]",123.8999999999951,"[57, 60]","[0, 0]","[0, 0]",21
59,"[2, 1]",130.14999999999534,"[58, 62]","[0, 0]","[0, 0]",21
60,"[0, 1]",115.1499999999956,"[56, 57]","[2.499999999999999, 0]","[2.499999999999999, 0]",21
61,"[2, 1]",133.59999999999613,"[59, 66]","[1.900000000000001, 0]","[0, 0]",21
62,"[0, 1]",118.6499999999954,"[60, 58]","[2.3999999999999995, 0]","[2.3999999999999995, 0]",21
63,"[2, 1]",137.14999999999694,"[61, 69]","[3.899999999999994, 0]","[0, 0]",21
64,"[2, 1]",144.14999999999853,"[63, 72]","[4.94999999999999, 0]","[0, 0]",21
65,"[2, 1]",150.44999999999996,"[64, 73]","[6.549999999999985, 0]","[0, 0]",21
66,"[0, 1]",116.59999999999552,"[62, 59]","[2.499999999999999, 0]","[2.499999999999999, 0]",21
67,"[2, 1]",154.05000000000078,"[65, 74]","[12.450000000000042, 0]","[0, 0]",21
68,"[2, 1]",160.85000000000232,"[67, 76]","[14.45000000000007, 0]","[0, 0]",21
69,"[0, 1]",117.34999999999548,"[66, 61]","[2.6499999999999986, 0]","[2.6499999999999986, 0]",21
70,"[0, 3]",146.94999999999916,"[69, -999]","[0, 0]","[0, 0]",21
71,"[2, 3]",185.95000000000803,"[68, 75]","[15.900000000000091, 0]","[0, 0]",21
72,"[0, 1]",116.64999999999552,"[70, 63]","[0, 0]","[0, 0]",21
73,"[0, 1]",123.49999999999513,"[72, 64]","[3.599999999999995, 0]","[2.499999999999999, 0]",21
74,"[0, 1]",130.74999999999548,"[73, 65]","[3.8499999999999943, 0]","[2.799999999999998, 0]",21
75,"[0, 3]",161.00000000000236,"[74, 70]","[0.9000000000000002, 0]","[0, 0]",21
76,"[0, 1]",133.39999999999608,"[75, 67]","[0.7000000000000001, 0]","[0, 0]",21
77,"[0, 1]",140.19999999999763,"[76, 68]","[2.9499999999999975, 0]","[2.549999999999999, 0]",21
78,"[0, 1]",141.89999999999802,"[77, 77]","[0, 0]","[0, 0]",21
79,"[0, 1]",144.14999999999853,"[78, 78]","[0, 0]","[0, 0]",21
0,"[0, 3]",96.69999999999665,"[-999, 1]","[0, 0]","[0, 0]",22
1,"[2, 3]",67.79999999999829,"[-999, -999]","[0, 0]","[0, 0]",22
2,"[0, 1]",75.94999999999783,"[0, 10]","[2.8999999999999977, 0]","[2.8999999999999977, 0]",22
3,"[2, 1]",36.60000000000006,"[1, -999]","[0, 0]","[0, 0]",22
4,"[2, 1]",38.89999999999993,"[3, 3]","[0, 0]","[0, 0]",22
5,"[2, 1]",41.599999999999774,"[4, 4]","[0, 0]","[0, 0]",22
6,"[2, 1]",44.24999999999962,"[5, 5]","[0, 0]","[0, 0]",22
7,"[0, 1]",69.4999999999982,"[2, 12]","[0, 0]","[0, 0]",22
8,"[2, 1]",43.94999999999964,"[6, 6]","[0, 0]","[0, 0]",22
9,"[2, 1]",46.29999999999951,"[8, 8]","[0, 0]","[0, 0]",22
10,"[2, 1]",48.49999999999938,"[9, 9]","[0, 0]","[0, 0]",22
11,"[0, 1]",68.14999999999827,"[7, 13]","[0, 0]","[0, 0]",22
12,"[2, 1]",52.69999999999914,"[10, 2]","[1.950000000000001, 0]","[1.950000000000001, 0]",22
13,"[2, 1]",58.449999999998816,"[12, 7]","[6.749999999999984, 0]","[6.499999999999985, 0]",22
14,"[2, 1]",65.34999999999843,"[13, 11]","[12.100000000000037, 0]","[2.000000000000001, 0]",22
15,"[2, 1]",66.34999999999837,"[14, 14]","[17.25000000000011, 0]","[0.9500000000000003, 0]",22
16,"[2, 1]",69.24999999999821,"[15, 15]","[17.20000000000011, 0]","[0, 0]",22
17,"[2, 1]",72.14999999999804,"[16, 16]","[19.45000000000014, 0]","[0, 0]",22
18,"[2, 1]",86.8999999999972,"[17, 21]","[23.850000000000204, 0]","[6.799999999999984, 0]",22
19,"[2, 1]",93.44999999999683,"[18, 23]","[15.350000000000083, 0]","[0, 0]",22
20,"[0, 1]",70.64999999999813,"[11, 17]","[0, 0]","[0, 0]",22
21,"[0, 1]",72.44999999999803,"[20, 20]","[0, 0]","[0, 0]",22
22,"[0, 3]",104.84999999999619,"[21, -999]","[0, 0]","[0, 0]",22
23,"[0, 1]",77.19999999999776,"[22, 18]","[0, 0]","[0, 0]",22
24,"[0, 1]",83.99999999999737,"[23, 19]","[2.499999999999999, 0]","[2.499999999999999, 0]",22
25,"[0, 1]",90.34999999999701,"[24, 27]","[2.549999999999999, 0]","[2.549999999999999, 0]",22
26,"[0, 3]",121.54999999999524,"[25, 22]","[0, 0]","[0, 0]",22
27,"[2, 1]",80.59999999999756,"[19, 24]","[0.9500000000000003, 0]","[0, 0]",22
28,"[0, 1]",91.79999999999693,"[26, 30]","[0, 0]","[0, 0]",22
29,"[0, 1]",99.09999999999651,"[28, 36]","[2.6499999999999986, 0]","[2.6499999999999986, 0]",22
30,"[2, 1]",81.44999999999752,"[27, 25]","[0, 0]","[0, 0]",22
31,"[0, 1]",97.89999999999658,"[29, 29]","[0, 0]","[0, 0]",22
32,"[0, 1]",104.4999999999962,"[31, 39]","[2.549999999999999, 0]","[2.549999999999999, 0]",22
33,"[0, 1]",106.14999999999611,"[32, 32]","[0, 0]","[0, 0]",22
34,"[0, 1]",113.19999999999571,"[33, 41]","[2.4499999999999993, 0]","[2.4499999999999993, 0]",22
35,"[0, 1]",120.59999999999529,"[34, 42]","[2.7499999999999982, 0]","[2.7499999999999982, 0]",22
36,"[2, 1]",76.19999999999781,"[30, 28]","[2.3, 0]","[1.4500000000000006, 0]",22
37,"[2, 3]",105.84999999999613,"[36, 26]","[0, 0]","[0, 0]",22
38,"[0, 3]",147.5499999999993,"[35, 43]","[1.850000000000001, 0]","[1.850000000000001, 0]",22
39,"[2, 1]",81.04999999999754,"[37, 31]","[0, 0]","[0, 0]",22
40,"[0, 1]",118.39999999999542,"[38, 44]","[0, 0]","[0, 0]",22
41,"[2, 1]",90.39999999999701,"[39, 33]","[2.7499999999999982, 0]","[2.7499999999999982, 0]",22
42,"[2, 1]",96.04999999999669,"[41, 34]","[0, 0]","[0, 0]",22
43,"[2, 3]",127.19999999999492,"[42, 37]","[0, 0]","[0, 0]",22
44,"[2, 1]",100.39999999999644,"[43, 35]","[1.6000000000000008, 0]","[0, 0]",22
45,"[2, 1]",120.3999999999953,"[44, 51]","[13.500000000000057, 0]","[9.55, 0]",22
46,"[2, 1]",120.94999999999527,"[45, 45]","[5.1999999999999895, 0]","[0, 0]",22
47,"[2, 3]",153.80000000000072,"[46, 52]","[4.599999999999992, 0]","[0, 0]",22
48,"[2, 1]",131.14999999999557,"[47, 54]","[3.1999999999999966, 0]","[0, 0]",22
49,"[2, 1]",137.79999999999708,"[48, 56]","[4.699999999999991, 0]","[0, 0]",22
50,"[0, 1]",95.29999999999673,"[40, 40]","[0, 0]","[0, 0]",22
51,"[0, 1]",97.5499999999966,"[50, 50]","[0, 0]","[0, 0]",22
52,"[0, 3]",129.84999999999528,"[51, 38]","[0, 0]","[0, 0]",22
53,"[0, 1]",108.34999999999599,"[52, 46]","[3.099999999999997, 0]","[3.099999999999997, 0]",22
54,"[0, 1]",109.69999999999591,"[53, 53]","[0, 0]","[0, 0]",22
55,"[2, 1]",130.59999999999545,"[49, 60]","[5.799999999999987, 0]","[0, 0]",22
56,"[0, 1]",113.4499999999957,"[54, 48]","[2.3999999999999995, 0]","[2.3999999999999995, 0]",22
57,"[2, 1]",128.649999999995,"[55, 55]","[6.549999999999985, 0]","[0, 0]",22
58,"[2, 3]",162.15000000000262,"[57, 61]","[8.14999999999998, 0]","[0, 0]",22
59,"[0, 3]",139.2499999999974,"[56, 47]","[0, 0]","[0, 0]",22
60,"[0, 1]",111.6499999999958,"[59, 49]","[0, 0]","[0, 0]",22
61,"[0, 3]",144.09999999999852,"[60, 59]","[0, 0]","[0, 0]",22
62,"[0, 1]",121.39999999999525,"[61, 57]","[2.3, 0]","[2.3, 0]",22
63,"[2, 1]",128.29999999999492,"[58, 65]","[3.5499999999999954, 0]","[0, 0]",22
64,"[2, 1]",135.04999999999646,"[63, 66]","[10.300000000000011, 0]","[0, 0]",22
65,"[0, 1]",117.74999999999545,"[62, 62]","[0, 0]","[0, 0]",22
66,"[0, 1]",124.34999999999508,"[65, 63]","[2.3999999999999995, 0]","[2.3999999999999995, 0]",22
67,"[0, 3]",155.70000000000115,"[66, 58]","[0, 0]","[0, 0]",22
68,"[0, 3]",159.30000000000197,"[67, 67]","[0, 0]","[0, 0]",22
69,"[0, 3]",162.1000000000026,"[68, 68]","[0, 0]","[0, 0]",22
70,"[0, 3]",169.65000000000433,"[69, 76]","[2.5999999999999988, 0]","[2.5999999999999988, 0]",22
71,"[0, 1]",142.2999999999981,"[70, 77]","[2.3, 0]","[2.3, 0]",22
72,"[2, 1]",117.24999999999548,"[64, 64]","[0, 0]","[0, 0]",22
73,"[0, 1]",141.49999999999793,"[71, 71]","[0, 0]","[0, 0]",22
74,"[0, 1]",143.79999999999845,"[73, 73]","[0, 0]","[0, 0]",22
75,"[0, 1]",146.14999999999898,"[74, 74]","[0, 0]","[0, 0]",22
76,"[2, 3]",148.19999999999945,"[72, 69]","[0, 0]","[0, 0]",22
77,"[2, 1]",118.49999999999541,"[76, 72]","[5.399999999999989, 0]","[0, 0]",22
78,"[0, 1]",142.89999999999824,"[75, 75]","[0, 0]","[0, 0]",22
79,"[0, 1]",145.09999999999874,"[78, 78]","[0, 0]","[0, 0]",22
0,"[0, 1]",71.64999999999807,"[-999, 7]","[0, 0]","[0, 0]",23
1,"[2, 1]",36.45000000000007,"[-999, -999]","[0, 0]","[0, 0]",23
2,"[0, 1]",70.34999999999815,"[0, 0]","[0, 0]","[0, 0]",23
3,"[2, 1]",36.80000000000005,"[1, 1]","[0, 0]","[0, 0]",23
4,"[2, 1]",38.99999999999992,"[3, 3]","[0, 0]","[0, 0]",23
5,"[2, 1]",41.749999999999766,"[4, 4]","[0, 0]","[0, 0]",23
6,"[2, 1]",44.49999999999961,"[5, 5]","[0, 0]","[0, 0]",23
7,"[2, 1]",46.849999999999476,"[6, 6]","[0, 0]","[0, 0]",23
8,"[2, 3]",75.14999999999787,"[7, -999]","[0, 0]","[0, 0]",23
9,"[2, 1]",57.399999999998876,"[8, 2]","[7.099999999999983, 0]","[7.099999999999983, 0]",23
10,"[2, 1]",58.89999999999879,"[9, 9]","[4.249999999999993, 0]","[2.9499999999999975, 0]",23
11,"[2, 1]",61.59999999999864,"[10, 10]","[6.449999999999985, 0]","[0, 0]",23
12,"[2, 3]",91.14999999999696,"[11, 8]","[4.849999999999991, 0]","[0, 0]",23
13,"[2, 1]",64.2499999999985,"[12, 11]","[10.100000000000009, 0]","[0.05, 0]",23
14,"[2, 1]",67.6999999999983,"[13, 13]","[9.700000000000003, 0]","[0, 0]",23
15,"[0, 3]",96.89999999999664,"[2, 12]","[0, 0]","[0, 0]",23
16,"[0, 3]",100.94999999999641,"[15, 15]","[0, 0]","[0, 0]",23
17,"[2, 1]",65.14999999999844,"[14, 14]","[7.399999999999982, 0]","[0, 0]",23
18,"[2, 1]",68.14999999999827,"[17, 17]","[5.649999999999988, 0]","[0, 0]",23
19,"[2, 1]",71.1999999999981,"[18, 18]","[4.149999999999993, 0]","[0, 0]",23
20,"[0, 3]",97.84999999999658,"[16, 16]","[0, 0]","[0, 0]",23
21,"[0, 1]",71.54999999999808,"[20, 19]","[0, 0]","[0, 0]",23
22,"[2, 1]",74.44999999999791,"[19, 21]","[2.5999999999999988, 0]","[0, 0]",23
23,"[0, 1]",76.4999999999978,"[21, 22]","[2.6999999999999984, 0]","[2.6999999999999984, 0]",23
24,"[0, 1]",83.4499999999974,"[23, 26]","[2.1000000000000005, 0]","[2.1000000000000005, 0]",23
25,"[0, 1]",89.79999999999704,"[24, 27]","[2.3999999999999995, 0]","[2.3999999999999995, 0]",23
26,"[2, 1]",72.29999999999804,"[22, 23]","[0, 0]","[0, 0]",23
27,"[2, 1]",78.59999999999768,"[26, 24]","[0, 0]","[0, 0]",23
28,"[2, 3]",109.9999999999959,"[27, 20]","[0, 0]","[0, 0]",23
29,"[0, 1]",82.14999999999748,"[25, 25]","[0, 0]","[0, 0]",23
30,"[0, 1]",83.94999999999737,"[29, 29]","[0, 0]","[0, 0]",23
31,"[0, 1]",90.549999999997,"[30, 39]","[2.499999999999999, 0]","[2.499999999999999, 0]",23
32,"[0, 1]",98.29999999999656,"[31, 40]","[2.25, 0]","[2.25, 0]",23
33,"[0, 1]",104.4999999999962,"[32, 41]","[2.6499999999999986, 0]","[2.6499999999999986, 0]",23
34,"[0, 1]",110.69999999999585,"[33, 42]","[2.7499999999999982, 0]","[2.7499999999999982, 0]",23
35,"[0, 1]",111.24999999999582,"[34, 34]","[0, 0]","[0, 0]",23
36,"[2, 3]",94.89999999999675,"[28, 28]","[0, 0]","[0, 0]",23
37,"[0, 3]",139.79999999999754,"[35, 43]","[0, 0]","[0, 0]",23
38,"[0, 1]",112.74999999999574,"[37, 44]","[0.8500000000000002, 0]","[0, 0]",23
39,"[2, 1]",64.1499999999985,"[36, 30]","[0, 0]","[0, 0]",23
40,"[2, 1]",70.84999999999812,"[39, 31]","[0.1, 0]","[0, 0]",23
41,"[2, 1]",76.79999999999778,"[40, 32]","[1.2000000000000004, 0]","[0, 0]",23
42,"[2, 1]",82.99999999999743,"[41, 33]","[1.4000000000000006, 0]","[0, 0]",23
43,"[2, 3]",114.89999999999561,"[42, 36]","[0, 0]","[0, 0]",23
44,"[2, 1]",90.499999999997,"[43, 35]","[0, 0]","[0, 0]",23
45,"[2, 3]",124.24999999999508,"[44, 37]","[0, 0]","[0, 0]",23
46,"[2, 1]",96.04999999999669,"[45, 38]","[0, 0]","[0, 0]",23
47,"[0, 3]",124.59999999999506,"[38, 45]","[1.1000000000000003, 0]","[0, 0]",23
48,"[0, 1]",97.34999999999661,"[47, 46]","[1.850000000000001, 0]","[0, 0]",23
49,"[2, 1]",110.49999999999586,"[46, 51]","[9.850000000000005, 0]","[9.850000000000005, 0]",23
50,"[0, 1]",96.49999999999666,"[48, 48]","[1.850000000000001, 0]","[0, 0]",23
51,"[0, 1]",98.69999999999654,"[50, 50]","[0.7500000000000001, 0]","[0, 0]",23
52,"[0, 1]",106.84999999999607,"[51, 49]","[2.549999999999999, 0]","[2.549999999999999, 0]",23
53,"[0, 1]",113.59999999999569,"[52, 55]","[2.2, 0]","[2.2, 0]",23
54,"[0, 1]",119.89999999999533,"[53, 57]","[2.499999999999999, 0]","[2.499999999999999, 0]",23
55,"[2, 1]",102.39999999999633,"[49, 52]","[1.4500000000000006, 0]","[0, 0]",23
56,"[0, 1]",117.74999999999545,"[54, 54]","[0, 0]","[0, 0]",23
57,"[2, 1]",105.89999999999613,"[55, 53]","[2.499999999999999, 0]","[0, 0]",23
58,"[0, 1]",116.7999999999955,"[56, 56]","[0, 0]","[0, 0]",23
59,"[0, 1]",123.8999999999951,"[58, 63]","[2.3999999999999995, 0]","[2.3999999999999995, 0]",23
60,"[0, 1]",131.54999999999566,"[59, 71]","[2.000000000000001, 0]","[2.000000000000001, 0]",23
61,"[2, 3]",129.5499999999952,"[57, 47]","[0, 0]","[0, 0]",23
62,"[0, 1]",135.09999999999647,"[60, 73]","[2.3499999999999996, 0]","[2.3499999999999996, 0]",23
63,"[2, 1]",109.29999999999593,"[61, 58]","[2.549999999999999, 0]","[2.549999999999999, 0]",23
64,"[0, 1]",138.59999999999727,"[62, 75]","[2.549999999999999, 0]","[2.549999999999999, 0]",23
65,"[0, 1]",144.79999999999868,"[64, 77]","[2.5999999999999988, 0]","[2.5999999999999988, 0]",23
66,"[0, 1]",145.3999999999988,"[65, 65]","[0, 0]","[0, 0]",23
67,"[0, 1]",147.24999999999923,"[66, 66]","[0, 0]","[0, 0]",23
68,"[0, 3]",179.35000000000653,"[67, -999]","[0, 0]","[0, 0]",23
69,"[0, 1]",153.35000000000062,"[68, 67]","[0, 0]","[0, 0]",23
70,"[0, 1]",155.70000000000115,"[69, 69]","[0.7000000000000001, 0]","[0, 0]",23
71,"[2, 1]",95.7999999999967,"[63, 59]","[0, 0]","[0, 0]",23
72,"[0, 3]",185.3500000000079,"[70, 68]","[0.9500000000000003, 0]","[0, 0]",23
73,"[2, 1]",99.09999999999651,"[71, 60]","[0, 0]","[0, 0]",23
74,"[0, 1]",156.60000000000136,"[72, 70]","[0.8000000000000002, 0]","[0, 0]",23
75,"[2, 1]",102.64999999999631,"[73, 62]","[1.4000000000000006, 0]","[0, 0]",23
76,"[0, 1]",156.20000000000127,"[74, 74]","[0.5499999999999999, 0]","[0, 0]",23
77,"[2, 1]",106.09999999999611,"[75, 64]","[4.749999999999991, 0]","[0, 0]",23
78,"[0, 1]",155.80000000000118,"[76, 76]","[0, 0]","[0, 0]",23
79,"[0, 1]",158.1000000000017,"[78, 78]","[0, 0]","[0, 0]",23
0,"[0, 1]",79.59999999999762,"[-999, 8]","[0, 0]","[5.999999999999987, 0]",24
1,"[2, 3]",67.79999999999829,"[-999, -999]","[0, 0]","[0, 0]",24
2,"[2, 1]",37.6,"[1, -999]","[0, 0]","[0, 0]",24
3,"[2, 1]",40.14999999999986,"[2, 2]","[0, 0]","[0, 0]",24
4,"[2, 1]",42.8499999999997,"[3, 3]","[0, 0]","[0, 0]",24
5,"[2, 1]",45.449999999999555,"[4, 4]","[0, 0]","[0, 0]",24
6,"[2, 1]",47.84999999999942,"[5, 5]","[0, 0]","[0, 0]",24
7,"[2, 1]",50.14999999999929,"[6, 6]","[0, 0]","[0, 0]",24
8,"[2, 1]",52.24999999999917,"[7, 7]","[0, 0]","[0, 0]",24
9,"[2, 1]",59.04999999999878,"[8, 0]","[2.2, 0]","[2.2, 0]",24
10,"[2, 1]",60.4999999999987,"[9, 9]","[4.399999999999992, 0]","[2.9499999999999975, 0]",24
11,"[2, 1]",63.09999999999855,"[10, 10]","[6.249999999999986, 0]","[0, 0]",24
12,"[0, 1]",72.39999999999803,"[0, 13]","[2.6999999999999984, 0]","[2.6999999999999984, 0]",24
13,"[2, 1]",62.94999999999856,"[11, 11]","[8.79999999999999, 0]","[0, 0]",24
14,"[2, 1]",71.84999999999806,"[13, 12]","[10.95000000000002, 0]","[0, 0]",24
15,"[2, 1]",78.69999999999767,"[14, 16]","[12.550000000000043, 0]","[0, 0]",24
16,"[0, 1]",70.39999999999814,"[12, 14]","[0, 0]","[0, 0]",24
17,"[2, 1]",77.34999999999775,"[15, 15]","[10.20000000000001, 0]","[0, 0]",24
18,"[2, 3]",110.99999999999584,"[17, -999]","[8.449999999999985, 0]","[0, 0]",24
19,"[2, 1]",84.14999999999736,"[18, 21]","[6.949999999999983, 0]","[0, 0]",24
20,"[2, 1]",98.99999999999652,"[19, 24]","[12.150000000000038, 0]","[6.699999999999984, 0]",24
21,"[0, 1]",73.79999999999795,"[16, 17]","[3.5499999999999954, 0]","[3.5499999999999954, 0]",24
22,"[0, 3]",106.64999999999608,"[21, 18]","[1.6500000000000008, 0]","[1.6500000000000008, 0]",24
23,"[0, 1]",79.9999999999976,"[22, 19]","[0, 0]","[0, 0]",24
24,"[0, 1]",81.8499999999975,"[23, 23]","[0, 0]","[0, 0]",24
25,"[2, 1]",94.34999999999678,"[20, 28]","[2.25, 0]","[0, 0]",24
26,"[0, 3]",111.34999999999582,"[24, 22]","[0, 0]","[0, 0]",24
27,"[2, 1]",97.79999999999659,"[25, 29]","[0, 0]","[0, 0]",24
28,"[0, 1]",80.84999999999755,"[26, 20]","[0, 0]","[0, 0]",24
29,"[0, 1]",87.49999999999717,"[28, 25]","[2.499999999999999, 0]","[2.499999999999999, 0]",24
30,"[0, 3]",118.89999999999539,"[29, 26]","[0, 0]","[0, 0]",24
31,"[0, 1]",96.74999999999665,"[30, 32]","[2.6499999999999986, 0]","[2.6499999999999986, 0]",24
32,"[2, 1]",87.44999999999717,"[27, 27]","[1.7000000000000008, 0]","[0, 0]",24
33,"[2, 1]",101.94999999999635,"[32, 34]","[5.4999999999999885, 0]","[3.1999999999999966, 0]",24
34,"[0, 1]",92.99999999999686,"[31, 31]","[0, 0]","[0, 0]",24
35,"[0, 3]",125.09999999999503,"[34, 30]","[0, 0]","[0, 0]",24
36,"[2, 1]",97.34999999999661,"[33, 33]","[0, 0]","[0, 0]",24
37,"[0, 3]",125.89999999999499,"[35, 35]","[0, 0]","[0, 0]",24
38,"[2, 1]",97.24999999999662,"[36, 36]","[0, 0]","[0, 0]",24
39,"[2, 1]",106.3499999999961,"[38, 46]","[0, 0]","[0, 0]",24
40,"[2, 1]",118.29999999999542,"[39, 50]","[3.999999999999994, 0]","[2.6499999999999986, 0]",24
41,"[2, 1]",123.9999999999951,"[40, 51]","[2.6999999999999984, 0]","[0, 0]",24
42,"[2, 1]",130.04999999999532,"[41, 52]","[3.2499999999999964, 0]","[0, 0]",24
43,"[2, 1]",136.39999999999677,"[42, 53]","[3.699999999999995, 0]","[0, 0]",24
44,"[2, 1]",142.6999999999982,"[43, 54]","[7.099999999999983, 0]","[0, 0]",24
45,"[0, 3]",109.49999999999592,"[37, 37]","[0, 0]","[0, 0]",24
46,"[0, 1]",81.6499999999975,"[45, 38]","[0, 0]","[0, 0]",24
47,"[0, 1]",88.44999999999712,"[46, 39]","[2.549999999999999, 0]","[2.549999999999999, 0]",24
48,"[2, 1]",140.74999999999775,"[44, 55]","[5.349999999999989, 0]","[0, 0]",24
49,"[2, 1]",147.0999999999992,"[48, 56]","[6.449999999999985, 0]","[0, 0]",24
50,"[0, 1]",84.59999999999734,"[47, 47]","[0, 0]","[0, 0]",24
51,"[0, 1]",91.69999999999693,"[50, 40]","[2.549999999999999, 0]","[2.549999999999999, 0]",24
52,"[0, 1]",99.14999999999651,"[51, 41]","[2.499999999999999, 0]","[2.499999999999999, 0]",24
53,"[0, 1]",105.59999999999614,"[52, 42]","[2.2, 0]","[2.2, 0]",24
54,"[0, 1]",111.89999999999579,"[53, 43]","[2.3, 0]","[2.3, 0]",24
55,"[0, 1]",118.19999999999543,"[54, 44]","[2.499999999999999, 0]","[2.499999999999999, 0]",24
56,"[0, 1]",124.49999999999507,"[55, 48]","[2.2, 0]","[2.2, 0]",24
57,"[2, 1]",134.19999999999627,"[49, 58]","[5.849999999999987, 0]","[0, 0]",24
58,"[0, 1]",128.04999999999487,"[56, 49]","[2.3499999999999996, 0]","[2.3499999999999996, 0]",24
59,"[0, 1]",134.3999999999963,"[58, 57]","[2.4499999999999993, 0]","[2.4499999999999993, 0]",24
60,"[0, 1]",140.64999999999773,"[59, 63]","[2.549999999999999, 0]","[2.549999999999999, 0]",24
61,"[0, 3]",170.25000000000446,"[60, -999]","[0, 0]","[0, 0]",24
62,"[0, 1]",142.6999999999982,"[61, 64]","[0, 0]","[0, 0]",24
63,"[2, 1]",126.69999999999494,"[57, 59]","[2.3, 0]","[0, 0]",24
64,"[2, 1]",132.94999999999598,"[63, 60]","[6.749999999999984, 0]","[0, 0]",24
65,"[2, 1]",139.94999999999757,"[64, 62]","[9.45, 0]","[0, 0]",24
66,"[0, 1]",141.29999999999788,"[62, 65]","[2.6499999999999986, 0]","[2.6499999999999986, 0]",24
67,"[2, 1]",143.49999999999838,"[65, 66]","[11.050000000000022, 0]","[0, 0]",24
68,"[0, 1]",146.249999999999,"[66, 67]","[3.049999999999997, 0]","[2.3499999999999996, 0]",24
69,"[2, 3]",171.7500000000048,"[67, 61]","[12.900000000000048, 0]","[0, 0]",24
70,"[2, 1]",154.85000000000096,"[69, 76]","[20.250000000000153, 0]","[2.0500000000000007, 0]",24
71,"[2, 1]",160.7000000000023,"[70, 78]","[18.350000000000126, 0]","[0, 0]",24
72,"[2, 3]",191.80000000000936,"[71, 69]","[17.500000000000114, 0]","[0, 0]",24
73,"[2, 1]",165.05000000000328,"[72, 79]","[16.4500000000001, 0]","[0, 0]",24
74,"[0, 1]",133.049999999996,"[68, 68]","[0.65, 0]","[0, 0]",24
75,"[2, 1]",165.5500000000034,"[73, 73]","[15.300000000000082, 0]","[0, 0]",24
76,"[0, 1]",132.0999999999958,"[74, 74]","[0.3, 0]","[0, 0]",24
77,"[2, 1]",165.70000000000343,"[75, 75]","[15.450000000000085, 0]","[0, 0]",24
78,"[0, 1]",136.4999999999968,"[76, 70]","[2.4499999999999993, 0]","[2.4499999999999993, 0]",24
79,"[0, 1]",144.29999999999856,"[78, 71]","[1.7000000000000008, 0]","[1.7000000000000008, 0]",24
0,"[2, 3]",67.79999999999829,"[-999, -999]","[0, 0]","[0, 0]",25
1,"[2, 3]",71.2999999999981,"[0, 0]","[0, 0]","[0, 0]",25
2,"[2, 3]",73.99999999999794,"[1, 1]","[0, 0]","[0, 0]",25
3,"[2, 1]",40.79999999999982,"[2, -999]","[0, 0]","[0, 0]",25
4,"[2, 1]",43.99999999999964,"[3, 3]","[0, 0]","[0, 0]",25
5,"[2, 1]",46.3999999999995,"[4, 4]","[0, 0]","[0, 0]",25
6,"[2, 1]",48.69999999999937,"[5, 5]","[0, 0]","[0, 0]",25
7,"[2, 1]",50.94999999999924,"[6, 6]","[0, 0]","[0, 0]",25
8,"[0, 3]",97.19999999999662,"[0, 11]","[0, 0]","[0, 0]",25
9,"[2, 1]",50.29999999999928,"[7, 7]","[0, 0]","[0, 0]",25
10,"[2, 1]",51.99999999999918,"[9, 9]","[0, 0]","[0, 0]",25
11,"[2, 3]",79.8499999999976,"[10, 2]","[0, 0]","[0, 0]",25
12,"[0, 1]",70.49999999999814,"[8, 17]","[0, 0]","[0, 0]",25
13,"[2, 1]",50.549999999999265,"[11, 10]","[0, 0]","[0, 0]",25
14,"[2, 1]",53.349999999999106,"[13, 13]","[0, 0]","[0, 0]",25
15,"[0, 1]",68.24999999999827,"[12, 12]","[0, 0]","[0, 0]",25
16,"[0, 1]",75.39999999999786,"[15, 19]","[1.5000000000000007, 0]","[1.5000000000000007, 0]",25
17,"[2, 1]",50.749999999999254,"[14, 14]","[0, 0]","[0, 0]",25
18,"[2, 3]",83.84999999999738,"[17, 8]","[0, 0]","[0, 0]",25
19,"[2, 1]",63.749999999998515,"[18, 15]","[8.79999999999999, 0]","[2.849999999999998, 0]",25
20,"[0, 1]",68.64999999999824,"[16, 16]","[0, 0]","[0, 0]",25
21,"[0, 1]",75.69999999999784,"[20, 22]","[1.850000000000001, 0]","[1.850000000000001, 0]",25
22,"[2, 1]",69.4999999999982,"[19, 20]","[11.100000000000023, 0]","[6.5999999999999845, 0]",25
23,"[0, 1]",79.34999999999764,"[21, 25]","[2.499999999999999, 0]","[2.499999999999999, 0]",25
24,"[0, 1]",86.34999999999724,"[23, 27]","[2.799999999999998, 0]","[2.799999999999998, 0]",25
25,"[2, 1]",69.74999999999818,"[22, 21]","[0, 0]","[0, 0]",25
26,"[0, 1]",84.84999999999732,"[24, 24]","[0, 0]","[0, 0]",25
27,"[2, 1]",73.19999999999798,"[25, 23]","[0, 0]","[0, 0]",25
28,"[0, 1]",89.04999999999708,"[26, 30]","[2.499999999999999, 0]","[2.499999999999999, 0]",25
29,"[0, 1]",90.649999999997,"[28, 28]","[0, 0]","[0, 0]",25
30,"[2, 1]",79.9499999999976,"[27, 26]","[3.149999999999997, 0]","[2.6499999999999986, 0]",25
31,"[0, 1]",94.49999999999677,"[29, 37]","[2.549999999999999, 0]","[2.549999999999999, 0]",25
32,"[0, 1]",96.24999999999667,"[31, 31]","[0, 0]","[0, 0]",25
33,"[0, 1]",103.39999999999627,"[32, 39]","[2.549999999999999, 0]","[2.549999999999999, 0]",25
34,"[0, 1]",109.9999999999959,"[33, 41]","[2.6999999999999984, 0]","[2.6999999999999984, 0]",25
35,"[0, 1]",111.39999999999581,"[34, 34]","[0, 0]","[0, 0]",25
36,"[2, 3]",95.7499999999967,"[30, -999]","[0, 0]","[0, 0]",25
37,"[2, 1]",73.89999999999795,"[36, 29]","[0, 0]","[0, 0]",25
38,"[0, 3]",137.8499999999971,"[35, -999]","[0, 0]","[0, 0]",25
39,"[2, 1]",83.24999999999741,"[37, 32]","[2.799999999999998, 0]","[2.799999999999998, 0]",25
40,"[0, 1]",113.2999999999957,"[38, 43]","[2.849999999999998, 0]","[2.849999999999998, 0]",25
41,"[2, 1]",86.14999999999725,"[39, 33]","[0, 0]","[0, 0]",25
42,"[2, 1]",98.29999999999656,"[41, 35]","[2.5999999999999988, 0]","[2.5999999999999988, 0]",25
43,"[2, 1]",98.74999999999653,"[42, 42]","[0.6, 0]","[0, 0]",25
44,"[0, 1]",106.69999999999608,"[40, 40]","[0.8500000000000002, 0]","[0, 0]",25
45,"[0, 3]",138.7499999999973,"[44, 38]","[1.3000000000000005, 0]","[0, 0]",25
46,"[0, 3]",142.34999999999812,"[45, 45]","[1.6500000000000008, 0]","[0, 0]",25
47,"[0, 1]",115.0999999999956,"[46, 50]","[2.1000000000000005, 0]","[0, 0]",25
48,"[0, 1]",117.14999999999549,"[47, 47]","[2.4499999999999993, 0]","[0, 0]",25
49,"[2, 1]",98.94999999999652,"[43, 44]","[6.5999999999999845, 0]","[6.5999999999999845, 0]",25
50,"[2, 1]",100.59999999999643,"[49, 49]","[0, 0]","[0, 0]",25
51,"[0, 1]",113.84999999999567,"[48, 48]","[2.6999999999999984, 0]","[0, 0]",25
52,"[0, 3]",146.09999999999897,"[51, 46]","[2.9499999999999975, 0]","[0, 0]",25
53,"[0, 1]",125.39999999999502,"[52, 58]","[6.299999999999986, 0]","[3.2499999999999964, 0]",25
54,"[0, 1]",126.04999999999498,"[53, 53]","[3.399999999999996, 0]","[0, 0]",25
55,"[0, 1]",132.79999999999595,"[54, 63]","[6.549999999999985, 0]","[2.549999999999999, 0]",25
56,"[0, 1]",134.2999999999963,"[55, 55]","[4.149999999999993, 0]","[0, 0]",25
57,"[2, 1]",103.64999999999625,"[50, 51]","[9.900000000000006, 0]","[9.900000000000006, 0]",25
58,"[2, 1]",104.44999999999621,"[57, 57]","[0, 0]","[0, 0]",25
59,"[0, 1]",130.94999999999553,"[56, 56]","[3.7999999999999945, 0]","[0, 0]",25
60,"[0, 1]",138.04999999999714,"[59, 64]","[6.799999999999984, 0]","[2.3999999999999995, 0]",25
61,"[0, 1]",145.54999999999885,"[60, 65]","[6.949999999999983, 0]","[2.5999999999999988, 0]",25
62,"[0, 1]",151.9000000000003,"[61, 68]","[6.349999999999985, 0]","[2.3, 0]",25
63,"[2, 1]",107.19999999999605,"[58, 54]","[2.9999999999999973, 0]","[2.9999999999999973, 0]",25
64,"[2, 1]",123.49999999999513,"[63, 59]","[7.499999999999981, 0]","[6.299999999999986, 0]",25
65,"[2, 1]",129.19999999999513,"[64, 60]","[2.4499999999999993, 0]","[0, 0]",25
66,"[0, 1]",144.19999999999854,"[62, 62]","[3.099999999999997, 0]","[0, 0]",25
67,"[0, 1]",146.04999999999896,"[66, 66]","[2.3499999999999996, 0]","[0, 0]",25
68,"[2, 1]",129.59999999999522,"[65, 61]","[0.65, 0]","[0, 0]",25
69,"[2, 3]",161.80000000000254,"[68, -999]","[2.3999999999999995, 0]","[0, 0]",25
70,"[0, 1]",147.24999999999923,"[67, 75]","[4.99999999999999, 0]","[2.499999999999999, 0]",25
71,"[0, 1]",148.8999999999996,"[70, 70]","[2.5999999999999988, 0]","[0, 0]",25
72,"[2, 3]",160.00000000000213,"[69, 69]","[3.999999999999994, 0]","[0, 0]",25
73,"[0, 1]",148.34999999999948,"[71, 71]","[2.6999999999999984, 0]","[0, 0]",25
74,"[0, 1]",150.6,"[73, 73]","[2.799999999999998, 0]","[0, 0]",25
75,"[2, 1]",129.44999999999519,"[72, 67]","[5.09999999999999, 0]","[0, 0]",25
76,"[0, 1]",150.09999999999988,"[74, 74]","[2.9499999999999975, 0]","[0, 0]",25
77,"[0, 1]",152.3500000000004,"[76, 76]","[2.9999999999999973, 0]","[0, 0]",25
78,"[0, 1]",154.65000000000092,"[77, 77]","[3.649999999999995, 0]","[0, 0]",25
79,"[0, 1]",156.95000000000144,"[78, 78]","[4.449999999999992, 0]","[0, 0]",25
0,"[2, 3]",67.79999999999829,"[-999, -999]","[0, 0]","[0, 0]",26
1,"[0, 1]",67.7499999999983,"[-999, 7]","[0, 0]","[0, 0]",26
2,"[0, 3]",100.69999999999642,"[1, 0]","[0, 0]","[0, 0]",26
3,"[2, 1]",36.500000000000064,"[0, -999]","[0, 0]","[0, 0]",26
4,"[2, 1]",38.69999999999994,"[3, 3]","[0, 0]","[0, 0]",26
5,"[2, 1]",41.34999999999979,"[4, 4]","[0, 0]","[0, 0]",26
6,"[2, 1]",44.09999999999963,"[5, 5]","[0, 0]","[0, 0]",26
7,"[2, 1]",46.59999999999949,"[6, 6]","[0, 0]","[0, 0]",26
8,"[0, 3]",97.04999999999663,"[2, 2]","[0, 0]","[0, 0]",26
9,"[2, 1]",52.149999999999174,"[7, 1]","[2.5999999999999988, 0]","[2.5999999999999988, 0]",26
10,"[2, 1]",53.4499999999991,"[9, 9]","[3.4999999999999956, 0]","[3.4999999999999956, 0]",26
11,"[0, 3]",97.69999999999659,"[8, 8]","[0, 0]","[0, 0]",26
12,"[0, 3]",101.34999999999638,"[11, 11]","[0, 0]","[0, 0]",26
13,"[2, 1]",50.29999999999928,"[10, 10]","[0, 0]","[0, 0]",26
14,"[2, 1]",53.04999999999912,"[13, 13]","[4.099999999999993, 0]","[0, 0]",26
15,"[2, 1]",55.74999999999897,"[14, 14]","[6.399999999999985, 0]","[0, 0]",26
16,"[0, 3]",97.94999999999658,"[12, 12]","[0, 0]","[0, 0]",26
17,"[2, 1]",56.04999999999895,"[15, 15]","[7.89999999999998, 0]","[0, 0]",26
18,"[0, 1]",71.34999999999809,"[16, 22]","[0, 0]","[0, 0]",26
19,"[2, 1]",56.39999999999893,"[17, 17]","[3.599999999999995, 0]","[0, 0]",26
20,"[0, 1]",70.34999999999815,"[18, 18]","[0, 0]","[0, 0]",26
21,"[0, 1]",78.2499999999977,"[20, 27]","[0.49999999999999994, 0]","[0.49999999999999994, 0]",26
22,"[2, 1]",53.94999999999907,"[19, 19]","[0, 0]","[0, 0]",26
23,"[0, 1]",76.04999999999782,"[21, 21]","[0, 0]","[0, 0]",26
24,"[0, 1]",82.79999999999744,"[23, 32]","[2.499999999999999, 0]","[2.499999999999999, 0]",26
25,"[0, 1]",84.39999999999735,"[24, 24]","[0, 0]","[0, 0]",26
26,"[0, 1]",86.59999999999722,"[25, 25]","[0, 0]","[0, 0]",26
27,"[2, 1]",57.49999999999887,"[22, 20]","[6.399999999999985, 0]","[6.399999999999985, 0]",26
28,"[0, 1]",90.94999999999698,"[26, 36]","[2.4499999999999993, 0]","[2.4499999999999993, 0]",26
29,"[0, 1]",92.59999999999688,"[28, 28]","[0, 0]","[0, 0]",26
30,"[0, 1]",99.59999999999648,"[29, 37]","[2.4499999999999993, 0]","[2.4499999999999993, 0]",26
31,"[0, 1]",105.64999999999614,"[30, 38]","[2.499999999999999, 0]","[2.499999999999999, 0]",26
32,"[2, 1]",57.19999999999889,"[27, 23]","[6.5999999999999845, 0]","[6.5999999999999845, 0]",26
33,"[0, 1]",108.99999999999595,"[31, 39]","[2.549999999999999, 0]","[2.549999999999999, 0]",26
34,"[0, 1]",115.0999999999956,"[33, 41]","[2.499999999999999, 0]","[2.499999999999999, 0]",26
35,"[0, 1]",121.19999999999526,"[34, 42]","[2.549999999999999, 0]","[2.549999999999999, 0]",26
36,"[2, 1]",65.39999999999843,"[32, 26]","[12.600000000000044, 0]","[12.600000000000044, 0]",26
37,"[2, 1]",76.79999999999778,"[36, 29]","[21.50000000000017, 0]","[4.749999999999991, 0]",26
38,"[2, 1]",82.44999999999746,"[37, 30]","[18.800000000000132, 0]","[0, 0]",26
39,"[2, 1]",88.49999999999712,"[38, 31]","[28.900000000000276, 0]","[0, 0]",26
40,"[0, 1]",117.39999999999547,"[35, 43]","[2.799999999999998, 0]","[2.799999999999998, 0]",26
41,"[2, 1]",91.84999999999692,"[39, 33]","[33.95000000000021, 0]","[0, 0]",26
42,"[2, 1]",97.99999999999658,"[41, 34]","[31.550000000000313, 0]","[0, 0]",26
43,"[2, 1]",104.09999999999623,"[42, 35]","[29.90000000000029, 0]","[0, 0]",26
44,"[0, 1]",110.24999999999588,"[40, 40]","[0, 0]","[0, 0]",26
45,"[2, 1]",113.54999999999569,"[43, 44]","[30.850000000000303, 0]","[2.549999999999999, 0]",26
46,"[2, 1]",113.99999999999567,"[45, 45]","[26.750000000000245, 0]","[0, 0]",26
47,"[2, 1]",133.14999999999603,"[46, 52]","[35.20000000000014, 0]","[9.850000000000005, 0]",26
48,"[0, 3]",133.8499999999962,"[44, -999]","[0, 0]","[0, 0]",26
49,"[2, 1]",136.1499999999967,"[47, 53]","[23.750000000000203, 0]","[0, 0]",26
50,"[0, 1]",109.34999999999593,"[48, 46]","[3.7999999999999945, 0]","[2.849999999999998, 0]",26
51,"[0, 1]",110.99999999999584,"[50, 50]","[1.5000000000000007, 0]","[0, 0]",26
52,"[0, 1]",113.14999999999571,"[51, 51]","[1.6000000000000008, 0]","[0, 0]",26
53,"[0, 1]",120.3999999999953,"[52, 47]","[4.249999999999993, 0]","[2.549999999999999, 0]",26
54,"[0, 1]",127.69999999999489,"[53, 49]","[4.399999999999992, 0]","[2.7499999999999982, 0]",26
55,"[2, 1]",128.2499999999949,"[49, 54]","[10.800000000000018, 0]","[0, 0]",26
56,"[0, 1]",131.2499999999956,"[54, 55]","[4.149999999999993, 0]","[2.4499999999999993, 0]",26
57,"[2, 1]",131.79999999999572,"[55, 56]","[8.599999999999987, 0]","[0, 0]",26
58,"[0, 1]",134.7999999999964,"[56, 57]","[4.199999999999993, 0]","[2.499999999999999, 0]",26
59,"[2, 1]",135.34999999999653,"[57, 58]","[5.699999999999988, 0]","[0, 0]",26
60,"[0, 1]",138.2999999999972,"[58, 59]","[4.299999999999993, 0]","[2.549999999999999, 0]",26
61,"[0, 3]",167.85000000000392,"[60, -999]","[1.900000000000001, 0]","[0, 0]",26
62,"[0, 1]",140.29999999999765,"[61, 63]","[2.7499999999999982, 0]","[0, 0]",26
63,"[2, 1]",133.34999999999607,"[59, 60]","[3.8499999999999943, 0]","[0, 0]",26
64,"[0, 1]",144.34999999999857,"[62, 67]","[5.4999999999999885, 0]","[2.549999999999999, 0]",26
65,"[0, 1]",152.05000000000032,"[64, 73]","[4.549999999999992, 0]","[2.25, 0]",26
66,"[0, 1]",158.35000000000176,"[65, 75]","[3.699999999999995, 0]","[2.4499999999999993, 0]",26
67,"[2, 1]",131.99999999999577,"[63, 62]","[3.099999999999997, 0]","[0, 0]",26
68,"[0, 1]",156.25000000000128,"[66, 66]","[5.299999999999989, 0]","[0, 0]",26
69,"[0, 3]",187.45000000000837,"[68, 76]","[5.1999999999999895, 0]","[0, 0]",26
70,"[0, 3]",190.75000000000912,"[69, 69]","[5.04999999999999, 0]","[0, 0]",26
71,"[0, 3]",193.55000000000976,"[70, 70]","[4.94999999999999, 0]","[0, 0]",26
72,"[0, 1]",165.70000000000343,"[71, 77]","[4.299999999999993, 0]","[0, 0]",26
73,"[2, 1]",124.59999999999506,"[67, 64]","[3.4499999999999957, 0]","[0, 0]",26
74,"[0, 1]",165.30000000000334,"[72, 72]","[3.4499999999999957, 0]","[0, 0]",26
75,"[2, 1]",127.89999999999488,"[73, 65]","[7.349999999999982, 0]","[0, 0]",26
76,"[2, 3]",159.8500000000021,"[75, 61]","[10.300000000000011, 0]","[0, 0]",26
77,"[2, 1]",135.44999999999655,"[76, 68]","[11.250000000000025, 0]","[0, 0]",26
78,"[0, 1]",159.400000000002,"[74, 74]","[1.2000000000000004, 0]","[0, 0]",26
79,"[0, 1]",161.6500000000025,"[78, 78]","[0.8500000000000002, 0]","[0, 0]",26
0,"[0, 3]",96.64999999999665,"[-999, -999]","[0, 0]","[0, 0]",27
1,"[0, 3]",105.39999999999615,"[0, 8]","[0, 0]","[0, 0]",27
2,"[2, 1]",36.45000000000007,"[-999, -999]","[0, 0]","[0, 0]",27
3,"[2, 1]",38.54999999999995,"[2, 2]","[0, 0]","[0, 0]",27
4,"[2, 1]",41.1499999999998,"[3, 3]","[0, 0]","[0, 0]",27
5,"[2, 1]",43.89999999999964,"[4, 4]","[0, 0]","[0, 0]",27
6,"[2, 1]",46.4499999999995,"[5, 5]","[0, 0]","[0, 0]",27
7,"[2, 1]",48.799999999999365,"[6, 6]","[0, 0]","[0, 0]",27
8,"[2, 3]",80.89999999999755,"[7, 0]","[0, 0]","[0, 0]",27
9,"[2, 1]",52.149999999999174,"[8, 7]","[0, 0]","[0, 0]",27
10,"[2, 1]",53.899999999999075,"[9, 9]","[0, 0]","[0, 0]",27
11,"[2, 1]",56.04999999999895,"[10, 10]","[0, 0]","[0, 0]",27
12,"[2, 1]",58.6999999999988,"[11, 11]","[0, 0]","[0, 0]",27
13,"[2, 1]",61.49999999999864,"[12, 12]","[0, 0]","[0, 0]",27
14,"[2, 1]",64.2499999999985,"[13, 13]","[5.4999999999999885, 0]","[0, 0]",27
15,"[2, 3]",98.09999999999657,"[14, 1]","[11.000000000000021, 0]","[0.05, 0]",27
16,"[0, 1]",67.5499999999983,"[1, 14]","[0, 0]","[0, 0]",27
17,"[2, 1]",69.54999999999819,"[15, 16]","[8.649999999999988, 0]","[0, 0]",27
18,"[2, 1]",70.89999999999812,"[17, 17]","[6.949999999999983, 0]","[0, 0]",27
19,"[2, 1]",78.59999999999768,"[18, 21]","[5.349999999999989, 0]","[0, 0]",27
20,"[2, 1]",84.79999999999733,"[19, 22]","[3.8499999999999943, 0]","[0, 0]",27
21,"[0, 1]",67.79999999999829,"[16, 18]","[0, 0]","[0, 0]",27
22,"[0, 1]",74.49999999999791,"[21, 19]","[0, 0]","[0, 0]",27
23,"[0, 1]",80.69999999999756,"[22, 20]","[2.3999999999999995, 0]","[2.3999999999999995, 0]",27
24,"[0, 1]",86.9499999999972,"[23, 25]","[2.4499999999999993, 0]","[2.4499999999999993, 0]",27
25,"[2, 1]",80.19999999999759,"[20, 23]","[2.3999999999999995, 0]","[0, 0]",27
26,"[2, 1]",86.39999999999723,"[25, 24]","[0.9000000000000002, 0]","[0, 0]",27
27,"[2, 1]",98.59999999999654,"[26, 31]","[2.6499999999999986, 0]","[2.6499999999999986, 0]",27
28,"[0, 1]",85.69999999999727,"[24, 26]","[2.7499999999999982, 0]","[2.7499999999999982, 0]",27
29,"[2, 1]",101.54999999999637,"[27, 33]","[0, 0]","[0, 0]",27
30,"[2, 3]",132.6499999999959,"[29, -999]","[0.8000000000000002, 0]","[0, 0]",27
31,"[0, 1]",81.49999999999751,"[28, 28]","[0, 0]","[0, 0]",27
32,"[2, 1]",106.89999999999607,"[30, 35]","[2.3499999999999996, 0]","[0, 0]",27
33,"[0, 1]",85.64999999999728,"[31, 27]","[2.4499999999999993, 0]","[2.4499999999999993, 0]",27
34,"[0, 1]",92.69999999999688,"[33, 29]","[2.799999999999998, 0]","[2.799999999999998, 0]",27
35,"[0, 1]",93.89999999999681,"[34, 34]","[0, 0]","[0, 0]",27
36,"[2, 1]",111.04999999999583,"[32, 40]","[3.2499999999999964, 0]","[3.2499999999999964, 0]",27
37,"[0, 1]",97.5999999999966,"[35, 32]","[2.4499999999999993, 0]","[2.4499999999999993, 0]",27
38,"[2, 1]",113.94999999999567,"[36, 44]","[0, 0]","[0, 0]",27
39,"[2, 1]",120.09999999999532,"[38, 45]","[0, 0]","[0, 0]",27
40,"[0, 1]",93.79999999999681,"[37, 37]","[0, 0]","[0, 0]",27
41,"[2, 1]",118.04999999999544,"[39, 39]","[0.3, 0]","[0, 0]",27
42,"[2, 1]",126.69999999999494,"[41, 48]","[2.1000000000000005, 0]","[0, 0]",27
43,"[2, 1]",132.79999999999595,"[42, 50]","[3.349999999999996, 0]","[0, 0]",27
44,"[0, 1]",92.69999999999688,"[40, 36]","[2.499999999999999, 0]","[2.499999999999999, 0]",27
45,"[0, 1]",98.79999999999653,"[44, 38]","[2.549999999999999, 0]","[2.549999999999999, 0]",27
46,"[0, 3]",129.9499999999953,"[45, 30]","[0, 0]","[0, 0]",27
47,"[0, 3]",133.59999999999613,"[46, 46]","[0, 0]","[0, 0]",27
48,"[0, 1]",104.39999999999621,"[47, 41]","[0, 0]","[0, 0]",27
49,"[2, 1]",125.09999999999503,"[43, 51]","[4.749999999999991, 0]","[0, 0]",27
50,"[0, 1]",108.64999999999597,"[48, 42]","[2.549999999999999, 0]","[2.549999999999999, 0]",27
51,"[0, 1]",114.74999999999562,"[50, 43]","[2.4499999999999993, 0]","[2.4499999999999993, 0]",27
52,"[2, 1]",125.749999999995,"[49, 53]","[8.999999999999993, 0]","[0, 0]",27
53,"[0, 1]",117.99999999999544,"[51, 49]","[2.4499999999999993, 0]","[2.4499999999999993, 0]",27
54,"[0, 1]",124.24999999999508,"[53, 52]","[2.499999999999999, 0]","[2.499999999999999, 0]",27
55,"[2, 1]",126.39999999999496,"[52, 54]","[4.849999999999991, 0]","[0, 0]",27
56,"[0, 1]",127.84999999999488,"[54, 55]","[2.549999999999999, 0]","[2.549999999999999, 0]",27
57,"[2, 1]",129.9499999999953,"[55, 56]","[4.6499999999999915, 0]","[0, 0]",27
58,"[0, 1]",132.44999999999587,"[56, 57]","[2.799999999999998, 0]","[2.799999999999998, 0]",27
59,"[0, 1]",138.7999999999973,"[58, 61]","[2.3999999999999995, 0]","[2.3999999999999995, 0]",27
60,"[0, 1]",145.04999999999873,"[59, 63]","[2.3499999999999996, 0]","[2.3499999999999996, 0]",27
61,"[2, 1]",127.5499999999949,"[57, 58]","[6.299999999999986, 0]","[0, 0]",27
62,"[0, 1]",148.54999999999953,"[60, 64]","[2.499999999999999, 0]","[2.499999999999999, 0]",27
63,"[2, 1]",131.04999999999555,"[61, 59]","[8.79999999999999, 0]","[0, 0]",27
64,"[2, 1]",137.34999999999698,"[63, 60]","[9.750000000000004, 0]","[0, 0]",27
65,"[0, 1]",149.3499999999997,"[62, 67]","[2.4499999999999993, 0]","[2.4499999999999993, 0]",27
66,"[0, 1]",149.89999999999984,"[65, 65]","[0.6, 0]","[0, 0]",27
67,"[2, 1]",138.14999999999716,"[64, 62]","[12.050000000000036, 0]","[0, 0]",27
68,"[2, 3]",169.80000000000436,"[67, -999]","[12.30000000000004, 0]","[0, 0]",27
69,"[0, 1]",152.3500000000004,"[66, 71]","[2.799999999999998, 0]","[2.799999999999998, 0]",27
70,"[0, 1]",152.95000000000053,"[69, 69]","[0, 0]","[0, 0]",27
71,"[2, 1]",140.14999999999762,"[68, 66]","[7.199999999999982, 0]","[0, 0]",27
72,"[0, 1]",156.90000000000143,"[70, 73]","[2.4499999999999993, 0]","[2.4499999999999993, 0]",27
73,"[2, 1]",150.54999999999998,"[71, 70]","[6.749999999999984, 0]","[2.3999999999999995, 0]",27
74,"[0, 1]",161.1500000000024,"[72, 75]","[2.799999999999998, 0]","[2.799999999999998, 0]",27
75,"[2, 1]",153.45000000000064,"[73, 72]","[3.049999999999997, 0]","[0, 0]",27
76,"[0, 1]",159.55000000000203,"[74, 74]","[0, 0]","[0, 0]",27
77,"[2, 1]",162.85000000000278,"[75, 76]","[6.0499999999999865, 0]","[2.5999999999999988, 0]",27
78,"[0, 1]",163.70000000000297,"[76, 77]","[2.499999999999999, 0]","[2.499999999999999, 0]",27
79,"[0, 1]",165.30000000000334,"[78, 78]","[0, 0]","[0, 0]",27
0,"[2, 3]",67.79999999999829,"[-999, -999]","[0, 0]","[0, 0]",28
1,"[0, 1]",67.7499999999983,"[-999, 7]","[0, 0]","[0, 0]",28
2,"[0, 1]",74.7499999999979,"[1, 8]","[0, 0]","[0, 0]",28
3,"[2, 1]",36.500000000000064,"[0, -999]","[0, 0]","[0, 0]",28
4,"[2, 1]",38.69999999999994,"[3, 3]","[0, 0]","[0, 0]",28
5,"[2, 1]",41.34999999999979,"[4, 4]","[0, 0]","[0, 0]",28
6,"[2, 1]",44.09999999999963,"[5, 5]","[0, 0]","[0, 0]",28
7,"[2, 1]",46.59999999999949,"[6, 6]","[0, 0]","[0, 0]",28
8,"[2, 1]",54.89999999999902,"[7, 1]","[2.7499999999999982, 0]","[2.7499999999999982, 0]",28
9,"[2, 1]",61.19999999999866,"[8, 2]","[6.749999999999984, 0]","[6.749999999999984, 0]",28
10,"[2, 1]",63.049999999998555,"[9, 9]","[10.750000000000018, 0]","[2.3999999999999995, 0]",28
11,"[2, 1]",65.74999999999841,"[10, 10]","[11.050000000000022, 0]","[0, 0]",28
12,"[2, 1]",68.49999999999825,"[11, 11]","[13.350000000000055, 0]","[0, 0]",28
13,"[2, 1]",71.54999999999808,"[12, 12]","[15.15000000000008, 0]","[0, 0]",28
14,"[2, 1]",74.7499999999979,"[13, 13]","[12.800000000000047, 0]","[0, 0]",28
15,"[2, 1]",77.74999999999773,"[14, 14]","[11.050000000000022, 0]","[0, 0]",28
16,"[2, 1]",80.79999999999755,"[15, 15]","[9.55, 0]","[0, 0]",28
17,"[2, 1]",90.34999999999701,"[16, 21]","[11.250000000000025, 0]","[3.1999999999999966, 0]",28
18,"[2, 1]",109.04999999999595,"[17, 26]","[16.350000000000097, 0]","[9.800000000000004, 0]",28
19,"[2, 1]",114.69999999999563,"[18, 28]","[5.14999999999999, 0]","[0, 0]",28
20,"[0, 3]",96.64999999999665,"[2, -999]","[0, 0]","[0, 0]",28
21,"[0, 1]",73.74999999999795,"[20, 16]","[0, 0]","[0, 0]",28
22,"[0, 3]",105.64999999999614,"[21, 20]","[0, 0]","[0, 0]",28
23,"[0, 1]",78.79999999999767,"[22, 17]","[0, 0]","[0, 0]",28
24,"[0, 1]",81.14999999999753,"[23, 23]","[0, 0]","[0, 0]",28
25,"[2, 1]",107.34999999999604,"[19, 29]","[3.699999999999995, 0]","[0, 0]",28
26,"[0, 1]",80.69999999999756,"[24, 24]","[0, 0]","[0, 0]",28
27,"[2, 1]",110.84999999999584,"[25, 30]","[0.44999999999999996, 0]","[0, 0]",28
28,"[0, 1]",85.1499999999973,"[26, 18]","[2.499999999999999, 0]","[2.499999999999999, 0]",28
29,"[0, 1]",91.44999999999695,"[28, 19]","[2.5999999999999988, 0]","[2.5999999999999988, 0]",28
30,"[0, 1]",99.1999999999965,"[29, 25]","[1.850000000000001, 0]","[1.850000000000001, 0]",28
31,"[0, 1]",105.59999999999614,"[30, 27]","[2.2, 0]","[2.2, 0]",28
32,"[0, 1]",111.99999999999578,"[31, 35]","[2.3, 0]","[2.3, 0]",28
33,"[0, 1]",112.54999999999575,"[32, 32]","[0, 0]","[0, 0]",28
34,"[0, 1]",114.44999999999564,"[33, 33]","[0, 0]","[0, 0]",28
35,"[2, 1]",97.94999999999658,"[27, 31]","[0, 0]","[0, 0]",28
36,"[2, 3]",129.79999999999526,"[35, -999]","[0, 0]","[0, 0]",28
37,"[2, 3]",133.54999999999612,"[36, 36]","[0, 0]","[0, 0]",28
38,"[2, 1]",108.84999999999596,"[37, 34]","[0.9000000000000002, 0]","[0, 0]",28
39,"[2, 1]",120.79999999999528,"[38, 43]","[5.399999999999989, 0]","[2.7499999999999982, 0]",28
40,"[2, 1]",121.29999999999525,"[39, 39]","[4.099999999999993, 0]","[0, 0]",28
41,"[0, 1]",104.6499999999962,"[34, 38]","[2.4499999999999993, 0]","[2.4499999999999993, 0]",28
42,"[2, 1]",132.49999999999588,"[40, 51]","[12.950000000000049, 0]","[6.5999999999999845, 0]",28
43,"[0, 1]",103.54999999999626,"[41, 41]","[0, 0]","[0, 0]",28
44,"[2, 1]",136.9999999999969,"[42, 53]","[9.700000000000003, 0]","[0, 0]",28
45,"[2, 1]",142.94999999999825,"[44, 54]","[12.900000000000048, 0]","[0, 0]",28
46,"[2, 3]",173.9500000000053,"[45, 52]","[12.950000000000049, 0]","[0, 0]",28
47,"[0, 3]",127.3499999999949,"[43, 37]","[0, 0]","[0, 0]",28
48,"[0, 1]",106.04999999999612,"[47, 40]","[3.1999999999999966, 0]","[3.1999999999999966, 0]",28
49,"[2, 1]",145.44999999999882,"[46, 60]","[9.099999999999994, 0]","[0, 0]",28
50,"[2, 1]",157.75000000000162,"[49, 62]","[11.300000000000026, 0]","[3.099999999999997, 0]",28
51,"[0, 1]",101.79999999999636,"[48, 48]","[0, 0]","[0, 0]",28
52,"[0, 3]",133.79999999999617,"[51, 47]","[0, 0]","[0, 0]",28
53,"[0, 1]",106.59999999999609,"[52, 42]","[0, 0]","[0, 0]",28
54,"[0, 1]",113.3999999999957,"[53, 44]","[2.4499999999999993, 0]","[2.4499999999999993, 0]",28
55,"[2, 1]",152.4000000000004,"[50, 64]","[5.09999999999999, 0]","[0, 0]",28
56,"[0, 1]",116.69999999999551,"[54, 45]","[2.4499999999999993, 0]","[2.4499999999999993, 0]",28
57,"[2, 1]",155.9500000000012,"[55, 66]","[7.94999999999998, 0]","[0, 0]",28
58,"[2, 1]",162.0000000000026,"[57, 69]","[12.250000000000039, 0]","[0, 0]",28
59,"[2, 3]",193.15000000000967,"[58, -999]","[16.900000000000105, 0]","[0, 0]",28
60,"[0, 1]",110.19999999999588,"[56, 56]","[0, 0]","[0, 0]",28
61,"[0, 1]",116.69999999999551,"[60, 49]","[2.4499999999999993, 0]","[2.4499999999999993, 0]",28
62,"[0, 1]",118.49999999999541,"[61, 61]","[0, 0]","[0, 0]",28
63,"[2, 1]",161.35000000000244,"[59, 72]","[21.45000000000017, 0]","[0, 0]",28
64,"[0, 1]",122.84999999999516,"[62, 50]","[2.4499999999999993, 0]","[2.4499999999999993, 0]",28
65,"[2, 1]",165.95000000000348,"[63, 74]","[21.850000000000176, 0]","[0, 0]",28
66,"[0, 1]",126.39999999999496,"[64, 55]","[2.5999999999999988, 0]","[2.5999999999999988, 0]",28
67,"[2, 1]",169.60000000000431,"[65, 76]","[31.90000000000032, 0]","[0, 0]",28
68,"[2, 1]",175.90000000000575,"[67, 78]","[35.00000000000015, 0]","[0, 0]",28
69,"[0, 1]",128.34999999999494,"[66, 57]","[2.6499999999999986, 0]","[2.6499999999999986, 0]",28
70,"[2, 1]",179.40000000000654,"[68, 79]","[38.64999999999994, 0]","[0, 0]",28
71,"[0, 1]",131.99999999999577,"[69, 58]","[2.1000000000000005, 0]","[2.1000000000000005, 0]",28
72,"[0, 1]",132.5999999999959,"[71, 71]","[0.39999999999999997, 0]","[0, 0]",28
73,"[2, 1]",175.10000000000556,"[70, 70]","[43.499999999999666, 0]","[0, 0]",28
74,"[0, 1]",137.79999999999708,"[72, 63]","[3.4499999999999957, 0]","[2.8999999999999977, 0]",28
75,"[2, 1]",175.35000000000562,"[73, 73]","[44.049999999999635, 0]","[0, 0]",28
76,"[0, 1]",141.4499999999979,"[74, 65]","[2.2, 0]","[2.2, 0]",28
77,"[2, 1]",175.7000000000057,"[75, 75]","[43.79999999999965, 0]","[0, 0]",28
78,"[0, 1]",145.04999999999873,"[76, 67]","[2.4499999999999993, 0]","[2.4499999999999993, 0]",28
79,"[0, 1]",151.40000000000018,"[78, 68]","[2.3499999999999996, 0]","[2.3499999999999996, 0]",28
0,"[2, 3]",67.79999999999829,"[-999, -999]","[0, 0]","[0, 0]",29
1,"[2, 1]",37.6,"[0, -999]","[0, 0]","[0, 0]",29
2,"[0, 1]",80.59999999999756,"[-999, 13]","[0, 0]","[5.999999999999987, 0]",29
3,"[2, 1]",36.95000000000004,"[1, 1]","[0, 0]","[0, 0]",29
4,"[2, 1]",39.24999999999991,"[3, 3]","[0, 0]","[0, 0]",29
5,"[2, 1]",41.949999999999754,"[4, 4]","[0, 0]","[0, 0]",29
6,"[2, 1]",44.5999999999996,"[5, 5]","[0, 0]","[0, 0]",29
7,"[2, 1]",46.99999999999947,"[6, 6]","[0, 0]","[0, 0]",29
8,"[0, 1]",71.59999999999808,"[2, 14]","[0, 0]","[0, 0]",29
9,"[2, 1]",46.64999999999949,"[7, 7]","[0, 0]","[0, 0]",29
10,"[2, 1]",48.74999999999937,"[9, 9]","[0, 0]","[0, 0]",29
11,"[0, 1]",74.14999999999793,"[8, 15]","[2.849999999999998, 0]","[2.849999999999998, 0]",29
12,"[0, 3]",104.6999999999962,"[11, -999]","[0, 0]","[0, 0]",29
13,"[2, 1]",44.24999999999962,"[10, 10]","[0, 0]","[0, 0]",29
14,"[2, 1]",51.89999999999919,"[13, 2]","[1.0500000000000003, 0]","[1.0500000000000003, 0]",29
15,"[2, 1]",57.89999999999885,"[14, 8]","[6.749999999999984, 0]","[6.749999999999984, 0]",29
16,"[2, 1]",64.69999999999847,"[15, 11]","[10.800000000000018, 0]","[2.3999999999999995, 0]",29
17,"[2, 1]",66.64999999999836,"[16, 16]","[15.80000000000009, 0]","[0, 0]",29
18,"[2, 1]",69.4999999999982,"[17, 17]","[17.400000000000112, 0]","[0, 0]",29
19,"[2, 1]",79.29999999999764,"[18, 21]","[22.75000000000019, 0]","[3.2999999999999963, 0]",29
20,"[2, 1]",87.49999999999717,"[19, 24]","[20.350000000000154, 0]","[3.2999999999999963, 0]",29
21,"[0, 1]",67.6499999999983,"[12, 18]","[0, 0]","[0, 0]",29
22,"[2, 1]",91.74999999999693,"[20, 28]","[15.350000000000083, 0]","[0, 0]",29
23,"[2, 1]",97.94999999999658,"[22, 29]","[13.800000000000061, 0]","[0, 0]",29
24,"[0, 1]",70.59999999999813,"[21, 19]","[0, 0]","[0, 0]",29
25,"[0, 3]",102.8499999999963,"[24, 12]","[0, 0]","[0, 0]",29
26,"[2, 1]",98.84999999999653,"[23, 31]","[12.150000000000038, 0]","[0, 0]",29
27,"[2, 1]",105.19999999999617,"[26, 32]","[10.650000000000016, 0]","[0, 0]",29
28,"[0, 1]",69.84999999999818,"[25, 20]","[0, 0]","[0, 0]",29
29,"[0, 1]",77.34999999999775,"[28, 22]","[2.6999999999999984, 0]","[2.6999999999999984, 0]",29
30,"[2, 1]",105.99999999999612,"[27, 36]","[5.299999999999989, 0]","[0, 0]",29
31,"[0, 1]",81.39999999999752,"[29, 23]","[3.049999999999997, 0]","[3.049999999999997, 0]",29
32,"[0, 1]",88.04999999999714,"[31, 26]","[2.2, 0]","[2.2, 0]",29
33,"[2, 1]",107.64999999999603,"[30, 40]","[0, 0]","[0, 0]",29
34,"[2, 1]",113.79999999999568,"[33, 43]","[0.6, 0]","[0, 0]",29
35,"[2, 1]",119.69999999999534,"[34, 47]","[2.1500000000000004, 0]","[0, 0]",29
36,"[0, 1]",86.19999999999725,"[32, 27]","[2.25, 0]","[2.25, 0]",29
37,"[0, 3]",115.79999999999556,"[36, 25]","[0, 0]","[0, 0]",29
38,"[2, 3]",147.24999999999923,"[35, 48]","[3.399999999999996, 0]","[0, 0]",29
39,"[2, 1]",124.49999999999507,"[38, 51]","[3.7999999999999945, 0]","[0, 0]",29
40,"[0, 1]",82.79999999999744,"[37, 30]","[0, 0]","[0, 0]",29
41,"[2, 1]",133.59999999999613,"[39, 53]","[6.499999999999985, 0]","[2.5999999999999988, 0]",29
42,"[2, 1]",139.2499999999974,"[41, 54]","[4.899999999999991, 0]","[0, 0]",29
43,"[0, 1]",84.14999999999736,"[40, 33]","[2.549999999999999, 0]","[2.549999999999999, 0]",29
44,"[2, 1]",148.4499999999995,"[42, 56]","[4.99999999999999, 0]","[2.3499999999999996, 0]",29
45,"[2, 1]",154.2000000000008,"[44, 58]","[2.8999999999999977, 0]","[0, 0]",29
46,"[2, 1]",160.3500000000022,"[45, 59]","[2.799999999999998, 0]","[0, 0]",29
47,"[0, 1]",83.24999999999741,"[43, 34]","[2.849999999999998, 0]","[2.849999999999998, 0]",29
48,"[0, 3]",112.99999999999572,"[47, 37]","[0, 0]","[0, 0]",29
49,"[2, 1]",161.25000000000242,"[46, 60]","[3.949999999999994, 0]","[0, 0]",29
50,"[0, 1]",83.4499999999974,"[48, 35]","[0, 0]","[0, 0]",29
51,"[0, 1]",85.74999999999727,"[50, 50]","[0, 0]","[0, 0]",29
52,"[0, 1]",94.19999999999679,"[51, 39]","[2.2, 0]","[2.2, 0]",29
53,"[0, 1]",94.74999999999676,"[52, 52]","[0, 0]","[0, 0]",29
54,"[0, 1]",101.39999999999638,"[53, 41]","[2.499999999999999, 0]","[2.499999999999999, 0]",29
55,"[0, 1]",109.04999999999595,"[54, 42]","[2.1000000000000005, 0]","[2.1000000000000005, 0]",29
56,"[0, 1]",109.64999999999591,"[55, 55]","[0, 0]","[0, 0]",29
57,"[2, 1]",148.29999999999947,"[49, 62]","[5.399999999999989, 0]","[0, 0]",29
58,"[0, 1]",113.59999999999569,"[56, 44]","[2.549999999999999, 0]","[2.549999999999999, 0]",29
59,"[0, 1]",121.29999999999525,"[58, 45]","[1.7500000000000009, 0]","[1.7500000000000009, 0]",29
60,"[0, 1]",127.64999999999489,"[59, 46]","[2.25, 0]","[2.25, 0]",29
61,"[2, 1]",146.249999999999,"[57, 63]","[7.599999999999981, 0]","[0, 0]",29
62,"[0, 1]",131.2499999999956,"[60, 49]","[2.3, 0]","[2.3, 0]",29
63,"[0, 1]",137.49999999999702,"[62, 57]","[2.549999999999999, 0]","[2.549999999999999, 0]",29
64,"[0, 1]",143.74999999999844,"[63, 61]","[2.4499999999999993, 0]","[2.4499999999999993, 0]",29
65,"[0, 1]",150.04999999999987,"[64, 68]","[2.499999999999999, 0]","[2.499999999999999, 0]",29
66,"[0, 1]",156.3500000000013,"[65, 69]","[2.3999999999999995, 0]","[2.3999999999999995, 0]",29
67,"[0, 1]",162.65000000000273,"[66, 71]","[2.3499999999999996, 0]","[2.3499999999999996, 0]",29
68,"[2, 1]",136.0999999999967,"[61, 64]","[2.5999999999999988, 0]","[0, 0]",29
69,"[2, 1]",142.34999999999812,"[68, 65]","[5.349999999999989, 0]","[0, 0]",29
70,"[0, 1]",163.50000000000293,"[67, 72]","[2.3, 0]","[2.3, 0]",29
71,"[2, 1]",145.89999999999893,"[69, 66]","[8.599999999999987, 0]","[0, 0]",29
72,"[2, 1]",152.25000000000037,"[71, 67]","[13.200000000000053, 0]","[0, 0]",29
73,"[0, 1]",164.3000000000031,"[70, 75]","[2.3499999999999996, 0]","[2.3499999999999996, 0]",29
74,"[0, 1]",164.90000000000325,"[73, 73]","[0, 0]","[0, 0]",29
75,"[2, 1]",153.05000000000055,"[72, 70]","[18.00000000000012, 0]","[0, 0]",29
76,"[0, 1]",164.00000000000304,"[74, 74]","[0, 0]","[0, 0]",29
77,"[0, 1]",166.25000000000355,"[76, 76]","[0, 0]","[0, 0]",29
78,"[0, 1]",168.50000000000406,"[77, 77]","[0, 0]","[0, 0]",29
79,"[0, 1]",170.75000000000458,"[78, 78]","[0, 0]","[0, 0]",29
0,"[2, 1]",36.45000000000007,"[-999, -999]","[0, 0]","[0, 0]",30
1,"[2, 1]",38.54999999999995,"[0, 0]","[0, 0]","[0, 0]",30
2,"[0, 1]",75.89999999999783,"[-999, 9]","[0, 0]","[2.8999999999999977, 0]",30
3,"[2, 1]",37.200000000000024,"[1, 1]","[0, 0]","[0, 0]",30
4,"[2, 1]",39.449999999999896,"[3, 3]","[0, 0]","[0, 0]",30
5,"[2, 1]",42.14999999999974,"[4, 4]","[0, 0]","[0, 0]",30
6,"[2, 1]",44.84999999999959,"[5, 5]","[0, 0]","[0, 0]",30
7,"[2, 1]",47.24999999999945,"[6, 6]","[0, 0]","[0, 0]",30
8,"[2, 1]",49.499999999999325,"[7, 7]","[0, 0]","[0, 0]",30
9,"[2, 1]",51.54999999999921,"[8, 8]","[0, 0]","[0, 0]",30
10,"[2, 1]",58.89999999999879,"[9, 2]","[1.6000000000000008, 0]","[1.6000000000000008, 0]",30
11,"[2, 1]",60.049999999998725,"[10, 10]","[3.2499999999999964, 0]","[3.2499999999999964, 0]",30
12,"[2, 3]",89.89999999999704,"[11, -999]","[4.049999999999994, 0]","[0.05, 0]",30
13,"[2, 1]",62.1999999999986,"[12, 11]","[7.499999999999981, 0]","[0.05, 0]",30
14,"[2, 1]",65.34999999999843,"[13, 13]","[5.599999999999988, 0]","[0, 0]",30
15,"[2, 1]",67.6499999999983,"[14, 14]","[4.799999999999991, 0]","[0, 0]",30
16,"[2, 1]",70.74999999999812,"[15, 15]","[2.6499999999999986, 0]","[0, 0]",30
17,"[2, 1]",79.8999999999976,"[16, 18]","[1.1000000000000003, 0]","[0, 0]",30
18,"[0, 1]",71.89999999999806,"[2, 16]","[2.1000000000000005, 0]","[2.1000000000000005, 0]",30
19,"[2, 3]",107.39999999999604,"[17, 12]","[0, 0]","[0, 0]",30
20,"[2, 3]",116.9999999999955,"[19, 22]","[0, 0]","[0, 0]",30
21,"[0, 1]",72.79999999999801,"[18, 17]","[1.900000000000001, 0]","[1.900000000000001, 0]",30
22,"[0, 3]",105.79999999999613,"[21, 19]","[0, 0]","[0, 0]",30
23,"[0, 1]",78.39999999999769,"[22, 21]","[0, 0]","[0, 0]",30
24,"[0, 1]",80.69999999999756,"[23, 23]","[0, 0]","[0, 0]",30
25,"[0, 1]",83.04999999999742,"[24, 24]","[0, 0]","[0, 0]",30
26,"[2, 1]",91.64999999999694,"[20, 28]","[6.549999999999985, 0]","[6.549999999999985, 0]",30
27,"[2, 1]",92.1999999999969,"[26, 26]","[0, 0]","[0, 0]",30
28,"[0, 1]",79.79999999999761,"[25, 25]","[0, 0]","[0, 0]",30
29,"[2, 1]",108.59999999999597,"[27, 33]","[9.800000000000004, 0]","[9.800000000000004, 0]",30
30,"[0, 3]",109.34999999999593,"[28, 20]","[0, 0]","[0, 0]",30
31,"[0, 1]",88.09999999999714,"[30, 27]","[3.2499999999999964, 0]","[3.2499999999999964, 0]",30
32,"[0, 1]",89.24999999999707,"[31, 31]","[0, 0]","[0, 0]",30
33,"[0, 1]",91.34999999999695,"[32, 32]","[0, 0]","[0, 0]",30
34,"[0, 1]",98.49999999999655,"[33, 29]","[2.499999999999999, 0]","[2.499999999999999, 0]",30
35,"[0, 1]",100.09999999999646,"[34, 34]","[0, 0]","[0, 0]",30
36,"[2, 3]",122.59999999999518,"[29, 30]","[0, 0]","[0, 0]",30
37,"[2, 3]",126.34999999999496,"[36, 36]","[0, 0]","[0, 0]",30
38,"[0, 3]",129.24999999999514,"[35, 37]","[0, 0]","[0, 0]",30
39,"[0, 1]",101.64999999999637,"[38, 40]","[0, 0]","[0, 0]",30
40,"[2, 1]",92.3999999999969,"[37, 35]","[0, 0]","[0, 0]",30
41,"[2, 1]",112.19999999999577,"[40, 46]","[9.750000000000004, 0]","[9.750000000000004, 0]",30
42,"[2, 1]",117.84999999999545,"[41, 47]","[0, 0]","[0, 0]",30
43,"[0, 1]",95.39999999999672,"[39, 39]","[0, 0]","[0, 0]",30
44,"[2, 1]",127.24999999999491,"[42, 50]","[2.799999999999998, 0]","[2.799999999999998, 0]",30
45,"[2, 3]",156.85000000000142,"[44, 38]","[2.3, 0]","[0, 0]",30
46,"[0, 1]",92.09999999999691,"[43, 43]","[0, 0]","[0, 0]",30
47,"[0, 1]",99.2999999999965,"[46, 41]","[2.3999999999999995, 0]","[2.3999999999999995, 0]",30
48,"[2, 1]",129.19999999999513,"[45, 53]","[0.49999999999999994, 0]","[0, 0]",30
49,"[0, 1]",103.54999999999626,"[47, 42]","[2.799999999999998, 0]","[2.799999999999998, 0]",30
50,"[0, 1]",104.6999999999962,"[49, 49]","[0, 0]","[0, 0]",30
51,"[0, 1]",111.5499999999958,"[50, 44]","[2.499999999999999, 0]","[2.499999999999999, 0]",30
52,"[2, 1]",133.14999999999603,"[48, 58]","[17.450000000000113, 0]","[2.799999999999998, 0]",30
53,"[0, 1]",110.39999999999587,"[51, 51]","[0, 0]","[0, 0]",30
54,"[0, 1]",116.9499999999955,"[53, 48]","[2.499999999999999, 0]","[2.499999999999999, 0]",30
55,"[2, 1]",133.29999999999606,"[52, 60]","[9.099999999999994, 0]","[0, 0]",30
56,"[2, 3]",163.95000000000303,"[55, 45]","[9.45, 0]","[0, 0]",30
57,"[2, 1]",140.9999999999978,"[56, 64]","[11.400000000000027, 0]","[0, 0]",30
58,"[0, 1]",110.39999999999587,"[54, 54]","[0, 0]","[0, 0]",30
59,"[2, 1]",146.6999999999991,"[57, 66]","[16.300000000000097, 0]","[2.5999999999999988, 0]",30
60,"[0, 1]",114.74999999999562,"[58, 52]","[2.4499999999999993, 0]","[2.4499999999999993, 0]",30
61,"[2, 3]",173.80000000000527,"[59, 65]","[13.300000000000054, 0]","[0, 0]",30
62,"[0, 1]",118.19999999999543,"[60, 55]","[2.549999999999999, 0]","[2.549999999999999, 0]",30
63,"[2, 1]",148.99999999999963,"[61, 71]","[14.100000000000065, 0]","[0, 0]",30
64,"[0, 1]",117.04999999999549,"[62, 62]","[0, 0]","[0, 0]",30
65,"[0, 3]",148.74999999999957,"[64, 56]","[0, 0]","[0, 0]",30
66,"[0, 1]",121.04999999999526,"[65, 57]","[0, 0]","[0, 0]",30
67,"[0, 1]",128.29999999999492,"[66, 59]","[3.2999999999999963, 0]","[2.4499999999999993, 0]",30
68,"[2, 1]",138.6999999999973,"[63, 63]","[22.600000000000186, 0]","[0, 0]",30
69,"[2, 1]",147.39999999999927,"[68, 74]","[24.700000000000216, 0]","[0, 0]",30
70,"[2, 3]",178.45000000000633,"[69, 73]","[27.05000000000025, 0]","[0, 0]",30
71,"[0, 1]",121.64999999999523,"[67, 67]","[1.2500000000000004, 0]","[0, 0]",30
72,"[0, 3]",153.45000000000064,"[71, 61]","[1.7000000000000008, 0]","[0, 0]",30
73,"[0, 3]",156.8000000000014,"[72, 72]","[2.0500000000000007, 0]","[0, 0]",30
74,"[0, 1]",127.89999999999488,"[73, 68]","[2.3999999999999995, 0]","[0, 0]",30
75,"[0, 1]",135.39999999999654,"[74, 69]","[5.299999999999989, 0]","[2.5999999999999988, 0]",30
76,"[0, 1]",136.89999999999688,"[75, 75]","[2.9999999999999973, 0]","[0, 0]",30
77,"[2, 1]",139.2499999999974,"[70, 76]","[17.700000000000117, 0]","[0, 0]",30
78,"[0, 1]",140.74999999999775,"[76, 77]","[5.749999999999988, 0]","[2.499999999999999, 0]",30
79,"[0, 1]",142.44999999999814,"[78, 78]","[3.4999999999999956, 0]","[0, 0]",30
0,"[2, 3]",67.79999999999829,"[-999, -999]","[0, 0]","[0, 0]",31
1,"[2, 1]",37.6,"[0, -999]","[0, 0]","[0, 0]",31
2,"[0, 1]",75.84999999999783,"[-999, 10]","[0, 0]","[2.849999999999998, 0]",31
3,"[2, 1]",36.95000000000004,"[1, 1]","[0, 0]","[0, 0]",31
4,"[2, 1]",39.24999999999991,"[3, 3]","[0, 0]","[0, 0]",31
5,"[2, 1]",41.949999999999754,"[4, 4]","[0, 0]","[0, 0]",31
6,"[2, 1]",44.5999999999996,"[5, 5]","[0, 0]","[0, 0]",31
7,"[2, 1]",46.99999999999947,"[6, 6]","[0, 0]","[0, 0]",31
8,"[0, 1]",74.29999999999792,"[2, 12]","[2.849999999999998, 0]","[2.849999999999998, 0]",31
9,"[2, 1]",46.64999999999949,"[7, 7]","[0, 0]","[0, 0]",31
10,"[2, 1]",48.74999999999937,"[9, 9]","[0, 0]","[0, 0]",31
11,"[2, 1]",56.09999999999895,"[10, 2]","[1.6000000000000008, 0]","[1.6000000000000008, 0]",31
12,"[2, 1]",57.249999999998884,"[11, 11]","[3.2999999999999963, 0]","[3.2999999999999963, 0]",31
13,"[2, 1]",64.0999999999985,"[12, 8]","[6.249999999999986, 0]","[2.25, 0]",31
14,"[2, 1]",65.8999999999984,"[13, 13]","[12.450000000000042, 0]","[0, 0]",31
15,"[2, 3]",98.99999999999652,"[14, -999]","[16.400000000000098, 0]","[0.05, 0]",31
16,"[2, 1]",69.4999999999982,"[15, 14]","[16.400000000000098, 0]","[0, 0]",31
17,"[2, 1]",79.74999999999761,"[16, 18]","[17.050000000000107, 0]","[2.9999999999999973, 0]",31
18,"[0, 1]",71.59999999999808,"[8, 16]","[0, 0]","[0, 0]",31
19,"[2, 1]",83.24999999999741,"[17, 21]","[12.35000000000004, 0]","[0, 0]",31
20,"[2, 1]",84.24999999999736,"[19, 19]","[10.800000000000018, 0]","[0, 0]",31
21,"[0, 1]",72.54999999999802,"[18, 17]","[1.6000000000000008, 0]","[1.6000000000000008, 0]",31
22,"[0, 3]",104.24999999999622,"[21, 15]","[0, 0]","[0, 0]",31
23,"[0, 1]",83.4999999999974,"[22, 20]","[3.049999999999997, 0]","[3.049999999999997, 0]",31
24,"[0, 1]",84.14999999999736,"[23, 23]","[0, 0]","[0, 0]",31
25,"[2, 1]",87.29999999999718,"[20, 24]","[8.249999999999982, 0]","[2.4499999999999993, 0]",31
26,"[2, 3]",117.39999999999547,"[25, 22]","[4.599999999999992, 0]","[0, 0]",31
27,"[2, 1]",94.94999999999675,"[26, 29]","[3.149999999999997, 0]","[0, 0]",31
28,"[0, 1]",82.64999999999745,"[24, 25]","[2.549999999999999, 0]","[2.549999999999999, 0]",31
29,"[0, 1]",84.19999999999736,"[28, 28]","[0, 0]","[0, 0]",31
30,"[0, 1]",90.84999999999698,"[29, 27]","[2.5999999999999988, 0]","[2.5999999999999988, 0]",31
31,"[0, 1]",92.54999999999688,"[30, 30]","[0, 0]","[0, 0]",31
32,"[2, 1]",95.99999999999669,"[27, 31]","[3.1999999999999966, 0]","[3.1999999999999966, 0]",31
33,"[0, 1]",96.89999999999664,"[31, 32]","[2.549999999999999, 0]","[2.549999999999999, 0]",31
34,"[0, 1]",103.39999999999627,"[33, 36]","[2.6999999999999984, 0]","[2.6999999999999984, 0]",31
35,"[0, 1]",110.89999999999584,"[34, 39]","[2.000000000000001, 0]","[2.000000000000001, 0]",31
36,"[2, 1]",93.39999999999684,"[32, 33]","[2.499999999999999, 0]","[0, 0]",31
37,"[0, 3]",137.69999999999706,"[35, -999]","[0, 0]","[0, 0]",31
38,"[0, 1]",110.14999999999588,"[37, 40]","[0, 0]","[0, 0]",31
39,"[2, 1]",94.29999999999679,"[36, 34]","[0, 0]","[0, 0]",31
40,"[2, 1]",100.54999999999643,"[39, 35]","[0, 0]","[0, 0]",31
41,"[2, 1]",107.19999999999605,"[40, 38]","[3.399999999999996, 0]","[0, 0]",31
42,"[2, 1]",113.4999999999957,"[41, 44]","[4.599999999999992, 0]","[0, 0]",31
43,"[2, 1]",114.09999999999566,"[42, 42]","[3.999999999999994, 0]","[0, 0]",31
44,"[0, 1]",103.09999999999629,"[38, 41]","[3.349999999999996, 0]","[2.499999999999999, 0]",31
45,"[0, 3]",134.44999999999632,"[44, 37]","[1.2000000000000004, 0]","[0, 0]",31
46,"[0, 1]",112.29999999999576,"[45, 43]","[4.199999999999993, 0]","[2.6499999999999986, 0]",31
47,"[2, 1]",114.64999999999563,"[43, 46]","[0, 0]","[0, 0]",31
48,"[0, 3]",140.9999999999978,"[46, 45]","[2.2, 0]","[0, 0]",31
49,"[0, 1]",113.3499999999957,"[48, 47]","[2.000000000000001, 0]","[0, 0]",31
50,"[0, 1]",120.14999999999532,"[49, 57]","[3.999999999999994, 0]","[2.549999999999999, 0]",31
51,"[0, 1]",126.24999999999497,"[50, 63]","[3.1999999999999966, 0]","[2.499999999999999, 0]",31
52,"[0, 1]",132.6499999999959,"[51, 64]","[2.5999999999999988, 0]","[2.5999999999999988, 0]",31
53,"[0, 1]",139.39999999999745,"[52, 65]","[2.6999999999999984, 0]","[2.6999999999999984, 0]",31
54,"[0, 1]",140.79999999999777,"[53, 53]","[0, 0]","[0, 0]",31
55,"[0, 1]",147.79999999999936,"[54, 68]","[2.499999999999999, 0]","[2.499999999999999, 0]",31
56,"[0, 1]",155.30000000000106,"[55, 70]","[2.549999999999999, 0]","[2.549999999999999, 0]",31
57,"[2, 1]",96.89999999999664,"[47, 49]","[3.349999999999996, 0]","[0, 0]",31
58,"[0, 1]",159.0000000000019,"[56, 71]","[2.7499999999999982, 0]","[2.1500000000000004, 0]",31
59,"[0, 3]",191.1000000000092,"[58, 72]","[1.2000000000000004, 0]","[0, 0]",31
60,"[0, 1]",164.85000000000323,"[59, 73]","[1.7500000000000009, 0]","[0, 0]",31
61,"[0, 1]",166.30000000000356,"[60, 60]","[2.9499999999999975, 0]","[0, 0]",31
62,"[0, 1]",168.50000000000406,"[61, 61]","[3.599999999999995, 0]","[0, 0]",31
63,"[2, 1]",89.29999999999707,"[57, 50]","[0, 0]","[0, 0]",31
64,"[2, 1]",95.44999999999672,"[63, 51]","[0.9500000000000003, 0]","[0, 0]",31
65,"[2, 1]",101.74999999999636,"[64, 52]","[0.44999999999999996, 0]","[0, 0]",31
66,"[0, 1]",167.4000000000038,"[62, 75]","[6.5999999999999845, 0]","[2.4499999999999993, 0]",31
67,"[0, 1]",168.95000000000417,"[66, 66]","[4.6499999999999915, 0]","[0, 0]",31
68,"[2, 1]",108.44999999999598,"[65, 54]","[2.9999999999999973, 0]","[2.9999999999999973, 0]",31
69,"[0, 1]",168.35000000000403,"[67, 67]","[5.09999999999999, 0]","[0, 0]",31
70,"[2, 1]",111.39999999999581,"[68, 55]","[0, 0]","[0, 0]",31
71,"[2, 1]",117.44999999999547,"[70, 56]","[0, 0]","[0, 0]",31
72,"[2, 3]",148.64999999999955,"[71, -999]","[0, 0]","[0, 0]",31
73,"[2, 1]",121.84999999999522,"[72, 58]","[0, 0]","[0, 0]",31
74,"[0, 1]",159.60000000000204,"[69, 69]","[5.4999999999999885, 0]","[0, 0]",31
75,"[2, 1]",139.04999999999737,"[73, 62]","[12.150000000000038, 0]","[9.800000000000004, 0]",31
76,"[2, 3]",168.75000000000412,"[75, 59]","[4.99999999999999, 0]","[0, 0]",31
77,"[2, 3]",172.85000000000505,"[76, 76]","[6.999999999999983, 0]","[0, 0]",31
78,"[0, 1]",153.60000000000068,"[74, 74]","[5.849999999999987, 0]","[0, 0]",31
79,"[0, 1]",155.8500000000012,"[78, 78]","[6.199999999999986, 0]","[0, 0]",31
0,"[2, 1]",36.45000000000007,"[-999, -999]","[0, 0]","[0, 0]",32
1,"[2, 1]",38.54999999999995,"[0, 0]","[0, 0]","[0, 0]",32
2,"[0, 1]",75.94999999999783,"[-999, 10]","[0, 0]","[2.8999999999999977, 0]",32
3,"[2, 1]",37.200000000000024,"[1, 1]","[0, 0]","[0, 0]",32
4,"[2, 1]",39.449999999999896,"[3, 3]","[0, 0]","[0, 0]",32
5,"[2, 1]",42.14999999999974,"[4, 4]","[0, 0]","[0, 0]",32
6,"[2, 1]",44.84999999999959,"[5, 5]","[0, 0]","[0, 0]",32
7,"[2, 1]",47.24999999999945,"[6, 6]","[0, 0]","[0, 0]",32
8,"[0, 1]",74.34999999999792,"[2, 13]","[2.5999999999999988, 0]","[2.5999999999999988, 0]",32
9,"[2, 1]",46.74999999999948,"[7, 7]","[0, 0]","[0, 0]",32
10,"[2, 1]",48.799999999999365,"[9, 9]","[0, 0]","[0, 0]",32
11,"[2, 1]",56.14999999999895,"[10, 2]","[1.7500000000000009, 0]","[1.7500000000000009, 0]",32
12,"[0, 1]",71.79999999999806,"[8, 14]","[0, 0]","[0, 0]",32
13,"[2, 1]",54.49999999999904,"[11, 11]","[3.1999999999999966, 0]","[3.1999999999999966, 0]",32
14,"[2, 1]",61.39999999999865,"[13, 8]","[6.149999999999986, 0]","[2.2, 0]",32
15,"[2, 1]",68.54999999999825,"[14, 12]","[12.400000000000041, 0]","[0, 0]",32
16,"[0, 1]",69.19999999999821,"[12, 15]","[0, 0]","[0, 0]",32
17,"[2, 1]",71.39999999999809,"[15, 16]","[14.300000000000068, 0]","[0, 0]",32
18,"[2, 1]",72.24999999999804,"[17, 17]","[19.000000000000135, 0]","[0, 0]",32
19,"[2, 1]",108.69999999999597,"[18, 28]","[40.44999999999984, 0]","[23.850000000000204, 0]",32
20,"[2, 1]",114.79999999999562,"[19, 30]","[14.950000000000077, 0]","[0, 0]",32
21,"[0, 1]",70.29999999999815,"[16, 18]","[0, 0]","[0, 0]",32
22,"[0, 1]",72.09999999999805,"[21, 21]","[0, 0]","[0, 0]",32
23,"[0, 1]",73.79999999999795,"[22, 22]","[0, 0]","[0, 0]",32
24,"[0, 1]",75.44999999999786,"[23, 23]","[0, 0]","[0, 0]",32
25,"[0, 1]",76.99999999999777,"[24, 24]","[0, 0]","[0, 0]",32
26,"[0, 1]",78.59999999999768,"[25, 25]","[0, 0]","[0, 0]",32
27,"[2, 1]",104.34999999999621,"[20, 31]","[0.44999999999999996, 0]","[0, 0]",32
28,"[0, 1]",77.59999999999773,"[26, 26]","[0, 0]","[0, 0]",32
29,"[0, 3]",107.64999999999603,"[28, -999]","[0, 0]","[0, 0]",32
30,"[0, 1]",81.94999999999749,"[29, 19]","[0, 0]","[0, 0]",32
31,"[0, 1]",88.44999999999712,"[30, 20]","[2.3499999999999996, 0]","[2.3499999999999996, 0]",32
32,"[0, 1]",94.54999999999677,"[31, 27]","[2.499999999999999, 0]","[2.499999999999999, 0]",32
33,"[0, 1]",101.1999999999964,"[32, 36]","[2.6499999999999986, 0]","[2.6499999999999986, 0]",32
34,"[0, 1]",108.74999999999596,"[33, 40]","[2.0500000000000007, 0]","[2.0500000000000007, 0]",32
35,"[0, 1]",115.1499999999956,"[34, 44]","[2.1500000000000004, 0]","[2.1500000000000004, 0]",32
36,"[2, 1]",88.54999999999711,"[27, 32]","[0, 0]","[0, 0]",32
37,"[0, 3]",141.99999999999804,"[35, -999]","[0, 0]","[0, 0]",32
38,"[0, 1]",114.44999999999564,"[37, 45]","[1.2000000000000004, 0]","[0, 0]",32
39,"[0, 1]",121.29999999999525,"[38, 57]","[4.399999999999992, 0]","[2.6499999999999986, 0]",32
40,"[2, 1]",86.74999999999721,"[36, 33]","[20.900000000000162, 0]","[0, 0]",32
41,"[0, 1]",126.04999999999498,"[39, 61]","[4.499999999999992, 0]","[2.6999999999999984, 0]",32
42,"[0, 1]",132.34999999999584,"[41, 63]","[4.149999999999993, 0]","[2.3999999999999995, 0]",32
43,"[0, 1]",132.89999999999597,"[42, 42]","[1.6500000000000008, 0]","[0, 0]",32
44,"[2, 1]",84.59999999999734,"[40, 34]","[11.800000000000033, 0]","[0, 0]",32
45,"[2, 1]",90.94999999999698,"[44, 35]","[10.750000000000018, 0]","[0, 0]",32
46,"[0, 3]",158.65000000000182,"[43, 64]","[1.6000000000000008, 0]","[0, 0]",32
47,"[0, 3]",162.0000000000026,"[46, 46]","[2.849999999999998, 0]","[0, 0]",32
48,"[0, 1]",134.44999999999632,"[47, 65]","[4.299999999999993, 0]","[0, 0]",32
49,"[0, 1]",136.79999999999686,"[48, 48]","[4.199999999999993, 0]","[0, 0]",32
50,"[0, 1]",143.69999999999843,"[49, 68]","[6.149999999999986, 0]","[2.499999999999999, 0]",32
51,"[0, 1]",145.3999999999988,"[50, 50]","[3.099999999999997, 0]","[0, 0]",32
52,"[0, 3]",177.20000000000604,"[51, 72]","[2.3499999999999996, 0]","[0, 0]",32
53,"[0, 1]",155.9500000000012,"[52, 75]","[4.549999999999992, 0]","[2.9999999999999973, 0]",32
54,"[0, 1]",156.60000000000136,"[53, 53]","[0.35, 0]","[0, 0]",32
55,"[0, 1]",163.3500000000029,"[54, 76]","[2.549999999999999, 0]","[2.549999999999999, 0]",32
56,"[0, 1]",170.8500000000046,"[55, 77]","[5.299999999999989, 0]","[2.499999999999999, 0]",32
57,"[2, 1]",67.6499999999983,"[45, 38]","[0, 0]","[0, 0]",32
58,"[0, 1]",168.6500000000041,"[56, 56]","[4.599999999999992, 0]","[0, 0]",32
59,"[0, 1]",170.50000000000452,"[58, 58]","[5.14999999999999, 0]","[0, 0]",32
60,"[0, 1]",172.75000000000503,"[59, 59]","[5.549999999999988, 0]","[0, 0]",32
61,"[2, 1]",65.69999999999841,"[57, 39]","[0, 0]","[0, 0]",32
62,"[0, 1]",172.35000000000494,"[60, 60]","[5.749999999999988, 0]","[0, 0]",32
63,"[2, 1]",68.84999999999823,"[61, 41]","[0, 0]","[0, 0]",32
64,"[2, 3]",100.74999999999642,"[63, 37]","[0, 0]","[0, 0]",32
65,"[2, 1]",76.3499999999978,"[64, 43]","[0, 0]","[0, 0]",32
66,"[0, 1]",166.4000000000036,"[62, 62]","[5.899999999999987, 0]","[0, 0]",32
67,"[2, 3]",112.94999999999573,"[65, 47]","[3.149999999999997, 0]","[3.149999999999997, 0]",32
68,"[2, 1]",90.29999999999701,"[67, 49]","[0, 0]","[0, 0]",32
69,"[0, 3]",193.05000000000965,"[66, -999]","[6.0499999999999865, 0]","[0, 0]",32
70,"[0, 3]",196.65000000001046,"[69, 69]","[6.199999999999986, 0]","[0, 0]",32
71,"[0, 1]",169.40000000000427,"[70, 66]","[6.349999999999985, 0]","[0, 0]",32
72,"[2, 3]",112.49999999999575,"[68, 67]","[0.6, 0]","[0, 0]",32
73,"[2, 1]",89.74999999999704,"[72, 51]","[5.399999999999989, 0]","[0, 0]",32
74,"[0, 1]",166.20000000000354,"[71, 71]","[6.499999999999985, 0]","[0, 0]",32
75,"[2, 1]",88.14999999999714,"[73, 73]","[3.7999999999999945, 0]","[0, 0]",32
76,"[2, 1]",101.99999999999635,"[75, 54]","[5.349999999999989, 0]","[2.7499999999999982, 0]",32
77,"[2, 1]",107.64999999999603,"[76, 55]","[1.2500000000000004, 0]","[0, 0]",32
78,"[0, 1]",160.3000000000022,"[74, 74]","[6.5999999999999845, 0]","[0, 0]",32
79,"[0, 1]",162.60000000000272,"[78, 78]","[6.749999999999984, 0]","[0, 0]",32
0,"[2, 1]",36.45000000000007,"[-999, -999]","[0, 0]","[0, 0]",33
1,"[2, 1]",38.54999999999995,"[0, 0]","[0, 0]","[0, 0]",33
2,"[0, 1]",75.99999999999783,"[-999, 10]","[0, 0]","[2.9499999999999975, 0]",33
3,"[2, 1]",37.200000000000024,"[1, 1]","[0, 0]","[0, 0]",33
4,"[2, 1]",39.449999999999896,"[3, 3]","[0, 0]","[0, 0]",33
5,"[2, 1]",42.14999999999974,"[4, 4]","[0, 0]","[0, 0]",33
6,"[2, 1]",44.79999999999959,"[5, 5]","[0, 0]","[0, 0]",33
7,"[2, 1]",47.24999999999945,"[6, 6]","[0, 0]","[0, 0]",33
8,"[0, 1]",68.14999999999827,"[2, 12]","[0, 0]","[0, 0]",33
9,"[2, 1]",46.74999999999948,"[7, 7]","[0, 0]","[0, 0]",33
10,"[2, 1]",48.799999999999365,"[9, 9]","[0, 0]","[0, 0]",33
11,"[2, 3]",75.89999999999783,"[10, -999]","[0, 0]","[0, 0]",33
12,"[2, 1]",53.04999999999912,"[11, 2]","[3.4499999999999957, 0]","[3.4499999999999957, 0]",33
13,"[2, 1]",59.94999999999873,"[12, 8]","[0, 0]","[0, 0]",33
14,"[2, 1]",60.99999999999867,"[13, 13]","[8.899999999999991, 0]","[1.4000000000000006, 0]",33
15,"[0, 1]",69.99999999999817,"[8, 16]","[0, 0]","[0, 0]",33
16,"[2, 1]",60.89999999999868,"[14, 14]","[9.099999999999994, 0]","[0, 0]",33
17,"[2, 1]",70.39999999999814,"[16, 15]","[14.500000000000071, 0]","[3.099999999999997, 0]",33
18,"[2, 1]",72.44999999999803,"[17, 17]","[8.999999999999993, 0]","[0, 0]",33
19,"[2, 1]",81.7499999999975,"[18, 21]","[10.550000000000015, 0]","[3.2499999999999964, 0]",33
20,"[2, 3]",114.79999999999562,"[19, 22]","[5.749999999999988, 0]","[0, 0]",33
21,"[0, 1]",70.34999999999815,"[15, 18]","[0, 0]","[0, 0]",33
22,"[0, 3]",102.59999999999631,"[21, -999]","[0, 0]","[0, 0]",33
23,"[0, 1]",75.69999999999784,"[22, 19]","[0, 0]","[0, 0]",33
24,"[0, 1]",77.99999999999771,"[23, 23]","[0, 0]","[0, 0]",33
25,"[2, 1]",80.89999999999755,"[20, 24]","[0.7500000000000001, 0]","[0, 0]",33
26,"[0, 1]",82.09999999999748,"[24, 25]","[2.3999999999999995, 0]","[2.3999999999999995, 0]",33
27,"[2, 1]",84.34999999999735,"[25, 26]","[0, 0]","[0, 0]",33
28,"[2, 3]",115.29999999999559,"[27, 20]","[0, 0]","[0, 0]",33
29,"[0, 1]",84.24999999999736,"[26, 27]","[2.6499999999999986, 0]","[2.6499999999999986, 0]",33
30,"[0, 1]",84.84999999999732,"[29, 29]","[0, 0]","[0, 0]",33
31,"[0, 1]",86.74999999999721,"[30, 30]","[0, 0]","[0, 0]",33
32,"[2, 1]",90.24999999999702,"[28, 31]","[2.2, 0]","[2.2, 0]",33
33,"[0, 1]",91.09999999999697,"[31, 32]","[2.4499999999999993, 0]","[2.4499999999999993, 0]",33
34,"[0, 1]",92.69999999999688,"[33, 33]","[0, 0]","[0, 0]",33
35,"[0, 1]",99.2999999999965,"[34, 39]","[2.549999999999999, 0]","[2.549999999999999, 0]",33
36,"[0, 3]",130.64999999999546,"[35, 37]","[0, 0]","[0, 0]",33
37,"[2, 3]",108.89999999999596,"[32, 28]","[0, 0]","[0, 0]",33
38,"[0, 1]",100.44999999999644,"[36, 40]","[0, 0]","[0, 0]",33
39,"[2, 1]",84.09999999999737,"[37, 34]","[0, 0]","[0, 0]",33
40,"[2, 1]",90.69999999999699,"[39, 35]","[0, 0]","[0, 0]",33
41,"[2, 1]",97.5999999999966,"[40, 38]","[0, 0]","[0, 0]",33
42,"[2, 1]",103.79999999999625,"[41, 45]","[0, 0]","[0, 0]",33
43,"[2, 1]",109.9499999999959,"[42, 47]","[0.44999999999999996, 0]","[0, 0]",33
44,"[2, 1]",116.09999999999555,"[43, 50]","[3.2499999999999964, 0]","[0, 0]",33
45,"[0, 1]",90.649999999997,"[38, 41]","[2.3999999999999995, 0]","[2.3999999999999995, 0]",33
46,"[2, 1]",119.44999999999536,"[44, 51]","[5.14999999999999, 0]","[0, 0]",33
47,"[0, 1]",94.0999999999968,"[45, 42]","[2.4499999999999993, 0]","[2.4499999999999993, 0]",33
48,"[2, 3]",149.6999999999998,"[46, 52]","[5.599999999999988, 0]","[0, 0]",33
49,"[2, 1]",126.39999999999496,"[48, 54]","[5.14999999999999, 0]","[0, 0]",33
50,"[0, 1]",94.69999999999676,"[47, 43]","[2.4499999999999993, 0]","[2.4499999999999993, 0]",33
51,"[0, 1]",100.79999999999642,"[50, 44]","[2.499999999999999, 0]","[2.499999999999999, 0]",33
52,"[0, 3]",131.99999999999577,"[51, 36]","[0, 0]","[0, 0]",33
53,"[0, 1]",105.24999999999616,"[52, 46]","[0.44999999999999996, 0]","[0, 0]",33
54,"[0, 1]",107.44999999999604,"[53, 53]","[1.0000000000000002, 0]","[0, 0]",33
55,"[2, 1]",113.69999999999568,"[49, 49]","[2.799999999999998, 0]","[0, 0]",33
56,"[0, 3]",137.09999999999692,"[54, 48]","[1.1000000000000003, 0]","[0, 0]",33
57,"[2, 1]",125.34999999999502,"[55, 60]","[5.899999999999987, 0]","[3.149999999999997, 0]",33
58,"[2, 1]",131.04999999999555,"[57, 62]","[4.549999999999992, 0]","[0, 0]",33
59,"[0, 1]",108.89999999999596,"[56, 55]","[3.599999999999995, 0]","[2.499999999999999, 0]",33
60,"[0, 1]",110.84999999999584,"[59, 59]","[1.0500000000000003, 0]","[0, 0]",33
61,"[2, 1]",143.29999999999833,"[58, 74]","[17.30000000000011, 0]","[9.950000000000006, 0]",33
62,"[0, 1]",115.1499999999956,"[60, 57]","[4.149999999999993, 0]","[2.499999999999999, 0]",33
63,"[2, 1]",141.64999999999796,"[61, 61]","[9.299999999999997, 0]","[0, 0]",33
64,"[0, 3]",143.5499999999984,"[62, 56]","[2.549999999999999, 0]","[0, 0]",33
65,"[2, 1]",153.40000000000063,"[63, 79]","[15.750000000000089, 0]","[6.799999999999984, 0]",33
66,"[0, 1]",113.3999999999957,"[64, 58]","[0.9500000000000003, 0]","[0, 0]",33
67,"[2, 1]",152.15000000000035,"[65, 65]","[8.79999999999999, 0]","[0, 0]",33
68,"[2, 1]",154.80000000000095,"[67, 67]","[9.950000000000006, 0]","[0, 0]",33
69,"[0, 1]",109.9499999999959,"[66, 66]","[0, 0]","[0, 0]",33
70,"[2, 3]",186.10000000000807,"[68, 77]","[12.550000000000043, 0]","[0, 0]",33
71,"[2, 3]",189.85000000000892,"[70, 70]","[16.000000000000092, 0]","[0, 0]",33
72,"[2, 1]",161.2000000000024,"[71, -999]","[19.050000000000136, 0]","[0, 0]",33
73,"[2, 1]",164.35000000000312,"[72, 72]","[22.05000000000018, 0]","[0, 0]",33
74,"[0, 1]",101.24999999999639,"[69, 69]","[0, 0]","[0, 0]",33
75,"[0, 3]",133.54999999999612,"[74, 64]","[0, 0]","[0, 0]",33
76,"[2, 1]",161.85000000000255,"[73, 73]","[24.850000000000218, 0]","[0, 0]",33
77,"[0, 3]",134.3499999999963,"[75, 75]","[0, 0]","[0, 0]",33
78,"[0, 1]",106.3499999999961,"[77, 63]","[0, 0]","[0, 0]",33
79,"[0, 1]",108.69999999999597,"[78, 78]","[0, 0]","[0, 0]",33
0,"[0, 3]",96.64999999999665,"[-999, -999]","[0, 0]","[0, 0]",34
1,"[2, 1]",36.45000000000007,"[-999, -999]","[0, 0]","[0, 0]",34
2,"[0, 1]",75.64999999999785,"[0, 9]","[2.849999999999998, 0]","[2.849999999999998, 0]",34
3,"[2, 1]",36.80000000000005,"[1, 1]","[0, 0]","[0, 0]",34
4,"[2, 1]",39.04999999999992,"[3, 3]","[0, 0]","[0, 0]",34
5,"[2, 1]",41.749999999999766,"[4, 4]","[0, 0]","[0, 0]",34
6,"[2, 1]",44.49999999999961,"[5, 5]","[0, 0]","[0, 0]",34
7,"[2, 1]",46.849999999999476,"[6, 6]","[0, 0]","[0, 0]",34
8,"[2, 1]",49.19999999999934,"[7, 7]","[0, 0]","[0, 0]",34
9,"[2, 1]",51.29999999999922,"[8, 8]","[0, 0]","[0, 0]",34
10,"[2, 1]",58.6999999999988,"[9, 2]","[1.5000000000000007, 0]","[1.5000000000000007, 0]",34
11,"[0, 1]",71.04999999999811,"[2, 13]","[0, 0]","[0, 0]",34
12,"[2, 1]",57.19999999999889,"[10, 10]","[3.399999999999996, 0]","[3.399999999999996, 0]",34
13,"[2, 1]",59.549999999998754,"[12, 12]","[6.249999999999986, 0]","[2.3499999999999996, 0]",34
14,"[2, 1]",68.04999999999828,"[13, 11]","[8.299999999999983, 0]","[0, 0]",34
15,"[2, 3]",99.44999999999649,"[14, 0]","[16.900000000000105, 0]","[0.2, 0]",34
16,"[0, 1]",67.89999999999829,"[11, 14]","[0, 0]","[0, 0]",34
17,"[2, 1]",69.84999999999818,"[15, 16]","[16.900000000000105, 0]","[0, 0]",34
18,"[2, 1]",72.899999999998,"[17, 17]","[14.550000000000072, 0]","[0, 0]",34
19,"[2, 1]",101.39999999999638,"[18, 28]","[29.500000000000284, 0]","[16.6000000000001, 0]",34
20,"[0, 3]",97.19999999999662,"[16, 15]","[0, 0]","[0, 0]",34
21,"[0, 1]",70.79999999999812,"[20, 18]","[0, 0]","[0, 0]",34
22,"[0, 1]",73.049999999998,"[21, 21]","[0, 0]","[0, 0]",34
23,"[0, 1]",74.99999999999788,"[22, 22]","[0, 0]","[0, 0]",34
24,"[0, 1]",76.64999999999779,"[23, 23]","[0, 0]","[0, 0]",34
25,"[2, 1]",88.29999999999713,"[19, 19]","[4.049999999999994, 0]","[0, 0]",34
26,"[2, 1]",107.44999999999604,"[25, 33]","[12.650000000000045, 0]","[9.700000000000003, 0]",34
27,"[2, 1]",113.09999999999572,"[26, 34]","[1.6000000000000008, 0]","[0, 0]",34
28,"[0, 1]",70.24999999999815,"[24, 24]","[0, 0]","[0, 0]",34
29,"[0, 3]",102.8499999999963,"[28, 20]","[0, 0]","[0, 0]",34
30,"[2, 1]",113.4999999999957,"[27, 35]","[0, 0]","[0, 0]",34
31,"[0, 1]",77.89999999999772,"[29, 25]","[2.5999999999999988, 0]","[2.5999999999999988, 0]",34
32,"[0, 1]",79.64999999999762,"[31, 31]","[0, 0]","[0, 0]",34
33,"[0, 1]",81.8499999999975,"[32, 32]","[0, 0]","[0, 0]",34
34,"[0, 1]",89.04999999999708,"[33, 26]","[2.499999999999999, 0]","[2.499999999999999, 0]",34
35,"[0, 1]",96.44999999999666,"[34, 27]","[2.8999999999999977, 0]","[2.8999999999999977, 0]",34
36,"[2, 1]",106.14999999999611,"[30, 43]","[0, 0]","[0, 0]",34
37,"[2, 3]",137.8499999999971,"[36, -999]","[0.35, 0]","[0, 0]",34
38,"[2, 1]",113.64999999999569,"[37, 46]","[1.1500000000000004, 0]","[0, 0]",34
39,"[2, 1]",126.79999999999494,"[38, 49]","[4.149999999999993, 0]","[2.499999999999999, 0]",34
40,"[2, 1]",132.44999999999587,"[39, 50]","[14.100000000000065, 0]","[0, 0]",34
41,"[2, 1]",138.94999999999735,"[40, 51]","[16.5000000000001, 0]","[0, 0]",34
42,"[2, 1]",145.24999999999878,"[41, 53]","[18.450000000000127, 0]","[0, 0]",34
43,"[0, 1]",83.5499999999974,"[35, 30]","[2.4499999999999993, 0]","[2.4499999999999993, 0]",34
44,"[0, 1]",89.84999999999704,"[43, 36]","[2.549999999999999, 0]","[2.549999999999999, 0]",34
45,"[2, 1]",146.14999999999898,"[42, 54]","[20.550000000000157, 0]","[0, 0]",34
46,"[0, 1]",87.64999999999716,"[44, 44]","[0, 0]","[0, 0]",34
47,"[2, 1]",149.6999999999998,"[45, 56]","[24.150000000000208, 0]","[0, 0]",34
48,"[0, 1]",92.84999999999687,"[46, 38]","[2.849999999999998, 0]","[2.849999999999998, 0]",34
49,"[0, 1]",93.44999999999683,"[48, 48]","[0, 0]","[0, 0]",34
50,"[0, 1]",100.14999999999645,"[49, 39]","[2.4499999999999993, 0]","[2.4499999999999993, 0]",34
51,"[0, 1]",107.04999999999606,"[50, 40]","[2.799999999999998, 0]","[2.799999999999998, 0]",34
52,"[2, 1]",144.9499999999987,"[47, 59]","[18.400000000000126, 0]","[0, 0]",34
53,"[0, 1]",111.5999999999958,"[51, 41]","[2.1500000000000004, 0]","[2.1500000000000004, 0]",34
54,"[0, 1]",117.99999999999544,"[53, 42]","[2.25, 0]","[2.25, 0]",34
55,"[2, 1]",145.69999999999888,"[52, 60]","[18.300000000000125, 0]","[0, 0]",34
56,"[0, 1]",121.69999999999523,"[54, 45]","[2.1000000000000005, 0]","[2.1000000000000005, 0]",34
57,"[2, 1]",149.2499999999997,"[55, 62]","[15.85000000000009, 0]","[0, 0]",34
58,"[2, 1]",155.60000000000113,"[57, 66]","[17.750000000000117, 0]","[0, 0]",34
59,"[0, 1]",122.44999999999519,"[56, 47]","[2.3999999999999995, 0]","[2.3999999999999995, 0]",34
60,"[0, 1]",128.649999999995,"[59, 52]","[2.6499999999999986, 0]","[2.6499999999999986, 0]",34
61,"[2, 1]",156.4000000000013,"[58, 67]","[17.100000000000108, 0]","[0, 0]",34
62,"[0, 1]",132.1999999999958,"[60, 55]","[2.4499999999999993, 0]","[2.4499999999999993, 0]",34
63,"[2, 1]",160.00000000000213,"[61, 68]","[17.450000000000113, 0]","[0, 0]",34
64,"[2, 1]",166.30000000000356,"[63, 70]","[19.050000000000136, 0]","[0, 0]",34
65,"[2, 1]",172.50000000000497,"[64, 71]","[21.050000000000164, 0]","[0, 0]",34
66,"[0, 1]",130.24999999999537,"[62, 57]","[2.3999999999999995, 0]","[2.3999999999999995, 0]",34
67,"[0, 1]",136.5499999999968,"[66, 58]","[2.4499999999999993, 0]","[2.4499999999999993, 0]",34
68,"[0, 1]",142.89999999999824,"[67, 61]","[2.4499999999999993, 0]","[2.4499999999999993, 0]",34
69,"[2, 1]",170.55000000000453,"[65, 72]","[26.800000000000246, 0]","[0, 0]",34
70,"[0, 1]",146.49999999999906,"[68, 63]","[2.3499999999999996, 0]","[2.3499999999999996, 0]",34
71,"[0, 1]",152.75000000000048,"[70, 64]","[2.549999999999999, 0]","[2.549999999999999, 0]",34
72,"[0, 1]",159.0000000000019,"[71, 65]","[2.6499999999999986, 0]","[2.6499999999999986, 0]",34
73,"[2, 1]",168.6000000000041,"[69, 74]","[24.600000000000215, 0]","[0, 0]",34
74,"[0, 1]",162.5500000000027,"[72, 69]","[2.4499999999999993, 0]","[2.4499999999999993, 0]",34
75,"[2, 1]",173.0000000000051,"[73, 78]","[25.400000000000226, 0]","[0, 0]",34
76,"[2, 1]",179.2000000000065,"[75, 79]","[25.150000000000222, 0]","[0, 0]",34
77,"[0, 3]",186.6500000000082,"[74, -999]","[0, 0]","[0, 0]",34
78,"[0, 1]",159.15000000000194,"[77, 73]","[0, 0]","[0, 0]",34
79,"[0, 1]",166.0500000000035,"[78, 75]","[2.499999999999999, 0]","[2.499999999999999, 0]",34
0,"[2, 3]",67.79999999999829,"[-999, -999]","[0, 0]","[0, 0]",35
1,"[2, 1]",37.6,"[0, -999]","[0, 0]","[0, 0]",35
2,"[0, 1]",75.89999999999783,"[-999, 10]","[0, 0]","[2.849999999999998, 0]",35
3,"[2, 1]",36.95000000000004,"[1, 1]","[0, 0]","[0, 0]",35
4,"[2, 1]",39.24999999999991,"[3, 3]","[0, 0]","[0, 0]",35
5,"[2, 1]",41.949999999999754,"[4, 4]","[0, 0]","[0, 0]",35
6,"[2, 1]",44.5999999999996,"[5, 5]","[0, 0]","[0, 0]",35
7,"[2, 1]",46.99999999999947,"[6, 6]","[0, 0]","[0, 0]",35
8,"[0, 1]",74.24999999999793,"[2, 13]","[2.849999999999998, 0]","[2.849999999999998, 0]",35
9,"[2, 1]",46.64999999999949,"[7, 7]","[0, 0]","[0, 0]",35
10,"[2, 1]",48.74999999999937,"[9, 9]","[0, 0]","[0, 0]",35
11,"[2, 1]",56.04999999999895,"[10, 2]","[1.7500000000000009, 0]","[1.7500000000000009, 0]",35
12,"[0, 1]",71.74999999999807,"[8, 14]","[0, 0]","[0, 0]",35
13,"[2, 1]",54.39999999999905,"[11, 11]","[3.2499999999999964, 0]","[3.2499999999999964, 0]",35
14,"[2, 1]",61.299999999998654,"[13, 8]","[6.199999999999986, 0]","[2.2, 0]",35
15,"[2, 1]",68.44999999999825,"[14, 12]","[12.35000000000004, 0]","[0, 0]",35
16,"[2, 3]",98.79999999999653,"[15, -999]","[18.950000000000134, 0]","[0.05, 0]",35
17,"[2, 1]",76.5499999999978,"[16, 18]","[22.10000000000018, 0]","[3.099999999999997, 0]",35
18,"[0, 1]",67.6999999999983,"[12, 15]","[0, 0]","[0, 0]",35
19,"[2, 1]",96.39999999999667,"[17, 25]","[30.100000000000293, 0]","[13.450000000000056, 0]",35
20,"[2, 3]",126.49999999999496,"[19, 16]","[15.000000000000078, 0]","[0, 0]",35
21,"[0, 1]",70.74999999999812,"[18, 17]","[0, 0]","[0, 0]",35
22,"[2, 3]",127.79999999999488,"[20, 20]","[13.400000000000055, 0]","[0, 0]",35
23,"[0, 1]",69.4499999999982,"[21, 21]","[0, 0]","[0, 0]",35
24,"[0, 1]",71.49999999999808,"[23, 23]","[0, 0]","[0, 0]",35
25,"[0, 1]",73.54999999999797,"[24, 24]","[0, 0]","[0, 0]",35
26,"[2, 1]",94.69999999999676,"[22, 33]","[5.4999999999999885, 0]","[0, 0]",35
27,"[2, 1]",101.34999999999638,"[26, 34]","[4.449999999999992, 0]","[0, 0]",35
28,"[2, 1]",107.74999999999602,"[27, 35]","[2.9999999999999973, 0]","[0, 0]",35
29,"[2, 1]",114.09999999999566,"[28, 38]","[1.5000000000000007, 0]","[0, 0]",35
30,"[0, 1]",69.2999999999982,"[25, 19]","[0, 0]","[0, 0]",35
31,"[0, 1]",71.0999999999981,"[30, 30]","[0, 0]","[0, 0]",35
32,"[2, 1]",115.44999999999558,"[29, 45]","[1.900000000000001, 0]","[0, 0]",35
33,"[0, 1]",70.49999999999814,"[31, 31]","[0, 0]","[0, 0]",35
34,"[0, 1]",78.64999999999768,"[33, 26]","[2.6999999999999984, 0]","[2.6999999999999984, 0]",35
35,"[0, 1]",85.1499999999973,"[34, 27]","[2.3999999999999995, 0]","[2.3999999999999995, 0]",35
36,"[2, 1]",113.4999999999957,"[32, 47]","[1.2000000000000004, 0]","[0, 0]",35
37,"[2, 1]",119.94999999999533,"[36, 48]","[1.6000000000000008, 0]","[0, 0]",35
38,"[0, 1]",85.99999999999726,"[35, 28]","[2.3999999999999995, 0]","[2.3999999999999995, 0]",35
39,"[2, 1]",123.44999999999513,"[37, 49]","[15.500000000000085, 0]","[0, 0]",35
40,"[2, 1]",129.79999999999526,"[39, 50]","[15.900000000000091, 0]","[0, 0]",35
41,"[2, 1]",136.0999999999967,"[40, 51]","[16.200000000000095, 0]","[0, 0]",35
42,"[2, 1]",142.39999999999813,"[41, 53]","[16.5000000000001, 0]","[0, 0]",35
43,"[0, 3]",104.6999999999962,"[38, 22]","[0, 0]","[0, 0]",35
44,"[2, 1]",145.99999999999895,"[42, 54]","[16.4500000000001, 0]","[0, 0]",35
45,"[0, 1]",74.29999999999792,"[43, 29]","[0, 0]","[0, 0]",35
46,"[2, 1]",149.54999999999976,"[44, 56]","[15.700000000000088, 0]","[0, 0]",35
47,"[0, 1]",78.2499999999977,"[45, 32]","[2.4499999999999993, 0]","[2.4499999999999993, 0]",35
48,"[0, 1]",85.39999999999729,"[47, 36]","[2.7499999999999982, 0]","[2.7499999999999982, 0]",35
49,"[0, 1]",92.59999999999688,"[48, 37]","[2.0500000000000007, 0]","[2.0500000000000007, 0]",35
50,"[0, 1]",98.99999999999652,"[49, 39]","[2.1500000000000004, 0]","[2.1500000000000004, 0]",35
51,"[0, 1]",105.29999999999616,"[50, 40]","[2.3, 0]","[2.3, 0]",35
52,"[2, 1]",142.09999999999806,"[46, 58]","[8.699999999999989, 0]","[0, 0]",35
53,"[0, 1]",108.84999999999596,"[51, 41]","[2.3499999999999996, 0]","[2.3499999999999996, 0]",35
54,"[0, 1]",115.1499999999956,"[53, 42]","[2.3999999999999995, 0]","[2.3999999999999995, 0]",35
55,"[2, 1]",142.79999999999822,"[52, 59]","[9.5, 0]","[0, 0]",35
56,"[0, 1]",118.7499999999954,"[54, 44]","[2.25, 0]","[2.25, 0]",35
57,"[2, 1]",146.29999999999902,"[55, 60]","[8.499999999999986, 0]","[0, 0]",35
58,"[0, 1]",122.2999999999952,"[56, 46]","[2.3499999999999996, 0]","[2.3499999999999996, 0]",35
59,"[0, 1]",128.54999999999498,"[58, 52]","[2.3499999999999996, 0]","[2.3499999999999996, 0]",35
60,"[0, 1]",134.7999999999964,"[59, 55]","[2.499999999999999, 0]","[2.499999999999999, 0]",35
61,"[2, 1]",144.29999999999856,"[57, 62]","[8.74999999999999, 0]","[0, 0]",35
62,"[0, 1]",138.2499999999972,"[60, 57]","[2.6999999999999984, 0]","[2.6999999999999984, 0]",35
63,"[2, 1]",147.84999999999937,"[61, 64]","[9.900000000000006, 0]","[0, 0]",35
64,"[0, 1]",141.74999999999798,"[62, 61]","[2.5999999999999988, 0]","[2.5999999999999988, 0]",35
65,"[0, 1]",148.04999999999941,"[64, 63]","[2.5999999999999988, 0]","[2.5999999999999988, 0]",35
66,"[0, 1]",154.40000000000086,"[65, 68]","[2.499999999999999, 0]","[2.499999999999999, 0]",35
67,"[0, 1]",160.7000000000023,"[66, 69]","[2.499999999999999, 0]","[2.499999999999999, 0]",35
68,"[2, 1]",143.1499999999983,"[63, 65]","[10.600000000000016, 0]","[0, 0]",35
69,"[2, 1]",149.49999999999974,"[68, 66]","[10.300000000000011, 0]","[0, 0]",35
70,"[2, 3]",181.10000000000693,"[69, -999]","[9.249999999999996, 0]","[0, 0]",35
71,"[0, 1]",153.00000000000054,"[67, 67]","[0, 0]","[0, 0]",35
72,"[2, 1]",154.25000000000082,"[70, 71]","[7.649999999999981, 0]","[0, 0]",35
73,"[2, 1]",167.4000000000038,"[72, 76]","[9.049999999999994, 0]","[2.4499999999999993, 0]",35
74,"[0, 1]",155.4500000000011,"[71, 72]","[2.849999999999998, 0]","[2.849999999999998, 0]",35
75,"[2, 1]",170.35000000000448,"[73, 78]","[6.699999999999984, 0]","[0, 0]",35
76,"[0, 1]",153.3000000000006,"[74, 74]","[0, 0]","[0, 0]",35
77,"[2, 1]",173.40000000000518,"[75, 79]","[7.149999999999983, 0]","[0, 0]",35
78,"[0, 1]",157.2500000000015,"[76, 73]","[2.499999999999999, 0]","[2.499999999999999, 0]",35
79,"[0, 1]",164.60000000000318,"[78, 75]","[2.7499999999999982, 0]","[2.7499999999999982, 0]",35
0,"[0, 1]",77.09999999999776,"[-999, 8]","[0, 0]","[2.799999999999998, 0]",36
1,"[2, 1]",36.45000000000007,"[-999, -999]","[0, 0]","[0, 0]",36
2,"[0, 1]",79.29999999999764,"[0, 9]","[2.1000000000000005, 0]","[2.1000000000000005, 0]",36
3,"[2, 1]",36.80000000000005,"[1, 1]","[0, 0]","[0, 0]",36
4,"[2, 1]",39.04999999999992,"[3, 3]","[0, 0]","[0, 0]",36
5,"[2, 1]",41.749999999999766,"[4, 4]","[0, 0]","[0, 0]",36
6,"[2, 1]",44.49999999999961,"[5, 5]","[0, 0]","[0, 0]",36
7,"[2, 1]",46.849999999999476,"[6, 6]","[0, 0]","[0, 0]",36
8,"[2, 1]",49.19999999999934,"[7, 7]","[0, 0]","[0, 0]",36
9,"[2, 1]",56.64999999999892,"[8, 0]","[1.0500000000000003, 0]","[1.0500000000000003, 0]",36
10,"[2, 1]",62.79999999999857,"[9, 2]","[6.749999999999984, 0]","[6.749999999999984, 0]",36
11,"[2, 1]",64.54999999999848,"[10, 10]","[11.100000000000023, 0]","[2.4499999999999993, 0]",36
12,"[2, 1]",67.29999999999832,"[11, 11]","[11.700000000000031, 0]","[0, 0]",36
13,"[2, 1]",70.04999999999816,"[12, 12]","[14.000000000000064, 0]","[0, 0]",36
14,"[2, 1]",78.79999999999767,"[13, 15]","[15.85000000000009, 0]","[0, 0]",36
15,"[0, 1]",71.2499999999981,"[2, 13]","[0, 0]","[0, 0]",36
16,"[2, 1]",76.69999999999779,"[14, 14]","[13.500000000000057, 0]","[0, 0]",36
17,"[2, 1]",79.44999999999763,"[16, 16]","[11.750000000000032, 0]","[0, 0]",36
18,"[2, 1]",88.14999999999714,"[17, 21]","[10.25000000000001, 0]","[0, 0]",36
19,"[2, 1]",101.39999999999638,"[18, 24]","[15.450000000000085, 0]","[6.699999999999984, 0]",36
20,"[0, 3]",96.84999999999664,"[15, -999]","[0, 0]","[0, 0]",36
21,"[0, 1]",75.59999999999785,"[20, 17]","[0, 0]","[0, 0]",36
22,"[0, 3]",106.54999999999609,"[21, 20]","[0, 0]","[0, 0]",36
23,"[0, 1]",79.09999999999765,"[22, 18]","[0, 0]","[0, 0]",36
24,"[0, 1]",81.29999999999752,"[23, 23]","[0, 0]","[0, 0]",36
25,"[2, 1]",93.54999999999683,"[19, 26]","[3.7499999999999947, 0]","[0, 0]",36
26,"[0, 1]",85.94999999999726,"[24, 19]","[2.549999999999999, 0]","[2.549999999999999, 0]",36
27,"[2, 1]",102.7999999999963,"[25, 29]","[2.6999999999999984, 0]","[2.25, 0]",36
28,"[0, 1]",90.94999999999698,"[26, 25]","[1.800000000000001, 0]","[1.800000000000001, 0]",36
29,"[0, 1]",91.49999999999694,"[28, 28]","[0, 0]","[0, 0]",36
30,"[2, 3]",126.89999999999493,"[27, 22]","[0, 0]","[0, 0]",36
31,"[0, 1]",95.39999999999672,"[29, 27]","[2.549999999999999, 0]","[2.549999999999999, 0]",36
32,"[0, 1]",96.89999999999664,"[31, 31]","[0, 0]","[0, 0]",36
33,"[0, 1]",103.44999999999627,"[32, 36]","[2.499999999999999, 0]","[2.499999999999999, 0]",36
34,"[0, 1]",105.19999999999617,"[33, 33]","[0, 0]","[0, 0]",36
35,"[0, 1]",112.29999999999576,"[34, 37]","[2.549999999999999, 0]","[2.549999999999999, 0]",36
36,"[2, 1]",90.89999999999698,"[30, 32]","[0, 0]","[0, 0]",36
37,"[2, 1]",103.19999999999628,"[36, 34]","[3.099999999999997, 0]","[3.099999999999997, 0]",36
38,"[2, 3]",132.94999999999598,"[37, 30]","[0, 0]","[0, 0]",36
39,"[2, 1]",110.99999999999584,"[38, 44]","[0, 0]","[0, 0]",36
40,"[2, 1]",111.6499999999958,"[39, 39]","[1.1500000000000004, 0]","[0, 0]",36
41,"[2, 1]",119.84999999999533,"[40, 47]","[6.699999999999984, 0]","[0, 0]",36
42,"[2, 1]",121.24999999999525,"[41, 41]","[9.850000000000005, 0]","[0, 0]",36
43,"[2, 1]",136.1499999999967,"[42, 51]","[13.450000000000056, 0]","[2.849999999999998, 0]",36
44,"[0, 1]",91.89999999999692,"[35, 35]","[0, 0]","[0, 0]",36
45,"[0, 3]",123.69999999999511,"[44, 38]","[0, 0]","[0, 0]",36
46,"[2, 1]",142.04999999999805,"[43, 53]","[15.350000000000083, 0]","[2.6499999999999986, 0]",36
47,"[0, 1]",99.74999999999648,"[45, 40]","[3.1999999999999966, 0]","[3.1999999999999966, 0]",36
48,"[0, 3]",129.4999999999952,"[47, 45]","[0, 0]","[0, 0]",36
49,"[0, 3]",133.049999999996,"[48, 48]","[0, 0]","[0, 0]",36
50,"[0, 1]",105.69999999999614,"[49, 42]","[0, 0]","[0, 0]",36
51,"[0, 1]",107.84999999999602,"[50, 50]","[0, 0]","[0, 0]",36
52,"[0, 1]",114.99999999999561,"[51, 43]","[2.4499999999999993, 0]","[2.4499999999999993, 0]",36
53,"[0, 1]",116.59999999999552,"[52, 52]","[0, 0]","[0, 0]",36
54,"[0, 1]",123.59999999999512,"[53, 46]","[2.499999999999999, 0]","[2.499999999999999, 0]",36
55,"[0, 1]",131.09999999999556,"[54, 57]","[2.6499999999999986, 0]","[2.6499999999999986, 0]",36
56,"[0, 1]",137.49999999999702,"[55, 61]","[2.2, 0]","[2.2, 0]",36
57,"[2, 1]",120.24999999999531,"[46, 54]","[1.4500000000000006, 0]","[0, 0]",36
58,"[0, 3]",164.35000000000312,"[56, -999]","[0, 0]","[0, 0]",36
59,"[0, 1]",136.79999999999686,"[58, 63]","[0, 0]","[0, 0]",36
60,"[0, 1]",143.5999999999984,"[59, 65]","[3.399999999999996, 0]","[2.499999999999999, 0]",36
61,"[2, 1]",117.94999999999544,"[57, 55]","[1.0500000000000003, 0]","[0, 0]",36
62,"[0, 1]",142.54999999999816,"[60, 60]","[1.900000000000001, 0]","[0, 0]",36
63,"[2, 1]",121.54999999999524,"[61, 56]","[6.449999999999985, 0]","[0, 0]",36
64,"[0, 3]",171.60000000000477,"[62, 68]","[2.8999999999999977, 0]","[0, 0]",36
65,"[2, 1]",125.649999999995,"[63, 59]","[5.399999999999989, 0]","[0, 0]",36
66,"[0, 1]",141.19999999999786,"[64, 71]","[3.649999999999995, 0]","[0, 0]",36
67,"[0, 1]",148.4499999999995,"[66, 72]","[6.749999999999984, 0]","[2.3999999999999995, 0]",36
68,"[2, 3]",151.1000000000001,"[65, 58]","[1.950000000000001, 0]","[0, 0]",36
69,"[0, 1]",147.29999999999924,"[67, 67]","[4.899999999999991, 0]","[0, 0]",36
70,"[0, 3]",179.35000000000653,"[69, 64]","[5.399999999999989, 0]","[0, 0]",36
71,"[2, 1]",122.69999999999517,"[68, 62]","[2.4499999999999993, 0]","[0, 0]",36
72,"[2, 1]",131.09999999999556,"[71, 66]","[4.599999999999992, 0]","[2.3499999999999996, 0]",36
73,"[0, 1]",147.0499999999992,"[70, 77]","[6.149999999999986, 0]","[0, 0]",36
74,"[0, 1]",149.39999999999972,"[73, 73]","[7.499999999999981, 0]","[0, 0]",36
75,"[0, 3]",181.70000000000707,"[74, 70]","[7.84999999999998, 0]","[0, 0]",36
76,"[0, 1]",155.55000000000112,"[75, 74]","[7.699999999999981, 0]","[0, 0]",36
77,"[2, 1]",131.2999999999956,"[72, 69]","[8.14999999999998, 0]","[6.549999999999985, 0]",36
78,"[0, 1]",155.15000000000103,"[76, 76]","[7.349999999999982, 0]","[0, 0]",36
79,"[0, 3]",187.6000000000084,"[78, 75]","[6.999999999999983, 0]","[0, 0]",36
0,"[0, 3]",96.64999999999665,"[-999, -999]","[0, 0]","[0, 0]",37
1,"[0, 3]",100.79999999999642,"[0, 0]","[0, 0]","[0, 0]",37
2,"[2, 1]",36.45000000000007,"[-999, -999]","[0, 0]","[0, 0]",37
3,"[2, 1]",38.54999999999995,"[2, 2]","[0, 0]","[0, 0]",37
4,"[2, 1]",41.1499999999998,"[3, 3]","[0, 0]","[0, 0]",37
5,"[2, 1]",43.89999999999964,"[4, 4]","[0, 0]","[0, 0]",37
6,"[2, 1]",46.4499999999995,"[5, 5]","[0, 0]","[0, 0]",37
7,"[2, 1]",48.799999999999365,"[6, 6]","[0, 0]","[0, 0]",37
8,"[0, 3]",96.89999999999664,"[1, 1]","[0, 0]","[0, 0]",37
9,"[2, 1]",48.1999999999994,"[7, 7]","[0, 0]","[0, 0]",37
10,"[2, 1]",49.9999999999993,"[9, 9]","[0, 0]","[0, 0]",37
11,"[0, 1]",68.09999999999827,"[8, 14]","[0, 0]","[0, 0]",37
12,"[2, 1]",49.19999999999934,"[10, 10]","[0, 0]","[0, 0]",37
13,"[2, 1]",51.6499999999992,"[12, 12]","[0, 0]","[0, 0]",37
14,"[2, 1]",54.449999999999044,"[13, 13]","[0, 0]","[0, 0]",37
15,"[2, 1]",62.849999999998566,"[14, 11]","[0, 0]","[0, 0]",37
16,"[0, 1]",69.3999999999982,"[11, 17]","[0, 0]","[0, 0]",37
17,"[2, 1]",60.69999999999869,"[15, 15]","[7.549999999999981, 0]","[0, 0]",37
18,"[0, 1]",69.04999999999822,"[16, 16]","[0, 0]","[0, 0]",37
19,"[2, 1]",72.74999999999801,"[17, 18]","[14.750000000000075, 0]","[2.799999999999998, 0]",37
20,"[0, 1]",73.39999999999797,"[18, 19]","[0.7000000000000001, 0]","[0.7000000000000001, 0]",37
21,"[0, 1]",75.19999999999787,"[20, 20]","[0, 0]","[0, 0]",37
22,"[2, 3]",96.89999999999664,"[19, 8]","[4.699999999999991, 0]","[0, 0]",37
23,"[2, 1]",75.14999999999787,"[22, 21]","[3.349999999999996, 0]","[0, 0]",37
24,"[0, 1]",76.29999999999781,"[21, 23]","[2.3499999999999996, 0]","[2.3499999999999996, 0]",37
25,"[0, 1]",83.84999999999738,"[24, 26]","[2.6999999999999984, 0]","[2.6999999999999984, 0]",37
26,"[2, 1]",75.79999999999784,"[23, 24]","[0, 0]","[0, 0]",37
27,"[2, 1]",81.6499999999975,"[26, 25]","[0, 0]","[0, 0]",37
28,"[0, 1]",84.64999999999733,"[25, 27]","[2.3999999999999995, 0]","[2.3999999999999995, 0]",37
29,"[0, 1]",90.89999999999698,"[28, 36]","[2.5999999999999988, 0]","[2.5999999999999988, 0]",37
30,"[0, 3]",120.4499999999953,"[29, 22]","[0, 0]","[0, 0]",37
31,"[0, 1]",92.89999999999687,"[30, 39]","[0, 0]","[0, 0]",37
32,"[0, 1]",99.69999999999648,"[31, 40]","[2.5999999999999988, 0]","[2.5999999999999988, 0]",37
33,"[0, 1]",107.34999999999604,"[32, 41]","[2.4499999999999993, 0]","[2.4499999999999993, 0]",37
34,"[0, 1]",113.69999999999568,"[33, 52]","[2.25, 0]","[2.25, 0]",37
35,"[0, 1]",114.24999999999565,"[34, 34]","[0, 0]","[0, 0]",37
36,"[2, 1]",65.8999999999984,"[27, 28]","[0, 0]","[0, 0]",37
37,"[0, 1]",113.3499999999957,"[35, 35]","[0, 0]","[0, 0]",37
38,"[0, 1]",120.3999999999953,"[37, 57]","[2.4499999999999993, 0]","[2.4499999999999993, 0]",37
39,"[2, 1]",66.64999999999836,"[36, 29]","[0.3, 0]","[0, 0]",37
40,"[2, 1]",73.59999999999796,"[39, 31]","[0, 0]","[0, 0]",37
41,"[2, 1]",79.9499999999976,"[40, 32]","[0, 0]","[0, 0]",37
42,"[0, 3]",143.29999999999833,"[38, -999]","[0, 0]","[0, 0]",37
43,"[0, 1]",116.14999999999554,"[42, 59]","[0, 0]","[0, 0]",37
44,"[0, 1]",122.89999999999516,"[43, 63]","[2.3499999999999996, 0]","[2.3499999999999996, 0]",37
45,"[0, 3]",154.25000000000082,"[44, 42]","[0, 0]","[0, 0]",37
46,"[0, 3]",157.85000000000164,"[45, 45]","[0, 0]","[0, 0]",37
47,"[0, 1]",128.599999999995,"[46, 70]","[0, 0]","[0, 0]",37
48,"[0, 3]",161.30000000000243,"[47, 46]","[0, 0]","[0, 0]",37
49,"[0, 1]",138.7499999999973,"[48, 75]","[2.5999999999999988, 0]","[2.5999999999999988, 0]",37
50,"[0, 1]",140.5499999999977,"[49, 49]","[0, 0]","[0, 0]",37
51,"[0, 1]",147.69999999999933,"[50, 76]","[2.499999999999999, 0]","[2.499999999999999, 0]",37
52,"[2, 1]",58.449999999998816,"[41, 33]","[0, 0]","[0, 0]",37
53,"[0, 1]",146.49999999999906,"[51, 51]","[0, 0]","[0, 0]",37
54,"[0, 1]",148.64999999999955,"[53, 53]","[0.35, 0]","[0, 0]",37
55,"[0, 1]",150.95000000000007,"[54, 54]","[0.9000000000000002, 0]","[0, 0]",37
56,"[0, 1]",153.20000000000059,"[55, 55]","[1.2000000000000004, 0]","[0, 0]",37
57,"[2, 1]",64.59999999999847,"[52, 37]","[9.750000000000004, 0]","[9.750000000000004, 0]",37
58,"[0, 1]",152.75000000000048,"[56, 56]","[1.4500000000000006, 0]","[0, 0]",37
59,"[2, 1]",67.7499999999983,"[57, 38]","[13.800000000000061, 0]","[2.25, 0]",37
60,"[0, 1]",152.25000000000037,"[58, 58]","[1.6500000000000008, 0]","[0, 0]",37
61,"[0, 1]",154.5500000000009,"[60, 60]","[1.900000000000001, 0]","[0, 0]",37
62,"[0, 1]",156.8000000000014,"[61, 61]","[2.25, 0]","[0, 0]",37
63,"[2, 1]",66.49999999999837,"[59, 43]","[13.450000000000056, 0]","[0, 0]",37
64,"[0, 1]",156.25000000000128,"[62, 62]","[2.9999999999999973, 0]","[0, 0]",37
65,"[2, 1]",69.99999999999817,"[63, 44]","[13.300000000000054, 0]","[0, 0]",37
66,"[0, 1]",155.75000000000117,"[64, 64]","[4.6499999999999915, 0]","[0, 0]",37
67,"[0, 1]",158.0500000000017,"[66, 66]","[5.599999999999988, 0]","[0, 0]",37
68,"[0, 3]",190.250000000009,"[67, -999]","[6.649999999999984, 0]","[0, 0]",37
69,"[0, 1]",164.2500000000031,"[68, 67]","[7.699999999999981, 0]","[0, 0]",37
70,"[2, 1]",59.699999999998745,"[65, 65]","[7.399999999999982, 0]","[0, 0]",37
71,"[0, 3]",194.05000000000987,"[69, 68]","[8.199999999999982, 0]","[0, 0]",37
72,"[0, 1]",167.85000000000392,"[71, 69]","[4.049999999999994, 0]","[0, 0]",37
73,"[2, 1]",62.94999999999856,"[70, 47]","[0.6, 0]","[0, 0]",37
74,"[0, 1]",167.45000000000383,"[72, 72]","[3.7999999999999945, 0]","[0, 0]",37
75,"[2, 1]",60.79999999999868,"[73, 73]","[0, 0]","[0, 0]",37
76,"[2, 1]",75.29999999999787,"[75, 50]","[2.849999999999998, 0]","[2.849999999999998, 0]",37
77,"[0, 3]",194.35000000000994,"[74, 71]","[2.9499999999999975, 0]","[0, 0]",37
78,"[0, 1]",168.250000000004,"[77, 74]","[1.6500000000000008, 0]","[0, 0]",37
79,"[0, 1]",170.55000000000453,"[78, 78]","[1.0000000000000002, 0]","[0, 0]",37
0,"[2, 1]",36.45000000000007,"[-999, -999]","[0, 0]","[0, 0]",38
1,"[2, 1]",38.54999999999995,"[0, 0]","[0, 0]","[0, 0]",38
2,"[2, 3]",69.89999999999817,"[1, -999]","[0, 0]","[0, 0]",38
3,"[2, 1]",41.1499999999998,"[2, 1]","[0, 0]","[0, 0]",38
4,"[2, 1]",43.94999999999964,"[3, 3]","[0, 0]","[0, 0]",38
5,"[2, 1]",46.59999999999949,"[4, 4]","[0, 0]","[0, 0]",38
6,"[2, 1]",48.99999999999935,"[5, 5]","[0, 0]","[0, 0]",38
7,"[2, 1]",51.249999999999226,"[6, 6]","[0, 0]","[0, 0]",38
8,"[2, 3]",78.69999999999767,"[7, 2]","[0, 0]","[0, 0]",38
9,"[2, 1]",51.6499999999992,"[8, 7]","[0, 0]","[0, 0]",38
10,"[2, 1]",54.249999999999055,"[9, 9]","[0, 0]","[0, 0]",38
11,"[0, 3]",96.69999999999665,"[2, 8]","[0, 0]","[0, 0]",38
12,"[2, 1]",53.699999999999086,"[10, 10]","[0, 0]","[0, 0]",38
13,"[2, 1]",55.849999999998964,"[12, 12]","[0, 0]","[0, 0]",38
14,"[2, 1]",58.49999999999881,"[13, 13]","[0, 0]","[0, 0]",38
15,"[2, 1]",61.299999999998654,"[14, 14]","[0, 0]","[0, 0]",38
16,"[2, 1]",63.9999999999985,"[15, 15]","[0, 0]","[0, 0]",38
17,"[2, 1]",67.04999999999833,"[16, 16]","[8.449999999999985, 0]","[0, 0]",38
18,"[2, 1]",70.14999999999816,"[17, 17]","[6.099999999999986, 0]","[0, 0]",38
19,"[2, 1]",78.54999999999768,"[18, 21]","[4.399999999999992, 0]","[0, 0]",38
20,"[2, 3]",109.49999999999592,"[19, 11]","[2.849999999999998, 0]","[0, 0]",38
21,"[0, 1]",67.5999999999983,"[11, 18]","[0, 0]","[0, 0]",38
22,"[0, 1]",74.39999999999792,"[21, 19]","[0, 0]","[0, 0]",38
23,"[0, 1]",76.19999999999781,"[22, 22]","[0, 0]","[0, 0]",38
24,"[0, 1]",82.79999999999744,"[23, 27]","[2.4499999999999993, 0]","[2.4499999999999993, 0]",38
25,"[0, 3]",115.94999999999555,"[24, 28]","[0, 0]","[0, 0]",38
26,"[0, 1]",89.24999999999707,"[25, 36]","[0, 0]","[0, 0]",38
27,"[2, 1]",70.39999999999814,"[20, 23]","[0, 0]","[0, 0]",38
28,"[2, 3]",101.1499999999964,"[27, 20]","[0, 0]","[0, 0]",38
29,"[0, 1]",85.44999999999729,"[26, 26]","[0, 0]","[0, 0]",38
30,"[0, 3]",117.69999999999546,"[29, 25]","[0, 0]","[0, 0]",38
31,"[0, 1]",95.8999999999967,"[30, 39]","[2.8999999999999977, 0]","[2.8999999999999977, 0]",38
32,"[0, 1]",97.39999999999661,"[31, 31]","[0, 0]","[0, 0]",38
33,"[0, 1]",99.59999999999648,"[32, 32]","[0, 0]","[0, 0]",38
34,"[0, 1]",107.89999999999601,"[33, 41]","[2.000000000000001, 0]","[2.000000000000001, 0]",38
35,"[0, 1]",114.14999999999566,"[34, 42]","[2.549999999999999, 0]","[2.549999999999999, 0]",38
36,"[2, 1]",54.84999999999902,"[28, 24]","[0, 0]","[0, 0]",38
37,"[2, 1]",69.74999999999818,"[36, 29]","[2.849999999999998, 0]","[2.849999999999998, 0]",38
38,"[0, 1]",109.24999999999594,"[35, 35]","[0, 0]","[0, 0]",38
39,"[2, 1]",67.49999999999831,"[37, 37]","[0, 0]","[0, 0]",38
40,"[0, 1]",108.34999999999599,"[38, 38]","[0, 0]","[0, 0]",38
41,"[2, 1]",83.84999999999738,"[39, 33]","[9.950000000000006, 0]","[9.950000000000006, 0]",38
42,"[2, 1]",89.14999999999708,"[41, 34]","[0, 0]","[0, 0]",38
43,"[2, 3]",120.3999999999953,"[42, 30]","[0, 0]","[0, 0]",38
44,"[0, 1]",107.14999999999606,"[40, 45]","[2.3999999999999995, 0]","[2.3999999999999995, 0]",38
45,"[2, 1]",100.84999999999641,"[43, 40]","[1.900000000000001, 0]","[1.900000000000001, 0]",38
46,"[2, 1]",106.59999999999609,"[45, 44]","[0, 0]","[0, 0]",38
47,"[0, 1]",109.39999999999593,"[44, 46]","[1.900000000000001, 0]","[1.900000000000001, 0]",38
48,"[0, 1]",115.74999999999557,"[47, 49]","[2.4499999999999993, 0]","[2.4499999999999993, 0]",38
49,"[2, 1]",107.24999999999605,"[46, 47]","[0, 0]","[0, 0]",38
50,"[0, 1]",119.19999999999537,"[48, 52]","[2.6999999999999984, 0]","[2.6999999999999984, 0]",38
51,"[0, 1]",125.44999999999501,"[50, 55]","[2.549999999999999, 0]","[2.549999999999999, 0]",38
52,"[2, 1]",107.999999999996,"[49, 48]","[0, 0]","[0, 0]",38
53,"[0, 1]",128.99999999999508,"[51, 57]","[2.3499999999999996, 0]","[2.3499999999999996, 0]",38
54,"[0, 1]",135.34999999999653,"[53, 59]","[2.3, 0]","[2.3, 0]",38
55,"[2, 1]",108.69999999999597,"[52, 50]","[0, 0]","[0, 0]",38
56,"[0, 1]",138.89999999999733,"[54, 61]","[2.3999999999999995, 0]","[2.3999999999999995, 0]",38
57,"[2, 1]",112.24999999999577,"[55, 51]","[1.5000000000000007, 0]","[0, 0]",38
58,"[0, 1]",142.49999999999815,"[56, 63]","[2.2, 0]","[2.2, 0]",38
59,"[2, 1]",115.84999999999556,"[57, 53]","[1.3500000000000005, 0]","[0, 0]",38
60,"[0, 1]",140.34999999999766,"[58, 58]","[0, 0]","[0, 0]",38
61,"[2, 1]",119.39999999999536,"[59, 54]","[7.099999999999983, 0]","[0, 0]",38
62,"[0, 1]",145.54999999999885,"[60, 65]","[2.9499999999999975, 0]","[2.9499999999999975, 0]",38
63,"[2, 1]",122.99999999999515,"[61, 56]","[6.399999999999985, 0]","[0, 0]",38
64,"[2, 3]",154.70000000000093,"[63, -999]","[7.399999999999982, 0]","[0, 0]",38
65,"[2, 1]",130.64999999999546,"[64, 60]","[8.249999999999982, 0]","[0, 0]",38
66,"[0, 1]",137.94999999999712,"[62, 62]","[0, 0]","[0, 0]",38
67,"[0, 1]",144.64999999999864,"[66, 69]","[2.4499999999999993, 0]","[2.4499999999999993, 0]",38
68,"[0, 1]",152.30000000000038,"[67, 71]","[2.25, 0]","[2.25, 0]",38
69,"[2, 1]",135.54999999999657,"[65, 66]","[7.7499999999999805, 0]","[2.499999999999999, 0]",38
70,"[0, 1]",150.1499999999999,"[68, 68]","[0, 0]","[0, 0]",38
71,"[2, 1]",138.54999999999725,"[69, 67]","[6.449999999999985, 0]","[0, 0]",38
72,"[2, 3]",169.75000000000435,"[71, 64]","[11.100000000000023, 0]","[0, 0]",38
73,"[2, 1]",152.75000000000048,"[72, 74]","[13.350000000000055, 0]","[2.4499999999999993, 0]",38
74,"[0, 1]",143.74999999999844,"[70, 70]","[0, 0]","[0, 0]",38
75,"[2, 1]",161.40000000000245,"[73, 78]","[14.200000000000067, 0]","[3.149999999999997, 0]",38
76,"[2, 1]",167.05000000000373,"[75, 79]","[10.90000000000002, 0]","[0, 0]",38
77,"[0, 1]",145.3499999999988,"[74, 73]","[2.4499999999999993, 0]","[2.4499999999999993, 0]",38
78,"[0, 1]",146.94999999999916,"[77, 77]","[0, 0]","[0, 0]",38
79,"[0, 1]",154.00000000000077,"[78, 75]","[2.549999999999999, 0]","[2.549999999999999, 0]",38
0,"[2, 1]",36.45000000000007,"[-999, -999]","[0, 0]","[0, 0]",39
1,"[2, 1]",38.54999999999995,"[0, 0]","[0, 0]","[0, 0]",39
2,"[2, 3]",69.89999999999817,"[1, -999]","[0, 0]","[0, 0]",39
3,"[2, 1]",41.1499999999998,"[2, 1]","[0, 0]","[0, 0]",39
4,"[2, 1]",43.94999999999964,"[3, 3]","[0, 0]","[0, 0]",39
5,"[2, 1]",46.59999999999949,"[4, 4]","[0, 0]","[0, 0]",39
6,"[2, 1]",48.99999999999935,"[5, 5]","[0, 0]","[0, 0]",39
7,"[2, 1]",51.249999999999226,"[6, 6]","[0, 0]","[0, 0]",39
8,"[0, 3]",96.64999999999665,"[-999, 2]","[0, 0]","[0, 0]",39
9,"[2, 1]",50.49999999999927,"[7, 7]","[0, 0]","[0, 0]",39
10,"[2, 1]",52.299999999999166,"[9, 9]","[0, 0]","[0, 0]",39
11,"[0, 1]",72.29999999999804,"[8, 15]","[0, 0]","[0, 0]",39
12,"[0, 1]",79.8999999999976,"[11, 16]","[1.900000000000001, 0]","[1.900000000000001, 0]",39
13,"[2, 1]",49.04999999999935,"[10, 10]","[0, 0]","[0, 0]",39
14,"[2, 1]",51.7499999999992,"[13, 13]","[0, 0]","[0, 0]",39
15,"[2, 1]",54.49999999999904,"[14, 14]","[0, 0]","[0, 0]",39
16,"[2, 1]",63.24999999999854,"[15, 11]","[6.149999999999986, 0]","[0, 0]",39
17,"[2, 1]",69.54999999999819,"[16, 12]","[8.649999999999988, 0]","[0, 0]",39
18,"[2, 1]",70.74999999999812,"[17, 17]","[6.299999999999986, 0]","[0, 0]",39
19,"[2, 1]",79.69999999999762,"[18, 20]","[4.599999999999992, 0]","[0, 0]",39
20,"[0, 1]",72.24999999999804,"[12, 18]","[0, 0]","[0, 0]",39
21,"[0, 1]",79.8999999999976,"[20, 19]","[1.7500000000000009, 0]","[1.7500000000000009, 0]",39
22,"[0, 1]",86.24999999999724,"[21, 27]","[2.3499999999999996, 0]","[2.3499999999999996, 0]",39
23,"[0, 1]",92.54999999999688,"[22, 32]","[2.499999999999999, 0]","[2.499999999999999, 0]",39
24,"[0, 1]",98.94999999999652,"[23, 37]","[2.1500000000000004, 0]","[2.1500000000000004, 0]",39
25,"[0, 1]",105.24999999999616,"[24, 38]","[2.499999999999999, 0]","[2.499999999999999, 0]",39
26,"[0, 1]",111.5499999999958,"[25, 39]","[2.6499999999999986, 0]","[2.6499999999999986, 0]",39
27,"[2, 1]",66.69999999999835,"[19, 21]","[0, 0]","[0, 0]",39
28,"[0, 1]",115.1499999999956,"[26, 40]","[2.3, 0]","[2.3, 0]",39
29,"[0, 1]",121.44999999999524,"[28, 41]","[2.3999999999999995, 0]","[2.3999999999999995, 0]",39
30,"[0, 1]",127.74999999999488,"[29, 42]","[2.3, 0]","[2.3, 0]",39
31,"[0, 1]",128.29999999999492,"[30, 30]","[0, 0]","[0, 0]",39
32,"[2, 1]",62.04999999999861,"[27, 22]","[0, 0]","[0, 0]",39
33,"[0, 1]",133.54999999999612,"[31, 44]","[2.9499999999999975, 0]","[2.9499999999999975, 0]",39
34,"[0, 1]",134.14999999999625,"[33, 33]","[0, 0]","[0, 0]",39
35,"[0, 1]",142.19999999999808,"[34, 52]","[2.7499999999999982, 0]","[2.7499999999999982, 0]",39
36,"[0, 1]",148.64999999999955,"[35, 55]","[2.1000000000000005, 0]","[2.1000000000000005, 0]",39
37,"[2, 1]",57.399999999998876,"[32, 23]","[0, 0]","[0, 0]",39
38,"[2, 1]",63.79999999999851,"[37, 24]","[0, 0]","[0, 0]",39
39,"[2, 1]",70.09999999999816,"[38, 25]","[0, 0]","[0, 0]",39
40,"[2, 1]",76.3999999999978,"[39, 26]","[0, 0]","[0, 0]",39
41,"[2, 1]",82.74999999999744,"[40, 28]","[1.5500000000000007, 0]","[0, 0]",39
42,"[2, 1]",88.99999999999709,"[41, 29]","[3.8499999999999943, 0]","[0, 0]",39
43,"[2, 3]",120.64999999999529,"[42, -999]","[3.399999999999996, 0]","[0, 0]",39
44,"[2, 1]",96.54999999999666,"[43, 31]","[2.1500000000000004, 0]","[0, 0]",39
45,"[0, 1]",133.049999999996,"[36, 57]","[2.4499999999999993, 0]","[2.4499999999999993, 0]",39
46,"[2, 3]",126.24999999999497,"[44, 43]","[0.7000000000000001, 0]","[0, 0]",39
47,"[0, 1]",136.5499999999968,"[45, 58]","[2.3999999999999995, 0]","[2.3999999999999995, 0]",39
48,"[0, 1]",142.84999999999823,"[47, 61]","[2.3, 0]","[2.3, 0]",39
49,"[0, 1]",149.09999999999965,"[48, 63]","[2.3999999999999995, 0]","[2.3999999999999995, 0]",39
50,"[0, 1]",149.7499999999998,"[49, 49]","[0, 0]","[0, 0]",39
51,"[0, 1]",157.6500000000016,"[50, 65]","[2.849999999999998, 0]","[2.849999999999998, 0]",39
52,"[2, 1]",88.6999999999971,"[46, 34]","[0, 0]","[0, 0]",39
53,"[0, 1]",155.5000000000011,"[51, 51]","[0, 0]","[0, 0]",39
54,"[0, 1]",163.55000000000294,"[53, 68]","[2.7499999999999982, 0]","[2.7499999999999982, 0]",39
55,"[2, 1]",90.599999999997,"[52, 35]","[0, 0]","[0, 0]",39
56,"[0, 1]",161.40000000000245,"[54, 54]","[0, 0]","[0, 0]",39
57,"[2, 1]",94.29999999999679,"[55, 36]","[0, 0]","[0, 0]",39
58,"[2, 1]",100.54999999999643,"[57, 45]","[1.800000000000001, 0]","[0, 0]",39
59,"[0, 1]",157.80000000000163,"[56, 56]","[0, 0]","[0, 0]",39
60,"[0, 1]",164.35000000000312,"[59, 72]","[2.4499999999999993, 0]","[2.4499999999999993, 0]",39
61,"[2, 1]",101.34999999999638,"[58, 47]","[3.399999999999996, 0]","[0, 0]",39
62,"[0, 1]",169.1500000000042,"[60, 73]","[2.8999999999999977, 0]","[2.8999999999999977, 0]",39
63,"[2, 1]",104.84999999999619,"[61, 48]","[2.1500000000000004, 0]","[0, 0]",39
64,"[2, 3]",136.5499999999968,"[63, -999]","[2.3499999999999996, 0]","[0, 0]",39
65,"[2, 1]",112.54999999999575,"[64, 50]","[1.900000000000001, 0]","[0, 0]",39
66,"[0, 1]",167.70000000000388,"[62, 75]","[2.25, 0]","[2.25, 0]",39
67,"[2, 3]",142.09999999999806,"[65, 64]","[2.25, 0]","[0, 0]",39
68,"[2, 1]",118.29999999999542,"[67, 53]","[4.049999999999994, 0]","[0, 0]",39
69,"[2, 3]",150.85000000000005,"[68, 67]","[5.699999999999988, 0]","[0, 0]",39
70,"[2, 3]",154.80000000000095,"[69, 69]","[7.349999999999982, 0]","[0, 0]",39
71,"[0, 1]",157.2500000000015,"[66, 66]","[0.35, 0]","[0, 0]",39
72,"[2, 1]",126.99999999999493,"[70, 59]","[10.100000000000009, 0]","[0, 0]",39
73,"[2, 1]",133.64999999999614,"[72, 60]","[10.90000000000002, 0]","[0, 0]",39
74,"[0, 1]",153.6500000000007,"[71, 71]","[0.65, 0]","[0, 0]",39
75,"[2, 1]",137.24999999999696,"[73, 62]","[9.950000000000006, 0]","[0, 0]",39
76,"[2, 3]",169.1000000000042,"[75, 70]","[11.300000000000026, 0]","[0, 0]",39
77,"[2, 1]",151.65000000000023,"[76, 74]","[14.750000000000075, 0]","[2.4499999999999993, 0]",39
78,"[0, 1]",152.45000000000041,"[74, 77]","[2.3499999999999996, 0]","[2.3499999999999996, 0]",39
79,"[0, 1]",154.00000000000077,"[78, 78]","[0, 0]","[0, 0]",39
