Vehicle_label,Road_order,Total_time,Leading_vehicles,Stopped_time,Stop_while_front,Round_number
0,"[2, 1]",36.40000000000007,"[-999, -999]","[0, 0]","[0, 0]",1
1,"[0, 3]",107.999999999996,"[-999, 20]","[0, 0]","[5.349999999999989, 0]",1
2,"[2, 3]",68.49999999999825,"[0, -999]","[0, 0]","[0, 0]",1
3,"[0, 1]",87.14999999999719,"[1, 25]","[5.449999999999989, 0]","[5.449999999999989, 0]",1
4,"[2, 3]",71.1999999999981,"[2, 2]","[0, 0]","[0, 0]",1
5,"[2, 1]",41.0999999999998,"[4, 0]","[0, 0]","[0, 0]",1
6,"[0, 1]",86.64999999999722,"[3, 3]","[0, 0]","[0, 0]",1
7,"[2, 1]",43.04999999999969,"[5, 5]","[0, 0]","[0, 0]",1
8,"[0, 3]",117.09999999999549,"[6, 1]","[0, 0]","[0, 0]",1
9,"[0, 3]",119.49999999999535,"[8, 8]","[0, 0]","[0, 0]",1
10,"[0, 1]",91.09999999999697,"[9, 32]","[0, 0]","[0, 0]",1
11,"[0, 1]",92.14999999999691,"[10, 10]","[1.4500000000000006, 0]","[0, 0]",1
12,"[2, 1]",44.5999999999996,"[7, 7]","[0, 0]","[0, 0]",1
13,"[2, 3]",71.59999999999808,"[12, 4]","[0, 0]","[0, 0]",1
14,"[0, 1]",93.19999999999685,"[11, 11]","[2.1500000000000004, 0]","[0, 0]",1
15,"[0, 1]",98.94999999999652,"[14, 36]","[4.249999999999993, 0]","[2.499999999999999, 0]",1
16,"[0, 3]",128.94999999999507,"[15, 35]","[1.2500000000000004, 0]","[0, 0]",1
17,"[0, 3]",131.2999999999956,"[16, 16]","[0.6, 0]","[0, 0]",1
18,"[0, 1]",102.7999999999963,"[17, 39]","[0, 0]","[0, 0]",1
19,"[2, 3]",74.24999999999793,"[13, 13]","[0, 0]","[0, 0]",1
20,"[2, 3]",75.84999999999783,"[19, 19]","[0, 0]","[0, 0]",1
21,"[0, 3]",134.7499999999964,"[18, 40]","[0, 0]","[0, 0]",1
22,"[0, 1]",105.34999999999616,"[21, 42]","[0, 0]","[0, 0]",1
23,"[2, 1]",44.949999999999584,"[20, 12]","[0, 0]","[0, 0]",1
24,"[2, 1]",46.09999999999952,"[23, 23]","[0, 0]","[0, 0]",1
25,"[2, 1]",47.09999999999946,"[24, 24]","[0, 0]","[0, 0]",1
26,"[0, 1]",106.4499999999961,"[22, 22]","[0, 0]","[0, 0]",1
27,"[0, 1]",107.49999999999604,"[26, 26]","[0, 0]","[0, 0]",1
28,"[0, 3]",138.59999999999727,"[27, 21]","[0, 0]","[0, 0]",1
29,"[0, 3]",140.9499999999978,"[28, 28]","[0, 0]","[0, 0]",1
30,"[0, 1]",112.39999999999576,"[29, 43]","[0, 0]","[0, 0]",1
31,"[0, 3]",144.4499999999986,"[30, 50]","[0, 0]","[0, 0]",1
32,"[2, 1]",58.04999999999884,"[25, 6]","[5.999999999999987, 0]","[5.999999999999987, 0]",1
33,"[0, 3]",145.69999999999888,"[31, 31]","[0, 0]","[0, 0]",1
34,"[2, 3]",95.24999999999673,"[32, 9]","[9.45, 0]","[2.7499999999999982, 0]",1
35,"[2, 3]",97.09999999999663,"[34, 34]","[6.999999999999983, 0]","[0, 0]",1
36,"[2, 1]",73.64999999999796,"[35, 14]","[14.300000000000068, 0]","[0, 0]",1
37,"[0, 3]",146.89999999999915,"[33, 33]","[0, 0]","[0, 0]",1
38,"[0, 3]",153.15000000000057,"[37, 53]","[2.499999999999999, 0]","[2.499999999999999, 0]",1
39,"[2, 1]",78.94999999999766,"[36, 15]","[17.400000000000112, 0]","[0, 0]",1
40,"[2, 3]",116.34999999999553,"[39, 17]","[15.500000000000085, 0]","[0, 0]",1
41,"[0, 1]",123.19999999999514,"[38, 57]","[0, 0]","[0, 0]",1
42,"[2, 1]",87.34999999999718,"[40, 18]","[15.15000000000008, 0]","[0, 0]",1
43,"[2, 1]",106.14999999999611,"[42, 27]","[24.850000000000218, 0]","[9.800000000000004, 0]",1
44,"[0, 1]",123.8499999999951,"[41, 41]","[0, 0]","[0, 0]",1
45,"[0, 3]",157.45000000000155,"[44, 60]","[0, 0]","[0, 0]",1
46,"[0, 1]",128.74999999999503,"[45, 64]","[0, 0]","[0, 0]",1
47,"[0, 3]",159.35000000000198,"[46, 45]","[0, 0]","[0, 0]",1
48,"[0, 3]",161.50000000000247,"[47, 47]","[0, 0]","[0, 0]",1
49,"[0, 1]",132.44999999999587,"[48, 66]","[0, 0]","[0, 0]",1
50,"[2, 3]",143.5999999999984,"[43, 29]","[18.70000000000013, 0]","[3.2499999999999964, 0]",1
51,"[0, 3]",165.1000000000033,"[49, 68]","[0, 0]","[0, 0]",1
52,"[0, 1]",135.74999999999662,"[51, 49]","[0, 0]","[0, 0]",1
53,"[2, 3]",161.30000000000243,"[50, 37]","[30.400000000000297, 0]","[9.600000000000001, 0]",1
54,"[0, 3]",167.55000000000385,"[52, 69]","[0, 0]","[0, 0]",1
55,"[0, 3]",173.40000000000518,"[54, 70]","[2.3499999999999996, 0]","[2.3499999999999996, 0]",1
56,"[0, 3]",173.70000000000525,"[55, 55]","[0, 0]","[0, 0]",1
57,"[2, 1]",129.59999999999522,"[53, -999]","[21.150000000000166, 0]","[0, 0]",1
58,"[0, 1]",142.59999999999818,"[56, 75]","[0, 0]","[0, 0]",1
59,"[2, 3]",164.3000000000031,"[57, 38]","[19.95000000000015, 0]","[0, 0]",1
60,"[2, 3]",166.25000000000355,"[59, 59]","[18.60000000000013, 0]","[0, 0]",1
61,"[0, 3]",171.80000000000481,"[58, 56]","[0, 0]","[0, 0]",1
62,"[0, 1]",141.89999999999802,"[61, 76]","[0, 0]","[0, 0]",1
63,"[0, 1]",146.89999999999915,"[62, 78]","[2.499999999999999, 0]","[2.499999999999999, 0]",1
64,"[2, 1]",136.69999999999683,"[60, 44]","[17.20000000000011, 0]","[0, 0]",1
65,"[2, 1]",145.24999999999878,"[64, 46]","[15.750000000000089, 0]","[0, 0]",1
66,"[2, 1]",145.64999999999887,"[65, 65]","[16.350000000000097, 0]","[0, 0]",1
67,"[0, 1]",146.79999999999913,"[63, 63]","[0.9000000000000002, 0]","[0, 0]",1
68,"[2, 3]",179.30000000000652,"[66, 48]","[17.800000000000118, 0]","[0, 0]",1
69,"[2, 3]",186.85000000000824,"[68, 51]","[17.750000000000117, 0]","[0, 0]",1
70,"[2, 3]",193.3000000000097,"[69, 54]","[23.700000000000202, 0]","[0, 0]",1
71,"[0, 3]",176.80000000000595,"[67, 79]","[1.4500000000000006, 0]","[0, 0]",1
72,"[0, 1]",142.19999999999808,"[71, 67]","[0, 0]","[0, 0]",1
73,"[0, 1]",142.19999999999808,"[72, 72]","[0, 0]","[0, 0]",1
74,"[2, 1]",161.70000000000252,"[70, 52]","[26.700000000000244, 0]","[0, 0]",1
75,"[2, 1]",164.3000000000031,"[74, 74]","[28.250000000000266, 0]","[0, 0]",1
76,"[2, 1]",172.55000000000499,"[75, 58]","[29.000000000000277, 0]","[0, 0]",1
77,"[0, 1]",142.99999999999827,"[73, 73]","[1.0000000000000002, 0]","[0, 0]",1
78,"[2, 1]",178.70000000000638,"[76, 62]","[29.400000000000283, 0]","[0, 0]",1
79,"[2, 3]",208.40000000001314,"[78, 61]","[35.450000000000124, 0]","[0, 0]",1
0,"[2, 3]",67.7499999999983,"[-999, -999]","[0, 0]","[0, 0]",2
1,"[2, 1]",37.15000000000003,"[0, -999]","[0, 0]","[0, 0]",2
2,"[2, 1]",38.89999999999993,"[1, 1]","[0, 0]","[0, 0]",2
3,"[2, 3]",69.19999999999821,"[2, 0]","[0, 0]","[0, 0]",2
4,"[0, 3]",102.8999999999963,"[-999, 12]","[0, 0]","[2.1500000000000004, 0]",2
5,"[0, 1]",73.34999999999798,"[4, 14]","[0, 0]","[0, 0]",2
6,"[2, 3]",71.79999999999806,"[3, 3]","[0, 0]","[0, 0]",2
7,"[0, 1]",74.54999999999791,"[5, 5]","[0, 0]","[0, 0]",2
8,"[0, 1]",75.69999999999784,"[7, 7]","[0, 0]","[0, 0]",2
9,"[2, 1]",41.749999999999766,"[6, 2]","[0, 0]","[0, 0]",2
10,"[2, 1]",43.59999999999966,"[9, 9]","[0, 0]","[0, 0]",2
11,"[2, 3]",71.1499999999981,"[10, 6]","[0, 0]","[0, 0]",2
12,"[2, 3]",73.49999999999797,"[11, 11]","[0, 0]","[0, 0]",2
13,"[0, 3]",107.59999999999603,"[8, 18]","[0, 0]","[0, 0]",2
14,"[2, 1]",43.39999999999967,"[12, 10]","[0, 0]","[0, 0]",2
15,"[2, 3]",76.79999999999778,"[14, 4]","[0, 0]","[0, 0]",2
16,"[0, 1]",83.84999999999738,"[13, 21]","[2.499999999999999, 0]","[2.499999999999999, 0]",2
17,"[2, 3]",77.94999999999771,"[15, 15]","[0, 0]","[0, 0]",2
18,"[2, 3]",78.94999999999766,"[17, 17]","[0, 0]","[0, 0]",2
19,"[2, 1]",51.14999999999923,"[18, 8]","[2.3, 0]","[2.3, 0]",2
20,"[0, 1]",83.19999999999742,"[16, 16]","[0, 0]","[0, 0]",2
21,"[2, 1]",51.7499999999992,"[19, 19]","[3.399999999999996, 0]","[3.399999999999996, 0]",2
22,"[0, 3]",117.29999999999548,"[20, 28]","[1.850000000000001, 0]","[1.850000000000001, 0]",2
23,"[0, 3]",118.7499999999954,"[22, 22]","[0, 0]","[0, 0]",2
24,"[0, 3]",119.89999999999533,"[23, 23]","[0, 0]","[0, 0]",2
25,"[0, 3]",126.29999999999497,"[24, 29]","[2.3999999999999995, 0]","[2.3999999999999995, 0]",2
26,"[2, 3]",82.69999999999744,"[21, 13]","[5.849999999999987, 0]","[2.549999999999999, 0]",2
27,"[0, 3]",127.04999999999492,"[25, 25]","[0, 0]","[0, 0]",2
28,"[2, 3]",85.79999999999727,"[26, 26]","[6.449999999999985, 0]","[0, 0]",2
29,"[2, 3]",103.89999999999624,"[28, 24]","[18.400000000000126, 0]","[9.700000000000003, 0]",2
30,"[0, 3]",127.89999999999488,"[27, 27]","[0, 0]","[0, 0]",2
31,"[2, 1]",72.54999999999802,"[29, -999]","[26.45000000000024, 0]","[0.05, 0]",2
32,"[0, 1]",100.24999999999645,"[30, 37]","[0, 0]","[0, 0]",2
33,"[0, 1]",100.39999999999644,"[32, 32]","[0, 0]","[0, 0]",2
34,"[2, 1]",75.34999999999786,"[31, 31]","[24.050000000000207, 0]","[0, 0]",2
35,"[0, 3]",133.9499999999962,"[33, 44]","[0, 0]","[0, 0]",2
36,"[0, 1]",105.54999999999615,"[35, 45]","[0, 0]","[0, 0]",2
37,"[2, 1]",77.14999999999776,"[34, 34]","[22.350000000000183, 0]","[0, 0]",2
38,"[0, 1]",106.09999999999611,"[36, 36]","[0, 0]","[0, 0]",2
39,"[2, 3]",110.44999999999587,"[37, 30]","[20.80000000000016, 0]","[0, 0]",2
40,"[0, 1]",112.04999999999578,"[38, 46]","[2.499999999999999, 0]","[2.499999999999999, 0]",2
41,"[0, 3]",141.89999999999802,"[40, 35]","[0, 0]","[0, 0]",2
42,"[0, 3]",144.29999999999856,"[41, 41]","[0, 0]","[0, 0]",2
43,"[0, 1]",115.1499999999956,"[42, 48]","[0, 0]","[0, 0]",2
44,"[2, 3]",112.99999999999572,"[39, 39]","[19.30000000000014, 0]","[0, 0]",2
45,"[2, 1]",83.84999999999738,"[44, 33]","[17.800000000000118, 0]","[0, 0]",2
46,"[2, 1]",97.89999999999658,"[45, 38]","[19.200000000000138, 0]","[2.849999999999998, 0]",2
47,"[2, 1]",102.8499999999963,"[46, 40]","[14.900000000000077, 0]","[0, 0]",2
48,"[2, 1]",103.24999999999628,"[47, 47]","[13.450000000000056, 0]","[0, 0]",2
49,"[0, 3]",147.89999999999938,"[43, 56]","[0, 0]","[0, 0]",2
50,"[0, 1]",119.49999999999535,"[49, 58]","[0, 0]","[0, 0]",2
51,"[0, 1]",120.04999999999532,"[50, 50]","[0, 0]","[0, 0]",2
52,"[0, 3]",151.0500000000001,"[51, 49]","[0, 0]","[0, 0]",2
53,"[0, 1]",123.19999999999514,"[52, 61]","[0, 0]","[0, 0]",2
54,"[0, 1]",124.19999999999509,"[53, 53]","[0, 0]","[0, 0]",2
55,"[0, 1]",125.29999999999502,"[54, 54]","[0, 0]","[0, 0]",2
56,"[2, 3]",136.9999999999969,"[48, 42]","[12.050000000000036, 0]","[0, 0]",2
57,"[0, 1]",126.34999999999496,"[55, 55]","[0, 0]","[0, 0]",2
58,"[2, 1]",107.74999999999602,"[56, 43]","[11.200000000000024, 0]","[0, 0]",2
59,"[0, 3]",157.2000000000015,"[57, 65]","[0, 0]","[0, 0]",2
60,"[0, 1]",128.54999999999498,"[59, 69]","[0, 0]","[0, 0]",2
61,"[2, 1]",121.84999999999522,"[58, 51]","[13.400000000000055, 0]","[3.049999999999997, 0]",2
62,"[2, 3]",153.55000000000067,"[61, 52]","[9.149999999999995, 0]","[0, 0]",2
63,"[2, 3]",156.10000000000124,"[62, 62]","[7.84999999999998, 0]","[0, 0]",2
64,"[0, 1]",129.69999999999524,"[60, 60]","[0, 0]","[0, 0]",2
65,"[2, 3]",158.45000000000178,"[63, 63]","[8.84999999999999, 0]","[0, 0]",2
66,"[0, 3]",163.15000000000285,"[64, 77]","[0, 0]","[0, 0]",2
67,"[0, 3]",164.50000000000315,"[66, 66]","[0, 0]","[0, 0]",2
68,"[0, 1]",135.09999999999647,"[67, 64]","[0, 0]","[0, 0]",2
69,"[2, 1]",132.49999999999588,"[65, 57]","[9.950000000000006, 0]","[0, 0]",2
70,"[0, 1]",136.19999999999672,"[68, 68]","[0, 0]","[0, 0]",2
71,"[0, 1]",137.24999999999696,"[70, 70]","[0, 0]","[0, 0]",2
72,"[0, 3]",168.250000000004,"[71, 67]","[0, 0]","[0, 0]",2
73,"[0, 3]",170.50000000000452,"[72, 72]","[0, 0]","[0, 0]",2
74,"[2, 3]",165.05000000000328,"[69, 59]","[10.450000000000014, 0]","[0, 0]",2
75,"[0, 1]",141.69999999999797,"[73, 71]","[0, 0]","[0, 0]",2
76,"[0, 3]",171.85000000000483,"[75, 73]","[0, 0]","[0, 0]",2
77,"[2, 3]",167.4000000000038,"[74, 74]","[11.150000000000023, 0]","[0, 0]",2
78,"[0, 1]",142.99999999999827,"[76, 75]","[0, 0]","[0, 0]",2
79,"[0, 1]",142.34999999999812,"[78, 78]","[0.39999999999999997, 0]","[0, 0]",2
0,"[0, 3]",107.54999999999603,"[-999, 24]","[0, 0]","[5.649999999999988, 0]",3
1,"[0, 1]",77.74999999999773,"[0, -999]","[0, 0]","[0, 0]",3
2,"[0, 3]",110.59999999999586,"[1, 27]","[0, 0]","[0, 0]",3
3,"[2, 1]",36.40000000000007,"[-999, -999]","[0, 0]","[0, 0]",3
4,"[0, 1]",81.49999999999751,"[2, 28]","[0, 0]","[0, 0]",3
5,"[0, 3]",112.09999999999577,"[4, 2]","[0, 0]","[0, 0]",3
6,"[0, 3]",114.29999999999565,"[5, 5]","[0, 0]","[0, 0]",3
7,"[0, 3]",115.84999999999556,"[6, 6]","[0, 0]","[0, 0]",3
8,"[2, 1]",36.75000000000005,"[3, 3]","[0, 0]","[0, 0]",3
9,"[0, 1]",86.54999999999723,"[7, 30]","[0, 0]","[0, 0]",3
10,"[0, 3]",123.29999999999514,"[9, 32]","[2.6999999999999984, 0]","[2.6999999999999984, 0]",3
11,"[2, 1]",38.54999999999995,"[8, 8]","[0, 0]","[0, 0]",3
12,"[0, 1]",94.29999999999679,"[10, 33]","[0, 0]","[0, 0]",3
13,"[2, 1]",40.44999999999984,"[11, 11]","[0, 0]","[0, 0]",3
14,"[0, 3]",124.89999999999505,"[12, 10]","[0, 0]","[0, 0]",3
15,"[0, 3]",127.04999999999492,"[14, 14]","[0, 0]","[0, 0]",3
16,"[2, 3]",69.24999999999821,"[13, -999]","[0, 0]","[0, 0]",3
17,"[0, 1]",98.34999999999656,"[15, 35]","[0, 0]","[0, 0]",3
18,"[0, 3]",130.04999999999532,"[17, 38]","[0, 0]","[0, 0]",3
19,"[0, 3]",136.64999999999682,"[18, 41]","[2.4499999999999993, 0]","[2.4499999999999993, 0]",3
20,"[0, 3]",137.399999999997,"[19, 19]","[0, 0]","[0, 0]",3
21,"[0, 1]",107.34999999999604,"[20, -999]","[0, 0]","[0, 0]",3
22,"[2, 1]",40.09999999999986,"[16, 13]","[0, 0]","[0, 0]",3
23,"[2, 3]",70.19999999999816,"[22, 16]","[0, 0]","[0, 0]",3
24,"[2, 3]",72.54999999999802,"[23, 23]","[0, 0]","[0, 0]",3
25,"[0, 1]",108.44999999999598,"[21, 21]","[0, 0]","[0, 0]",3
26,"[0, 3]",141.24999999999787,"[25, 43]","[0, 0]","[0, 0]",3
27,"[2, 3]",79.8499999999976,"[24, 0]","[3.349999999999996, 0]","[3.349999999999996, 0]",3
28,"[2, 1]",50.34999999999928,"[27, 1]","[0, 0]","[0, 0]",3
29,"[2, 1]",57.64999999999886,"[28, 4]","[0, 0]","[0, 0]",3
30,"[2, 1]",57.99999999999884,"[29, 29]","[5.949999999999987, 0]","[0, 0]",3
31,"[2, 3]",96.89999999999664,"[30, 7]","[7.84999999999998, 0]","[0, 0]",3
32,"[2, 3]",98.29999999999656,"[31, 31]","[6.149999999999986, 0]","[0, 0]",3
33,"[2, 1]",67.94999999999828,"[32, 9]","[5.349999999999989, 0]","[0, 0]",3
34,"[0, 1]",111.94999999999578,"[26, 25]","[0, 0]","[0, 0]",3
35,"[2, 1]",76.4999999999978,"[33, 12]","[4.799999999999991, 0]","[0, 0]",3
36,"[0, 3]",144.29999999999856,"[34, 46]","[0, 0]","[0, 0]",3
37,"[0, 1]",115.0999999999956,"[36, 34]","[0, 0]","[0, 0]",3
38,"[2, 3]",113.99999999999567,"[35, 15]","[4.299999999999993, 0]","[0, 0]",3
39,"[0, 3]",147.19999999999922,"[37, 49]","[0, 0]","[0, 0]",3
40,"[0, 3]",148.49999999999952,"[39, 39]","[0, 0]","[0, 0]",3
41,"[2, 3]",121.34999999999525,"[38, 18]","[6.099999999999986, 0]","[2.2, 0]",3
42,"[2, 3]",132.69999999999592,"[41, 20]","[9.750000000000004, 0]","[6.649999999999984, 0]",3
43,"[2, 3]",134.3499999999963,"[42, 42]","[1.900000000000001, 0]","[0, 0]",3
44,"[0, 3]",149.64999999999978,"[40, 40]","[0, 0]","[0, 0]",3
45,"[0, 1]",122.0999999999952,"[44, 52]","[0.9000000000000002, 0]","[0, 0]",3
46,"[2, 3]",141.799999999998,"[43, 26]","[3.699999999999995, 0]","[3.2499999999999964, 0]",3
47,"[0, 1]",128.44999999999496,"[45, 53]","[3.699999999999995, 0]","[2.2, 0]",3
48,"[0, 1]",127.89999999999488,"[47, 47]","[1.850000000000001, 0]","[0, 0]",3
49,"[2, 3]",149.2499999999997,"[46, 36]","[4.699999999999991, 0]","[3.5499999999999954, 0]",3
50,"[2, 1]",119.59999999999535,"[49, 37]","[2.4499999999999993, 0]","[0, 0]",3
51,"[2, 1]",121.69999999999523,"[50, 50]","[3.399999999999996, 0]","[0, 0]",3
52,"[2, 1]",123.8999999999951,"[51, 51]","[3.7499999999999947, 0]","[0, 0]",3
53,"[2, 1]",132.04999999999578,"[52, 45]","[7.099999999999983, 0]","[0, 0]",3
54,"[2, 3]",162.5500000000027,"[53, 44]","[10.450000000000014, 0]","[0, 0]",3
55,"[2, 3]",165.65000000000342,"[54, 54]","[12.500000000000043, 0]","[0, 0]",3
56,"[2, 1]",136.5499999999968,"[55, 48]","[17.050000000000107, 0]","[0, 0]",3
57,"[0, 3]",161.6500000000025,"[48, 55]","[2.1500000000000004, 0]","[0, 0]",3
58,"[2, 3]",170.25000000000446,"[56, 57]","[22.300000000000182, 0]","[0, 0]",3
59,"[2, 1]",141.09999999999783,"[58, 61]","[25.400000000000226, 0]","[0, 0]",3
60,"[2, 1]",143.44999999999837,"[59, 59]","[26.700000000000244, 0]","[0, 0]",3
61,"[0, 1]",132.79999999999595,"[57, 56]","[2.3999999999999995, 0]","[0, 0]",3
62,"[0, 3]",165.30000000000334,"[61, 58]","[2.5999999999999988, 0]","[0, 0]",3
63,"[0, 3]",166.60000000000363,"[62, 62]","[2.849999999999998, 0]","[0, 0]",3
64,"[0, 3]",167.7500000000039,"[63, 63]","[3.049999999999997, 0]","[0, 0]",3
65,"[0, 3]",173.70000000000525,"[64, 66]","[5.599999999999988, 0]","[2.3999999999999995, 0]",3
66,"[2, 3]",180.70000000000684,"[60, 64]","[27.15000000000025, 0]","[0, 0]",3
67,"[2, 3]",191.65000000000933,"[66, 69]","[30.200000000000294, 0]","[2.849999999999998, 0]",3
68,"[2, 1]",159.65000000000205,"[67, -999]","[28.100000000000264, 0]","[0, 0]",3
69,"[0, 3]",174.50000000000543,"[65, 65]","[3.349999999999996, 0]","[0, 0]",3
70,"[2, 1]",168.40000000000404,"[68, 76]","[28.60000000000027, 0]","[0, 0]",3
71,"[2, 1]",168.6500000000041,"[70, 70]","[30.400000000000297, 0]","[0, 0]",3
72,"[2, 3]",202.5000000000118,"[71, 79]","[33.80000000000022, 0]","[0, 0]",3
73,"[2, 1]",173.40000000000518,"[72, 71]","[36.90000000000004, 0]","[0, 0]",3
74,"[0, 3]",180.20000000000672,"[69, 67]","[5.999999999999987, 0]","[2.4499999999999993, 0]",3
75,"[2, 3]",206.80000000001277,"[73, 72]","[38.949999999999925, 0]","[0, 0]",3
76,"[0, 1]",149.6999999999998,"[74, 68]","[3.699999999999995, 0]","[0, 0]",3
77,"[2, 1]",178.65000000000637,"[75, 73]","[39.49999999999989, 0]","[0, 0]",3
78,"[0, 3]",180.1000000000067,"[76, 74]","[3.7999999999999945, 0]","[0, 0]",3
79,"[0, 3]",181.9000000000071,"[78, 78]","[3.949999999999994, 0]","[0, 0]",3
0,"[0, 1]",67.39999999999831,"[-999, -999]","[0, 0]","[0, 0]",4
1,"[2, 3]",67.7499999999983,"[-999, -999]","[0, 0]","[0, 0]",4
2,"[0, 1]",70.09999999999816,"[0, 0]","[0, 0]","[0, 0]",4
3,"[0, 3]",104.29999999999622,"[2, 14]","[0, 0]","[0, 0]",4
4,"[2, 1]",37.15000000000003,"[1, -999]","[0, 0]","[0, 0]",4
5,"[2, 3]",69.99999999999817,"[4, 1]","[0, 0]","[0, 0]",4
6,"[2, 1]",37.65,"[5, 4]","[0, 0]","[0, 0]",4
7,"[2, 3]",70.69999999999813,"[6, 5]","[0, 0]","[0, 0]",4
8,"[2, 3]",72.999999999998,"[7, 7]","[0, 0]","[0, 0]",4
9,"[2, 3]",74.6999999999979,"[8, 8]","[0, 0]","[0, 0]",4
10,"[2, 3]",76.19999999999781,"[9, 9]","[0, 0]","[0, 0]",4
11,"[0, 3]",104.89999999999618,"[3, 3]","[0, 0]","[0, 0]",4
12,"[0, 3]",105.74999999999613,"[11, 11]","[0, 0]","[0, 0]",4
13,"[0, 1]",76.4499999999978,"[12, 17]","[0, 0]","[0, 0]",4
14,"[2, 3]",77.49999999999774,"[10, 10]","[0, 0]","[0, 0]",4
15,"[2, 1]",47.199999999999456,"[14, 2]","[0, 0]","[0, 0]",4
16,"[2, 1]",48.39999999999939,"[15, 15]","[0, 0]","[0, 0]",4
17,"[2, 1]",49.9999999999993,"[16, 16]","[0, 0]","[0, 0]",4
18,"[2, 1]",57.34999999999888,"[17, 13]","[0, 0]","[0, 0]",4
19,"[0, 1]",83.19999999999742,"[13, 18]","[2.2, 0]","[2.2, 0]",4
20,"[2, 1]",62.499999999998586,"[18, 19]","[0, 0]","[0, 0]",4
21,"[2, 3]",93.14999999999685,"[20, 12]","[16.200000000000095, 0]","[0.05, 0]",4
22,"[2, 3]",96.39999999999667,"[21, 21]","[16.050000000000093, 0]","[0, 0]",4
23,"[0, 1]",88.24999999999713,"[19, 20]","[2.6499999999999986, 0]","[2.6499999999999986, 0]",4
24,"[0, 1]",87.64999999999716,"[23, 23]","[0, 0]","[0, 0]",4
25,"[2, 3]",98.94999999999652,"[22, 22]","[13.70000000000006, 0]","[0, 0]",4
26,"[2, 1]",78.1499999999977,"[25, 31]","[15.10000000000008, 0]","[3.099999999999997, 0]",4
27,"[2, 1]",77.84999999999772,"[26, 26]","[10.450000000000014, 0]","[0, 0]",4
28,"[0, 1]",88.24999999999713,"[24, 24]","[0, 0]","[0, 0]",4
29,"[0, 1]",89.29999999999707,"[28, 28]","[0, 0]","[0, 0]",4
30,"[2, 3]",111.6499999999958,"[27, 34]","[8.949999999999992, 0]","[0, 0]",4
31,"[0, 1]",90.29999999999701,"[29, 29]","[0, 0]","[0, 0]",4
32,"[0, 3]",121.24999999999525,"[31, 25]","[0, 0]","[0, 0]",4
33,"[2, 3]",113.89999999999567,"[30, 30]","[7.4499999999999815, 0]","[0, 0]",4
34,"[0, 3]",123.49999999999513,"[32, 32]","[0, 0]","[0, 0]",4
35,"[0, 1]",94.0499999999968,"[34, 27]","[0, 0]","[0, 0]",4
36,"[2, 3]",116.19999999999554,"[33, 33]","[5.949999999999987, 0]","[0, 0]",4
37,"[2, 3]",128.79999999999504,"[36, 46]","[7.249999999999982, 0]","[2.7499999999999982, 0]",4
38,"[2, 1]",97.14999999999662,"[37, -999]","[3.099999999999997, 0]","[0, 0]",4
39,"[0, 1]",95.19999999999673,"[35, 35]","[0, 0]","[0, 0]",4
40,"[2, 1]",99.79999999999647,"[38, 38]","[1.6500000000000008, 0]","[0, 0]",4
41,"[2, 1]",108.199999999996,"[40, 56]","[0, 0]","[0, 0]",4
42,"[0, 1]",96.29999999999667,"[39, 39]","[0, 0]","[0, 0]",4
43,"[0, 3]",130.69999999999547,"[42, 36]","[0, 0]","[0, 0]",4
44,"[2, 1]",115.49999999999558,"[41, 59]","[3.2999999999999963, 0]","[3.2999999999999963, 0]",4
45,"[2, 3]",147.5999999999993,"[44, 60]","[0.65, 0]","[0, 0]",4
46,"[0, 3]",131.99999999999577,"[43, 43]","[0, 0]","[0, 0]",4
47,"[2, 3]",150.04999999999987,"[45, 45]","[1.900000000000001, 0]","[0, 0]",4
48,"[2, 3]",157.50000000000156,"[47, 68]","[2.799999999999998, 0]","[0, 0]",4
49,"[2, 1]",127.79999999999488,"[48, 69]","[3.649999999999995, 0]","[0, 0]",4
50,"[0, 3]",138.2499999999972,"[46, 37]","[2.3999999999999995, 0]","[2.3999999999999995, 0]",4
51,"[2, 3]",161.55000000000248,"[49, 70]","[3.899999999999994, 0]","[0, 0]",4
52,"[2, 3]",174.4000000000054,"[51, 77]","[6.299999999999986, 0]","[3.2499999999999964, 0]",4
53,"[0, 3]",138.99999999999736,"[50, 50]","[0, 0]","[0, 0]",4
54,"[2, 1]",143.5499999999984,"[52, -999]","[3.599999999999995, 0]","[0, 0]",4
55,"[2, 1]",146.199999999999,"[54, 54]","[4.749999999999991, 0]","[0, 0]",4
56,"[0, 1]",110.14999999999588,"[53, 40]","[0, 0]","[0, 0]",4
57,"[2, 3]",178.65000000000637,"[55, 52]","[7.599999999999981, 0]","[0, 0]",4
58,"[0, 3]",140.59999999999772,"[56, 53]","[0, 0]","[0, 0]",4
59,"[0, 1]",112.29999999999576,"[58, 41]","[0, 0]","[0, 0]",4
60,"[0, 3]",143.44999999999837,"[59, 58]","[0, 0]","[0, 0]",4
61,"[2, 3]",181.9000000000071,"[57, 57]","[9.750000000000004, 0]","[0, 0]",4
62,"[2, 1]",152.95000000000053,"[61, -999]","[13.200000000000053, 0]","[0, 0]",4
63,"[2, 1]",155.75000000000117,"[62, 62]","[18.55000000000013, 0]","[0, 0]",4
64,"[2, 3]",187.85000000000846,"[63, 61]","[20.900000000000162, 0]","[0, 0]",4
65,"[0, 1]",115.0999999999956,"[60, 44]","[0, 0]","[0, 0]",4
66,"[0, 1]",116.19999999999554,"[65, 65]","[0, 0]","[0, 0]",4
67,"[2, 1]",159.8500000000021,"[64, 63]","[22.700000000000188, 0]","[0, 0]",4
68,"[0, 3]",149.7999999999998,"[66, 47]","[0, 0]","[0, 0]",4
69,"[0, 1]",120.3499999999953,"[68, 66]","[0, 0]","[0, 0]",4
70,"[0, 3]",152.50000000000043,"[69, 48]","[0, 0]","[0, 0]",4
71,"[2, 3]",193.65000000000978,"[67, 64]","[25.900000000000233, 0]","[0, 0]",4
72,"[2, 1]",165.6000000000034,"[71, 67]","[27.85000000000026, 0]","[0, 0]",4
73,"[2, 3]",198.70000000001093,"[72, 71]","[29.400000000000283, 0]","[0, 0]",4
74,"[0, 1]",123.64999999999512,"[70, 49]","[0, 0]","[0, 0]",4
75,"[0, 3]",156.05000000000123,"[74, 51]","[0, 0]","[0, 0]",4
76,"[2, 3]",201.6500000000116,"[73, 73]","[30.6000000000003, 0]","[0, 0]",4
77,"[0, 3]",157.45000000000155,"[75, 75]","[0, 0]","[0, 0]",4
78,"[2, 3]",203.450000000012,"[76, 76]","[33.850000000000215, 0]","[0, 0]",4
79,"[2, 1]",173.40000000000518,"[78, -999]","[37.79999999999999, 0]","[0, 0]",4
0,"[2, 3]",67.7499999999983,"[-999, -999]","[0, 0]","[0, 0]",5
1,"[2, 3]",70.84999999999812,"[0, 0]","[0, 0]","[0, 0]",5
2,"[0, 3]",96.69999999999665,"[-999, 5]","[0, 0]","[0, 0]",5
3,"[0, 3]",100.29999999999644,"[2, 2]","[0, 0]","[0, 0]",5
4,"[2, 1]",37.550000000000004,"[1, -999]","[0, 0]","[0, 0]",5
5,"[2, 3]",70.09999999999816,"[4, 1]","[0, 0]","[0, 0]",5
6,"[0, 1]",74.29999999999792,"[3, 15]","[0, 0]","[0, 0]",5
7,"[0, 1]",80.14999999999759,"[6, 18]","[2.4499999999999993, 0]","[2.4499999999999993, 0]",5
8,"[2, 1]",39.799999999999876,"[5, 4]","[0, 0]","[0, 0]",5
9,"[2, 1]",41.79999999999976,"[8, 8]","[0, 0]","[0, 0]",5
10,"[2, 1]",43.499999999999666,"[9, 9]","[0, 0]","[0, 0]",5
11,"[2, 1]",45.099999999999575,"[10, 10]","[0, 0]","[0, 0]",5
12,"[0, 1]",80.54999999999757,"[7, 7]","[0, 0]","[0, 0]",5
13,"[2, 1]",46.349999999999504,"[11, 11]","[0, 0]","[0, 0]",5
14,"[0, 3]",114.14999999999566,"[12, 20]","[0, 0]","[0, 0]",5
15,"[2, 1]",47.399999999999444,"[13, 13]","[0, 0]","[0, 0]",5
16,"[0, 1]",85.99999999999726,"[14, 22]","[0, 0]","[0, 0]",5
17,"[0, 1]",92.44999999999689,"[16, 23]","[2.0500000000000007, 0]","[2.0500000000000007, 0]",5
18,"[2, 1]",54.29999999999905,"[15, 6]","[2.9499999999999975, 0]","[2.9499999999999975, 0]",5
19,"[2, 3]",83.3999999999974,"[18, 3]","[0, 0]","[0, 0]",5
20,"[2, 3]",86.79999999999721,"[19, 19]","[0, 0]","[0, 0]",5
21,"[0, 3]",120.94999999999527,"[17, 14]","[0, 0]","[0, 0]",5
22,"[2, 1]",58.099999999998836,"[20, 12]","[0, 0]","[0, 0]",5
23,"[2, 1]",66.29999999999838,"[22, 16]","[11.65000000000003, 0]","[0, 0]",5
24,"[2, 1]",71.64999999999807,"[23, 17]","[9.45, 0]","[0, 0]",5
25,"[2, 1]",77.59999999999773,"[24, 26]","[11.100000000000023, 0]","[0, 0]",5
26,"[0, 1]",92.04999999999691,"[21, 24]","[0, 0]","[0, 0]",5
27,"[2, 3]",107.84999999999602,"[25, 21]","[9.55, 0]","[0, 0]",5
28,"[2, 1]",79.8999999999976,"[27, 29]","[8.04999999999998, 0]","[0, 0]",5
29,"[0, 1]",97.5499999999966,"[26, 25]","[2.499999999999999, 0]","[2.499999999999999, 0]",5
30,"[0, 3]",129.9999999999953,"[29, 27]","[0, 0]","[0, 0]",5
31,"[0, 1]",101.89999999999635,"[30, 28]","[0, 0]","[0, 0]",5
32,"[0, 1]",102.34999999999633,"[31, 31]","[0, 0]","[0, 0]",5
33,"[0, 3]",136.0999999999967,"[32, 64]","[0, 0]","[0, 0]",5
34,"[0, 1]",106.59999999999609,"[33, 32]","[0, 0]","[0, 0]",5
35,"[0, 3]",138.64999999999728,"[34, 79]","[0, 0]","[0, 0]",5
36,"[0, 1]",109.64999999999591,"[35, 34]","[0, 0]","[0, 0]",5
37,"[0, 1]",110.69999999999585,"[36, 36]","[0, 0]","[0, 0]",5
38,"[0, 3]",141.94999999999803,"[37, 35]","[0, 0]","[0, 0]",5
39,"[0, 1]",114.64999999999563,"[38, 37]","[0, 0]","[0, 0]",5
40,"[0, 3]",145.94999999999894,"[39, 38]","[0, 0]","[0, 0]",5
41,"[0, 1]",118.44999999999541,"[40, 39]","[0, 0]","[0, 0]",5
42,"[0, 3]",149.84999999999982,"[41, 40]","[0, 0]","[0, 0]",5
43,"[0, 1]",122.39999999999519,"[42, 41]","[0, 0]","[0, 0]",5
44,"[0, 1]",123.49999999999513,"[43, 43]","[0, 0]","[0, 0]",5
45,"[0, 3]",154.65000000000092,"[44, 42]","[0, 0]","[0, 0]",5
46,"[0, 1]",127.4499999999949,"[45, 44]","[0, 0]","[0, 0]",5
47,"[0, 3]",158.75000000000185,"[46, 45]","[0, 0]","[0, 0]",5
48,"[0, 3]",160.95000000000235,"[47, 47]","[0, 0]","[0, 0]",5
49,"[0, 1]",132.39999999999586,"[48, 46]","[0, 0]","[0, 0]",5
50,"[0, 1]",133.4999999999961,"[49, 49]","[0.6, 0]","[0, 0]",5
51,"[0, 1]",134.59999999999636,"[50, 50]","[1.3000000000000005, 0]","[0, 0]",5
52,"[0, 1]",135.6499999999966,"[51, 51]","[1.7500000000000009, 0]","[0, 0]",5
53,"[0, 1]",136.64999999999682,"[52, 52]","[2.25, 0]","[0, 0]",5
54,"[0, 1]",137.59999999999704,"[53, 53]","[2.6999999999999984, 0]","[0, 0]",5
55,"[0, 1]",138.54999999999725,"[54, 54]","[3.149999999999997, 0]","[0, 0]",5
56,"[0, 3]",169.40000000000427,"[55, 48]","[3.599999999999995, 0]","[0, 0]",5
57,"[0, 1]",141.74999999999798,"[56, 55]","[3.999999999999994, 0]","[0, 0]",5
58,"[0, 1]",140.64999999999773,"[57, 57]","[4.3499999999999925, 0]","[0, 0]",5
59,"[0, 3]",170.8000000000046,"[58, 56]","[4.149999999999993, 0]","[0, 0]",5
60,"[2, 3]",113.79999999999568,"[28, 30]","[6.549999999999985, 0]","[0, 0]",5
61,"[0, 3]",172.05000000000487,"[59, 59]","[2.6499999999999986, 0]","[0, 0]",5
62,"[0, 3]",164.90000000000325,"[61, 61]","[0, 0]","[0, 0]",5
63,"[0, 3]",165.85000000000346,"[62, 62]","[0, 0]","[0, 0]",5
64,"[2, 3]",116.24999999999554,"[60, 60]","[5.09999999999999, 0]","[0, 0]",5
65,"[0, 1]",136.0999999999967,"[63, -999]","[0, 0]","[0, 0]",5
66,"[0, 1]",135.54999999999657,"[65, 65]","[0, 0]","[0, 0]",5
67,"[0, 3]",165.95000000000348,"[66, 63]","[0, 0]","[0, 0]",5
68,"[0, 3]",167.70000000000388,"[67, 67]","[0, 0]","[0, 0]",5
69,"[0, 1]",136.64999999999682,"[68, 66]","[0, 0]","[0, 0]",5
70,"[0, 3]",166.4500000000036,"[69, 68]","[0, 0]","[0, 0]",5
71,"[0, 3]",164.6500000000032,"[70, 70]","[0, 0]","[0, 0]",5
72,"[0, 1]",133.9499999999962,"[71, 69]","[0, 0]","[0, 0]",5
73,"[0, 3]",164.85000000000323,"[72, 71]","[0.6, 0]","[0, 0]",5
74,"[0, 1]",136.84999999999687,"[73, 72]","[0.49999999999999994, 0]","[0, 0]",5
75,"[0, 1]",132.1499999999958,"[74, 74]","[0, 0]","[0, 0]",5
76,"[0, 3]",162.15000000000262,"[75, 73]","[0, 0]","[0, 0]",5
77,"[0, 1]",134.54999999999634,"[76, 75]","[0, 0]","[0, 0]",5
78,"[0, 1]",135.39999999999654,"[77, 77]","[0, 0]","[0, 0]",5
79,"[2, 3]",116.54999999999552,"[64, 33]","[0, 0]","[0, 0]",5
0,"[2, 1]",36.40000000000007,"[-999, -999]","[0, 0]","[0, 0]",6
1,"[2, 1]",38.09999999999997,"[0, 0]","[0, 0]","[0, 0]",6
2,"[2, 1]",39.89999999999987,"[1, 1]","[0, 0]","[0, 0]",6
3,"[2, 3]",69.04999999999822,"[2, -999]","[0, 0]","[0, 0]",6
4,"[2, 1]",39.89999999999987,"[3, 2]","[0, 0]","[0, 0]",6
5,"[2, 1]",41.749999999999766,"[4, 4]","[0, 0]","[0, 0]",6
6,"[2, 3]",69.99999999999817,"[5, 3]","[0, 0]","[0, 0]",6
7,"[0, 3]",102.19999999999634,"[-999, 11]","[0, 0]","[2.1500000000000004, 0]",6
8,"[0, 1]",79.09999999999765,"[7, 13]","[3.1999999999999966, 0]","[3.1999999999999966, 0]",6
9,"[2, 3]",72.49999999999802,"[6, 6]","[0, 0]","[0, 0]",6
10,"[2, 1]",42.59999999999972,"[9, 5]","[0, 0]","[0, 0]",6
11,"[2, 3]",71.79999999999806,"[10, 9]","[0, 0]","[0, 0]",6
12,"[2, 1]",42.649999999999714,"[11, 10]","[0, 0]","[0, 0]",6
13,"[2, 1]",44.399999999999615,"[12, 12]","[0, 0]","[0, 0]",6
14,"[2, 3]",75.09999999999788,"[13, 7]","[0, 0]","[0, 0]",6
15,"[2, 1]",47.44999999999944,"[14, 8]","[0, 0]","[0, 0]",6
16,"[2, 1]",58.6999999999988,"[15, 22]","[6.699999999999984, 0]","[6.699999999999984, 0]",6
17,"[2, 3]",88.7499999999971,"[16, 14]","[9.950000000000006, 0]","[2.3499999999999996, 0]",6
18,"[2, 1]",64.64999999999847,"[17, 24]","[13.100000000000051, 0]","[0.05, 0]",6
19,"[2, 3]",101.79999999999636,"[18, 26]","[17.90000000000012, 0]","[0.05, 0]",6
20,"[2, 3]",108.149999999996,"[19, 27]","[15.600000000000087, 0]","[0, 0]",6
21,"[0, 1]",77.94999999999771,"[8, 15]","[2.6999999999999984, 0]","[2.6999999999999984, 0]",6
22,"[0, 1]",77.99999999999771,"[21, 21]","[0, 0]","[0, 0]",6
23,"[0, 1]",85.04999999999731,"[22, 16]","[1.0000000000000002, 0]","[1.0000000000000002, 0]",6
24,"[0, 1]",84.39999999999735,"[23, 23]","[0, 0]","[0, 0]",6
25,"[0, 3]",114.29999999999565,"[24, 17]","[0, 0]","[0, 0]",6
26,"[0, 3]",116.39999999999553,"[25, 25]","[0, 0]","[0, 0]",6
27,"[0, 3]",122.89999999999516,"[26, 19]","[2.549999999999999, 0]","[2.549999999999999, 0]",6
28,"[0, 1]",92.64999999999688,"[27, -999]","[0, 0]","[0, 0]",6
29,"[0, 3]",124.99999999999504,"[28, 20]","[0, 0]","[0, 0]",6
30,"[0, 1]",95.99999999999669,"[29, 32]","[0, 0]","[0, 0]",6
31,"[0, 1]",96.79999999999664,"[30, 30]","[0, 0]","[0, 0]",6
32,"[2, 1]",78.0999999999977,"[20, 28]","[16.5000000000001, 0]","[0, 0]",6
33,"[0, 1]",102.7999999999963,"[31, 40]","[2.4499999999999993, 0]","[2.4499999999999993, 0]",6
34,"[0, 3]",132.6499999999959,"[33, 29]","[0, 0]","[0, 0]",6
35,"[0, 1]",104.5999999999962,"[34, 54]","[0, 0]","[0, 0]",6
36,"[0, 1]",105.69999999999614,"[35, 35]","[0, 0]","[0, 0]",6
37,"[0, 1]",111.19999999999582,"[36, 69]","[2.499999999999999, 0]","[2.499999999999999, 0]",6
38,"[0, 3]",142.99999999999827,"[37, 77]","[0, 0]","[0, 0]",6
39,"[0, 3]",149.89999999999984,"[38, 79]","[2.3499999999999996, 0]","[2.3499999999999996, 0]",6
40,"[2, 1]",92.14999999999691,"[32, 31]","[17.600000000000115, 0]","[2.7499999999999982, 0]",6
41,"[0, 1]",118.84999999999539,"[39, -999]","[0, 0]","[0, 0]",6
42,"[0, 1]",119.99999999999532,"[41, 41]","[0, 0]","[0, 0]",6
43,"[0, 3]",151.25000000000014,"[42, 39]","[0, 0]","[0, 0]",6
44,"[0, 1]",123.79999999999511,"[43, 42]","[0, 0]","[0, 0]",6
45,"[0, 3]",155.25000000000105,"[44, 43]","[0, 0]","[0, 0]",6
46,"[0, 1]",127.74999999999488,"[45, 44]","[0, 0]","[0, 0]",6
47,"[0, 3]",159.10000000000193,"[46, 45]","[0, 0]","[0, 0]",6
48,"[0, 3]",161.35000000000244,"[47, 47]","[0, 0]","[0, 0]",6
49,"[0, 1]",132.79999999999595,"[48, 46]","[0, 0]","[0, 0]",6
50,"[0, 3]",164.2000000000031,"[49, 48]","[0, 0]","[0, 0]",6
51,"[0, 3]",166.4000000000036,"[50, 50]","[0, 0]","[0, 0]",6
52,"[0, 1]",137.8499999999971,"[51, 49]","[0.35, 0]","[0, 0]",6
53,"[0, 3]",169.25000000000423,"[52, 51]","[0.8000000000000002, 0]","[0, 0]",6
54,"[2, 1]",97.19999999999662,"[40, 33]","[13.250000000000053, 0]","[0, 0]",6
55,"[0, 3]",171.40000000000472,"[53, 53]","[1.1500000000000004, 0]","[0, 0]",6
56,"[0, 1]",142.84999999999823,"[55, 52]","[1.4500000000000006, 0]","[0, 0]",6
57,"[0, 1]",143.84999999999846,"[56, 56]","[2.000000000000001, 0]","[0, 0]",6
58,"[0, 3]",175.00000000000554,"[57, 55]","[1.7500000000000009, 0]","[0, 0]",6
59,"[0, 1]",147.64999999999932,"[58, 57]","[1.1500000000000004, 0]","[0, 0]",6
60,"[0, 1]",148.64999999999955,"[59, 59]","[0.7000000000000001, 0]","[0, 0]",6
61,"[0, 3]",175.40000000000563,"[60, 58]","[0.65, 0]","[0, 0]",6
62,"[2, 3]",129.29999999999515,"[54, 34]","[11.800000000000033, 0]","[0, 0]",6
63,"[0, 3]",176.5500000000059,"[61, 61]","[0.25, 0]","[0, 0]",6
64,"[0, 1]",142.7499999999982,"[63, 60]","[0.5499999999999999, 0]","[0, 0]",6
65,"[0, 1]",143.24999999999832,"[64, 64]","[0.65, 0]","[0, 0]",6
66,"[0, 1]",144.09999999999852,"[65, 65]","[0.7000000000000001, 0]","[0, 0]",6
67,"[0, 1]",144.19999999999854,"[66, 66]","[0.8500000000000002, 0]","[0, 0]",6
68,"[0, 1]",141.3499999999979,"[67, 67]","[0, 0]","[0, 0]",6
69,"[2, 1]",105.34999999999616,"[62, 36]","[10.400000000000013, 0]","[0, 0]",6
70,"[0, 1]",136.84999999999687,"[68, 68]","[0, 0]","[0, 0]",6
71,"[0, 1]",135.1999999999965,"[70, 70]","[0, 0]","[0, 0]",6
72,"[0, 3]",164.90000000000325,"[71, 63]","[0, 0]","[0, 0]",6
73,"[0, 3]",166.9500000000037,"[72, 72]","[0, 0]","[0, 0]",6
74,"[0, 1]",138.04999999999714,"[73, 71]","[0, 0]","[0, 0]",6
75,"[0, 3]",167.05000000000373,"[74, 73]","[0, 0]","[0, 0]",6
76,"[0, 3]",167.05000000000373,"[75, 75]","[0, 0]","[0, 0]",6
77,"[2, 3]",135.2499999999965,"[69, 62]","[10.650000000000016, 0]","[0, 0]",6
78,"[0, 1]",134.64999999999637,"[76, 74]","[0, 0]","[0, 0]",6
79,"[2, 3]",143.6499999999984,"[77, 38]","[10.20000000000001, 0]","[0, 0]",6
0,"[0, 1]",67.44999999999831,"[-999, 9]","[0, 0]","[0, 0]",7
1,"[0, 1]",70.09999999999816,"[0, 0]","[0, 0]","[0, 0]",7
2,"[0, 3]",107.19999999999605,"[1, 13]","[2.2, 0]","[2.2, 0]",7
3,"[0, 1]",76.5499999999978,"[2, 14]","[0, 0]","[0, 0]",7
4,"[2, 1]",36.40000000000007,"[-999, -999]","[0, 0]","[0, 0]",7
5,"[2, 1]",38.09999999999997,"[4, 4]","[0, 0]","[0, 0]",7
6,"[0, 3]",108.99999999999595,"[3, 15]","[0, 0]","[0, 0]",7
7,"[2, 3]",68.64999999999824,"[5, -999]","[0, 0]","[0, 0]",7
8,"[2, 1]",37.40000000000001,"[7, 5]","[0, 0]","[0, 0]",7
9,"[2, 1]",39.19999999999991,"[8, 8]","[0, 0]","[0, 0]",7
10,"[2, 3]",71.0999999999981,"[9, 7]","[0, 0]","[0, 0]",7
11,"[2, 3]",73.69999999999796,"[10, 10]","[0, 0]","[0, 0]",7
12,"[2, 3]",75.54999999999785,"[11, 11]","[0, 0]","[0, 0]",7
13,"[2, 3]",76.99999999999777,"[12, 12]","[0, 0]","[0, 0]",7
14,"[2, 1]",46.94999999999947,"[13, 1]","[0, 0]","[0, 0]",7
15,"[2, 3]",79.69999999999762,"[14, 2]","[0, 0]","[0, 0]",7
16,"[2, 3]",86.14999999999725,"[15, 6]","[3.2999999999999963, 0]","[3.2999999999999963, 0]",7
17,"[0, 3]",115.29999999999559,"[6, 16]","[1.5500000000000007, 0]","[1.5500000000000007, 0]",7
18,"[0, 1]",84.09999999999737,"[17, -999]","[0, 0]","[0, 0]",7
19,"[0, 3]",116.9999999999955,"[18, 23]","[0, 0]","[0, 0]",7
20,"[0, 1]",87.69999999999716,"[19, 44]","[0, 0]","[0, 0]",7
21,"[0, 1]",88.34999999999712,"[20, 20]","[0, 0]","[0, 0]",7
22,"[0, 1]",89.34999999999707,"[21, 21]","[0, 0]","[0, 0]",7
23,"[2, 3]",92.54999999999688,"[16, 17]","[0, 0]","[0, 0]",7
24,"[0, 1]",96.39999999999667,"[22, 55]","[1.7500000000000009, 0]","[1.7500000000000009, 0]",7
25,"[0, 1]",101.54999999999637,"[24, 63]","[2.3499999999999996, 0]","[2.3499999999999996, 0]",7
26,"[0, 3]",129.9999999999953,"[25, 19]","[0, 0]","[0, 0]",7
27,"[0, 1]",101.94999999999635,"[26, 77]","[0, 0]","[0, 0]",7
28,"[0, 1]",103.04999999999629,"[27, 27]","[0, 0]","[0, 0]",7
29,"[0, 3]",134.24999999999628,"[28, 79]","[0, 0]","[0, 0]",7
30,"[0, 1]",106.59999999999609,"[29, 28]","[0, 0]","[0, 0]",7
31,"[0, 1]",107.69999999999602,"[30, 30]","[0, 0]","[0, 0]",7
32,"[0, 1]",108.84999999999596,"[31, 31]","[0, 0]","[0, 0]",7
33,"[0, 1]",109.8499999999959,"[32, 32]","[0, 0]","[0, 0]",7
34,"[0, 1]",110.89999999999584,"[33, 33]","[0, 0]","[0, 0]",7
35,"[0, 1]",111.94999999999578,"[34, 34]","[0, 0]","[0, 0]",7
36,"[0, 3]",142.99999999999827,"[35, 29]","[0, 0]","[0, 0]",7
37,"[0, 1]",115.69999999999557,"[36, 35]","[0, 0]","[0, 0]",7
38,"[0, 1]",116.7999999999955,"[37, 37]","[0, 0]","[0, 0]",7
39,"[0, 1]",117.84999999999545,"[38, 38]","[0, 0]","[0, 0]",7
40,"[0, 3]",148.94999999999962,"[39, 36]","[1.5500000000000007, 0]","[0, 0]",7
41,"[0, 1]",121.69999999999523,"[40, 39]","[1.7500000000000009, 0]","[0, 0]",7
42,"[0, 1]",122.84999999999516,"[41, 41]","[1.4000000000000006, 0]","[0, 0]",7
43,"[0, 3]",154.00000000000077,"[42, 40]","[0.9000000000000002, 0]","[0, 0]",7
44,"[2, 1]",61.84999999999862,"[23, 18]","[0, 0]","[0, 0]",7
45,"[0, 3]",156.3500000000013,"[43, 43]","[0.9000000000000002, 0]","[0, 0]",7
46,"[0, 1]",127.89999999999488,"[45, 42]","[1.7500000000000009, 0]","[0, 0]",7
47,"[0, 1]",128.94999999999507,"[46, 46]","[2.1000000000000005, 0]","[0, 0]",7
48,"[0, 3]",160.2500000000022,"[47, 45]","[2.3499999999999996, 0]","[0, 0]",7
49,"[0, 1]",132.84999999999596,"[48, 47]","[2.6499999999999986, 0]","[0, 0]",7
50,"[0, 3]",164.15000000000308,"[49, 48]","[2.6999999999999984, 0]","[0, 0]",7
51,"[0, 1]",136.5499999999968,"[50, 49]","[2.9499999999999975, 0]","[0, 0]",7
52,"[0, 3]",167.3500000000038,"[51, 50]","[3.2999999999999963, 0]","[0, 0]",7
53,"[0, 3]",168.6000000000041,"[52, 52]","[2.7499999999999982, 0]","[0, 0]",7
54,"[0, 3]",163.30000000000288,"[53, 53]","[1.5000000000000007, 0]","[0, 0]",7
55,"[2, 1]",78.04999999999771,"[44, 22]","[15.750000000000089, 0]","[6.749999999999984, 0]",7
56,"[0, 3]",164.2000000000031,"[54, 54]","[1.1000000000000003, 0]","[0, 0]",7
57,"[0, 3]",165.1500000000033,"[56, 56]","[0.25, 0]","[0, 0]",7
58,"[0, 3]",161.80000000000254,"[57, 57]","[0.44999999999999996, 0]","[0, 0]",7
59,"[0, 1]",131.2999999999956,"[58, -999]","[0.44999999999999996, 0]","[0, 0]",7
60,"[0, 3]",162.60000000000272,"[59, 58]","[0, 0]","[0, 0]",7
61,"[0, 3]",164.60000000000318,"[60, 60]","[0, 0]","[0, 0]",7
62,"[0, 1]",135.99999999999667,"[61, 59]","[0, 0]","[0, 0]",7
63,"[2, 1]",77.84999999999772,"[55, 24]","[10.15000000000001, 0]","[0, 0]",7
64,"[0, 1]",135.09999999999647,"[62, 62]","[0, 0]","[0, 0]",7
65,"[0, 1]",133.8999999999962,"[64, 64]","[0, 0]","[0, 0]",7
66,"[0, 1]",134.64999999999637,"[65, 65]","[0, 0]","[0, 0]",7
67,"[0, 1]",135.39999999999654,"[66, 66]","[0, 0]","[0, 0]",7
68,"[0, 3]",165.80000000000345,"[67, 61]","[0, 0]","[0, 0]",7
69,"[0, 3]",167.3000000000038,"[68, 68]","[0, 0]","[0, 0]",7
70,"[0, 1]",137.09999999999692,"[69, 67]","[0, 0]","[0, 0]",7
71,"[0, 1]",134.59999999999636,"[70, 70]","[0, 0]","[0, 0]",7
72,"[0, 1]",134.59999999999636,"[71, 71]","[0, 0]","[0, 0]",7
73,"[0, 3]",164.80000000000322,"[72, 69]","[0, 0]","[0, 0]",7
74,"[0, 1]",135.94999999999666,"[73, 72]","[0, 0]","[0, 0]",7
75,"[0, 1]",135.29999999999652,"[74, 74]","[0, 0]","[0, 0]",7
76,"[0, 3]",165.50000000000338,"[75, 73]","[0, 0]","[0, 0]",7
77,"[2, 1]",72.24999999999804,"[63, 25]","[0, 0]","[0, 0]",7
78,"[0, 1]",137.49999999999702,"[76, 75]","[0, 0]","[0, 0]",7
79,"[2, 3]",104.89999999999618,"[77, 26]","[0, 0]","[0, 0]",7
0,"[2, 1]",36.40000000000007,"[-999, -999]","[0, 0]","[0, 0]",8
1,"[2, 1]",38.09999999999997,"[0, 0]","[0, 0]","[0, 0]",8
2,"[0, 1]",67.49999999999831,"[-999, 10]","[0, 0]","[0, 0]",8
3,"[2, 3]",68.64999999999824,"[1, -999]","[0, 0]","[0, 0]",8
4,"[2, 3]",71.34999999999809,"[3, 3]","[0, 0]","[0, 0]",8
5,"[0, 3]",100.54999999999643,"[2, 11]","[0, 0]","[0, 0]",8
6,"[2, 1]",37.84999999999999,"[4, 1]","[0, 0]","[0, 0]",8
7,"[0, 1]",75.29999999999787,"[5, 13]","[0, 0]","[0, 0]",8
8,"[2, 1]",39.89999999999987,"[6, 6]","[0, 0]","[0, 0]",8
9,"[0, 3]",105.94999999999612,"[7, 5]","[0, 0]","[0, 0]",8
10,"[2, 1]",41.79999999999976,"[8, 8]","[0, 0]","[0, 0]",8
11,"[2, 3]",72.849999999998,"[10, 4]","[0, 0]","[0, 0]",8
12,"[2, 1]",46.94999999999947,"[11, 2]","[0, 0]","[0, 0]",8
13,"[2, 1]",47.84999999999942,"[12, 12]","[0, 0]","[0, 0]",8
14,"[2, 1]",54.84999999999902,"[13, 7]","[3.4999999999999956, 0]","[3.4999999999999956, 0]",8
15,"[2, 1]",61.449999999998646,"[14, 18]","[0, 0]","[0, 0]",8
16,"[2, 3]",91.24999999999696,"[15, 9]","[0, 0]","[0, 0]",8
17,"[2, 1]",63.29999999999854,"[16, 19]","[14.45000000000007, 0]","[0, 0]",8
18,"[0, 1]",76.4999999999978,"[9, 14]","[0, 0]","[0, 0]",8
19,"[0, 1]",82.44999999999746,"[18, 15]","[2.3499999999999996, 0]","[2.3499999999999996, 0]",8
20,"[0, 3]",114.74999999999562,"[19, 16]","[0, 0]","[0, 0]",8
21,"[0, 3]",116.19999999999554,"[20, 20]","[0, 0]","[0, 0]",8
22,"[0, 3]",122.1999999999952,"[21, 24]","[2.3499999999999996, 0]","[2.3499999999999996, 0]",8
23,"[0, 1]",92.54999999999688,"[22, 25]","[0, 0]","[0, 0]",8
24,"[2, 3]",101.29999999999639,"[17, 21]","[16.900000000000105, 0]","[0, 0]",8
25,"[2, 1]",69.79999999999818,"[24, 17]","[14.550000000000072, 0]","[0, 0]",8
26,"[0, 1]",99.2499999999965,"[23, 51]","[2.0500000000000007, 0]","[2.0500000000000007, 0]",8
27,"[0, 1]",104.39999999999621,"[26, 52]","[2.3, 0]","[2.3, 0]",8
28,"[0, 3]",132.79999999999595,"[27, 22]","[0, 0]","[0, 0]",8
29,"[0, 3]",135.1999999999965,"[28, 28]","[0, 0]","[0, 0]",8
30,"[0, 3]",141.74999999999798,"[29, 56]","[2.3, 0]","[2.3, 0]",8
31,"[0, 3]",142.6999999999982,"[30, 30]","[0, 0]","[0, 0]",8
32,"[0, 3]",143.5499999999984,"[31, 31]","[0, 0]","[0, 0]",8
33,"[0, 1]",116.34999999999553,"[32, 64]","[0, 0]","[0, 0]",8
34,"[0, 3]",146.09999999999897,"[33, 32]","[0, 0]","[0, 0]",8
35,"[0, 1]",118.5999999999954,"[34, 33]","[0, 0]","[0, 0]",8
36,"[0, 3]",149.94999999999985,"[35, 34]","[0, 0]","[0, 0]",8
37,"[0, 1]",122.49999999999518,"[36, 35]","[0, 0]","[0, 0]",8
38,"[0, 1]",123.64999999999512,"[37, 37]","[0, 0]","[0, 0]",8
39,"[0, 3]",154.85000000000096,"[38, 36]","[0, 0]","[0, 0]",8
40,"[0, 1]",127.59999999999489,"[39, 38]","[0, 0]","[0, 0]",8
41,"[0, 1]",128.69999999999501,"[40, 40]","[0, 0]","[0, 0]",8
42,"[0, 3]",159.9000000000021,"[41, 39]","[0, 0]","[0, 0]",8
43,"[0, 1]",132.5999999999959,"[42, 41]","[0.7500000000000001, 0]","[0, 0]",8
44,"[0, 3]",163.95000000000303,"[43, 42]","[0.8000000000000002, 0]","[0, 0]",8
45,"[0, 3]",166.20000000000354,"[44, 44]","[0.3, 0]","[0, 0]",8
46,"[0, 1]",137.69999999999706,"[45, 43]","[0, 0]","[0, 0]",8
47,"[0, 1]",138.7499999999973,"[46, 46]","[0, 0]","[0, 0]",8
48,"[0, 3]",169.9500000000044,"[47, 45]","[1.2500000000000004, 0]","[0, 0]",8
49,"[0, 3]",172.2000000000049,"[48, 48]","[1.800000000000001, 0]","[0, 0]",8
50,"[0, 3]",173.85000000000528,"[49, 49]","[2.1500000000000004, 0]","[0, 0]",8
51,"[2, 1]",78.49999999999768,"[25, 23]","[12.850000000000048, 0]","[0, 0]",8
52,"[2, 1]",83.89999999999738,"[51, 26]","[11.300000000000026, 0]","[0, 0]",8
53,"[2, 1]",89.29999999999707,"[52, 27]","[9.850000000000005, 0]","[0, 0]",8
54,"[0, 1]",144.74999999999866,"[50, -999]","[2.4499999999999993, 0]","[0, 0]",8
55,"[0, 1]",145.59999999999886,"[54, 54]","[2.6999999999999984, 0]","[0, 0]",8
56,"[2, 3]",126.74999999999494,"[53, 29]","[8.349999999999984, 0]","[0, 0]",8
57,"[0, 3]",175.3000000000056,"[55, 50]","[2.849999999999998, 0]","[0, 0]",8
58,"[0, 3]",173.9000000000053,"[57, 57]","[2.9999999999999973, 0]","[0, 0]",8
59,"[0, 1]",141.29999999999788,"[58, 55]","[3.099999999999997, 0]","[0, 0]",8
60,"[0, 1]",141.54999999999794,"[59, 59]","[3.149999999999997, 0]","[0, 0]",8
61,"[2, 1]",95.54999999999671,"[56, 53]","[6.8999999999999835, 0]","[0, 0]",8
62,"[2, 1]",98.09999999999657,"[61, 61]","[5.449999999999989, 0]","[0, 0]",8
63,"[0, 1]",142.2999999999981,"[60, 60]","[3.2499999999999964, 0]","[0, 0]",8
64,"[2, 1]",100.34999999999644,"[62, 62]","[4.049999999999994, 0]","[0, 0]",8
65,"[0, 1]",142.39999999999813,"[63, 63]","[3.2999999999999963, 0]","[0, 0]",8
66,"[0, 3]",169.1500000000042,"[65, 58]","[2.9499999999999975, 0]","[0, 0]",8
67,"[0, 1]",141.09999999999783,"[66, 65]","[1.6500000000000008, 0]","[0, 0]",8
68,"[0, 1]",134.64999999999637,"[67, 67]","[0, 0]","[0, 0]",8
69,"[0, 1]",135.44999999999655,"[68, 68]","[0, 0]","[0, 0]",8
70,"[0, 3]",165.1000000000033,"[69, 66]","[0, 0]","[0, 0]",8
71,"[0, 1]",134.54999999999634,"[70, 69]","[0, 0]","[0, 0]",8
72,"[0, 3]",165.5500000000034,"[71, 70]","[0, 0]","[0, 0]",8
73,"[0, 3]",167.20000000000377,"[72, 72]","[0, 0]","[0, 0]",8
74,"[0, 1]",135.09999999999647,"[73, 71]","[0.65, 0]","[0, 0]",8
75,"[0, 3]",165.85000000000346,"[74, 73]","[1.0000000000000002, 0]","[0, 0]",8
76,"[0, 3]",167.65000000000387,"[75, 75]","[0.3, 0]","[0, 0]",8
77,"[0, 3]",163.95000000000303,"[76, 76]","[0, 0]","[0, 0]",8
78,"[0, 1]",133.8999999999962,"[77, -999]","[0, 0]","[0, 0]",8
79,"[0, 1]",134.64999999999637,"[78, 78]","[0, 0]","[0, 0]",8
0,"[2, 1]",36.40000000000007,"[-999, -999]","[0, 0]","[0, 0]",9
1,"[2, 3]",68.49999999999825,"[0, -999]","[0, 0]","[0, 0]",9
2,"[0, 1]",67.44999999999831,"[-999, 10]","[0, 0]","[0, 0]",9
3,"[2, 1]",37.30000000000002,"[1, 0]","[0, 0]","[0, 0]",9
4,"[0, 3]",107.999999999996,"[2, 13]","[2.9499999999999975, 0]","[2.9499999999999975, 0]",9
5,"[2, 1]",39.04999999999992,"[3, 3]","[0, 0]","[0, 0]",9
6,"[2, 3]",70.99999999999811,"[5, 1]","[0, 0]","[0, 0]",9
7,"[0, 1]",82.84999999999744,"[4, 15]","[2.799999999999998, 0]","[2.799999999999998, 0]",9
8,"[2, 3]",73.54999999999797,"[6, 6]","[0, 0]","[0, 0]",9
9,"[0, 3]",113.4499999999957,"[7, 23]","[0, 0]","[0, 0]",9
10,"[2, 1]",39.59999999999989,"[8, 5]","[0, 0]","[0, 0]",9
11,"[2, 3]",72.74999999999801,"[10, 8]","[0, 0]","[0, 0]",9
12,"[2, 3]",74.6999999999979,"[11, 11]","[0, 0]","[0, 0]",9
13,"[2, 3]",76.3499999999978,"[12, 12]","[0, 0]","[0, 0]",9
14,"[2, 1]",46.4499999999995,"[13, 2]","[0, 0]","[0, 0]",9
15,"[2, 1]",47.49999999999944,"[14, 14]","[0, 0]","[0, 0]",9
16,"[0, 1]",84.44999999999735,"[9, 7]","[0, 0]","[0, 0]",9
17,"[0, 3]",116.7999999999955,"[16, 24]","[0, 0]","[0, 0]",9
18,"[0, 1]",88.19999999999713,"[17, 26]","[0, 0]","[0, 0]",9
19,"[0, 3]",118.6999999999954,"[18, 17]","[0, 0]","[0, 0]",9
20,"[0, 3]",120.89999999999527,"[19, 19]","[0, 0]","[0, 0]",9
21,"[0, 1]",92.1999999999969,"[20, 30]","[0, 0]","[0, 0]",9
22,"[0, 3]",123.8499999999951,"[21, 38]","[0, 0]","[0, 0]",9
23,"[2, 3]",78.1999999999977,"[15, 4]","[0, 0]","[0, 0]",9
24,"[2, 3]",86.34999999999724,"[23, 9]","[3.2999999999999963, 0]","[3.2999999999999963, 0]",9
25,"[0, 1]",94.29999999999679,"[22, 21]","[0, 0]","[0, 0]",9
26,"[2, 1]",57.29999999999888,"[24, 16]","[0, 0]","[0, 0]",9
27,"[0, 1]",95.39999999999672,"[25, 25]","[0, 0]","[0, 0]",9
28,"[0, 3]",127.04999999999492,"[27, 48]","[0, 0]","[0, 0]",9
29,"[0, 3]",128.1499999999949,"[28, 28]","[0, 0]","[0, 0]",9
30,"[2, 1]",65.39999999999843,"[26, 18]","[0, 0]","[0, 0]",9
31,"[0, 3]",129.24999999999514,"[29, 29]","[0, 0]","[0, 0]",9
32,"[0, 3]",135.54999999999657,"[31, 61]","[2.3999999999999995, 0]","[2.3999999999999995, 0]",9
33,"[0, 3]",136.34999999999675,"[32, 32]","[0, 0]","[0, 0]",9
34,"[0, 1]",107.49999999999604,"[33, 77]","[0, 0]","[0, 0]",9
35,"[0, 3]",137.8999999999971,"[34, 33]","[0, 0]","[0, 0]",9
36,"[0, 1]",110.29999999999588,"[35, 34]","[0, 0]","[0, 0]",9
37,"[0, 3]",141.59999999999795,"[36, 35]","[0, 0]","[0, 0]",9
38,"[2, 3]",102.7999999999963,"[30, 20]","[17.600000000000115, 0]","[0, 0]",9
39,"[0, 3]",143.84999999999846,"[37, 37]","[0, 0]","[0, 0]",9
40,"[0, 1]",115.39999999999559,"[39, 36]","[0, 0]","[0, 0]",9
41,"[0, 1]",116.49999999999552,"[40, 40]","[0, 0]","[0, 0]",9
42,"[0, 3]",147.74999999999935,"[41, 39]","[0, 0]","[0, 0]",9
43,"[0, 3]",149.99999999999986,"[42, 42]","[0, 0]","[0, 0]",9
44,"[0, 1]",121.54999999999524,"[43, 41]","[0, 0]","[0, 0]",9
45,"[2, 3]",109.54999999999592,"[38, 22]","[15.350000000000083, 0]","[0, 0]",9
46,"[0, 1]",122.59999999999518,"[44, 44]","[0, 0]","[0, 0]",9
47,"[0, 3]",153.80000000000072,"[46, 43]","[0, 0]","[0, 0]",9
48,"[2, 3]",110.94999999999584,"[45, 45]","[13.650000000000059, 0]","[0, 0]",9
49,"[0, 3]",156.05000000000123,"[47, 47]","[0, 0]","[0, 0]",9
50,"[0, 1]",127.59999999999489,"[49, 46]","[0, 0]","[0, 0]",9
51,"[0, 3]",159.0000000000019,"[50, 49]","[0, 0]","[0, 0]",9
52,"[0, 1]",131.49999999999565,"[51, 50]","[0, 0]","[0, 0]",9
53,"[0, 3]",162.85000000000278,"[52, 51]","[0.3, 0]","[0, 0]",9
54,"[0, 3]",165.05000000000328,"[53, 53]","[1.2000000000000004, 0]","[0, 0]",9
55,"[0, 1]",136.5499999999968,"[54, 52]","[1.7000000000000008, 0]","[0, 0]",9
56,"[0, 3]",167.90000000000393,"[55, 54]","[2.0500000000000007, 0]","[0, 0]",9
57,"[0, 1]",140.19999999999763,"[56, 55]","[3.049999999999997, 0]","[0, 0]",9
58,"[0, 3]",171.50000000000475,"[57, 56]","[4.199999999999993, 0]","[0, 0]",9
59,"[0, 1]",143.94999999999848,"[58, 57]","[4.6499999999999915, 0]","[0, 0]",9
60,"[0, 3]",175.2000000000056,"[59, 58]","[4.399999999999992, 0]","[0, 0]",9
61,"[2, 3]",127.94999999999487,"[48, 31]","[21.600000000000172, 0]","[9.5, 0]",9
62,"[0, 3]",177.20000000000604,"[60, 60]","[3.8499999999999943, 0]","[0, 0]",9
63,"[0, 1]",143.1999999999983,"[62, 59]","[3.4499999999999957, 0]","[0, 0]",9
64,"[0, 1]",143.39999999999836,"[63, 63]","[3.099999999999997, 0]","[0, 0]",9
65,"[0, 3]",173.85000000000528,"[64, 62]","[1.800000000000001, 0]","[0, 0]",9
66,"[0, 1]",138.7999999999973,"[65, 64]","[0, 0]","[0, 0]",9
67,"[0, 3]",169.75000000000435,"[66, 65]","[0, 0]","[0, 0]",9
68,"[0, 1]",140.84999999999778,"[67, 66]","[0, 0]","[0, 0]",9
69,"[0, 1]",140.14999999999762,"[68, 68]","[0, 0]","[0, 0]",9
70,"[0, 3]",170.65000000000455,"[69, 67]","[0, 0]","[0, 0]",9
71,"[0, 3]",171.95000000000485,"[70, 70]","[0, 0]","[0, 0]",9
72,"[0, 3]",171.7000000000048,"[71, 71]","[0, 0]","[0, 0]",9
73,"[0, 3]",171.80000000000481,"[72, 72]","[0, 0]","[0, 0]",9
74,"[0, 1]",141.14999999999785,"[73, -999]","[0, 0]","[0, 0]",9
75,"[2, 1]",89.89999999999704,"[61, -999]","[4.399999999999992, 0]","[0, 0]",9
76,"[0, 3]",171.05000000000464,"[74, 73]","[0, 0]","[0, 0]",9
77,"[2, 1]",92.89999999999687,"[75, 75]","[3.4499999999999957, 0]","[0, 0]",9
78,"[0, 1]",142.2499999999981,"[76, 74]","[0, 0]","[0, 0]",9
79,"[0, 3]",172.50000000000497,"[78, 76]","[0, 0]","[0, 0]",9
0,"[2, 1]",36.40000000000007,"[-999, -999]","[0, 0]","[0, 0]",10
1,"[2, 3]",68.49999999999825,"[0, -999]","[0, 0]","[0, 0]",10
2,"[0, 3]",97.94999999999658,"[-999, 8]","[0, 0]","[0, 0]",10
3,"[2, 1]",38.599999999999945,"[1, 0]","[0, 0]","[0, 0]",10
4,"[2, 1]",40.549999999999834,"[3, 3]","[0, 0]","[0, 0]",10
5,"[2, 1]",42.449999999999726,"[4, 4]","[0, 0]","[0, 0]",10
6,"[2, 3]",70.24999999999815,"[5, 1]","[0, 0]","[0, 0]",10
7,"[0, 1]",69.3999999999982,"[2, 9]","[0, 0]","[0, 0]",10
8,"[2, 3]",72.64999999999802,"[6, 6]","[0, 0]","[0, 0]",10
9,"[2, 1]",42.54999999999972,"[8, 5]","[0, 0]","[0, 0]",10
10,"[2, 3]",77.84999999999772,"[9, 2]","[3.5499999999999954, 0]","[3.5499999999999954, 0]",10
11,"[2, 1]",50.69999999999926,"[10, 7]","[0, 0]","[0, 0]",10
12,"[2, 1]",51.799999999999194,"[11, 11]","[0, 0]","[0, 0]",10
13,"[2, 3]",87.0999999999972,"[12, 17]","[0, 0]","[0, 0]",10
14,"[2, 3]",93.34999999999684,"[13, 18]","[0, 0]","[0, 0]",10
15,"[2, 1]",62.09999999999861,"[14, -999]","[15.15000000000008, 0]","[0.05, 0]",10
16,"[0, 3]",97.89999999999658,"[7, 10]","[0, 0]","[0, 0]",10
17,"[0, 3]",100.84999999999641,"[16, 16]","[0, 0]","[0, 0]",10
18,"[0, 3]",107.64999999999603,"[17, 13]","[2.549999999999999, 0]","[2.549999999999999, 0]",10
19,"[0, 3]",113.3999999999957,"[18, 14]","[2.799999999999998, 0]","[2.799999999999998, 0]",10
20,"[0, 1]",84.54999999999734,"[19, 15]","[0, 0]","[0, 0]",10
21,"[0, 1]",84.64999999999733,"[20, 20]","[0, 0]","[0, 0]",10
22,"[0, 3]",115.54999999999558,"[21, 19]","[0, 0]","[0, 0]",10
23,"[2, 1]",76.29999999999781,"[15, 21]","[20.15000000000015, 0]","[6.5999999999999845, 0]",10
24,"[0, 1]",86.84999999999721,"[22, 23]","[0, 0]","[0, 0]",10
25,"[0, 1]",92.3499999999969,"[24, 28]","[2.3, 0]","[2.3, 0]",10
26,"[0, 1]",97.14999999999662,"[25, 31]","[2.4499999999999993, 0]","[2.4499999999999993, 0]",10
27,"[0, 3]",127.14999999999492,"[26, 22]","[0, 0]","[0, 0]",10
28,"[2, 1]",82.19999999999747,"[23, 24]","[11.950000000000035, 0]","[0, 0]",10
29,"[0, 1]",104.14999999999623,"[27, 42]","[2.799999999999998, 0]","[2.799999999999998, 0]",10
30,"[0, 3]",134.14999999999625,"[29, 27]","[0, 0]","[0, 0]",10
31,"[2, 1]",87.54999999999717,"[28, 25]","[10.800000000000018, 0]","[0, 0]",10
32,"[0, 3]",136.44999999999678,"[30, 30]","[0, 0]","[0, 0]",10
33,"[0, 3]",137.99999999999713,"[32, 32]","[0, 0]","[0, 0]",10
34,"[0, 1]",108.79999999999596,"[33, 59]","[0, 0]","[0, 0]",10
35,"[2, 1]",92.94999999999686,"[31, 26]","[9.399999999999999, 0]","[0, 0]",10
36,"[0, 3]",140.79999999999777,"[34, 79]","[0, 0]","[0, 0]",10
37,"[0, 1]",111.7499999999958,"[36, 34]","[0, 0]","[0, 0]",10
38,"[0, 3]",143.1499999999983,"[37, 36]","[0, 0]","[0, 0]",10
39,"[0, 3]",145.3999999999988,"[38, 38]","[0, 0]","[0, 0]",10
40,"[0, 1]",116.8999999999955,"[39, 37]","[0.9500000000000003, 0]","[0, 0]",10
41,"[0, 3]",148.29999999999947,"[40, 39]","[1.7500000000000009, 0]","[0, 0]",10
42,"[2, 1]",92.74999999999687,"[35, 35]","[7.84999999999998, 0]","[0, 0]",10
43,"[0, 1]",120.89999999999527,"[41, 40]","[2.9499999999999975, 0]","[0, 0]",10
44,"[0, 1]",121.99999999999521,"[43, 43]","[3.149999999999997, 0]","[0, 0]",10
45,"[2, 1]",100.84999999999641,"[42, 29]","[6.399999999999985, 0]","[0, 0]",10
46,"[0, 3]",153.15000000000057,"[44, 41]","[2.849999999999998, 0]","[0, 0]",10
47,"[0, 3]",155.4500000000011,"[46, 46]","[2.499999999999999, 0]","[0, 0]",10
48,"[0, 3]",157.05000000000146,"[47, 47]","[1.800000000000001, 0]","[0, 0]",10
49,"[0, 3]",158.35000000000176,"[48, 48]","[1.900000000000001, 0]","[0, 0]",10
50,"[0, 1]",129.0999999999951,"[49, -999]","[1.950000000000001, 0]","[0, 0]",10
51,"[0, 3]",160.60000000000227,"[50, 49]","[2.0500000000000007, 0]","[0, 0]",10
52,"[0, 1]",133.09999999999602,"[51, 50]","[2.1000000000000005, 0]","[0, 0]",10
53,"[0, 3]",164.45000000000314,"[52, 51]","[2.1500000000000004, 0]","[0, 0]",10
54,"[0, 3]",166.65000000000364,"[53, 53]","[2.25, 0]","[0, 0]",10
55,"[0, 1]",138.09999999999715,"[54, 52]","[2.25, 0]","[0, 0]",10
56,"[0, 1]",139.09999999999738,"[55, 55]","[2.3499999999999996, 0]","[0, 0]",10
57,"[0, 3]",170.25000000000446,"[56, 54]","[2.3999999999999995, 0]","[0, 0]",10
58,"[0, 1]",142.59999999999818,"[57, 56]","[2.3999999999999995, 0]","[0, 0]",10
59,"[2, 1]",101.44999999999638,"[45, 45]","[4.94999999999999, 0]","[0, 0]",10
60,"[0, 3]",171.45000000000474,"[58, 57]","[2.4499999999999993, 0]","[0, 0]",10
61,"[0, 3]",164.60000000000318,"[60, 60]","[0, 0]","[0, 0]",10
62,"[0, 3]",165.1500000000033,"[61, 61]","[0, 0]","[0, 0]",10
63,"[0, 3]",166.25000000000355,"[62, 62]","[0, 0]","[0, 0]",10
64,"[0, 1]",136.9499999999969,"[63, -999]","[0, 0]","[0, 0]",10
65,"[0, 1]",137.94999999999712,"[64, 64]","[0, 0]","[0, 0]",10
66,"[0, 1]",138.7499999999973,"[65, 65]","[0, 0]","[0, 0]",10
67,"[0, 3]",166.0500000000035,"[66, 63]","[0, 0]","[0, 0]",10
68,"[0, 3]",165.80000000000345,"[67, 67]","[0, 0]","[0, 0]",10
69,"[0, 1]",136.89999999999688,"[68, 66]","[0.7000000000000001, 0]","[0, 0]",10
70,"[0, 1]",137.59999999999704,"[69, 69]","[0, 0]","[0, 0]",10
71,"[0, 1]",133.39999999999608,"[70, 70]","[0, 0]","[0, 0]",10
72,"[0, 1]",133.4499999999961,"[71, 71]","[0, 0]","[0, 0]",10
73,"[0, 3]",164.10000000000306,"[72, 68]","[0, 0]","[0, 0]",10
74,"[0, 1]",136.4999999999968,"[73, 72]","[0, 0]","[0, 0]",10
75,"[0, 1]",137.29999999999697,"[74, 74]","[0, 0]","[0, 0]",10
76,"[0, 1]",137.54999999999703,"[75, 75]","[0, 0]","[0, 0]",10
77,"[0, 3]",163.75000000000298,"[76, 73]","[0, 0]","[0, 0]",10
78,"[0, 1]",135.79999999999663,"[77, 76]","[0, 0]","[0, 0]",10
79,"[2, 3]",132.89999999999597,"[59, 33]","[1.7500000000000009, 0]","[0, 0]",10
0,"[2, 1]",36.40000000000007,"[-999, -999]","[0, 0]","[0, 0]",11
1,"[2, 1]",38.09999999999997,"[0, 0]","[0, 0]","[0, 0]",11
2,"[0, 3]",96.89999999999664,"[-999, 8]","[0, 0]","[0, 0]",11
3,"[0, 3]",105.24999999999616,"[2, 13]","[1.850000000000001, 0]","[1.850000000000001, 0]",11
4,"[0, 1]",75.54999999999785,"[3, 15]","[0, 0]","[0, 0]",11
5,"[0, 1]",76.59999999999779,"[4, 4]","[0, 0]","[0, 0]",11
6,"[2, 3]",68.64999999999824,"[1, -999]","[0, 0]","[0, 0]",11
7,"[2, 3]",71.39999999999809,"[6, 6]","[0, 0]","[0, 0]",11
8,"[2, 3]",73.24999999999798,"[7, 7]","[0, 0]","[0, 0]",11
9,"[0, 3]",107.74999999999602,"[5, 3]","[0, 0]","[0, 0]",11
10,"[2, 1]",43.24999999999968,"[8, -999]","[0, 0]","[0, 0]",11
11,"[2, 1]",44.84999999999959,"[10, 10]","[0, 0]","[0, 0]",11
12,"[2, 1]",46.19999999999951,"[11, 11]","[0, 0]","[0, 0]",11
13,"[2, 3]",76.99999999999777,"[12, 2]","[0, 0]","[0, 0]",11
14,"[0, 3]",110.09999999999589,"[9, 9]","[0, 0]","[0, 0]",11
15,"[2, 1]",48.04999999999941,"[13, 12]","[0, 0]","[0, 0]",11
16,"[0, 1]",81.44999999999752,"[14, 26]","[0, 0]","[0, 0]",11
17,"[0, 1]",82.49999999999746,"[16, 16]","[0, 0]","[0, 0]",11
18,"[0, 1]",83.5999999999974,"[17, 17]","[0, 0]","[0, 0]",11
19,"[0, 1]",89.49999999999706,"[18, 38]","[2.3499999999999996, 0]","[2.3499999999999996, 0]",11
20,"[0, 1]",94.49999999999677,"[19, 42]","[2.549999999999999, 0]","[2.549999999999999, 0]",11
21,"[0, 1]",94.89999999999675,"[20, 20]","[0, 0]","[0, 0]",11
22,"[0, 3]",128.74999999999503,"[21, 57]","[0, 0]","[0, 0]",11
23,"[0, 1]",99.64999999999648,"[22, 58]","[0, 0]","[0, 0]",11
24,"[0, 1]",100.49999999999643,"[23, 23]","[0, 0]","[0, 0]",11
25,"[0, 3]",131.49999999999565,"[24, 22]","[0.44999999999999996, 0]","[0, 0]",11
26,"[2, 1]",60.69999999999869,"[15, 5]","[6.749999999999984, 0]","[6.749999999999984, 0]",11
27,"[0, 1]",103.39999999999627,"[25, 59]","[0.9500000000000003, 0]","[0, 0]",11
28,"[0, 3]",135.94999999999666,"[27, 61]","[1.4500000000000006, 0]","[0, 0]",11
29,"[0, 1]",107.59999999999603,"[28, 77]","[2.000000000000001, 0]","[0, 0]",11
30,"[0, 1]",113.84999999999567,"[29, 79]","[5.249999999999989, 0]","[2.849999999999998, 0]",11
31,"[2, 3]",98.14999999999657,"[26, 14]","[3.349999999999996, 0]","[3.349999999999996, 0]",11
32,"[0, 1]",113.59999999999569,"[30, 30]","[2.3499999999999996, 0]","[0, 0]",11
33,"[0, 1]",114.34999999999565,"[32, 32]","[1.950000000000001, 0]","[0, 0]",11
34,"[0, 1]",115.34999999999559,"[33, 33]","[1.4000000000000006, 0]","[0, 0]",11
35,"[0, 1]",116.49999999999552,"[34, 34]","[0.8000000000000002, 0]","[0, 0]",11
36,"[0, 3]",147.44999999999928,"[35, 28]","[0, 0]","[0, 0]",11
37,"[0, 1]",120.14999999999532,"[36, 35]","[0, 0]","[0, 0]",11
38,"[2, 1]",80.39999999999758,"[31, 18]","[3.099999999999997, 0]","[3.099999999999997, 0]",11
39,"[0, 1]",121.24999999999525,"[37, 37]","[0, 0]","[0, 0]",11
40,"[0, 1]",122.34999999999519,"[39, 39]","[0, 0]","[0, 0]",11
41,"[0, 1]",123.39999999999513,"[40, 40]","[0, 0]","[0, 0]",11
42,"[2, 1]",85.2499999999973,"[38, 19]","[17.95000000000012, 0]","[0, 0]",11
43,"[0, 3]",154.40000000000086,"[41, 36]","[0, 0]","[0, 0]",11
44,"[0, 1]",127.19999999999492,"[43, 41]","[0, 0]","[0, 0]",11
45,"[0, 1]",128.34999999999494,"[44, 44]","[0, 0]","[0, 0]",11
46,"[0, 1]",129.44999999999519,"[45, 45]","[0, 0]","[0, 0]",11
47,"[0, 1]",130.49999999999542,"[46, 46]","[0, 0]","[0, 0]",11
48,"[0, 3]",161.50000000000247,"[47, 43]","[0, 0]","[0, 0]",11
49,"[0, 1]",134.24999999999628,"[48, 47]","[0, 0]","[0, 0]",11
50,"[0, 1]",135.34999999999653,"[49, 49]","[0, 0]","[0, 0]",11
51,"[0, 3]",166.5000000000036,"[50, 48]","[0, 0]","[0, 0]",11
52,"[2, 3]",112.14999999999577,"[42, 31]","[35.55000000000012, 0]","[0.05, 0]",11
53,"[0, 3]",168.80000000000413,"[51, 51]","[0, 0]","[0, 0]",11
54,"[0, 1]",140.0499999999976,"[53, 50]","[0, 0]","[0, 0]",11
55,"[0, 3]",168.75000000000412,"[54, 53]","[0, 0]","[0, 0]",11
56,"[0, 3]",168.30000000000402,"[55, 55]","[0, 0]","[0, 0]",11
57,"[2, 3]",113.3999999999957,"[52, 52]","[31.600000000000314, 0]","[0, 0]",11
58,"[2, 1]",84.49999999999734,"[57, 21]","[30.00000000000029, 0]","[0, 0]",11
59,"[2, 1]",98.19999999999656,"[58, 24]","[35.00000000000015, 0]","[6.549999999999985, 0]",11
60,"[0, 3]",169.00000000000418,"[56, 56]","[0, 0]","[0, 0]",11
61,"[2, 3]",130.14999999999534,"[59, 25]","[26.900000000000247, 0]","[0, 0]",11
62,"[0, 1]",139.6499999999975,"[60, -999]","[0, 0]","[0, 0]",11
63,"[0, 3]",170.9000000000046,"[62, 60]","[0, 0]","[0, 0]",11
64,"[0, 3]",172.75000000000503,"[63, 63]","[0.35, 0]","[0, 0]",11
65,"[0, 3]",173.25000000000514,"[64, 64]","[0.9000000000000002, 0]","[0, 0]",11
66,"[0, 3]",166.70000000000366,"[65, 65]","[1.2000000000000004, 0]","[0, 0]",11
67,"[0, 1]",136.5999999999968,"[66, -999]","[0.7500000000000001, 0]","[0, 0]",11
68,"[0, 1]",132.74999999999594,"[67, 67]","[0, 0]","[0, 0]",11
69,"[0, 3]",162.4500000000027,"[68, 66]","[0, 0]","[0, 0]",11
70,"[0, 3]",164.40000000000313,"[69, 69]","[0, 0]","[0, 0]",11
71,"[0, 3]",165.70000000000343,"[70, 70]","[0, 0]","[0, 0]",11
72,"[0, 1]",136.24999999999673,"[71, -999]","[0, 0]","[0, 0]",11
73,"[0, 1]",136.5999999999968,"[72, 72]","[0, 0]","[0, 0]",11
74,"[0, 1]",134.3499999999963,"[73, 73]","[0, 0]","[0, 0]",11
75,"[0, 3]",163.850000000003,"[74, 71]","[0, 0]","[0, 0]",11
76,"[0, 3]",165.65000000000342,"[75, 75]","[0, 0]","[0, 0]",11
77,"[2, 1]",94.0499999999968,"[61, 27]","[18.300000000000125, 0]","[0, 0]",11
78,"[0, 1]",136.64999999999682,"[76, 74]","[0, 0]","[0, 0]",11
79,"[2, 1]",102.7999999999963,"[77, 29]","[17.25000000000011, 0]","[0, 0]",11
0,"[2, 1]",36.40000000000007,"[-999, -999]","[0, 0]","[0, 0]",12
1,"[2, 1]",38.09999999999997,"[0, 0]","[0, 0]","[0, 0]",12
2,"[2, 3]",68.64999999999824,"[1, -999]","[0, 0]","[0, 0]",12
3,"[2, 1]",37.40000000000001,"[2, 1]","[0, 0]","[0, 0]",12
4,"[2, 1]",39.19999999999991,"[3, 3]","[0, 0]","[0, 0]",12
5,"[0, 1]",76.4499999999978,"[-999, 13]","[0, 0]","[3.2499999999999964, 0]",12
6,"[2, 1]",41.0999999999998,"[4, 4]","[0, 0]","[0, 0]",12
7,"[2, 1]",42.9499999999997,"[6, 6]","[0, 0]","[0, 0]",12
8,"[2, 3]",73.49999999999797,"[7, 2]","[0, 0]","[0, 0]",12
9,"[2, 1]",41.599999999999774,"[8, 7]","[0, 0]","[0, 0]",12
10,"[0, 3]",104.04999999999623,"[5, 8]","[0, 0]","[0, 0]",12
11,"[0, 3]",106.94999999999607,"[10, 10]","[0, 0]","[0, 0]",12
12,"[0, 1]",78.39999999999769,"[11, 15]","[0, 0]","[0, 0]",12
13,"[2, 1]",43.79999999999965,"[9, 9]","[0, 0]","[0, 0]",12
14,"[2, 1]",50.59999999999926,"[13, 5]","[0.15000000000000002, 0]","[0.15000000000000002, 0]",12
15,"[2, 1]",51.099999999999234,"[14, 14]","[1.5000000000000007, 0]","[1.5000000000000007, 0]",12
16,"[0, 3]",110.49999999999586,"[12, 18]","[0, 0]","[0, 0]",12
17,"[0, 1]",81.99999999999748,"[16, 19]","[0, 0]","[0, 0]",12
18,"[2, 3]",83.99999999999737,"[15, 11]","[3.399999999999996, 0]","[3.399999999999996, 0]",12
19,"[2, 1]",55.34999999999899,"[18, 12]","[0, 0]","[0, 0]",12
20,"[0, 1]",82.59999999999745,"[17, 17]","[0, 0]","[0, 0]",12
21,"[0, 1]",87.99999999999714,"[20, 27]","[2.499999999999999, 0]","[2.499999999999999, 0]",12
22,"[0, 1]",88.54999999999711,"[21, 21]","[0, 0]","[0, 0]",12
23,"[0, 1]",93.84999999999681,"[22, 33]","[2.499999999999999, 0]","[2.499999999999999, 0]",12
24,"[0, 1]",94.39999999999678,"[23, 23]","[0, 0]","[0, 0]",12
25,"[2, 3]",88.54999999999711,"[19, 16]","[10.550000000000015, 0]","[1.1000000000000003, 0]",12
26,"[0, 3]",127.99999999999487,"[24, 42]","[0, 0]","[0, 0]",12
27,"[2, 1]",63.69999999999852,"[25, 20]","[11.100000000000023, 0]","[0, 0]",12
28,"[2, 3]",94.74999999999676,"[27, 25]","[17.85000000000012, 0]","[0.05, 0]",12
29,"[0, 1]",98.59999999999654,"[26, 24]","[0, 0]","[0, 0]",12
30,"[0, 3]",130.49999999999542,"[29, 53]","[0, 0]","[0, 0]",12
31,"[0, 1]",100.9999999999964,"[30, 29]","[0, 0]","[0, 0]",12
32,"[0, 3]",133.09999999999602,"[31, 54]","[0, 0]","[0, 0]",12
33,"[2, 1]",70.29999999999815,"[28, 22]","[15.450000000000085, 0]","[0, 0]",12
34,"[0, 1]",104.04999999999623,"[32, 57]","[0, 0]","[0, 0]",12
35,"[2, 3]",100.59999999999643,"[33, 28]","[13.75000000000006, 0]","[0, 0]",12
36,"[0, 1]",110.44999999999587,"[34, 58]","[2.7499999999999982, 0]","[2.7499999999999982, 0]",12
37,"[0, 3]",141.69999999999797,"[36, 63]","[0, 0]","[0, 0]",12
38,"[0, 1]",113.84999999999567,"[37, 69]","[0, 0]","[0, 0]",12
39,"[0, 1]",114.24999999999565,"[38, 38]","[0, 0]","[0, 0]",12
40,"[0, 3]",145.24999999999878,"[39, 37]","[0, 0]","[0, 0]",12
41,"[0, 1]",117.89999999999544,"[40, 39]","[0, 0]","[0, 0]",12
42,"[2, 3]",103.84999999999624,"[35, 35]","[12.200000000000038, 0]","[0, 0]",12
43,"[0, 3]",149.2499999999997,"[41, 40]","[0, 0]","[0, 0]",12
44,"[0, 1]",121.74999999999523,"[43, 41]","[0, 0]","[0, 0]",12
45,"[0, 3]",153.15000000000057,"[44, 43]","[0, 0]","[0, 0]",12
46,"[0, 1]",125.649999999995,"[45, 44]","[0.65, 0]","[0, 0]",12
47,"[0, 1]",126.74999999999494,"[46, 46]","[1.2500000000000004, 0]","[0, 0]",12
48,"[0, 1]",127.79999999999488,"[47, 47]","[1.6500000000000008, 0]","[0, 0]",12
49,"[0, 1]",128.89999999999506,"[48, 48]","[1.900000000000001, 0]","[0, 0]",12
50,"[0, 1]",129.9499999999953,"[49, 49]","[2.1000000000000005, 0]","[0, 0]",12
51,"[0, 1]",130.99999999999554,"[50, 50]","[2.549999999999999, 0]","[0, 0]",12
52,"[0, 1]",132.04999999999578,"[51, 51]","[3.049999999999997, 0]","[0, 0]",12
53,"[2, 3]",111.5499999999958,"[42, 26]","[10.650000000000016, 0]","[0, 0]",12
54,"[2, 3]",118.44999999999541,"[53, 30]","[9.199999999999996, 0]","[0, 0]",12
55,"[0, 3]",163.05000000000283,"[52, 45]","[3.049999999999997, 0]","[0, 0]",12
56,"[0, 1]",135.84999999999664,"[55, 52]","[2.6999999999999984, 0]","[0, 0]",12
57,"[2, 1]",88.59999999999711,"[54, 31]","[7.699999999999981, 0]","[0, 0]",12
58,"[2, 1]",96.89999999999664,"[57, 34]","[6.249999999999986, 0]","[0, 0]",12
59,"[0, 1]",136.9499999999969,"[56, 56]","[2.1000000000000005, 0]","[0, 0]",12
60,"[0, 3]",168.05000000000396,"[59, 55]","[1.5000000000000007, 0]","[0, 0]",12
61,"[0, 3]",170.25000000000446,"[60, 60]","[0.8000000000000002, 0]","[0, 0]",12
62,"[0, 1]",141.14999999999785,"[61, 59]","[0, 0]","[0, 0]",12
63,"[2, 3]",126.94999999999493,"[58, 32]","[4.799999999999991, 0]","[0, 0]",12
64,"[0, 3]",167.20000000000377,"[62, 61]","[0.3, 0]","[0, 0]",12
65,"[0, 3]",169.1500000000042,"[64, 64]","[0.44999999999999996, 0]","[0, 0]",12
66,"[0, 3]",170.60000000000454,"[65, 65]","[0, 0]","[0, 0]",12
67,"[0, 3]",171.7500000000048,"[66, 66]","[0, 0]","[0, 0]",12
68,"[0, 1]",140.34999999999766,"[67, -999]","[0, 0]","[0, 0]",12
69,"[2, 1]",99.1999999999965,"[63, 36]","[3.7999999999999945, 0]","[0, 0]",12
70,"[0, 3]",168.95000000000417,"[68, 67]","[0.49999999999999994, 0]","[0, 0]",12
71,"[0, 1]",140.84999999999778,"[70, 68]","[0, 0]","[0, 0]",12
72,"[0, 1]",135.99999999999667,"[71, 71]","[0, 0]","[0, 0]",12
73,"[0, 3]",166.0500000000035,"[72, 70]","[0, 0]","[0, 0]",12
74,"[0, 1]",138.14999999999716,"[73, 72]","[0, 0]","[0, 0]",12
75,"[0, 1]",138.64999999999728,"[74, 74]","[0, 0]","[0, 0]",12
76,"[0, 3]",167.25000000000378,"[75, 73]","[0, 0]","[0, 0]",12
77,"[0, 1]",137.94999999999712,"[76, 75]","[0, 0]","[0, 0]",12
78,"[0, 1]",136.5999999999968,"[77, 77]","[0, 0]","[0, 0]",12
79,"[0, 1]",134.7999999999964,"[78, 78]","[0, 0]","[0, 0]",12
0,"[2, 1]",36.40000000000007,"[-999, -999]","[0, 0]","[0, 0]",13
1,"[2, 1]",38.09999999999997,"[0, 0]","[0, 0]","[0, 0]",13
2,"[2, 1]",39.89999999999987,"[1, 1]","[0, 0]","[0, 0]",13
3,"[2, 3]",69.24999999999821,"[2, -999]","[0, 0]","[0, 0]",13
4,"[0, 1]",68.99999999999822,"[-999, 8]","[0, 0]","[0, 0]",13
5,"[2, 1]",37.74999999999999,"[3, 2]","[0, 0]","[0, 0]",13
6,"[2, 1]",39.54999999999989,"[5, 5]","[0, 0]","[0, 0]",13
7,"[2, 1]",41.399999999999785,"[6, 6]","[0, 0]","[0, 0]",13
8,"[2, 1]",43.29999999999968,"[7, 7]","[0, 0]","[0, 0]",13
9,"[2, 3]",73.69999999999796,"[8, 3]","[0, 0]","[0, 0]",13
10,"[2, 3]",76.29999999999781,"[9, 9]","[0, 0]","[0, 0]",13
11,"[2, 1]",42.8999999999997,"[10, 4]","[0, 0]","[0, 0]",13
12,"[2, 1]",44.949999999999584,"[11, 11]","[0, 0]","[0, 0]",13
13,"[2, 1]",52.19999999999917,"[12, 14]","[1.5500000000000007, 0]","[1.5500000000000007, 0]",13
14,"[0, 1]",76.14999999999782,"[4, 12]","[2.6999999999999984, 0]","[2.6999999999999984, 0]",13
15,"[2, 3]",83.79999999999738,"[13, 16]","[3.399999999999996, 0]","[3.399999999999996, 0]",13
16,"[0, 3]",105.54999999999615,"[14, 10]","[0, 0]","[0, 0]",13
17,"[0, 1]",77.69999999999773,"[16, 13]","[0, 0]","[0, 0]",13
18,"[0, 3]",110.19999999999588,"[17, 15]","[0, 0]","[0, 0]",13
19,"[0, 3]",111.5499999999958,"[18, 18]","[0, 0]","[0, 0]",13
20,"[0, 1]",82.24999999999747,"[19, 17]","[0, 0]","[0, 0]",13
21,"[0, 3]",114.39999999999564,"[20, 23]","[0, 0]","[0, 0]",13
22,"[0, 3]",115.69999999999557,"[21, 21]","[0, 0]","[0, 0]",13
23,"[2, 3]",96.64999999999665,"[15, 19]","[6.449999999999985, 0]","[6.449999999999985, 0]",13
24,"[0, 1]",87.49999999999717,"[22, 31]","[0, 0]","[0, 0]",13
25,"[0, 1]",88.04999999999714,"[24, 24]","[0, 0]","[0, 0]",13
26,"[0, 3]",118.94999999999538,"[25, 47]","[0, 0]","[0, 0]",13
27,"[0, 3]",121.04999999999526,"[26, 26]","[0, 0]","[0, 0]",13
28,"[0, 1]",90.549999999997,"[27, 52]","[0, 0]","[0, 0]",13
29,"[2, 1]",67.29999999999832,"[23, 20]","[0, 0]","[0, 0]",13
30,"[0, 1]",96.19999999999668,"[28, 54]","[2.4499999999999993, 0]","[2.4499999999999993, 0]",13
31,"[2, 1]",69.2999999999982,"[29, 29]","[16.700000000000102, 0]","[0, 0]",13
32,"[0, 3]",128.44999999999496,"[30, 62]","[0, 0]","[0, 0]",13
33,"[0, 1]",99.2499999999965,"[32, 30]","[0, 0]","[0, 0]",13
34,"[0, 3]",130.64999999999546,"[33, 32]","[0, 0]","[0, 0]",13
35,"[0, 3]",132.79999999999595,"[34, 34]","[0, 0]","[0, 0]",13
36,"[0, 1]",104.24999999999622,"[35, 33]","[0, 0]","[0, 0]",13
37,"[0, 1]",105.29999999999616,"[36, 36]","[0, 0]","[0, 0]",13
38,"[0, 1]",106.3999999999961,"[37, 37]","[0, 0]","[0, 0]",13
39,"[0, 3]",137.49999999999702,"[38, 35]","[0, 0]","[0, 0]",13
40,"[0, 3]",139.79999999999754,"[39, 39]","[0, 0]","[0, 0]",13
41,"[0, 1]",111.24999999999582,"[40, 38]","[0, 0]","[0, 0]",13
42,"[0, 1]",112.29999999999576,"[41, 41]","[0, 0]","[0, 0]",13
43,"[0, 3]",143.5499999999984,"[42, 40]","[0, 0]","[0, 0]",13
44,"[0, 1]",116.19999999999554,"[43, 42]","[0, 0]","[0, 0]",13
45,"[0, 1]",117.29999999999548,"[44, 44]","[0, 0]","[0, 0]",13
46,"[0, 1]",118.39999999999542,"[45, 45]","[0, 0]","[0, 0]",13
47,"[2, 3]",102.7999999999963,"[31, 22]","[22.15000000000018, 0]","[0, 0]",13
48,"[0, 1]",119.49999999999535,"[46, 46]","[0, 0]","[0, 0]",13
49,"[2, 1]",78.34999999999769,"[47, 25]","[19.750000000000146, 0]","[0, 0]",13
50,"[0, 1]",120.4999999999953,"[48, 48]","[0, 0]","[0, 0]",13
51,"[0, 3]",151.4500000000002,"[50, 43]","[0, 0]","[0, 0]",13
52,"[2, 1]",78.59999999999768,"[49, 49]","[18.100000000000122, 0]","[0, 0]",13
53,"[0, 1]",124.14999999999509,"[51, 50]","[0.8000000000000002, 0]","[0, 0]",13
54,"[2, 1]",86.24999999999724,"[52, 28]","[16.5000000000001, 0]","[0, 0]",13
55,"[0, 3]",155.5000000000011,"[53, 51]","[1.2000000000000004, 0]","[0, 0]",13
56,"[0, 1]",127.99999999999487,"[55, 53]","[1.4000000000000006, 0]","[0, 0]",13
57,"[0, 1]",129.0999999999951,"[56, 56]","[1.5500000000000007, 0]","[0, 0]",13
58,"[0, 3]",160.2500000000022,"[57, 55]","[2.25, 0]","[0, 0]",13
59,"[0, 3]",162.60000000000272,"[58, 58]","[3.049999999999997, 0]","[0, 0]",13
60,"[0, 1]",134.14999999999625,"[59, 57]","[2.9999999999999973, 0]","[0, 0]",13
61,"[0, 3]",165.50000000000338,"[60, 59]","[2.4499999999999993, 0]","[0, 0]",13
62,"[2, 3]",116.24999999999554,"[54, 27]","[15.050000000000079, 0]","[0, 0]",13
63,"[0, 1]",137.8999999999971,"[61, 60]","[1.850000000000001, 0]","[0, 0]",13
64,"[0, 1]",138.54999999999725,"[63, 63]","[0.8000000000000002, 0]","[0, 0]",13
65,"[0, 3]",163.15000000000285,"[64, 61]","[0, 0]","[0, 0]",13
66,"[0, 1]",135.49999999999656,"[65, 64]","[0, 0]","[0, 0]",13
67,"[0, 1]",136.34999999999675,"[66, 66]","[0, 0]","[0, 0]",13
68,"[0, 1]",136.9999999999969,"[67, 67]","[0, 0]","[0, 0]",13
69,"[0, 1]",137.29999999999697,"[68, 68]","[0, 0]","[0, 0]",13
70,"[0, 1]",136.19999999999672,"[69, 69]","[0, 0]","[0, 0]",13
71,"[0, 3]",164.60000000000318,"[70, 65]","[0, 0]","[0, 0]",13
72,"[0, 1]",136.5499999999968,"[71, 70]","[0, 0]","[0, 0]",13
73,"[0, 1]",136.84999999999687,"[72, 72]","[0, 0]","[0, 0]",13
74,"[0, 1]",136.5499999999968,"[73, 73]","[0.8000000000000002, 0]","[0, 0]",13
75,"[0, 1]",136.34999999999675,"[74, 74]","[1.2000000000000004, 0]","[0, 0]",13
76,"[0, 1]",135.99999999999667,"[75, 75]","[1.5500000000000007, 0]","[0, 0]",13
77,"[0, 3]",165.75000000000344,"[76, 71]","[1.850000000000001, 0]","[0, 0]",13
78,"[0, 1]",137.79999999999708,"[77, 76]","[1.5500000000000007, 0]","[0, 0]",13
79,"[0, 1]",136.89999999999688,"[78, 78]","[0, 0]","[0, 0]",13
0,"[2, 1]",36.40000000000007,"[-999, -999]","[0, 0]","[0, 0]",14
1,"[2, 3]",68.49999999999825,"[0, -999]","[0, 0]","[0, 0]",14
2,"[2, 1]",37.30000000000002,"[1, 0]","[0, 0]","[0, 0]",14
3,"[2, 3]",70.09999999999816,"[2, 1]","[0, 0]","[0, 0]",14
4,"[2, 1]",37.74999999999999,"[3, 2]","[0, 0]","[0, 0]",14
5,"[0, 1]",73.99999999999794,"[-999, 10]","[0, 0]","[2.1000000000000005, 0]",14
6,"[2, 1]",39.69999999999988,"[4, 4]","[0, 0]","[0, 0]",14
7,"[2, 1]",41.49999999999978,"[6, 6]","[0, 0]","[0, 0]",14
8,"[2, 1]",43.349999999999675,"[7, 7]","[0, 0]","[0, 0]",14
9,"[0, 3]",102.59999999999631,"[5, 3]","[0, 0]","[0, 0]",14
10,"[2, 1]",44.84999999999959,"[8, 8]","[0, 0]","[0, 0]",14
11,"[2, 1]",51.7499999999992,"[10, 5]","[0.9500000000000003, 0]","[0.9500000000000003, 0]",14
12,"[0, 3]",111.24999999999582,"[9, 13]","[2.5999999999999988, 0]","[2.5999999999999988, 0]",14
13,"[2, 3]",83.19999999999742,"[11, 9]","[2.6999999999999984, 0]","[2.6999999999999984, 0]",14
14,"[2, 1]",53.64999999999909,"[13, 11]","[0, 0]","[0, 0]",14
15,"[2, 1]",55.649999999998975,"[14, 14]","[0, 0]","[0, 0]",14
16,"[0, 3]",112.29999999999576,"[12, 12]","[0, 0]","[0, 0]",14
17,"[0, 1]",83.99999999999737,"[16, 15]","[0, 0]","[0, 0]",14
18,"[0, 1]",84.39999999999735,"[17, 17]","[0, 0]","[0, 0]",14
19,"[0, 3]",115.34999999999559,"[18, 16]","[0, 0]","[0, 0]",14
20,"[0, 1]",87.24999999999719,"[19, 21]","[0, 0]","[0, 0]",14
21,"[2, 1]",68.94999999999823,"[15, 18]","[6.499999999999985, 0]","[6.499999999999985, 0]",14
22,"[0, 3]",119.84999999999533,"[20, 23]","[0, 0]","[0, 0]",14
23,"[2, 3]",100.89999999999641,"[21, 19]","[21.050000000000164, 0]","[0, 0]",14
24,"[0, 1]",90.649999999997,"[22, 20]","[0, 0]","[0, 0]",14
25,"[0, 1]",91.69999999999693,"[24, 24]","[0, 0]","[0, 0]",14
26,"[0, 3]",123.9499999999951,"[25, 37]","[0, 0]","[0, 0]",14
27,"[0, 1]",95.19999999999673,"[26, 54]","[0, 0]","[0, 0]",14
28,"[0, 1]",95.94999999999669,"[27, 27]","[0, 0]","[0, 0]",14
29,"[0, 3]",126.79999999999494,"[28, 58]","[0, 0]","[0, 0]",14
30,"[0, 1]",98.39999999999655,"[29, 63]","[0, 0]","[0, 0]",14
31,"[0, 1]",99.44999999999649,"[30, 30]","[0, 0]","[0, 0]",14
32,"[0, 1]",100.54999999999643,"[31, 31]","[0, 0]","[0, 0]",14
33,"[2, 3]",108.49999999999598,"[23, 22]","[19.95000000000015, 0]","[0, 0]",14
34,"[0, 3]",131.54999999999566,"[32, 71]","[0, 0]","[0, 0]",14
35,"[0, 1]",103.04999999999629,"[34, 79]","[0, 0]","[0, 0]",14
36,"[0, 1]",104.14999999999623,"[35, 35]","[0, 0]","[0, 0]",14
37,"[2, 3]",110.29999999999588,"[33, 33]","[17.750000000000117, 0]","[0, 0]",14
38,"[0, 3]",135.2499999999965,"[36, 34]","[0, 0]","[0, 0]",14
39,"[0, 1]",107.999999999996,"[38, 36]","[0, 0]","[0, 0]",14
40,"[0, 1]",109.14999999999594,"[39, 39]","[0, 0]","[0, 0]",14
41,"[0, 1]",110.24999999999588,"[40, 40]","[0, 0]","[0, 0]",14
42,"[0, 1]",111.29999999999582,"[41, 41]","[0, 0]","[0, 0]",14
43,"[0, 3]",142.34999999999812,"[42, 38]","[0, 0]","[0, 0]",14
44,"[0, 1]",115.0499999999956,"[43, 42]","[0, 0]","[0, 0]",14
45,"[0, 3]",146.39999999999904,"[44, 43]","[0, 0]","[0, 0]",14
46,"[0, 1]",118.94999999999538,"[45, 44]","[0, 0]","[0, 0]",14
47,"[0, 3]",150.34999999999994,"[46, 45]","[0, 0]","[0, 0]",14
48,"[0, 1]",122.89999999999516,"[47, 46]","[0, 0]","[0, 0]",14
49,"[0, 1]",123.9999999999951,"[48, 48]","[0, 0]","[0, 0]",14
50,"[0, 1]",125.09999999999503,"[49, 49]","[0, 0]","[0, 0]",14
51,"[0, 3]",156.15000000000126,"[50, 47]","[0, 0]","[0, 0]",14
52,"[0, 1]",128.89999999999506,"[51, 50]","[0, 0]","[0, 0]",14
53,"[0, 3]",160.2500000000022,"[52, 51]","[0, 0]","[0, 0]",14
54,"[2, 1]",80.59999999999756,"[37, 25]","[16.700000000000102, 0]","[0, 0]",14
55,"[0, 3]",162.5000000000027,"[53, 53]","[0, 0]","[0, 0]",14
56,"[0, 3]",164.05000000000305,"[55, 55]","[0, 0]","[0, 0]",14
57,"[0, 3]",165.30000000000334,"[56, 56]","[0, 0]","[0, 0]",14
58,"[2, 3]",114.39999999999564,"[54, 26]","[15.750000000000089, 0]","[0, 0]",14
59,"[0, 3]",166.4500000000036,"[57, 57]","[0, 0]","[0, 0]",14
60,"[0, 3]",167.4000000000038,"[59, 59]","[0, 0]","[0, 0]",14
61,"[0, 3]",168.15000000000398,"[60, 60]","[0, 0]","[0, 0]",14
62,"[0, 1]",137.94999999999712,"[61, -999]","[0, 0]","[0, 0]",14
63,"[2, 1]",90.19999999999702,"[58, 28]","[14.550000000000072, 0]","[0, 0]",14
64,"[0, 3]",168.75000000000412,"[62, 61]","[0.25, 0]","[0, 0]",14
65,"[2, 3]",122.54999999999518,"[63, 29]","[13.200000000000053, 0]","[0, 0]",14
66,"[0, 1]",140.5499999999977,"[64, 62]","[0.49999999999999994, 0]","[0, 0]",14
67,"[0, 3]",165.65000000000342,"[66, 64]","[0, 0]","[0, 0]",14
68,"[0, 1]",137.19999999999695,"[67, 66]","[0, 0]","[0, 0]",14
69,"[0, 1]",137.8999999999971,"[68, 68]","[0, 0]","[0, 0]",14
70,"[0, 1]",138.44999999999723,"[69, 69]","[0, 0]","[0, 0]",14
71,"[2, 3]",125.04999999999504,"[65, 65]","[11.800000000000033, 0]","[0, 0]",14
72,"[0, 3]",168.55000000000408,"[70, 67]","[0, 0]","[0, 0]",14
73,"[0, 3]",169.75000000000435,"[72, 72]","[0, 0]","[0, 0]",14
74,"[0, 1]",137.09999999999692,"[73, 70]","[0, 0]","[0, 0]",14
75,"[0, 3]",167.60000000000386,"[74, 73]","[0, 0]","[0, 0]",14
76,"[0, 3]",169.40000000000427,"[75, 75]","[0, 0]","[0, 0]",14
77,"[0, 3]",169.85000000000437,"[76, 76]","[0, 0]","[0, 0]",14
78,"[0, 1]",138.2999999999972,"[77, -999]","[0, 0]","[0, 0]",14
79,"[2, 1]",96.49999999999666,"[71, 32]","[7.099999999999983, 0]","[0, 0]",14
0,"[2, 1]",36.40000000000007,"[-999, -999]","[0, 0]","[0, 0]",15
1,"[2, 1]",38.09999999999997,"[0, 0]","[0, 0]","[0, 0]",15
2,"[2, 1]",39.89999999999987,"[1, 1]","[0, 0]","[0, 0]",15
3,"[2, 3]",69.24999999999821,"[2, -999]","[0, 0]","[0, 0]",15
4,"[2, 1]",37.74999999999999,"[3, 2]","[0, 0]","[0, 0]",15
5,"[0, 1]",67.39999999999831,"[-999, -999]","[0, 0]","[0, 0]",15
6,"[2, 3]",70.44999999999814,"[4, 3]","[0, 0]","[0, 0]",15
7,"[2, 3]",72.79999999999801,"[6, 6]","[0, 0]","[0, 0]",15
8,"[0, 3]",110.29999999999588,"[5, 18]","[2.5999999999999988, 0]","[2.5999999999999988, 0]",15
9,"[2, 3]",74.6499999999979,"[7, 7]","[0, 0]","[0, 0]",15
10,"[2, 3]",76.09999999999782,"[9, 9]","[0, 0]","[0, 0]",15
11,"[0, 3]",111.14999999999583,"[8, 8]","[0, 0]","[0, 0]",15
12,"[0, 1]",80.29999999999758,"[11, 24]","[0, 0]","[0, 0]",15
13,"[2, 3]",77.44999999999774,"[10, 10]","[0, 0]","[0, 0]",15
14,"[0, 3]",112.89999999999573,"[12, 33]","[0, 0]","[0, 0]",15
15,"[0, 1]",83.84999999999738,"[14, 47]","[0, 0]","[0, 0]",15
16,"[0, 1]",90.39999999999701,"[15, 50]","[2.6999999999999984, 0]","[2.6999999999999984, 0]",15
17,"[0, 1]",89.74999999999704,"[16, 16]","[0, 0]","[0, 0]",15
18,"[2, 3]",78.54999999999768,"[13, 13]","[0, 0]","[0, 0]",15
19,"[0, 3]",119.74999999999534,"[17, 53]","[0, 0]","[0, 0]",15
20,"[0, 3]",121.84999999999522,"[19, 19]","[0, 0]","[0, 0]",15
21,"[0, 3]",123.34999999999513,"[20, 20]","[0, 0]","[0, 0]",15
22,"[0, 3]",129.4999999999952,"[21, 56]","[2.3999999999999995, 0]","[2.3999999999999995, 0]",15
23,"[0, 1]",98.99999999999652,"[22, -999]","[0, 0]","[0, 0]",15
24,"[2, 1]",48.099999999999405,"[18, 5]","[0, 0]","[0, 0]",15
25,"[0, 3]",131.44999999999564,"[23, 74]","[0, 0]","[0, 0]",15
26,"[0, 3]",132.5499999999959,"[25, 25]","[0, 0]","[0, 0]",15
27,"[0, 1]",102.8999999999963,"[26, 79]","[0, 0]","[0, 0]",15
28,"[0, 3]",134.24999999999628,"[27, 26]","[0, 0]","[0, 0]",15
29,"[0, 1]",106.64999999999608,"[28, 27]","[0, 0]","[0, 0]",15
30,"[0, 3]",138.04999999999714,"[29, 28]","[0, 0]","[0, 0]",15
31,"[0, 1]",110.64999999999586,"[30, 29]","[0, 0]","[0, 0]",15
32,"[0, 1]",111.7499999999958,"[31, 31]","[0, 0]","[0, 0]",15
33,"[2, 3]",85.79999999999727,"[24, 11]","[3.399999999999996, 0]","[3.399999999999996, 0]",15
34,"[0, 1]",112.84999999999573,"[32, 32]","[0, 0]","[0, 0]",15
35,"[0, 3]",143.89999999999847,"[34, 30]","[0, 0]","[0, 0]",15
36,"[0, 1]",116.69999999999551,"[35, 34]","[0, 0]","[0, 0]",15
37,"[0, 1]",117.79999999999545,"[36, 36]","[0, 0]","[0, 0]",15
38,"[0, 1]",118.84999999999539,"[37, 37]","[0, 0]","[0, 0]",15
39,"[0, 3]",149.84999999999982,"[38, 35]","[0, 0]","[0, 0]",15
40,"[0, 1]",122.64999999999517,"[39, 38]","[0, 0]","[0, 0]",15
41,"[0, 1]",123.74999999999511,"[40, 40]","[0, 0]","[0, 0]",15
42,"[0, 1]",124.79999999999505,"[41, 41]","[0, 0]","[0, 0]",15
43,"[0, 3]",155.8500000000012,"[42, 39]","[0, 0]","[0, 0]",15
44,"[0, 3]",158.20000000000172,"[43, 43]","[0, 0]","[0, 0]",15
45,"[0, 3]",159.75000000000207,"[44, 44]","[0, 0]","[0, 0]",15
46,"[0, 1]",130.8499999999955,"[45, -999]","[0, 0]","[0, 0]",15
47,"[2, 1]",54.249999999999055,"[33, 12]","[0, 0]","[0, 0]",15
48,"[0, 3]",162.30000000000265,"[46, 45]","[0, 0]","[0, 0]",15
49,"[0, 1]",134.8499999999964,"[48, 46]","[0, 0]","[0, 0]",15
50,"[2, 1]",61.999999999998614,"[47, 15]","[0, 0]","[0, 0]",15
51,"[0, 3]",166.15000000000353,"[49, 48]","[0, 0]","[0, 0]",15
52,"[0, 1]",138.54999999999725,"[51, 49]","[0, 0]","[0, 0]",15
53,"[2, 3]",92.2999999999969,"[50, 14]","[0, 0]","[0, 0]",15
54,"[2, 1]",67.6499999999983,"[53, 17]","[15.250000000000082, 0]","[0, 0]",15
55,"[2, 1]",69.19999999999821,"[54, 54]","[13.250000000000053, 0]","[0, 0]",15
56,"[2, 3]",107.09999999999606,"[55, 21]","[11.900000000000034, 0]","[0, 0]",15
57,"[0, 3]",169.5000000000043,"[52, 51]","[0, 0]","[0, 0]",15
58,"[0, 1]",140.5499999999977,"[57, 52]","[0, 0]","[0, 0]",15
59,"[0, 3]",169.25000000000423,"[58, 57]","[0, 0]","[0, 0]",15
60,"[0, 1]",141.09999999999783,"[59, 58]","[0, 0]","[0, 0]",15
61,"[0, 1]",141.59999999999795,"[60, 60]","[0, 0]","[0, 0]",15
62,"[0, 1]",137.74999999999707,"[61, 61]","[0, 0]","[0, 0]",15
63,"[0, 3]",168.30000000000402,"[62, 59]","[0, 0]","[0, 0]",15
64,"[0, 1]",139.44999999999746,"[63, 62]","[0, 0]","[0, 0]",15
65,"[0, 1]",137.399999999997,"[64, 64]","[0, 0]","[0, 0]",15
66,"[0, 1]",138.04999999999714,"[65, 65]","[0, 0]","[0, 0]",15
67,"[0, 3]",168.7000000000041,"[66, 63]","[0, 0]","[0, 0]",15
68,"[0, 3]",169.70000000000434,"[67, 67]","[0, 0]","[0, 0]",15
69,"[0, 1]",139.34999999999744,"[68, 66]","[0, 0]","[0, 0]",15
70,"[0, 1]",139.49999999999747,"[69, 69]","[0, 0]","[0, 0]",15
71,"[0, 3]",169.75000000000435,"[70, 68]","[0, 0]","[0, 0]",15
72,"[0, 3]",169.90000000000438,"[71, 71]","[0, 0]","[0, 0]",15
73,"[0, 3]",169.5500000000043,"[72, 72]","[0, 0]","[0, 0]",15
74,"[2, 3]",106.19999999999611,"[56, 22]","[3.399999999999996, 0]","[0, 0]",15
75,"[0, 3]",169.85000000000437,"[73, 73]","[0, 0]","[0, 0]",15
76,"[0, 1]",139.1499999999974,"[75, -999]","[0, 0]","[0, 0]",15
77,"[0, 1]",137.99999999999713,"[76, 76]","[0, 0]","[0, 0]",15
78,"[0, 1]",138.2999999999972,"[77, 77]","[0, 0]","[0, 0]",15
79,"[2, 1]",74.09999999999793,"[74, 23]","[0.65, 0]","[0, 0]",15
0,"[2, 1]",36.40000000000007,"[-999, -999]","[0, 0]","[0, 0]",16
1,"[2, 1]",38.09999999999997,"[0, 0]","[0, 0]","[0, 0]",16
2,"[2, 3]",68.64999999999824,"[1, -999]","[0, 0]","[0, 0]",16
3,"[2, 1]",39.04999999999992,"[2, 1]","[0, 0]","[0, 0]",16
4,"[2, 1]",41.049999999999805,"[3, 3]","[0, 0]","[0, 0]",16
5,"[2, 3]",69.74999999999818,"[4, 2]","[0, 0]","[0, 0]",16
6,"[2, 3]",72.19999999999804,"[5, 5]","[0, 0]","[0, 0]",16
7,"[2, 3]",74.09999999999793,"[6, 6]","[0, 0]","[0, 0]",16
8,"[2, 3]",75.64999999999785,"[7, 7]","[0, 0]","[0, 0]",16
9,"[2, 1]",45.49999999999955,"[8, -999]","[0, 0]","[0, 0]",16
10,"[2, 3]",73.89999999999795,"[9, 8]","[0, 0]","[0, 0]",16
11,"[0, 3]",108.39999999999598,"[-999, 13]","[0, 0]","[6.849999999999984, 0]",16
12,"[0, 3]",114.84999999999562,"[11, 18]","[2.6499999999999986, 0]","[2.6499999999999986, 0]",16
13,"[2, 3]",75.59999999999785,"[10, 10]","[0, 0]","[0, 0]",16
14,"[0, 1]",83.29999999999741,"[12, 15]","[0, 0]","[0, 0]",16
15,"[2, 1]",45.299999999999564,"[13, 9]","[0, 0]","[0, 0]",16
16,"[0, 3]",116.39999999999553,"[14, 26]","[0, 0]","[0, 0]",16
17,"[0, 1]",87.0999999999972,"[16, 31]","[0, 0]","[0, 0]",16
18,"[2, 3]",78.49999999999768,"[15, 11]","[0, 0]","[0, 0]",16
19,"[0, 3]",117.59999999999546,"[17, 16]","[0, 0]","[0, 0]",16
20,"[0, 1]",88.7499999999971,"[19, 47]","[0, 0]","[0, 0]",16
21,"[0, 1]",89.59999999999705,"[20, 20]","[0, 0]","[0, 0]",16
22,"[0, 1]",90.69999999999699,"[21, 21]","[0, 0]","[0, 0]",16
23,"[0, 1]",96.64999999999665,"[22, 50]","[2.3499999999999996, 0]","[2.3499999999999996, 0]",16
24,"[0, 1]",97.04999999999663,"[23, 23]","[0, 0]","[0, 0]",16
25,"[0, 3]",127.79999999999488,"[24, 19]","[0, 0]","[0, 0]",16
26,"[2, 3]",84.44999999999735,"[18, 12]","[3.2499999999999964, 0]","[3.2499999999999964, 0]",16
27,"[0, 3]",130.19999999999536,"[25, 25]","[0, 0]","[0, 0]",16
28,"[0, 1]",99.79999999999647,"[27, 64]","[0, 0]","[0, 0]",16
29,"[0, 3]",131.2499999999956,"[28, 27]","[0, 0]","[0, 0]",16
30,"[0, 3]",133.34999999999607,"[29, 29]","[0, 0]","[0, 0]",16
31,"[2, 1]",54.249999999999055,"[26, 14]","[3.349999999999996, 0]","[0.05, 0]",16
32,"[0, 3]",134.94999999999644,"[30, 30]","[0, 0]","[0, 0]",16
33,"[0, 3]",136.1499999999967,"[32, 32]","[0, 0]","[0, 0]",16
34,"[0, 3]",137.399999999997,"[33, 33]","[0, 0]","[0, 0]",16
35,"[0, 3]",138.54999999999725,"[34, 34]","[0, 0]","[0, 0]",16
36,"[0, 3]",139.5999999999975,"[35, 35]","[0, 0]","[0, 0]",16
37,"[0, 1]",110.24999999999588,"[36, -999]","[1.800000000000001, 0]","[0, 0]",16
38,"[0, 3]",141.69999999999797,"[37, 36]","[2.5999999999999988, 0]","[0, 0]",16
39,"[0, 1]",114.19999999999565,"[38, 37]","[3.149999999999997, 0]","[0, 0]",16
40,"[0, 1]",115.34999999999559,"[39, 39]","[3.5499999999999954, 0]","[0, 0]",16
41,"[0, 1]",116.44999999999553,"[40, 40]","[3.899999999999994, 0]","[0, 0]",16
42,"[0, 3]",147.4999999999993,"[41, 38]","[4.099999999999993, 0]","[0, 0]",16
43,"[0, 3]",149.7999999999998,"[42, 42]","[4.049999999999994, 0]","[0, 0]",16
44,"[0, 1]",121.34999999999525,"[43, 41]","[3.649999999999995, 0]","[0, 0]",16
45,"[0, 1]",122.39999999999519,"[44, 44]","[3.149999999999997, 0]","[0, 0]",16
46,"[0, 1]",123.49999999999513,"[45, 45]","[2.549999999999999, 0]","[0, 0]",16
47,"[2, 1]",61.59999999999864,"[31, 17]","[7.599999999999981, 0]","[0, 0]",16
48,"[0, 1]",124.59999999999506,"[46, 46]","[1.950000000000001, 0]","[0, 0]",16
49,"[0, 1]",125.599999999995,"[48, 48]","[1.3500000000000005, 0]","[0, 0]",16
50,"[2, 1]",78.79999999999767,"[47, 22]","[19.800000000000146, 0]","[9.900000000000006, 0]",16
51,"[0, 3]",156.55000000000135,"[49, 43]","[0.7000000000000001, 0]","[0, 0]",16
52,"[0, 3]",158.85000000000187,"[51, 51]","[0, 0]","[0, 0]",16
53,"[0, 3]",160.3500000000022,"[52, 52]","[0, 0]","[0, 0]",16
54,"[0, 3]",158.00000000000168,"[53, 53]","[0, 0]","[0, 0]",16
55,"[0, 3]",158.1000000000017,"[54, 54]","[0, 0]","[0, 0]",16
56,"[0, 1]",128.49999999999497,"[55, -999]","[0, 0]","[0, 0]",16
57,"[0, 3]",159.8500000000021,"[56, 55]","[0, 0]","[0, 0]",16
58,"[0, 1]",132.1999999999958,"[57, 56]","[0, 0]","[0, 0]",16
59,"[2, 1]",89.39999999999706,"[50, 24]","[18.200000000000124, 0]","[2.9499999999999975, 0]",16
60,"[0, 1]",132.999999999996,"[58, 58]","[0, 0]","[0, 0]",16
61,"[0, 1]",133.59999999999613,"[60, 60]","[0, 0]","[0, 0]",16
62,"[0, 1]",134.19999999999627,"[61, 61]","[0, 0]","[0, 0]",16
63,"[0, 1]",134.89999999999642,"[62, 62]","[0, 0]","[0, 0]",16
64,"[2, 1]",89.14999999999708,"[59, 59]","[12.900000000000048, 0]","[0, 0]",16
65,"[0, 1]",135.54999999999657,"[63, 63]","[0, 0]","[0, 0]",16
66,"[0, 1]",131.04999999999555,"[65, 65]","[0, 0]","[0, 0]",16
67,"[0, 3]",160.7500000000023,"[66, 57]","[0, 0]","[0, 0]",16
68,"[0, 1]",133.09999999999602,"[67, 66]","[0, 0]","[0, 0]",16
69,"[0, 1]",130.24999999999537,"[68, 68]","[0, 0]","[0, 0]",16
70,"[0, 1]",129.19999999999513,"[69, 69]","[0, 0]","[0, 0]",16
71,"[0, 1]",129.8999999999953,"[70, 70]","[0, 0]","[0, 0]",16
72,"[0, 3]",160.3500000000022,"[71, 67]","[0.9000000000000002, 0]","[0, 0]",16
73,"[0, 3]",160.50000000000225,"[72, 72]","[1.3500000000000005, 0]","[0, 0]",16
74,"[0, 1]",131.09999999999556,"[73, 71]","[1.7000000000000008, 0]","[0, 0]",16
75,"[0, 1]",131.7499999999957,"[74, 74]","[2.0500000000000007, 0]","[0, 0]",16
76,"[0, 1]",132.39999999999586,"[75, 75]","[3.349999999999996, 0]","[0, 0]",16
77,"[0, 1]",133.049999999996,"[76, 76]","[3.2999999999999963, 0]","[0, 0]",16
78,"[0, 1]",127.74999999999488,"[77, 77]","[1.5500000000000007, 0]","[0, 0]",16
79,"[2, 1]",86.04999999999725,"[64, 28]","[0.49999999999999994, 0]","[0, 0]",16
0,"[2, 1]",36.40000000000007,"[-999, -999]","[0, 0]","[0, 0]",17
1,"[2, 3]",68.49999999999825,"[0, -999]","[0, 0]","[0, 0]",17
2,"[0, 1]",67.44999999999831,"[-999, 8]","[0, 0]","[0, 0]",17
3,"[0, 3]",100.59999999999643,"[2, 9]","[0, 0]","[0, 0]",17
4,"[2, 1]",37.30000000000002,"[1, 0]","[0, 0]","[0, 0]",17
5,"[2, 1]",39.04999999999992,"[4, 4]","[0, 0]","[0, 0]",17
6,"[2, 1]",40.99999999999981,"[5, 5]","[0, 0]","[0, 0]",17
7,"[2, 3]",72.19999999999804,"[6, 1]","[0, 0]","[0, 0]",17
8,"[2, 1]",40.199999999999854,"[7, 6]","[0, 0]","[0, 0]",17
9,"[2, 3]",72.849999999998,"[8, 7]","[0, 0]","[0, 0]",17
10,"[2, 1]",47.199999999999456,"[9, 2]","[0, 0]","[0, 0]",17
11,"[0, 1]",71.04999999999811,"[3, 10]","[0, 0]","[0, 0]",17
12,"[0, 3]",103.44999999999627,"[11, 13]","[0, 0]","[0, 0]",17
13,"[2, 3]",80.74999999999756,"[10, 3]","[3.2999999999999963, 0]","[3.2999999999999963, 0]",17
14,"[0, 3]",104.5999999999962,"[12, 12]","[0, 0]","[0, 0]",17
15,"[2, 1]",52.59999999999915,"[13, 11]","[3.1999999999999966, 0]","[0.05, 0]",17
16,"[0, 1]",77.54999999999774,"[14, 22]","[0, 0]","[0, 0]",17
17,"[0, 1]",83.79999999999738,"[16, 37]","[2.4499999999999993, 0]","[2.4499999999999993, 0]",17
18,"[0, 3]",115.44999999999558,"[17, 49]","[2.3499999999999996, 0]","[2.3499999999999996, 0]",17
19,"[0, 3]",116.9999999999955,"[18, 18]","[0, 0]","[0, 0]",17
20,"[0, 3]",118.29999999999542,"[19, 19]","[0, 0]","[0, 0]",17
21,"[0, 1]",91.39999999999695,"[20, 63]","[0, 0]","[0, 0]",17
22,"[2, 1]",54.54999999999904,"[15, 15]","[6.099999999999986, 0]","[0, 0]",17
23,"[0, 1]",91.54999999999694,"[21, 21]","[0, 0]","[0, 0]",17
24,"[0, 1]",96.84999999999664,"[23, 65]","[2.4499999999999993, 0]","[2.4499999999999993, 0]",17
25,"[0, 3]",127.04999999999492,"[24, 64]","[0, 0]","[0, 0]",17
26,"[0, 3]",129.39999999999517,"[25, 25]","[0, 0]","[0, 0]",17
27,"[0, 1]",100.84999999999641,"[26, 69]","[0, 0]","[0, 0]",17
28,"[0, 3]",132.999999999996,"[27, 74]","[0, 0]","[0, 0]",17
29,"[0, 1]",103.79999999999625,"[28, 27]","[0, 0]","[0, 0]",17
30,"[0, 3]",135.94999999999666,"[29, 77]","[0, 0]","[0, 0]",17
31,"[0, 3]",137.09999999999692,"[30, 30]","[0, 0]","[0, 0]",17
32,"[0, 3]",138.3499999999972,"[31, 31]","[0, 0]","[0, 0]",17
33,"[0, 1]",108.99999999999595,"[32, -999]","[0, 0]","[0, 0]",17
34,"[0, 1]",110.04999999999589,"[33, 33]","[0, 0]","[0, 0]",17
35,"[0, 1]",111.19999999999582,"[34, 34]","[0, 0]","[0, 0]",17
36,"[0, 1]",112.24999999999577,"[35, 35]","[0, 0]","[0, 0]",17
37,"[2, 1]",62.349999999998595,"[22, 16]","[8.399999999999984, 0]","[0, 0]",17
38,"[0, 1]",113.24999999999571,"[36, 36]","[0, 0]","[0, 0]",17
39,"[0, 3]",144.19999999999854,"[38, 32]","[0, 0]","[0, 0]",17
40,"[0, 3]",146.59999999999908,"[39, 39]","[0, 0]","[0, 0]",17
41,"[0, 1]",118.14999999999543,"[40, 38]","[0, 0]","[0, 0]",17
42,"[0, 3]",149.59999999999977,"[41, 40]","[0, 0]","[0, 0]",17
43,"[0, 3]",151.75000000000026,"[42, 42]","[0, 0]","[0, 0]",17
44,"[0, 1]",123.24999999999514,"[43, 41]","[0, 0]","[0, 0]",17
45,"[0, 1]",124.29999999999508,"[44, 44]","[0, 0]","[0, 0]",17
46,"[0, 1]",125.39999999999502,"[45, 45]","[0, 0]","[0, 0]",17
47,"[0, 1]",126.44999999999496,"[46, 46]","[0, 0]","[0, 0]",17
48,"[0, 1]",127.4999999999949,"[47, 47]","[0, 0]","[0, 0]",17
49,"[2, 3]",89.14999999999708,"[37, 14]","[12.500000000000043, 0]","[0.05, 0]",17
50,"[0, 3]",158.45000000000178,"[48, 43]","[0, 0]","[0, 0]",17
51,"[0, 3]",160.7000000000023,"[50, 50]","[0, 0]","[0, 0]",17
52,"[0, 3]",162.20000000000263,"[51, 51]","[0, 0]","[0, 0]",17
53,"[0, 1]",132.79999999999595,"[52, -999]","[0, 0]","[0, 0]",17
54,"[0, 3]",163.05000000000283,"[53, 52]","[0, 0]","[0, 0]",17
55,"[0, 3]",163.95000000000303,"[54, 54]","[0, 0]","[0, 0]",17
56,"[2, 1]",57.599999999998865,"[49, 17]","[6.299999999999986, 0]","[0, 0]",17
57,"[0, 1]",134.8499999999964,"[55, 53]","[0, 0]","[0, 0]",17
58,"[2, 1]",60.4999999999987,"[56, 56]","[4.849999999999991, 0]","[0, 0]",17
59,"[0, 3]",165.80000000000345,"[57, 55]","[0, 0]","[0, 0]",17
60,"[0, 1]",137.29999999999697,"[59, 57]","[0.8500000000000002, 0]","[0, 0]",17
61,"[0, 3]",166.75000000000367,"[60, 59]","[1.2500000000000004, 0]","[0, 0]",17
62,"[0, 1]",137.59999999999704,"[61, 60]","[1.6000000000000008, 0]","[0, 0]",17
63,"[2, 1]",61.84999999999862,"[58, 58]","[2.9499999999999975, 0]","[0, 0]",17
64,"[2, 3]",95.29999999999673,"[63, 20]","[1.4500000000000006, 0]","[0, 0]",17
65,"[2, 1]",71.1499999999981,"[64, 23]","[0, 0]","[0, 0]",17
66,"[0, 1]",133.09999999999602,"[62, 62]","[1.800000000000001, 0]","[0, 0]",17
67,"[0, 1]",133.8499999999962,"[66, 66]","[1.850000000000001, 0]","[0, 0]",17
68,"[0, 1]",134.59999999999636,"[67, 67]","[1.4500000000000006, 0]","[0, 0]",17
69,"[2, 1]",76.89999999999777,"[65, 24]","[0, 0]","[0, 0]",17
70,"[0, 1]",135.44999999999655,"[68, 68]","[0.7500000000000001, 0]","[0, 0]",17
71,"[0, 3]",161.90000000000256,"[70, 61]","[0, 0]","[0, 0]",17
72,"[0, 1]",133.049999999996,"[71, 70]","[0, 0]","[0, 0]",17
73,"[0, 1]",133.8999999999962,"[72, 72]","[0, 0]","[0, 0]",17
74,"[2, 3]",114.84999999999562,"[69, 26]","[3.2499999999999964, 0]","[3.2499999999999964, 0]",17
75,"[0, 3]",164.80000000000322,"[73, 71]","[0, 0]","[0, 0]",17
76,"[0, 3]",166.4500000000036,"[75, 75]","[0.8500000000000002, 0]","[0, 0]",17
77,"[2, 3]",122.39999999999519,"[74, 28]","[3.349999999999996, 0]","[3.349999999999996, 0]",17
78,"[0, 1]",134.89999999999642,"[76, 73]","[1.4000000000000006, 0]","[0, 0]",17
79,"[0, 3]",165.35000000000335,"[78, 76]","[1.7500000000000009, 0]","[0, 0]",17
0,"[2, 3]",67.7499999999983,"[-999, -999]","[0, 0]","[0, 0]",18
1,"[0, 1]",67.39999999999831,"[-999, 5]","[0, 0]","[0, 0]",18
2,"[2, 3]",70.84999999999812,"[0, 0]","[0, 0]","[0, 0]",18
3,"[2, 1]",37.550000000000004,"[2, -999]","[0, 0]","[0, 0]",18
4,"[2, 3]",70.74999999999812,"[3, 2]","[0, 0]","[0, 0]",18
5,"[2, 1]",38.049999999999976,"[4, 3]","[0, 0]","[0, 0]",18
6,"[0, 3]",108.199999999996,"[1, 12]","[2.9499999999999975, 0]","[2.9499999999999975, 0]",18
7,"[0, 1]",77.69999999999773,"[6, -999]","[0, 0]","[0, 0]",18
8,"[2, 3]",71.04999999999811,"[5, 4]","[0, 0]","[0, 0]",18
9,"[2, 3]",73.24999999999798,"[8, 8]","[0, 0]","[0, 0]",18
10,"[2, 3]",75.04999999999788,"[9, 9]","[0, 0]","[0, 0]",18
11,"[2, 3]",76.4499999999978,"[10, 10]","[0, 0]","[0, 0]",18
12,"[2, 3]",77.79999999999772,"[11, 11]","[0, 0]","[0, 0]",18
13,"[2, 3]",83.84999999999738,"[12, 6]","[1.6500000000000008, 0]","[1.6500000000000008, 0]",18
14,"[0, 1]",78.1999999999977,"[7, 7]","[0, 0]","[0, 0]",18
15,"[2, 1]",59.899999999998734,"[13, 14]","[6.799999999999984, 0]","[6.799999999999984, 0]",18
16,"[0, 3]",110.09999999999589,"[14, 13]","[0, 0]","[0, 0]",18
17,"[0, 3]",112.24999999999577,"[16, 16]","[0, 0]","[0, 0]",18
18,"[2, 1]",60.4499999999987,"[15, 15]","[0, 0]","[0, 0]",18
19,"[0, 3]",113.79999999999568,"[17, 17]","[0, 0]","[0, 0]",18
20,"[0, 3]",115.1499999999956,"[19, 19]","[0, 0]","[0, 0]",18
21,"[0, 1]",86.79999999999721,"[20, 28]","[0, 0]","[0, 0]",18
22,"[0, 3]",119.04999999999538,"[21, 31]","[0, 0]","[0, 0]",18
23,"[0, 3]",120.3999999999953,"[22, 22]","[0, 0]","[0, 0]",18
24,"[0, 1]",91.04999999999697,"[23, 21]","[0, 0]","[0, 0]",18
25,"[0, 3]",128.1499999999949,"[24, 58]","[3.099999999999997, 0]","[3.099999999999997, 0]",18
26,"[0, 1]",98.04999999999657,"[25, 24]","[0, 0]","[0, 0]",18
27,"[2, 1]",62.149999999998606,"[18, 18]","[13.00000000000005, 0]","[0, 0]",18
28,"[2, 1]",64.1499999999985,"[27, 27]","[16.000000000000092, 0]","[0, 0]",18
29,"[0, 3]",130.7999999999955,"[26, 59]","[0, 0]","[0, 0]",18
30,"[0, 1]",101.64999999999637,"[29, 62]","[0, 0]","[0, 0]",18
31,"[2, 3]",97.69999999999659,"[28, 20]","[17.15000000000011, 0]","[0, 0]",18
32,"[0, 3]",134.14999999999625,"[30, 63]","[0, 0]","[0, 0]",18
33,"[0, 1]",104.84999999999619,"[32, 30]","[0.5499999999999999, 0]","[0, 0]",18
34,"[0, 1]",105.94999999999612,"[33, 33]","[1.2500000000000004, 0]","[0, 0]",18
35,"[0, 1]",107.09999999999606,"[34, 34]","[1.7500000000000009, 0]","[0, 0]",18
36,"[0, 3]",140.79999999999777,"[35, 79]","[2.1000000000000005, 0]","[0, 0]",18
37,"[0, 1]",111.34999999999582,"[36, 35]","[2.499999999999999, 0]","[0, 0]",18
38,"[0, 1]",112.44999999999575,"[37, 37]","[2.7499999999999982, 0]","[0, 0]",18
39,"[0, 3]",143.5499999999984,"[38, 36]","[3.099999999999997, 0]","[0, 0]",18
40,"[0, 1]",116.24999999999554,"[39, 38]","[3.349999999999996, 0]","[0, 0]",18
41,"[0, 1]",117.34999999999548,"[40, 40]","[3.599999999999995, 0]","[0, 0]",18
42,"[2, 3]",110.59999999999586,"[31, 23]","[17.650000000000116, 0]","[2.849999999999998, 0]",18
43,"[0, 1]",118.44999999999541,"[41, 41]","[3.8499999999999943, 0]","[0, 0]",18
44,"[0, 1]",119.49999999999535,"[43, 43]","[4.049999999999994, 0]","[0, 0]",18
45,"[0, 3]",150.54999999999998,"[44, 39]","[4.199999999999993, 0]","[0, 0]",18
46,"[0, 1]",123.29999999999514,"[45, 44]","[4.399999999999992, 0]","[0, 0]",18
47,"[0, 1]",124.39999999999507,"[46, 46]","[5.349999999999989, 0]","[0, 0]",18
48,"[0, 1]",125.44999999999501,"[47, 47]","[5.949999999999987, 0]","[0, 0]",18
49,"[0, 1]",126.54999999999495,"[48, 48]","[6.099999999999986, 0]","[0, 0]",18
50,"[0, 1]",127.5499999999949,"[49, 49]","[6.8999999999999835, 0]","[0, 0]",18
51,"[0, 3]",158.5500000000018,"[50, 45]","[6.8999999999999835, 0]","[0, 0]",18
52,"[0, 1]",131.2499999999956,"[51, 50]","[6.649999999999984, 0]","[0, 0]",18
53,"[0, 1]",132.39999999999586,"[52, 52]","[6.299999999999986, 0]","[0, 0]",18
54,"[0, 1]",133.4999999999961,"[53, 53]","[5.849999999999987, 0]","[0, 0]",18
55,"[0, 1]",134.49999999999633,"[54, 54]","[5.299999999999989, 0]","[0, 0]",18
56,"[0, 1]",134.8499999999964,"[55, 55]","[3.999999999999994, 0]","[0, 0]",18
57,"[0, 1]",129.8999999999953,"[56, 56]","[3.899999999999994, 0]","[0, 0]",18
58,"[2, 3]",112.14999999999577,"[42, 42]","[13.100000000000051, 0]","[0, 0]",18
59,"[2, 3]",119.09999999999538,"[58, 25]","[14.750000000000075, 0]","[3.1999999999999966, 0]",18
60,"[0, 1]",130.64999999999546,"[57, 57]","[3.349999999999996, 0]","[0, 0]",18
61,"[0, 1]",131.49999999999565,"[60, 60]","[2.5999999999999988, 0]","[0, 0]",18
62,"[2, 1]",89.14999999999708,"[59, 26]","[10.050000000000008, 0]","[0, 0]",18
63,"[2, 3]",122.94999999999516,"[62, 29]","[8.599999999999987, 0]","[0, 0]",18
64,"[2, 3]",130.74999999999548,"[63, 32]","[10.450000000000014, 0]","[3.2499999999999964, 0]",18
65,"[2, 3]",132.69999999999592,"[64, 64]","[5.699999999999988, 0]","[0, 0]",18
66,"[0, 1]",127.94999999999487,"[61, 61]","[2.5999999999999988, 0]","[0, 0]",18
67,"[0, 3]",157.85000000000164,"[66, -999]","[2.3999999999999995, 0]","[0, 0]",18
68,"[0, 1]",130.4499999999954,"[67, 66]","[1.850000000000001, 0]","[0, 0]",18
69,"[0, 1]",131.44999999999564,"[68, 68]","[1.1000000000000003, 0]","[0, 0]",18
70,"[0, 1]",126.94999999999493,"[69, 69]","[0, 0]","[0, 0]",18
71,"[0, 1]",126.94999999999493,"[70, 70]","[0, 0]","[0, 0]",18
72,"[0, 1]",127.74999999999488,"[71, 71]","[0, 0]","[0, 0]",18
73,"[0, 3]",158.5500000000018,"[72, 67]","[0, 0]","[0, 0]",18
74,"[0, 1]",130.8499999999955,"[73, 72]","[0, 0]","[0, 0]",18
75,"[0, 1]",131.2999999999956,"[74, 74]","[0, 0]","[0, 0]",18
76,"[0, 3]",161.75000000000253,"[75, 73]","[0, 0]","[0, 0]",18
77,"[0, 1]",131.2999999999956,"[76, 75]","[0, 0]","[0, 0]",18
78,"[0, 1]",130.94999999999553,"[77, 77]","[0.44999999999999996, 0]","[0, 0]",18
79,"[2, 3]",134.7999999999964,"[65, 65]","[4.299999999999993, 0]","[0, 0]",18
0,"[2, 1]",36.40000000000007,"[-999, -999]","[0, 0]","[0, 0]",19
1,"[2, 1]",38.09999999999997,"[0, 0]","[0, 0]","[0, 0]",19
2,"[2, 3]",68.64999999999824,"[1, -999]","[0, 0]","[0, 0]",19
3,"[2, 1]",39.04999999999992,"[2, 1]","[0, 0]","[0, 0]",19
4,"[2, 1]",41.049999999999805,"[3, 3]","[0, 0]","[0, 0]",19
5,"[0, 3]",96.64999999999665,"[-999, 2]","[0, 0]","[0, 0]",19
6,"[2, 1]",42.8499999999997,"[4, 4]","[0, 0]","[0, 0]",19
7,"[2, 1]",44.399999999999615,"[6, 6]","[0, 0]","[0, 0]",19
8,"[0, 1]",70.54999999999814,"[5, 10]","[0, 0]","[0, 0]",19
9,"[2, 1]",45.84999999999953,"[7, 7]","[0, 0]","[0, 0]",19
10,"[2, 1]",46.99999999999947,"[9, 9]","[0, 0]","[0, 0]",19
11,"[0, 1]",76.4999999999978,"[8, 13]","[2.5999999999999988, 0]","[2.5999999999999988, 0]",19
12,"[0, 1]",76.89999999999777,"[11, 11]","[0, 0]","[0, 0]",19
13,"[2, 1]",53.4499999999991,"[10, 8]","[3.049999999999997, 0]","[3.049999999999997, 0]",19
14,"[0, 3]",107.79999999999602,"[12, 5]","[0, 0]","[0, 0]",19
15,"[0, 3]",110.24999999999588,"[14, 14]","[0, 0]","[0, 0]",19
16,"[0, 3]",111.79999999999579,"[15, 15]","[0, 0]","[0, 0]",19
17,"[2, 1]",63.9999999999985,"[13, 12]","[9.850000000000005, 0]","[9.850000000000005, 0]",19
18,"[2, 3]",106.64999999999608,"[17, 16]","[19.800000000000146, 0]","[6.549999999999985, 0]",19
19,"[0, 3]",118.34999999999542,"[16, 18]","[2.3999999999999995, 0]","[2.3999999999999995, 0]",19
20,"[0, 1]",87.79999999999715,"[19, -999]","[0, 0]","[0, 0]",19
21,"[0, 1]",88.94999999999709,"[20, 20]","[0, 0]","[0, 0]",19
22,"[0, 3]",120.29999999999531,"[21, 31]","[0, 0]","[0, 0]",19
23,"[0, 1]",91.84999999999692,"[22, 41]","[0, 0]","[0, 0]",19
24,"[0, 3]",124.54999999999507,"[23, 46]","[0, 0]","[0, 0]",19
25,"[0, 1]",95.39999999999672,"[24, 23]","[0, 0]","[0, 0]",19
26,"[0, 3]",127.74999999999488,"[25, 47]","[0, 0]","[0, 0]",19
27,"[0, 1]",98.54999999999654,"[26, 25]","[0, 0]","[0, 0]",19
28,"[0, 3]",130.74999999999548,"[27, 48]","[0, 0]","[0, 0]",19
29,"[0, 3]",131.99999999999577,"[28, 28]","[0, 0]","[0, 0]",19
30,"[0, 1]",103.84999999999624,"[29, 52]","[0, 0]","[0, 0]",19
31,"[2, 3]",112.89999999999573,"[18, 19]","[13.150000000000052, 0]","[0, 0]",19
32,"[0, 3]",136.0499999999967,"[30, 53]","[0, 0]","[0, 0]",19
33,"[0, 3]",137.34999999999698,"[32, 32]","[0, 0]","[0, 0]",19
34,"[0, 1]",107.64999999999603,"[33, 56]","[0, 0]","[0, 0]",19
35,"[0, 1]",108.74999999999596,"[34, 34]","[0, 0]","[0, 0]",19
36,"[0, 1]",116.24999999999554,"[35, 63]","[1.6000000000000008, 0]","[1.6000000000000008, 0]",19
37,"[0, 1]",115.64999999999557,"[36, 36]","[0, 0]","[0, 0]",19
38,"[0, 3]",145.89999999999893,"[37, 62]","[0, 0]","[0, 0]",19
39,"[0, 1]",118.6499999999954,"[38, 37]","[0, 0]","[0, 0]",19
40,"[0, 3]",149.99999999999986,"[39, 38]","[0, 0]","[0, 0]",19
41,"[2, 1]",88.99999999999709,"[31, 21]","[37.550000000000004, 0]","[3.149999999999997, 0]",19
42,"[0, 1]",122.54999999999518,"[40, 39]","[0, 0]","[0, 0]",19
43,"[0, 3]",153.90000000000074,"[42, 40]","[0, 0]","[0, 0]",19
44,"[0, 3]",156.10000000000124,"[43, 43]","[0, 0]","[0, 0]",19
45,"[0, 1]",127.64999999999489,"[44, 42]","[0, 0]","[0, 0]",19
46,"[2, 3]",121.24999999999525,"[41, 22]","[40.99999999999981, 0]","[0, 0]",19
47,"[2, 3]",129.14999999999512,"[46, 24]","[41.89999999999976, 0]","[3.2999999999999963, 0]",19
48,"[2, 3]",136.69999999999683,"[47, 26]","[40.29999999999985, 0]","[3.399999999999996, 0]",19
49,"[0, 1]",128.74999999999503,"[45, 45]","[0, 0]","[0, 0]",19
50,"[2, 1]",106.89999999999607,"[48, 27]","[35.35000000000013, 0]","[0, 0]",19
51,"[0, 1]",129.79999999999526,"[49, 49]","[0.7000000000000001, 0]","[0, 0]",19
52,"[2, 1]",109.14999999999594,"[50, 50]","[33.850000000000215, 0]","[0, 0]",19
53,"[2, 3]",142.6499999999982,"[52, 29]","[32.3500000000003, 0]","[0, 0]",19
54,"[0, 1]",130.8499999999955,"[51, 51]","[1.4000000000000006, 0]","[0, 0]",19
55,"[0, 3]",161.90000000000256,"[54, 44]","[1.7500000000000009, 0]","[0, 0]",19
56,"[2, 1]",113.79999999999568,"[53, 30]","[30.900000000000304, 0]","[0, 0]",19
57,"[0, 3]",164.3000000000031,"[55, 55]","[2.0500000000000007, 0]","[0, 0]",19
58,"[0, 1]",135.74999999999662,"[57, 54]","[2.25, 0]","[0, 0]",19
59,"[0, 1]",136.79999999999686,"[58, 58]","[2.3999999999999995, 0]","[0, 0]",19
60,"[0, 1]",137.74999999999707,"[59, 59]","[2.5999999999999988, 0]","[0, 0]",19
61,"[0, 3]",168.40000000000404,"[60, 57]","[2.7499999999999982, 0]","[0, 0]",19
62,"[2, 3]",151.85000000000028,"[56, 33]","[29.450000000000284, 0]","[0, 0]",19
63,"[2, 1]",128.2499999999949,"[62, 35]","[28.150000000000265, 0]","[0, 0]",19
64,"[0, 1]",140.59999999999772,"[61, 60]","[2.8999999999999977, 0]","[0, 0]",19
65,"[0, 1]",141.3499999999979,"[64, 64]","[3.049999999999997, 0]","[0, 0]",19
66,"[0, 3]",172.10000000000488,"[65, 61]","[3.1999999999999966, 0]","[0, 0]",19
67,"[0, 1]",144.29999999999856,"[66, 65]","[3.2999999999999963, 0]","[0, 0]",19
68,"[0, 1]",144.54999999999862,"[67, 67]","[3.4499999999999957, 0]","[0, 0]",19
69,"[0, 1]",143.6499999999984,"[68, 68]","[3.5499999999999954, 0]","[0, 0]",19
70,"[0, 3]",171.60000000000477,"[69, 66]","[3.699999999999995, 0]","[0, 0]",19
71,"[0, 1]",138.64999999999728,"[70, 69]","[3.699999999999995, 0]","[0, 0]",19
72,"[0, 1]",139.09999999999738,"[71, 71]","[3.149999999999997, 0]","[0, 0]",19
73,"[0, 1]",133.049999999996,"[72, 72]","[0, 0]","[0, 0]",19
74,"[0, 1]",132.69999999999592,"[73, 73]","[0, 0]","[0, 0]",19
75,"[0, 3]",163.50000000000293,"[74, 70]","[0, 0]","[0, 0]",19
76,"[0, 3]",165.65000000000342,"[75, 75]","[0, 0]","[0, 0]",19
77,"[0, 1]",136.5999999999968,"[76, 74]","[0, 0]","[0, 0]",19
78,"[0, 1]",135.34999999999653,"[77, 77]","[0, 0]","[0, 0]",19
79,"[0, 1]",132.89999999999597,"[78, 78]","[0, 0]","[0, 0]",19
