Vehicle_label,Road_order,Total_time,Leading_vehicles,Stopped_time,Stop_while_front,Round_number
0,"[0, 1]",67.44999999999831,"[-999, -999]","[0, 0]","[0, 0]",1
1,"[2, 3]",67.79999999999829,"[-999, -999]","[0, 0]","[0, 0]",1
2,"[2, 3]",71.74999999999807,"[1, 1]","[0, 0]","[0, 0]",1
3,"[2, 3]",74.99999999999788,"[2, 2]","[0, 0]","[0, 0]",1
4,"[0, 1]",67.94999999999828,"[0, 0]","[0, 0]","[0, 0]",1
5,"[2, 3]",75.59999999999785,"[3, 3]","[0, 0]","[0, 0]",1
6,"[2, 3]",78.34999999999769,"[5, 5]","[0, 0]","[0, 0]",1
7,"[2, 3]",80.99999999999754,"[6, 6]","[0, 0]","[0, 0]",1
8,"[0, 1]",67.94999999999828,"[4, 4]","[0, 0]","[0, 0]",1
9,"[2, 3]",81.24999999999753,"[7, 7]","[0, 0]","[0, 0]",1
10,"[2, 3]",83.74999999999739,"[9, 9]","[0, 0]","[0, 0]",1
11,"[0, 1]",68.39999999999826,"[8, 8]","[0, 0]","[0, 0]",1
12,"[2, 3]",84.09999999999737,"[10, 10]","[0, 0]","[0, 0]",1
13,"[2, 3]",87.14999999999719,"[12, 12]","[0, 0]","[0, 0]",1
14,"[2, 3]",90.599999999997,"[13, 13]","[0, 0]","[0, 0]",1
15,"[0, 1]",67.99999999999828,"[11, 11]","[0, 0]","[0, 0]",1
16,"[0, 1]",71.39999999999809,"[15, 15]","[0, 0]","[0, 0]",1
17,"[2, 3]",89.74999999999704,"[14, 14]","[6.199999999999986, 0]","[0, 0]",1
18,"[2, 3]",93.39999999999684,"[17, 17]","[8.79999999999999, 0]","[0, 0]",1
19,"[2, 3]",96.99999999999663,"[18, 18]","[6.449999999999985, 0]","[0, 0]",1
20,"[2, 3]",100.59999999999643,"[19, 19]","[4.749999999999991, 0]","[0, 0]",1
21,"[2, 3]",104.29999999999622,"[20, 20]","[3.1999999999999966, 0]","[0, 0]",1
22,"[0, 1]",67.84999999999829,"[16, 16]","[0, 0]","[0, 0]",1
23,"[2, 3]",105.64999999999614,"[21, 21]","[1.7000000000000008, 0]","[0, 0]",1
24,"[2, 3]",109.29999999999593,"[23, 23]","[0, 0]","[0, 0]",1
25,"[0, 1]",68.34999999999826,"[22, 22]","[0, 0]","[0, 0]",1
26,"[2, 3]",110.69999999999585,"[24, 24]","[0, 0]","[0, 0]",1
27,"[2, 3]",114.29999999999565,"[26, 26]","[0, 0]","[0, 0]",1
28,"[0, 1]",68.49999999999825,"[25, 25]","[0, 0]","[0, 0]",1
29,"[0, 1]",71.64999999999807,"[28, 28]","[0, 0]","[0, 0]",1
30,"[0, 1]",74.29999999999792,"[29, 29]","[0, 0]","[0, 0]",1
31,"[0, 1]",76.64999999999779,"[30, 30]","[0, 0]","[0, 0]",1
32,"[0, 1]",78.79999999999767,"[31, 31]","[0, 0]","[0, 0]",1
33,"[2, 3]",106.69999999999608,"[27, 27]","[0, 0]","[0, 0]",1
34,"[0, 1]",78.64999999999768,"[32, 32]","[0, 0]","[0, 0]",1
35,"[2, 3]",108.049999999996,"[33, 33]","[0, 0]","[0, 0]",1
36,"[2, 3]",111.6999999999958,"[35, 35]","[0, 0]","[0, 0]",1
37,"[2, 3]",115.29999999999559,"[36, 36]","[0, 0]","[0, 0]",1
38,"[2, 3]",118.94999999999538,"[37, 37]","[0, 0]","[0, 0]",1
39,"[2, 3]",122.59999999999518,"[38, 38]","[0, 0]","[0, 0]",1
40,"[0, 1]",69.79999999999818,"[34, 34]","[0, 0]","[0, 0]",1
41,"[0, 1]",72.29999999999804,"[40, 40]","[0, 0]","[0, 0]",1
42,"[0, 1]",74.6499999999979,"[41, 41]","[0, 0]","[0, 0]",1
43,"[2, 3]",119.44999999999536,"[39, 39]","[0, 0]","[0, 0]",1
44,"[2, 3]",123.09999999999515,"[43, 43]","[0, 0]","[0, 0]",1
45,"[2, 3]",126.74999999999494,"[44, 44]","[0, 0]","[0, 0]",1
46,"[0, 1]",70.29999999999815,"[42, 42]","[0, 0]","[0, 0]",1
47,"[0, 1]",72.69999999999801,"[46, 46]","[0, 0]","[0, 0]",1
48,"[2, 3]",125.84999999999499,"[45, 45]","[0, 0]","[0, 0]",1
49,"[2, 3]",129.4999999999952,"[48, 48]","[0, 0]","[0, 0]",1
50,"[0, 1]",70.59999999999813,"[47, 47]","[0, 0]","[0, 0]",1
51,"[2, 3]",130.89999999999552,"[49, 49]","[0, 0]","[0, 0]",1
52,"[2, 3]",134.49999999999633,"[51, 51]","[0, 0]","[0, 0]",1
53,"[2, 3]",138.09999999999715,"[52, 52]","[0, 0]","[0, 0]",1
54,"[2, 3]",141.799999999998,"[53, 53]","[0, 0]","[0, 0]",1
55,"[2, 3]",145.44999999999882,"[54, 54]","[0, 0]","[0, 0]",1
56,"[2, 3]",149.04999999999964,"[55, 55]","[0, 0]","[0, 0]",1
57,"[0, 1]",67.6499999999983,"[50, 50]","[0, 0]","[0, 0]",1
58,"[0, 1]",71.2499999999981,"[57, 57]","[0, 0]","[0, 0]",1
59,"[0, 1]",74.04999999999794,"[58, 58]","[0, 0]","[0, 0]",1
60,"[2, 3]",145.94999999999894,"[56, 56]","[0, 0]","[0, 0]",1
61,"[0, 1]",74.19999999999793,"[59, 59]","[0, 0]","[0, 0]",1
62,"[2, 3]",147.29999999999924,"[60, 60]","[0, 0]","[0, 0]",1
63,"[2, 3]",150.95000000000007,"[62, 62]","[0, 0]","[0, 0]",1
64,"[0, 1]",71.89999999999806,"[61, 61]","[0, 0]","[0, 0]",1
65,"[2, 3]",152.30000000000038,"[63, 63]","[0, 0]","[0, 0]",1
66,"[2, 3]",155.9000000000012,"[65, 65]","[0, 0]","[0, 0]",1
67,"[2, 3]",159.55000000000203,"[66, 66]","[0, 0]","[0, 0]",1
68,"[0, 1]",68.64999999999824,"[64, 64]","[0, 0]","[0, 0]",1
69,"[2, 3]",160.90000000000234,"[67, 67]","[0, 0]","[0, 0]",1
70,"[2, 3]",164.55000000000317,"[69, 69]","[0, 0]","[0, 0]",1
71,"[0, 1]",68.49999999999825,"[68, 68]","[0, 0]","[0, 0]",1
72,"[2, 3]",165.90000000000347,"[70, 70]","[0, 0]","[0, 0]",1
73,"[0, 1]",69.64999999999819,"[71, 71]","[0, 0]","[0, 0]",1
74,"[2, 3]",167.25000000000378,"[72, 72]","[0, 0]","[0, 0]",1
75,"[2, 3]",170.9000000000046,"[74, 74]","[0, 0]","[0, 0]",1
76,"[2, 3]",174.55000000000544,"[75, 75]","[0, 0]","[0, 0]",1
77,"[0, 1]",68.14999999999827,"[73, 73]","[0, 0]","[0, 0]",1
78,"[0, 1]",71.49999999999808,"[77, 77]","[0, 0]","[0, 0]",1
79,"[2, 3]",173.65000000000524,"[76, 76]","[0, 0]","[0, 0]",1
0,"[2, 3]",67.79999999999829,"[-999, -999]","[0, 0]","[0, 0]",2
1,"[0, 1]",67.44999999999831,"[-999, -999]","[0, 0]","[0, 0]",2
2,"[0, 1]",71.1499999999981,"[1, 1]","[0, 0]","[0, 0]",2
3,"[0, 1]",73.99999999999794,"[2, 2]","[0, 0]","[0, 0]",2
4,"[2, 3]",68.64999999999824,"[0, 0]","[0, 0]","[0, 0]",2
5,"[0, 1]",74.19999999999793,"[3, 3]","[0, 0]","[0, 0]",2
6,"[0, 1]",76.3999999999978,"[5, 5]","[0, 0]","[0, 0]",2
7,"[0, 1]",78.49999999999768,"[6, 6]","[0, 0]","[0, 0]",2
8,"[2, 3]",68.79999999999824,"[4, 4]","[0, 0]","[0, 0]",2
9,"[0, 1]",78.1999999999977,"[7, 7]","[0, 0]","[0, 0]",2
10,"[0, 1]",80.19999999999759,"[9, 9]","[0, 0]","[0, 0]",2
11,"[2, 3]",69.3499999999982,"[8, 8]","[0, 0]","[0, 0]",2
12,"[0, 1]",80.09999999999759,"[10, 10]","[0, 0]","[0, 0]",2
13,"[0, 1]",82.54999999999745,"[12, 12]","[0, 0]","[0, 0]",2
14,"[0, 1]",85.2499999999973,"[13, 13]","[0, 0]","[0, 0]",2
15,"[2, 3]",68.84999999999823,"[11, 11]","[0, 0]","[0, 0]",2
16,"[2, 3]",72.54999999999802,"[15, 15]","[0, 0]","[0, 0]",2
17,"[0, 1]",83.5999999999974,"[14, 14]","[0, 0]","[0, 0]",2
18,"[0, 1]",86.39999999999723,"[17, 17]","[0, 0]","[0, 0]",2
19,"[0, 1]",89.19999999999708,"[18, 18]","[0, 0]","[0, 0]",2
20,"[0, 1]",91.94999999999692,"[19, 19]","[0, 0]","[0, 0]",2
21,"[0, 1]",94.74999999999676,"[20, 20]","[0, 0]","[0, 0]",2
22,"[2, 3]",68.64999999999824,"[16, 16]","[0, 0]","[0, 0]",2
23,"[0, 1]",95.24999999999673,"[21, 21]","[0, 0]","[0, 0]",2
24,"[0, 1]",98.04999999999657,"[23, 23]","[0, 0]","[0, 0]",2
25,"[2, 3]",69.2999999999982,"[22, 22]","[0, 0]","[0, 0]",2
26,"[0, 1]",98.54999999999654,"[24, 24]","[0, 0]","[0, 0]",2
27,"[0, 1]",101.29999999999639,"[26, 26]","[0, 0]","[0, 0]",2
28,"[2, 3]",69.4499999999982,"[25, 25]","[0, 0]","[0, 0]",2
29,"[2, 3]",72.899999999998,"[28, 28]","[0, 0]","[0, 0]",2
30,"[2, 3]",75.94999999999783,"[29, 29]","[0, 0]","[0, 0]",2
31,"[2, 3]",78.69999999999767,"[30, 30]","[0, 0]","[0, 0]",2
32,"[2, 3]",81.39999999999752,"[31, 31]","[0, 0]","[0, 0]",2
33,"[0, 1]",92.79999999999687,"[27, 27]","[0, 0]","[0, 0]",2
34,"[2, 3]",81.7499999999975,"[32, 32]","[0, 0]","[0, 0]",2
35,"[0, 1]",93.34999999999684,"[33, 33]","[0, 0]","[0, 0]",2
36,"[0, 1]",96.09999999999668,"[35, 35]","[0, 0]","[0, 0]",2
37,"[0, 1]",98.89999999999652,"[36, 36]","[0, 0]","[0, 0]",2
38,"[0, 1]",101.64999999999637,"[37, 37]","[0, 0]","[0, 0]",2
39,"[0, 1]",104.39999999999621,"[38, 38]","[0, 0]","[0, 0]",2
40,"[2, 3]",72.949999999998,"[34, 34]","[0, 0]","[0, 0]",2
41,"[2, 3]",75.34999999999786,"[40, 40]","[0, 0]","[0, 0]",2
42,"[2, 3]",77.79999999999772,"[41, 41]","[0, 0]","[0, 0]",2
43,"[0, 1]",100.44999999999644,"[39, 39]","[0, 0]","[0, 0]",2
44,"[0, 1]",103.19999999999628,"[43, 43]","[0, 0]","[0, 0]",2
45,"[0, 1]",105.99999999999612,"[44, 44]","[0, 0]","[0, 0]",2
46,"[2, 3]",73.54999999999797,"[42, 42]","[0, 0]","[0, 0]",2
47,"[2, 3]",76.09999999999782,"[46, 46]","[0, 0]","[0, 0]",2
48,"[0, 1]",104.29999999999622,"[45, 45]","[0, 0]","[0, 0]",2
49,"[0, 1]",107.09999999999606,"[48, 48]","[0, 0]","[0, 0]",2
50,"[2, 3]",74.24999999999793,"[47, 47]","[0, 0]","[0, 0]",2
51,"[0, 1]",107.54999999999603,"[49, 49]","[0, 0]","[0, 0]",2
52,"[0, 1]",110.34999999999587,"[51, 51]","[0, 0]","[0, 0]",2
53,"[0, 1]",113.04999999999572,"[52, 52]","[0, 0]","[0, 0]",2
54,"[0, 1]",115.84999999999556,"[53, 53]","[0, 0]","[0, 0]",2
55,"[0, 1]",118.5999999999954,"[54, 54]","[0, 0]","[0, 0]",2
56,"[0, 1]",121.39999999999525,"[55, 55]","[0, 0]","[0, 0]",2
57,"[2, 3]",68.59999999999825,"[50, 50]","[0, 0]","[0, 0]",2
58,"[2, 3]",72.39999999999803,"[57, 57]","[0, 0]","[0, 0]",2
59,"[2, 3]",75.59999999999785,"[58, 58]","[0, 0]","[0, 0]",2
60,"[0, 1]",117.39999999999547,"[56, 56]","[0, 0]","[0, 0]",2
61,"[2, 3]",76.24999999999781,"[59, 59]","[0, 0]","[0, 0]",2
62,"[0, 1]",117.89999999999544,"[60, 60]","[0, 0]","[0, 0]",2
63,"[0, 1]",120.64999999999529,"[62, 62]","[0, 0]","[0, 0]",2
64,"[2, 3]",74.49999999999791,"[61, 61]","[0, 0]","[0, 0]",2
65,"[0, 1]",121.14999999999526,"[63, 63]","[0, 0]","[0, 0]",2
66,"[0, 1]",123.9499999999951,"[65, 65]","[0, 0]","[0, 0]",2
67,"[0, 1]",126.79999999999494,"[66, 66]","[0, 0]","[0, 0]",2
68,"[2, 3]",70.74999999999812,"[64, 64]","[0, 0]","[0, 0]",2
69,"[0, 1]",127.29999999999491,"[67, 67]","[0, 0]","[0, 0]",2
70,"[0, 1]",129.9999999999953,"[69, 69]","[0, 0]","[0, 0]",2
71,"[2, 3]",69.89999999999817,"[68, 68]","[0, 0]","[0, 0]",2
72,"[0, 1]",130.49999999999542,"[70, 70]","[0, 0]","[0, 0]",2
73,"[2, 3]",70.79999999999812,"[71, 71]","[0, 0]","[0, 0]",2
74,"[0, 1]",130.99999999999554,"[72, 72]","[0, 0]","[0, 0]",2
75,"[0, 1]",133.74999999999616,"[74, 74]","[0, 0]","[0, 0]",2
76,"[0, 1]",136.4999999999968,"[75, 75]","[0, 0]","[0, 0]",2
77,"[2, 3]",69.14999999999822,"[73, 73]","[0, 0]","[0, 0]",2
78,"[2, 3]",72.69999999999801,"[77, 77]","[0, 0]","[0, 0]",2
79,"[0, 1]",134.7999999999964,"[76, 76]","[0, 0]","[0, 0]",2
0,"[0, 1]",67.44999999999831,"[-999, -999]","[0, 0]","[0, 0]",3
1,"[2, 3]",67.79999999999829,"[-999, -999]","[0, 0]","[0, 0]",3
2,"[0, 1]",69.24999999999821,"[0, 0]","[0, 0]","[0, 0]",3
3,"[2, 3]",69.84999999999818,"[1, 1]","[0, 0]","[0, 0]",3
4,"[2, 3]",73.19999999999798,"[3, 3]","[0, 0]","[0, 0]",3
5,"[2, 3]",76.14999999999782,"[4, 4]","[0, 0]","[0, 0]",3
6,"[0, 1]",68.09999999999827,"[2, 2]","[0, 0]","[0, 0]",3
7,"[0, 1]",71.44999999999808,"[6, 6]","[0, 0]","[0, 0]",3
8,"[0, 1]",74.14999999999793,"[7, 7]","[0, 0]","[0, 0]",3
9,"[2, 3]",72.19999999999804,"[5, 5]","[0, 0]","[0, 0]",3
10,"[0, 1]",74.29999999999792,"[8, 8]","[0, 0]","[0, 0]",3
11,"[0, 1]",76.4999999999978,"[10, 10]","[0, 0]","[0, 0]",3
12,"[0, 1]",78.59999999999768,"[11, 11]","[0, 0]","[0, 0]",3
13,"[0, 1]",80.54999999999757,"[12, 12]","[0, 0]","[0, 0]",3
14,"[2, 3]",68.94999999999823,"[9, 9]","[0, 0]","[0, 0]",3
15,"[0, 1]",80.39999999999758,"[13, 13]","[0, 0]","[0, 0]",3
16,"[2, 3]",70.39999999999814,"[14, 14]","[0, 0]","[0, 0]",3
17,"[0, 1]",80.44999999999757,"[15, 15]","[0, 0]","[0, 0]",3
18,"[0, 1]",83.04999999999742,"[17, 17]","[0, 0]","[0, 0]",3
19,"[0, 1]",85.84999999999727,"[18, 18]","[0, 0]","[0, 0]",3
20,"[0, 1]",88.6999999999971,"[19, 19]","[0, 0]","[0, 0]",3
21,"[0, 1]",91.49999999999694,"[20, 20]","[0, 0]","[0, 0]",3
22,"[0, 1]",94.29999999999679,"[21, 21]","[0, 0]","[0, 0]",3
23,"[2, 3]",68.29999999999826,"[16, 16]","[0, 0]","[0, 0]",3
24,"[2, 3]",72.24999999999804,"[23, 23]","[0, 0]","[0, 0]",3
25,"[0, 1]",92.59999999999688,"[22, 22]","[0, 0]","[0, 0]",3
26,"[0, 1]",95.39999999999672,"[25, 25]","[0, 0]","[0, 0]",3
27,"[0, 1]",98.09999999999657,"[26, 26]","[0, 0]","[0, 0]",3
28,"[0, 1]",100.84999999999641,"[27, 27]","[0, 0]","[0, 0]",3
29,"[0, 1]",103.59999999999626,"[28, 28]","[0, 0]","[0, 0]",3
30,"[0, 1]",106.3499999999961,"[29, 29]","[0, 0]","[0, 0]",3
31,"[2, 3]",68.44999999999825,"[24, 24]","[0, 0]","[0, 0]",3
32,"[0, 1]",106.89999999999607,"[30, 30]","[0, 0]","[0, 0]",3
33,"[0, 1]",109.69999999999591,"[32, 32]","[0, 0]","[0, 0]",3
34,"[0, 1]",112.49999999999575,"[33, 33]","[0, 0]","[0, 0]",3
35,"[0, 1]",115.2499999999956,"[34, 34]","[0, 0]","[0, 0]",3
36,"[0, 1]",117.99999999999544,"[35, 35]","[0, 0]","[0, 0]",3
37,"[0, 1]",120.79999999999528,"[36, 36]","[0, 0]","[0, 0]",3
38,"[2, 3]",68.24999999999827,"[31, 31]","[0, 0]","[0, 0]",3
39,"[0, 1]",121.34999999999525,"[37, 37]","[0, 0]","[0, 0]",3
40,"[2, 3]",70.09999999999816,"[38, 38]","[0, 0]","[0, 0]",3
41,"[2, 3]",73.29999999999798,"[40, 40]","[0, 0]","[0, 0]",3
42,"[0, 1]",119.59999999999535,"[39, 39]","[0, 0]","[0, 0]",3
43,"[0, 1]",122.34999999999519,"[42, 42]","[0, 0]","[0, 0]",3
44,"[0, 1]",125.09999999999503,"[43, 43]","[0, 0]","[0, 0]",3
45,"[0, 1]",127.84999999999488,"[44, 44]","[0, 0]","[0, 0]",3
46,"[0, 1]",130.64999999999546,"[45, 45]","[0, 0]","[0, 0]",3
47,"[0, 1]",133.4499999999961,"[46, 46]","[0, 0]","[0, 0]",3
48,"[0, 1]",136.19999999999672,"[47, 47]","[0, 0]","[0, 0]",3
49,"[0, 1]",138.94999999999735,"[48, 48]","[0, 0]","[0, 0]",3
50,"[2, 3]",68.19999999999827,"[41, 41]","[0, 0]","[0, 0]",3
51,"[0, 1]",139.44999999999746,"[49, 49]","[0, 0]","[0, 0]",3
52,"[2, 3]",70.04999999999816,"[50, 50]","[0, 0]","[0, 0]",3
53,"[0, 1]",139.94999999999757,"[51, 51]","[0, 0]","[0, 0]",3
54,"[0, 1]",142.6999999999982,"[53, 53]","[0, 0]","[0, 0]",3
55,"[0, 1]",145.44999999999882,"[54, 54]","[0, 0]","[0, 0]",3
56,"[0, 1]",148.19999999999945,"[55, 55]","[0, 0]","[0, 0]",3
57,"[0, 1]",150.95000000000007,"[56, 56]","[0, 0]","[0, 0]",3
58,"[0, 1]",153.7500000000007,"[57, 57]","[0, 0]","[0, 0]",3
59,"[0, 1]",156.50000000000134,"[58, 58]","[0, 0]","[0, 0]",3
60,"[0, 1]",159.25000000000196,"[59, 59]","[0, 0]","[0, 0]",3
61,"[0, 1]",162.0500000000026,"[60, 60]","[0, 0]","[0, 0]",3
62,"[0, 1]",164.85000000000323,"[61, 61]","[0, 0]","[0, 0]",3
63,"[2, 3]",68.04999999999828,"[52, 52]","[0, 0]","[0, 0]",3
64,"[2, 3]",72.04999999999805,"[63, 63]","[0, 0]","[0, 0]",3
65,"[0, 1]",163.10000000000284,"[62, 62]","[0, 0]","[0, 0]",3
66,"[0, 1]",165.85000000000346,"[65, 65]","[0, 0]","[0, 0]",3
67,"[0, 1]",168.6000000000041,"[66, 66]","[0, 0]","[0, 0]",3
68,"[0, 1]",171.3500000000047,"[67, 67]","[0, 0]","[0, 0]",3
69,"[0, 1]",174.10000000000534,"[68, 68]","[0, 0]","[0, 0]",3
70,"[0, 1]",176.90000000000597,"[69, 69]","[0, 0]","[0, 0]",3
71,"[2, 3]",68.39999999999826,"[64, 64]","[0, 0]","[0, 0]",3
72,"[0, 1]",177.4500000000061,"[70, 70]","[0, 0]","[0, 0]",3
73,"[0, 1]",180.25000000000674,"[72, 72]","[0, 0]","[0, 0]",3
74,"[0, 1]",182.95000000000735,"[73, 73]","[0, 0]","[0, 0]",3
75,"[0, 1]",185.70000000000798,"[74, 74]","[0, 0]","[0, 0]",3
76,"[0, 1]",188.5000000000086,"[75, 75]","[0, 0]","[0, 0]",3
77,"[2, 3]",68.34999999999826,"[71, 71]","[0, 0]","[0, 0]",3
78,"[0, 1]",189.00000000000873,"[76, 76]","[0, 0]","[0, 0]",3
79,"[0, 1]",191.75000000000935,"[78, 78]","[0, 0]","[0, 0]",3
0,"[2, 3]",67.79999999999829,"[-999, -999]","[0, 0]","[0, 0]",4
1,"[0, 1]",67.44999999999831,"[-999, -999]","[0, 0]","[0, 0]",4
2,"[0, 1]",71.1499999999981,"[1, 1]","[0, 0]","[0, 0]",4
3,"[0, 1]",73.99999999999794,"[2, 2]","[0, 0]","[0, 0]",4
4,"[0, 1]",76.3999999999978,"[3, 3]","[0, 0]","[0, 0]",4
5,"[0, 1]",78.59999999999768,"[4, 4]","[0, 0]","[0, 0]",4
6,"[0, 1]",80.69999999999756,"[5, 5]","[0, 0]","[0, 0]",4
7,"[0, 1]",82.69999999999744,"[6, 6]","[0, 0]","[0, 0]",4
8,"[2, 3]",68.14999999999827,"[0, 0]","[0, 0]","[0, 0]",4
9,"[2, 3]",72.14999999999804,"[8, 8]","[0, 0]","[0, 0]",4
10,"[0, 1]",80.19999999999759,"[7, 7]","[0, 0]","[0, 0]",4
11,"[2, 3]",73.049999999998,"[9, 9]","[0, 0]","[0, 0]",4
12,"[2, 3]",75.99999999999783,"[11, 11]","[0, 0]","[0, 0]",4
13,"[2, 3]",78.69999999999767,"[12, 12]","[0, 0]","[0, 0]",4
14,"[0, 1]",75.59999999999785,"[10, 10]","[0, 0]","[0, 0]",4
15,"[2, 3]",79.09999999999765,"[13, 13]","[0, 0]","[0, 0]",4
16,"[2, 3]",81.59999999999751,"[15, 15]","[0, 0]","[0, 0]",4
17,"[0, 1]",73.54999999999797,"[14, 14]","[0, 0]","[0, 0]",4
18,"[0, 1]",76.19999999999781,"[17, 17]","[0, 0]","[0, 0]",4
19,"[0, 1]",78.99999999999766,"[18, 18]","[0, 0]","[0, 0]",4
20,"[2, 3]",77.24999999999775,"[16, 16]","[0, 0]","[0, 0]",4
21,"[0, 1]",79.59999999999762,"[19, 19]","[0, 0]","[0, 0]",4
22,"[2, 3]",77.24999999999775,"[20, 20]","[0, 0]","[0, 0]",4
23,"[0, 1]",80.14999999999759,"[21, 21]","[0, 0]","[0, 0]",4
24,"[0, 1]",82.94999999999743,"[23, 23]","[0, 0]","[0, 0]",4
25,"[0, 1]",85.69999999999727,"[24, 24]","[0, 0]","[0, 0]",4
26,"[0, 1]",88.44999999999712,"[25, 25]","[0, 0]","[0, 0]",4
27,"[0, 1]",91.19999999999696,"[26, 26]","[0, 0]","[0, 0]",4
28,"[2, 3]",69.69999999999818,"[22, 22]","[0, 0]","[0, 0]",4
29,"[2, 3]",72.999999999998,"[28, 28]","[0, 0]","[0, 0]",4
30,"[0, 1]",89.44999999999706,"[27, 27]","[0, 0]","[0, 0]",4
31,"[0, 1]",92.1999999999969,"[30, 30]","[0, 0]","[0, 0]",4
32,"[2, 3]",71.54999999999808,"[29, 29]","[0, 0]","[0, 0]",4
33,"[0, 1]",92.74999999999687,"[31, 31]","[0, 0]","[0, 0]",4
34,"[2, 3]",72.09999999999805,"[32, 32]","[0, 0]","[0, 0]",4
35,"[0, 1]",93.24999999999685,"[33, 33]","[0, 0]","[0, 0]",4
36,"[0, 1]",95.99999999999669,"[35, 35]","[0, 0]","[0, 0]",4
37,"[0, 1]",98.74999999999653,"[36, 36]","[0, 0]","[0, 0]",4
38,"[0, 1]",101.49999999999638,"[37, 37]","[0, 0]","[0, 0]",4
39,"[0, 1]",104.29999999999622,"[38, 38]","[0, 0]","[0, 0]",4
40,"[2, 3]",68.59999999999825,"[34, 34]","[0, 0]","[0, 0]",4
41,"[0, 1]",104.84999999999619,"[39, 39]","[0, 0]","[0, 0]",4
42,"[2, 3]",70.19999999999816,"[40, 40]","[0, 0]","[0, 0]",4
43,"[0, 1]",105.34999999999616,"[41, 41]","[0, 0]","[0, 0]",4
44,"[0, 1]",108.099999999996,"[43, 43]","[0, 0]","[0, 0]",4
45,"[0, 1]",110.84999999999584,"[44, 44]","[0, 0]","[0, 0]",4
46,"[2, 3]",68.99999999999822,"[42, 42]","[0, 0]","[0, 0]",4
47,"[2, 3]",72.64999999999802,"[46, 46]","[0, 0]","[0, 0]",4
48,"[2, 3]",75.74999999999784,"[47, 47]","[0, 0]","[0, 0]",4
49,"[0, 1]",106.89999999999607,"[45, 45]","[0, 0]","[0, 0]",4
50,"[0, 1]",109.64999999999591,"[49, 49]","[0, 0]","[0, 0]",4
51,"[0, 1]",112.39999999999576,"[50, 50]","[0, 0]","[0, 0]",4
52,"[2, 3]",71.84999999999806,"[48, 48]","[0, 0]","[0, 0]",4
53,"[0, 1]",112.89999999999573,"[51, 51]","[0, 0]","[0, 0]",4
54,"[2, 3]",72.34999999999803,"[52, 52]","[0, 0]","[0, 0]",4
55,"[0, 1]",113.3999999999957,"[53, 53]","[0, 0]","[0, 0]",4
56,"[0, 1]",116.19999999999554,"[55, 55]","[0, 0]","[0, 0]",4
57,"[2, 3]",70.74999999999812,"[54, 54]","[0, 0]","[0, 0]",4
58,"[2, 3]",73.54999999999797,"[57, 57]","[0, 0]","[0, 0]",4
59,"[2, 3]",76.3999999999978,"[58, 58]","[0, 0]","[0, 0]",4
60,"[0, 1]",112.19999999999577,"[56, 56]","[0, 0]","[0, 0]",4
61,"[2, 3]",76.79999999999778,"[59, 59]","[0, 0]","[0, 0]",4
62,"[2, 3]",79.39999999999763,"[61, 61]","[0, 0]","[0, 0]",4
63,"[0, 1]",110.49999999999586,"[60, 60]","[0, 0]","[0, 0]",4
64,"[0, 1]",113.3499999999957,"[63, 63]","[0, 0]","[0, 0]",4
65,"[0, 1]",116.09999999999555,"[64, 64]","[0, 0]","[0, 0]",4
66,"[0, 1]",118.89999999999539,"[65, 65]","[0, 0]","[0, 0]",4
67,"[0, 1]",121.69999999999523,"[66, 66]","[0, 0]","[0, 0]",4
68,"[2, 3]",70.94999999999811,"[62, 62]","[0, 0]","[0, 0]",4
69,"[0, 1]",122.2499999999952,"[67, 67]","[0, 0]","[0, 0]",4
70,"[0, 1]",124.99999999999504,"[69, 69]","[0, 0]","[0, 0]",4
71,"[0, 1]",127.74999999999488,"[70, 70]","[0, 0]","[0, 0]",4
72,"[0, 1]",130.49999999999542,"[71, 71]","[0, 0]","[0, 0]",4
73,"[2, 3]",68.69999999999824,"[68, 68]","[0, 0]","[0, 0]",4
74,"[0, 1]",131.04999999999555,"[72, 72]","[0, 0]","[0, 0]",4
75,"[0, 1]",133.8499999999962,"[74, 74]","[0, 0]","[0, 0]",4
76,"[0, 1]",136.64999999999682,"[75, 75]","[0, 0]","[0, 0]",4
77,"[0, 1]",139.34999999999744,"[76, 76]","[0, 0]","[0, 0]",4
78,"[2, 3]",68.49999999999825,"[73, 73]","[0, 0]","[0, 0]",4
79,"[0, 1]",139.84999999999755,"[77, 77]","[0, 0]","[0, 0]",4
0,"[0, 1]",67.44999999999831,"[-999, -999]","[0, 0]","[0, 0]",5
1,"[2, 3]",67.79999999999829,"[-999, -999]","[0, 0]","[0, 0]",5
2,"[0, 1]",69.24999999999821,"[0, 0]","[0, 0]","[0, 0]",5
3,"[0, 1]",72.19999999999804,"[2, 2]","[0, 0]","[0, 0]",5
4,"[2, 3]",69.04999999999822,"[1, 1]","[0, 0]","[0, 0]",5
5,"[2, 3]",72.69999999999801,"[4, 4]","[0, 0]","[0, 0]",5
6,"[0, 1]",70.34999999999815,"[3, 3]","[0, 0]","[0, 0]",5
7,"[2, 3]",73.54999999999797,"[5, 5]","[0, 0]","[0, 0]",5
8,"[2, 3]",76.4499999999978,"[7, 7]","[0, 0]","[0, 0]",5
9,"[2, 3]",79.14999999999765,"[8, 8]","[0, 0]","[0, 0]",5
10,"[0, 1]",68.24999999999827,"[6, 6]","[0, 0]","[0, 0]",5
11,"[0, 1]",71.49999999999808,"[10, 10]","[0, 0]","[0, 0]",5
12,"[0, 1]",74.19999999999793,"[11, 11]","[0, 0]","[0, 0]",5
13,"[2, 3]",74.99999999999788,"[9, 9]","[0, 0]","[0, 0]",5
14,"[2, 3]",77.54999999999774,"[13, 13]","[0, 0]","[0, 0]",5
15,"[2, 3]",79.9999999999976,"[14, 14]","[0, 0]","[0, 0]",5
16,"[0, 1]",70.04999999999816,"[12, 12]","[0, 0]","[0, 0]",5
17,"[0, 1]",72.59999999999802,"[16, 16]","[0, 0]","[0, 0]",5
18,"[0, 1]",74.89999999999789,"[17, 17]","[0, 0]","[0, 0]",5
19,"[0, 1]",77.04999999999777,"[18, 18]","[0, 0]","[0, 0]",5
20,"[2, 3]",73.39999999999797,"[15, 15]","[0, 0]","[0, 0]",5
21,"[0, 1]",76.89999999999777,"[19, 19]","[0, 0]","[0, 0]",5
22,"[0, 1]",78.84999999999766,"[21, 21]","[0, 0]","[0, 0]",5
23,"[0, 1]",80.84999999999755,"[22, 22]","[0, 0]","[0, 0]",5
24,"[2, 3]",69.94999999999817,"[20, 20]","[0, 0]","[0, 0]",5
25,"[0, 1]",80.74999999999756,"[23, 23]","[0, 0]","[0, 0]",5
26,"[0, 1]",83.19999999999742,"[25, 25]","[0, 0]","[0, 0]",5
27,"[0, 1]",85.89999999999726,"[26, 26]","[0, 0]","[0, 0]",5
28,"[2, 3]",68.94999999999823,"[24, 24]","[0, 0]","[0, 0]",5
29,"[2, 3]",72.64999999999802,"[28, 28]","[0, 0]","[0, 0]",5
30,"[2, 3]",75.74999999999784,"[29, 29]","[0, 0]","[0, 0]",5
31,"[0, 1]",81.99999999999748,"[27, 27]","[0, 0]","[0, 0]",5
32,"[0, 1]",84.79999999999733,"[31, 31]","[0, 0]","[0, 0]",5
33,"[0, 1]",87.59999999999717,"[32, 32]","[0, 0]","[0, 0]",5
34,"[2, 3]",71.79999999999806,"[30, 30]","[0, 0]","[0, 0]",5
35,"[2, 3]",74.54999999999791,"[34, 34]","[0, 0]","[0, 0]",5
36,"[0, 1]",85.84999999999727,"[33, 33]","[0, 0]","[0, 0]",5
37,"[2, 3]",74.99999999999788,"[35, 35]","[0, 0]","[0, 0]",5
38,"[0, 1]",86.39999999999723,"[36, 36]","[0, 0]","[0, 0]",5
39,"[0, 1]",89.14999999999708,"[38, 38]","[0, 0]","[0, 0]",5
40,"[2, 3]",73.14999999999799,"[37, 37]","[0, 0]","[0, 0]",5
41,"[2, 3]",75.79999999999784,"[40, 40]","[0, 0]","[0, 0]",5
42,"[2, 3]",78.49999999999768,"[41, 41]","[0, 0]","[0, 0]",5
43,"[0, 1]",85.1499999999973,"[39, 39]","[0, 0]","[0, 0]",5
44,"[0, 1]",87.94999999999715,"[43, 43]","[0, 0]","[0, 0]",5
45,"[0, 1]",90.649999999997,"[44, 44]","[0, 0]","[0, 0]",5
46,"[2, 3]",74.34999999999792,"[42, 42]","[0, 0]","[0, 0]",5
47,"[2, 3]",76.94999999999777,"[46, 46]","[0, 0]","[0, 0]",5
48,"[2, 3]",79.49999999999763,"[47, 47]","[0, 0]","[0, 0]",5
49,"[0, 1]",86.64999999999722,"[45, 45]","[0, 0]","[0, 0]",5
50,"[2, 3]",79.79999999999761,"[48, 48]","[0, 0]","[0, 0]",5
51,"[0, 1]",87.14999999999719,"[49, 49]","[0, 0]","[0, 0]",5
52,"[2, 3]",80.09999999999759,"[50, 50]","[0, 0]","[0, 0]",5
53,"[0, 1]",87.64999999999716,"[51, 51]","[0, 0]","[0, 0]",5
54,"[0, 1]",90.449999999997,"[53, 53]","[0, 0]","[0, 0]",5
55,"[0, 1]",93.19999999999685,"[54, 54]","[0, 0]","[0, 0]",5
56,"[0, 1]",95.99999999999669,"[55, 55]","[0, 0]","[0, 0]",5
57,"[2, 3]",73.59999999999796,"[52, 52]","[0, 0]","[0, 0]",5
58,"[2, 3]",76.19999999999781,"[57, 57]","[0, 0]","[0, 0]",5
59,"[2, 3]",78.79999999999767,"[58, 58]","[0, 0]","[0, 0]",5
60,"[0, 1]",92.04999999999691,"[56, 56]","[0, 0]","[0, 0]",5
61,"[2, 3]",79.14999999999765,"[59, 59]","[0, 0]","[0, 0]",5
62,"[0, 1]",92.59999999999688,"[60, 60]","[0, 0]","[0, 0]",5
63,"[0, 1]",95.29999999999673,"[62, 62]","[0, 0]","[0, 0]",5
64,"[2, 3]",77.04999999999777,"[61, 61]","[0, 0]","[0, 0]",5
65,"[0, 1]",95.8499999999967,"[63, 63]","[0, 0]","[0, 0]",5
66,"[0, 1]",98.54999999999654,"[65, 65]","[0, 0]","[0, 0]",5
67,"[0, 1]",101.29999999999639,"[66, 66]","[0, 0]","[0, 0]",5
68,"[2, 3]",72.64999999999802,"[64, 64]","[0, 0]","[0, 0]",5
69,"[0, 1]",101.84999999999636,"[67, 67]","[0, 0]","[0, 0]",5
70,"[0, 1]",104.6499999999962,"[69, 69]","[0, 0]","[0, 0]",5
71,"[2, 3]",70.74999999999812,"[68, 68]","[0, 0]","[0, 0]",5
72,"[2, 3]",73.59999999999796,"[71, 71]","[0, 0]","[0, 0]",5
73,"[2, 3]",76.29999999999781,"[72, 72]","[0, 0]","[0, 0]",5
74,"[0, 1]",100.64999999999642,"[70, 70]","[0, 0]","[0, 0]",5
75,"[0, 1]",103.44999999999627,"[74, 74]","[0, 0]","[0, 0]",5
76,"[0, 1]",106.19999999999611,"[75, 75]","[0, 0]","[0, 0]",5
77,"[0, 1]",108.99999999999595,"[76, 76]","[0, 0]","[0, 0]",5
78,"[2, 3]",70.44999999999814,"[73, 73]","[0, 0]","[0, 0]",5
79,"[0, 1]",109.59999999999592,"[77, 77]","[0, 0]","[0, 0]",5
0,"[2, 3]",67.79999999999829,"[-999, -999]","[0, 0]","[0, 0]",6
1,"[0, 1]",67.44999999999831,"[-999, -999]","[0, 0]","[0, 0]",6
2,"[0, 1]",71.1499999999981,"[1, 1]","[0, 0]","[0, 0]",6
3,"[2, 3]",69.09999999999822,"[0, 0]","[0, 0]","[0, 0]",6
4,"[2, 3]",72.69999999999801,"[3, 3]","[0, 0]","[0, 0]",6
5,"[2, 3]",75.79999999999784,"[4, 4]","[0, 0]","[0, 0]",6
6,"[0, 1]",68.59999999999825,"[2, 2]","[0, 0]","[0, 0]",6
7,"[0, 1]",71.74999999999807,"[6, 6]","[0, 0]","[0, 0]",6
8,"[0, 1]",74.29999999999792,"[7, 7]","[0, 0]","[0, 0]",6
9,"[0, 1]",76.64999999999779,"[8, 8]","[0, 0]","[0, 0]",6
10,"[0, 1]",78.79999999999767,"[9, 9]","[0, 0]","[0, 0]",6
11,"[0, 1]",80.89999999999755,"[10, 10]","[0, 0]","[0, 0]",6
12,"[2, 3]",68.84999999999823,"[5, 5]","[0, 0]","[0, 0]",6
13,"[0, 1]",80.59999999999756,"[11, 11]","[0, 0]","[0, 0]",6
14,"[2, 3]",70.39999999999814,"[12, 12]","[0, 0]","[0, 0]",6
15,"[0, 1]",80.39999999999758,"[13, 13]","[0, 0]","[0, 0]",6
16,"[0, 1]",82.59999999999745,"[15, 15]","[0, 0]","[0, 0]",6
17,"[0, 1]",85.09999999999731,"[16, 16]","[0, 0]","[0, 0]",6
18,"[0, 1]",87.79999999999715,"[17, 17]","[0, 0]","[0, 0]",6
19,"[0, 1]",90.649999999997,"[18, 18]","[0, 0]","[0, 0]",6
20,"[2, 3]",68.49999999999825,"[14, 14]","[0, 0]","[0, 0]",6
21,"[0, 1]",91.19999999999696,"[19, 19]","[0, 0]","[0, 0]",6
22,"[2, 3]",70.19999999999816,"[20, 20]","[0, 0]","[0, 0]",6
23,"[2, 3]",73.39999999999797,"[22, 22]","[0, 0]","[0, 0]",6
24,"[2, 3]",76.29999999999781,"[23, 23]","[0, 0]","[0, 0]",6
25,"[2, 3]",79.04999999999765,"[24, 24]","[0, 0]","[0, 0]",6
26,"[0, 1]",84.94999999999732,"[21, 21]","[0, 0]","[0, 0]",6
27,"[0, 1]",87.79999999999715,"[26, 26]","[0, 0]","[0, 0]",6
28,"[2, 3]",77.19999999999776,"[25, 25]","[0, 0]","[0, 0]",6
29,"[2, 3]",79.69999999999762,"[28, 28]","[0, 0]","[0, 0]",6
30,"[2, 3]",82.14999999999748,"[29, 29]","[0, 0]","[0, 0]",6
31,"[0, 1]",83.84999999999738,"[27, 27]","[0, 0]","[0, 0]",6
32,"[2, 3]",82.44999999999746,"[30, 30]","[0, 0]","[0, 0]",6
33,"[0, 1]",84.24999999999736,"[31, 31]","[0, 0]","[0, 0]",6
34,"[2, 3]",83.09999999999742,"[32, 32]","[0, 0]","[0, 0]",6
35,"[2, 3]",86.54999999999723,"[34, 34]","[0, 0]","[0, 0]",6
36,"[0, 1]",82.49999999999746,"[33, 33]","[0, 0]","[0, 0]",6
37,"[2, 3]",87.79999999999715,"[35, 35]","[0, 0]","[0, 0]",6
38,"[2, 3]",91.44999999999695,"[37, 37]","[8.299999999999983, 0]","[0, 0]",6
39,"[0, 1]",80.79999999999755,"[36, 36]","[0, 0]","[0, 0]",6
40,"[0, 1]",83.64999999999739,"[39, 39]","[0, 0]","[0, 0]",6
41,"[2, 3]",90.649999999997,"[38, 38]","[5.949999999999987, 0]","[0, 0]",6
42,"[2, 3]",94.19999999999679,"[41, 41]","[4.249999999999993, 0]","[0, 0]",6
43,"[0, 1]",81.89999999999749,"[40, 40]","[0, 0]","[0, 0]",6
44,"[0, 1]",84.64999999999733,"[43, 43]","[0, 0]","[0, 0]",6
45,"[2, 3]",93.34999999999684,"[42, 42]","[1.0500000000000003, 0]","[0, 0]",6
46,"[2, 3]",96.99999999999663,"[45, 45]","[0, 0]","[0, 0]",6
47,"[2, 3]",100.59999999999643,"[46, 46]","[0, 0]","[0, 0]",6
48,"[2, 3]",104.24999999999622,"[47, 47]","[0, 0]","[0, 0]",6
49,"[0, 1]",78.39999999999769,"[44, 44]","[0, 0]","[0, 0]",6
50,"[2, 3]",105.64999999999614,"[48, 48]","[0, 0]","[0, 0]",6
51,"[0, 1]",78.94999999999766,"[49, 49]","[0, 0]","[0, 0]",6
52,"[2, 3]",107.04999999999606,"[50, 50]","[0, 0]","[0, 0]",6
53,"[0, 1]",79.44999999999763,"[51, 51]","[0, 0]","[0, 0]",6
54,"[2, 3]",108.39999999999598,"[52, 52]","[0, 0]","[0, 0]",6
55,"[0, 1]",79.9499999999976,"[53, 53]","[0, 0]","[0, 0]",6
56,"[0, 1]",82.69999999999744,"[55, 55]","[0, 0]","[0, 0]",6
57,"[2, 3]",107.54999999999603,"[54, 54]","[0, 0]","[0, 0]",6
58,"[2, 3]",111.14999999999583,"[57, 57]","[0, 0]","[0, 0]",6
59,"[2, 3]",114.84999999999562,"[58, 58]","[0, 0]","[0, 0]",6
60,"[0, 1]",78.74999999999767,"[56, 56]","[0, 0]","[0, 0]",6
61,"[2, 3]",116.19999999999554,"[59, 59]","[0, 0]","[0, 0]",6
62,"[0, 1]",79.29999999999764,"[60, 60]","[0, 0]","[0, 0]",6
63,"[2, 3]",117.59999999999546,"[61, 61]","[0, 0]","[0, 0]",6
64,"[2, 3]",121.19999999999526,"[63, 63]","[0, 0]","[0, 0]",6
65,"[0, 1]",77.54999999999774,"[62, 62]","[0, 0]","[0, 0]",6
66,"[0, 1]",80.29999999999758,"[65, 65]","[0, 0]","[0, 0]",6
67,"[0, 1]",83.04999999999742,"[66, 66]","[0, 0]","[0, 0]",6
68,"[2, 3]",118.09999999999543,"[64, 64]","[0, 0]","[0, 0]",6
69,"[0, 1]",83.5499999999974,"[67, 67]","[0, 0]","[0, 0]",6
70,"[0, 1]",86.29999999999724,"[69, 69]","[0, 0]","[0, 0]",6
71,"[2, 3]",117.24999999999548,"[68, 68]","[0, 0]","[0, 0]",6
72,"[2, 3]",120.84999999999528,"[71, 71]","[0, 0]","[0, 0]",6
73,"[2, 3]",124.49999999999507,"[72, 72]","[0, 0]","[0, 0]",6
74,"[0, 1]",82.29999999999747,"[70, 70]","[0, 0]","[0, 0]",6
75,"[0, 1]",85.04999999999731,"[74, 74]","[0, 0]","[0, 0]",6
76,"[0, 1]",87.84999999999715,"[75, 75]","[0, 0]","[0, 0]",6
77,"[2, 3]",121.34999999999525,"[73, 73]","[0, 0]","[0, 0]",6
78,"[2, 3]",125.04999999999504,"[77, 77]","[0, 0]","[0, 0]",6
79,"[0, 1]",86.19999999999725,"[76, 76]","[0, 0]","[0, 0]",6
0,"[2, 3]",67.79999999999829,"[-999, -999]","[0, 0]","[0, 0]",7
1,"[0, 1]",67.44999999999831,"[-999, -999]","[0, 0]","[0, 0]",7
2,"[0, 1]",71.1499999999981,"[1, 1]","[0, 0]","[0, 0]",7
3,"[0, 1]",73.99999999999794,"[2, 2]","[0, 0]","[0, 0]",7
4,"[2, 3]",68.64999999999824,"[0, 0]","[0, 0]","[0, 0]",7
5,"[2, 3]",72.49999999999802,"[4, 4]","[0, 0]","[0, 0]",7
6,"[0, 1]",71.94999999999806,"[3, 3]","[0, 0]","[0, 0]",7
7,"[0, 1]",74.14999999999793,"[6, 6]","[0, 0]","[0, 0]",7
8,"[2, 3]",71.04999999999811,"[5, 5]","[0, 0]","[0, 0]",7
9,"[0, 1]",73.99999999999794,"[7, 7]","[0, 0]","[0, 0]",7
10,"[0, 1]",75.99999999999783,"[9, 9]","[0, 0]","[0, 0]",7
11,"[2, 3]",69.99999999999817,"[8, 8]","[0, 0]","[0, 0]",7
12,"[0, 1]",75.79999999999784,"[10, 10]","[0, 0]","[0, 0]",7
13,"[2, 3]",70.89999999999812,"[11, 11]","[0, 0]","[0, 0]",7
14,"[0, 1]",75.79999999999784,"[12, 12]","[0, 0]","[0, 0]",7
15,"[0, 1]",78.34999999999769,"[14, 14]","[0, 0]","[0, 0]",7
16,"[0, 1]",81.09999999999754,"[15, 15]","[0, 0]","[0, 0]",7
17,"[0, 1]",83.94999999999737,"[16, 16]","[0, 0]","[0, 0]",7
18,"[0, 1]",86.74999999999721,"[17, 17]","[0, 0]","[0, 0]",7
19,"[0, 1]",89.54999999999706,"[18, 18]","[0, 0]","[0, 0]",7
20,"[0, 1]",92.3499999999969,"[19, 19]","[0, 0]","[0, 0]",7
21,"[0, 1]",95.14999999999674,"[20, 20]","[0, 0]","[0, 0]",7
22,"[2, 3]",68.14999999999827,"[13, 13]","[0, 0]","[0, 0]",7
23,"[0, 1]",95.7499999999967,"[21, 21]","[0, 0]","[0, 0]",7
24,"[2, 3]",70.04999999999816,"[22, 22]","[0, 0]","[0, 0]",7
25,"[0, 1]",96.24999999999667,"[23, 23]","[0, 0]","[0, 0]",7
26,"[0, 1]",98.99999999999652,"[25, 25]","[0, 0]","[0, 0]",7
27,"[0, 1]",101.69999999999636,"[26, 26]","[0, 0]","[0, 0]",7
28,"[0, 1]",104.44999999999621,"[27, 27]","[0, 0]","[0, 0]",7
29,"[0, 1]",107.24999999999605,"[28, 28]","[0, 0]","[0, 0]",7
30,"[2, 3]",68.39999999999826,"[24, 24]","[0, 0]","[0, 0]",7
31,"[0, 1]",107.74999999999602,"[29, 29]","[0, 0]","[0, 0]",7
32,"[0, 1]",110.54999999999586,"[31, 31]","[0, 0]","[0, 0]",7
33,"[2, 3]",69.19999999999821,"[30, 30]","[0, 0]","[0, 0]",7
34,"[2, 3]",72.74999999999801,"[33, 33]","[0, 0]","[0, 0]",7
35,"[2, 3]",75.84999999999783,"[34, 34]","[0, 0]","[0, 0]",7
36,"[0, 1]",106.54999999999609,"[32, 32]","[0, 0]","[0, 0]",7
37,"[2, 3]",76.3999999999978,"[35, 35]","[0, 0]","[0, 0]",7
38,"[2, 3]",79.14999999999765,"[37, 37]","[0, 0]","[0, 0]",7
39,"[0, 1]",104.79999999999619,"[36, 36]","[0, 0]","[0, 0]",7
40,"[2, 3]",79.44999999999763,"[38, 38]","[0, 0]","[0, 0]",7
41,"[0, 1]",105.29999999999616,"[39, 39]","[0, 0]","[0, 0]",7
42,"[2, 3]",79.64999999999762,"[40, 40]","[0, 0]","[0, 0]",7
43,"[0, 1]",105.84999999999613,"[41, 41]","[0, 0]","[0, 0]",7
44,"[0, 1]",108.59999999999597,"[43, 43]","[0, 0]","[0, 0]",7
45,"[2, 3]",77.59999999999773,"[42, 42]","[0, 0]","[0, 0]",7
46,"[2, 3]",79.8499999999976,"[45, 45]","[0, 0]","[0, 0]",7
47,"[2, 3]",82.19999999999747,"[46, 46]","[0, 0]","[0, 0]",7
48,"[2, 3]",84.84999999999732,"[47, 47]","[0, 0]","[0, 0]",7
49,"[0, 1]",102.34999999999633,"[44, 44]","[0, 0]","[0, 0]",7
50,"[2, 3]",85.79999999999727,"[48, 48]","[0, 0]","[0, 0]",7
51,"[0, 1]",102.8499999999963,"[49, 49]","[0, 0]","[0, 0]",7
52,"[0, 1]",105.59999999999614,"[51, 51]","[0, 0]","[0, 0]",7
53,"[0, 1]",108.39999999999598,"[52, 52]","[0, 0]","[0, 0]",7
54,"[2, 3]",82.54999999999745,"[50, 50]","[0, 0]","[0, 0]",7
55,"[2, 3]",86.14999999999725,"[54, 54]","[5.1999999999999895, 0]","[0, 0]",7
56,"[0, 1]",106.74999999999608,"[53, 53]","[0, 0]","[0, 0]",7
57,"[2, 3]",87.54999999999717,"[55, 55]","[7.199999999999982, 0]","[0, 0]",7
58,"[2, 3]",91.14999999999696,"[57, 57]","[4.799999999999991, 0]","[0, 0]",7
59,"[2, 3]",94.74999999999676,"[58, 58]","[3.099999999999997, 0]","[0, 0]",7
60,"[0, 1]",102.7499999999963,"[56, 56]","[0, 0]","[0, 0]",7
61,"[2, 3]",96.14999999999668,"[59, 59]","[1.5500000000000007, 0]","[0, 0]",7
62,"[0, 1]",103.19999999999628,"[60, 60]","[0, 0]","[0, 0]",7
63,"[0, 1]",105.94999999999612,"[62, 62]","[0, 0]","[0, 0]",7
64,"[2, 3]",95.24999999999673,"[61, 61]","[0, 0]","[0, 0]",7
65,"[0, 1]",106.49999999999609,"[63, 63]","[0, 0]","[0, 0]",7
66,"[0, 1]",109.29999999999593,"[65, 65]","[0, 0]","[0, 0]",7
67,"[0, 1]",112.04999999999578,"[66, 66]","[0, 0]","[0, 0]",7
68,"[2, 3]",92.14999999999691,"[64, 64]","[0, 0]","[0, 0]",7
69,"[0, 1]",112.54999999999575,"[67, 67]","[0, 0]","[0, 0]",7
70,"[0, 1]",115.34999999999559,"[69, 69]","[0, 0]","[0, 0]",7
71,"[2, 3]",91.24999999999696,"[68, 68]","[0, 0]","[0, 0]",7
72,"[2, 3]",94.84999999999675,"[71, 71]","[0, 0]","[0, 0]",7
73,"[2, 3]",98.49999999999655,"[72, 72]","[0, 0]","[0, 0]",7
74,"[0, 1]",111.29999999999582,"[70, 70]","[0, 0]","[0, 0]",7
75,"[0, 1]",114.04999999999566,"[74, 74]","[0, 0]","[0, 0]",7
76,"[0, 1]",116.8499999999955,"[75, 75]","[0, 0]","[0, 0]",7
77,"[0, 1]",119.64999999999534,"[76, 76]","[0, 0]","[0, 0]",7
78,"[2, 3]",93.09999999999685,"[73, 73]","[0, 0]","[0, 0]",7
79,"[0, 1]",120.19999999999531,"[77, 77]","[0, 0]","[0, 0]",7
0,"[2, 3]",67.79999999999829,"[-999, -999]","[0, 0]","[0, 0]",8
1,"[0, 1]",67.44999999999831,"[-999, -999]","[0, 0]","[0, 0]",8
2,"[0, 1]",71.1499999999981,"[1, 1]","[0, 0]","[0, 0]",8
3,"[2, 3]",69.09999999999822,"[0, 0]","[0, 0]","[0, 0]",8
4,"[2, 3]",72.69999999999801,"[3, 3]","[0, 0]","[0, 0]",8
5,"[2, 3]",75.79999999999784,"[4, 4]","[0, 0]","[0, 0]",8
6,"[0, 1]",68.59999999999825,"[2, 2]","[0, 0]","[0, 0]",8
7,"[2, 3]",76.4499999999978,"[5, 5]","[0, 0]","[0, 0]",8
8,"[2, 3]",79.09999999999765,"[7, 7]","[0, 0]","[0, 0]",8
9,"[2, 3]",81.7499999999975,"[8, 8]","[0, 0]","[0, 0]",8
10,"[0, 1]",68.04999999999828,"[6, 6]","[0, 0]","[0, 0]",8
11,"[0, 1]",71.39999999999809,"[10, 10]","[0, 0]","[0, 0]",8
12,"[0, 1]",74.14999999999793,"[11, 11]","[0, 0]","[0, 0]",8
13,"[0, 1]",76.5499999999978,"[12, 12]","[0, 0]","[0, 0]",8
14,"[2, 3]",75.19999999999787,"[9, 9]","[0, 0]","[0, 0]",8
15,"[2, 3]",77.54999999999774,"[14, 14]","[0, 0]","[0, 0]",8
16,"[0, 1]",74.19999999999793,"[13, 13]","[0, 0]","[0, 0]",8
17,"[0, 1]",76.29999999999781,"[16, 16]","[0, 0]","[0, 0]",8
18,"[0, 1]",78.2999999999977,"[17, 17]","[0, 0]","[0, 0]",8
19,"[0, 1]",80.39999999999758,"[18, 18]","[0, 0]","[0, 0]",8
20,"[0, 1]",82.69999999999744,"[19, 19]","[0, 0]","[0, 0]",8
21,"[0, 1]",85.2999999999973,"[20, 20]","[0, 0]","[0, 0]",8
22,"[2, 3]",69.14999999999822,"[15, 15]","[0, 0]","[0, 0]",8
23,"[0, 1]",85.84999999999727,"[21, 21]","[0, 0]","[0, 0]",8
24,"[2, 3]",70.49999999999814,"[22, 22]","[0, 0]","[0, 0]",8
25,"[2, 3]",73.49999999999797,"[24, 24]","[0, 0]","[0, 0]",8
26,"[0, 1]",84.19999999999736,"[23, 23]","[0, 0]","[0, 0]",8
27,"[0, 1]",86.9999999999972,"[26, 26]","[0, 0]","[0, 0]",8
28,"[2, 3]",71.84999999999806,"[25, 25]","[0, 0]","[0, 0]",8
29,"[2, 3]",74.5999999999979,"[28, 28]","[0, 0]","[0, 0]",8
30,"[2, 3]",77.29999999999775,"[29, 29]","[0, 0]","[0, 0]",8
31,"[2, 3]",79.8999999999976,"[30, 30]","[0, 0]","[0, 0]",8
32,"[0, 1]",80.74999999999756,"[27, 27]","[0, 0]","[0, 0]",8
33,"[2, 3]",80.24999999999758,"[31, 31]","[0, 0]","[0, 0]",8
34,"[2, 3]",82.64999999999745,"[33, 33]","[0, 0]","[0, 0]",8
35,"[2, 3]",85.1499999999973,"[34, 34]","[0, 0]","[0, 0]",8
36,"[0, 1]",76.79999999999778,"[32, 32]","[0, 0]","[0, 0]",8
37,"[2, 3]",85.69999999999727,"[35, 35]","[0, 0]","[0, 0]",8
38,"[2, 3]",88.99999999999709,"[37, 37]","[0, 0]","[0, 0]",8
39,"[0, 1]",75.04999999999788,"[36, 36]","[0, 0]","[0, 0]",8
40,"[0, 1]",77.79999999999772,"[39, 39]","[0, 0]","[0, 0]",8
41,"[2, 3]",88.04999999999714,"[38, 38]","[0, 0]","[0, 0]",8
42,"[2, 3]",91.59999999999694,"[41, 41]","[7.599999999999981, 0]","[0, 0]",8
43,"[0, 1]",76.04999999999782,"[40, 40]","[0, 0]","[0, 0]",8
44,"[0, 1]",78.79999999999767,"[43, 43]","[0, 0]","[0, 0]",8
45,"[2, 3]",90.79999999999698,"[42, 42]","[9.55, 0]","[0, 0]",8
46,"[0, 1]",79.29999999999764,"[44, 44]","[0, 0]","[0, 0]",8
47,"[2, 3]",92.14999999999691,"[45, 45]","[7.149999999999983, 0]","[0, 0]",8
48,"[2, 3]",95.6999999999967,"[47, 47]","[5.399999999999989, 0]","[0, 0]",8
49,"[0, 1]",77.54999999999774,"[46, 46]","[0, 0]","[0, 0]",8
50,"[2, 3]",97.14999999999662,"[48, 48]","[3.899999999999994, 0]","[0, 0]",8
51,"[0, 1]",78.04999999999771,"[49, 49]","[0, 0]","[0, 0]",8
52,"[0, 1]",80.84999999999755,"[51, 51]","[0, 0]","[0, 0]",8
53,"[0, 1]",83.64999999999739,"[52, 52]","[0, 0]","[0, 0]",8
54,"[2, 3]",93.9499999999968,"[50, 50]","[0, 0]","[0, 0]",8
55,"[2, 3]",97.5999999999966,"[54, 54]","[0, 0]","[0, 0]",8
56,"[0, 1]",81.8499999999975,"[53, 53]","[0, 0]","[0, 0]",8
57,"[2, 3]",98.99999999999652,"[55, 55]","[0, 0]","[0, 0]",8
58,"[2, 3]",102.59999999999631,"[57, 57]","[0, 0]","[0, 0]",8
59,"[0, 1]",80.14999999999759,"[56, 56]","[0, 0]","[0, 0]",8
60,"[2, 3]",103.99999999999623,"[58, 58]","[0, 0]","[0, 0]",8
61,"[2, 3]",107.64999999999603,"[60, 60]","[0, 0]","[0, 0]",8
62,"[0, 1]",78.44999999999769,"[59, 59]","[0, 0]","[0, 0]",8
63,"[0, 1]",81.09999999999754,"[62, 62]","[0, 0]","[0, 0]",8
64,"[2, 3]",106.79999999999607,"[61, 61]","[0, 0]","[0, 0]",8
65,"[0, 1]",81.59999999999751,"[63, 63]","[0, 0]","[0, 0]",8
66,"[0, 1]",84.34999999999735,"[65, 65]","[0, 0]","[0, 0]",8
67,"[0, 1]",87.0999999999972,"[66, 66]","[0, 0]","[0, 0]",8
68,"[2, 3]",103.64999999999625,"[64, 64]","[0, 0]","[0, 0]",8
69,"[0, 1]",87.59999999999717,"[67, 67]","[0, 0]","[0, 0]",8
70,"[0, 1]",90.34999999999701,"[69, 69]","[0, 0]","[0, 0]",8
71,"[2, 3]",102.7999999999963,"[68, 68]","[0, 0]","[0, 0]",8
72,"[2, 3]",106.4499999999961,"[71, 71]","[0, 0]","[0, 0]",8
73,"[2, 3]",110.09999999999589,"[72, 72]","[0, 0]","[0, 0]",8
74,"[0, 1]",86.39999999999723,"[70, 70]","[0, 0]","[0, 0]",8
75,"[0, 1]",89.19999999999708,"[74, 74]","[0, 0]","[0, 0]",8
76,"[0, 1]",91.94999999999692,"[75, 75]","[0, 0]","[0, 0]",8
77,"[0, 1]",94.69999999999676,"[76, 76]","[0, 0]","[0, 0]",8
78,"[2, 3]",104.6999999999962,"[73, 73]","[0, 0]","[0, 0]",8
79,"[0, 1]",95.19999999999673,"[77, 77]","[0, 0]","[0, 0]",8
0,"[2, 3]",67.79999999999829,"[-999, -999]","[0, 0]","[0, 0]",9
1,"[2, 3]",71.79999999999806,"[0, 0]","[0, 0]","[0, 0]",9
2,"[0, 1]",67.44999999999831,"[-999, -999]","[0, 0]","[0, 0]",9
3,"[0, 1]",71.1499999999981,"[2, 2]","[0, 0]","[0, 0]",9
4,"[0, 1]",73.99999999999794,"[3, 3]","[0, 0]","[0, 0]",9
5,"[2, 3]",69.4499999999982,"[1, 1]","[0, 0]","[0, 0]",9
6,"[0, 1]",74.19999999999793,"[4, 4]","[0, 0]","[0, 0]",9
7,"[0, 1]",76.3499999999978,"[6, 6]","[0, 0]","[0, 0]",9
8,"[0, 1]",78.44999999999769,"[7, 7]","[0, 0]","[0, 0]",9
9,"[0, 1]",80.44999999999757,"[8, 8]","[0, 0]","[0, 0]",9
10,"[0, 1]",82.44999999999746,"[9, 9]","[0, 0]","[0, 0]",9
11,"[2, 3]",68.39999999999826,"[5, 5]","[0, 0]","[0, 0]",9
12,"[2, 3]",72.29999999999804,"[11, 11]","[0, 0]","[0, 0]",9
13,"[2, 3]",75.49999999999785,"[12, 12]","[0, 0]","[0, 0]",9
14,"[0, 1]",77.84999999999772,"[10, 10]","[0, 0]","[0, 0]",9
15,"[0, 1]",80.29999999999758,"[14, 14]","[0, 0]","[0, 0]",9
16,"[2, 3]",73.94999999999794,"[13, 13]","[0, 0]","[0, 0]",9
17,"[0, 1]",80.74999999999756,"[15, 15]","[0, 0]","[0, 0]",9
18,"[0, 1]",83.5999999999974,"[17, 17]","[0, 0]","[0, 0]",9
19,"[0, 1]",86.39999999999723,"[18, 18]","[0, 0]","[0, 0]",9
20,"[2, 3]",70.39999999999814,"[16, 16]","[0, 0]","[0, 0]",9
21,"[0, 1]",86.9499999999972,"[19, 19]","[0, 0]","[0, 0]",9
22,"[2, 3]",71.1499999999981,"[20, 20]","[0, 0]","[0, 0]",9
23,"[2, 3]",73.99999999999794,"[22, 22]","[0, 0]","[0, 0]",9
24,"[0, 1]",85.1999999999973,"[21, 21]","[0, 0]","[0, 0]",9
25,"[2, 3]",74.49999999999791,"[23, 23]","[0, 0]","[0, 0]",9
26,"[0, 1]",85.74999999999727,"[24, 24]","[0, 0]","[0, 0]",9
27,"[0, 1]",88.54999999999711,"[26, 26]","[0, 0]","[0, 0]",9
28,"[2, 3]",72.74999999999801,"[25, 25]","[0, 0]","[0, 0]",9
29,"[0, 1]",89.04999999999708,"[27, 27]","[0, 0]","[0, 0]",9
30,"[0, 1]",91.84999999999692,"[29, 29]","[0, 0]","[0, 0]",9
31,"[2, 3]",70.99999999999811,"[28, 28]","[0, 0]","[0, 0]",9
32,"[2, 3]",73.74999999999795,"[31, 31]","[0, 0]","[0, 0]",9
33,"[2, 3]",76.4499999999978,"[32, 32]","[0, 0]","[0, 0]",9
34,"[2, 3]",79.14999999999765,"[33, 33]","[0, 0]","[0, 0]",9
35,"[0, 1]",85.59999999999728,"[30, 30]","[0, 0]","[0, 0]",9
36,"[0, 1]",88.39999999999712,"[35, 35]","[0, 0]","[0, 0]",9
37,"[0, 1]",91.19999999999696,"[36, 36]","[0, 0]","[0, 0]",9
38,"[0, 1]",93.89999999999681,"[37, 37]","[0, 0]","[0, 0]",9
39,"[0, 1]",96.69999999999665,"[38, 38]","[0, 0]","[0, 0]",9
40,"[0, 1]",99.44999999999649,"[39, 39]","[0, 0]","[0, 0]",9
41,"[2, 3]",69.64999999999819,"[34, 34]","[0, 0]","[0, 0]",9
42,"[2, 3]",72.999999999998,"[41, 41]","[0, 0]","[0, 0]",9
43,"[0, 1]",97.74999999999659,"[40, 40]","[0, 0]","[0, 0]",9
44,"[0, 1]",100.49999999999643,"[43, 43]","[0, 0]","[0, 0]",9
45,"[2, 3]",71.49999999999808,"[42, 42]","[0, 0]","[0, 0]",9
46,"[0, 1]",100.9999999999964,"[44, 44]","[0, 0]","[0, 0]",9
47,"[2, 3]",72.09999999999805,"[45, 45]","[0, 0]","[0, 0]",9
48,"[0, 1]",101.49999999999638,"[46, 46]","[0, 0]","[0, 0]",9
49,"[0, 1]",104.24999999999622,"[48, 48]","[0, 0]","[0, 0]",9
50,"[0, 1]",107.04999999999606,"[49, 49]","[0, 0]","[0, 0]",9
51,"[0, 1]",109.74999999999591,"[50, 50]","[0, 0]","[0, 0]",9
52,"[2, 3]",68.89999999999823,"[47, 47]","[0, 0]","[0, 0]",9
53,"[0, 1]",110.24999999999588,"[51, 51]","[0, 0]","[0, 0]",9
54,"[2, 3]",70.39999999999814,"[52, 52]","[0, 0]","[0, 0]",9
55,"[0, 1]",110.74999999999585,"[53, 53]","[0, 0]","[0, 0]",9
56,"[0, 1]",113.54999999999569,"[55, 55]","[0, 0]","[0, 0]",9
57,"[2, 3]",69.79999999999818,"[54, 54]","[0, 0]","[0, 0]",9
58,"[2, 3]",73.049999999998,"[57, 57]","[0, 0]","[0, 0]",9
59,"[0, 1]",111.79999999999579,"[56, 56]","[0, 0]","[0, 0]",9
60,"[0, 1]",114.54999999999563,"[59, 59]","[0, 0]","[0, 0]",9
61,"[2, 3]",71.49999999999808,"[58, 58]","[0, 0]","[0, 0]",9
62,"[2, 3]",74.29999999999792,"[61, 61]","[0, 0]","[0, 0]",9
63,"[2, 3]",76.99999999999777,"[62, 62]","[0, 0]","[0, 0]",9
64,"[0, 1]",110.54999999999586,"[60, 60]","[0, 0]","[0, 0]",9
65,"[0, 1]",113.24999999999571,"[64, 64]","[0, 0]","[0, 0]",9
66,"[0, 1]",116.04999999999555,"[65, 65]","[0, 0]","[0, 0]",9
67,"[0, 1]",118.7499999999954,"[66, 66]","[0, 0]","[0, 0]",9
68,"[2, 3]",70.89999999999812,"[63, 63]","[0, 0]","[0, 0]",9
69,"[0, 1]",119.29999999999536,"[67, 67]","[0, 0]","[0, 0]",9
70,"[0, 1]",122.1499999999952,"[69, 69]","[0, 0]","[0, 0]",9
71,"[2, 3]",69.94999999999817,"[68, 68]","[0, 0]","[0, 0]",9
72,"[2, 3]",73.09999999999799,"[71, 71]","[0, 0]","[0, 0]",9
73,"[2, 3]",76.09999999999782,"[72, 72]","[0, 0]","[0, 0]",9
74,"[0, 1]",118.09999999999543,"[70, 70]","[0, 0]","[0, 0]",9
75,"[0, 1]",120.84999999999528,"[74, 74]","[0, 0]","[0, 0]",9
76,"[0, 1]",123.59999999999512,"[75, 75]","[0, 0]","[0, 0]",9
77,"[0, 1]",126.34999999999496,"[76, 76]","[0, 0]","[0, 0]",9
78,"[2, 3]",70.34999999999815,"[73, 73]","[0, 0]","[0, 0]",9
79,"[0, 1]",126.84999999999494,"[77, 77]","[0, 0]","[0, 0]",9
0,"[2, 3]",67.79999999999829,"[-999, -999]","[0, 0]","[0, 0]",10
1,"[2, 3]",71.79999999999806,"[0, 0]","[0, 0]","[0, 0]",10
2,"[0, 1]",67.44999999999831,"[-999, -999]","[0, 0]","[0, 0]",10
3,"[2, 3]",72.69999999999801,"[1, 1]","[0, 0]","[0, 0]",10
4,"[2, 3]",75.59999999999785,"[3, 3]","[0, 0]","[0, 0]",10
5,"[2, 3]",78.34999999999769,"[4, 4]","[0, 0]","[0, 0]",10
6,"[0, 1]",67.94999999999828,"[2, 2]","[0, 0]","[0, 0]",10
7,"[0, 1]",71.39999999999809,"[6, 6]","[0, 0]","[0, 0]",10
8,"[2, 3]",76.4999999999978,"[5, 5]","[0, 0]","[0, 0]",10
9,"[0, 1]",71.84999999999806,"[7, 7]","[0, 0]","[0, 0]",10
10,"[0, 1]",74.29999999999792,"[9, 9]","[0, 0]","[0, 0]",10
11,"[0, 1]",76.4499999999978,"[10, 10]","[0, 0]","[0, 0]",10
12,"[2, 3]",72.19999999999804,"[8, 8]","[0, 0]","[0, 0]",10
13,"[0, 1]",76.29999999999781,"[11, 11]","[0, 0]","[0, 0]",10
14,"[0, 1]",78.2499999999977,"[13, 13]","[0, 0]","[0, 0]",10
15,"[2, 3]",70.59999999999813,"[12, 12]","[0, 0]","[0, 0]",10
16,"[2, 3]",73.44999999999797,"[15, 15]","[0, 0]","[0, 0]",10
17,"[0, 1]",75.74999999999784,"[14, 14]","[0, 0]","[0, 0]",10
18,"[0, 1]",77.89999999999772,"[17, 17]","[0, 0]","[0, 0]",10
19,"[0, 1]",80.34999999999758,"[18, 18]","[0, 0]","[0, 0]",10
20,"[2, 3]",70.09999999999816,"[16, 16]","[0, 0]","[0, 0]",10
21,"[0, 1]",80.74999999999756,"[19, 19]","[0, 0]","[0, 0]",10
22,"[2, 3]",70.94999999999811,"[20, 20]","[0, 0]","[0, 0]",10
23,"[2, 3]",73.89999999999795,"[22, 22]","[0, 0]","[0, 0]",10
24,"[2, 3]",76.64999999999779,"[23, 23]","[0, 0]","[0, 0]",10
25,"[2, 3]",79.34999999999764,"[24, 24]","[0, 0]","[0, 0]",10
26,"[2, 3]",81.94999999999749,"[25, 25]","[0, 0]","[0, 0]",10
27,"[0, 1]",72.24999999999804,"[21, 21]","[0, 0]","[0, 0]",10
28,"[0, 1]",75.04999999999788,"[27, 27]","[0, 0]","[0, 0]",10
29,"[2, 3]",79.9499999999976,"[26, 26]","[0, 0]","[0, 0]",10
30,"[2, 3]",82.39999999999746,"[29, 29]","[0, 0]","[0, 0]",10
31,"[2, 3]",84.99999999999731,"[30, 30]","[0, 0]","[0, 0]",10
32,"[2, 3]",87.99999999999714,"[31, 31]","[0, 0]","[0, 0]",10
33,"[2, 3]",91.44999999999695,"[32, 32]","[0, 0]","[0, 0]",10
34,"[2, 3]",95.04999999999674,"[33, 33]","[5.849999999999987, 0]","[0, 0]",10
35,"[0, 1]",67.84999999999829,"[28, 28]","[0, 0]","[0, 0]",10
36,"[0, 1]",71.2999999999981,"[35, 35]","[0, 0]","[0, 0]",10
37,"[2, 3]",94.1499999999968,"[34, 34]","[8.74999999999999, 0]","[0, 0]",10
38,"[0, 1]",71.79999999999806,"[36, 36]","[0, 0]","[0, 0]",10
39,"[0, 1]",74.24999999999793,"[38, 38]","[0, 0]","[0, 0]",10
40,"[0, 1]",76.3999999999978,"[39, 39]","[0, 0]","[0, 0]",10
41,"[0, 1]",78.49999999999768,"[40, 40]","[0, 0]","[0, 0]",10
42,"[2, 3]",88.7999999999971,"[37, 37]","[4.249999999999993, 0]","[0, 0]",10
43,"[0, 1]",78.2499999999977,"[41, 41]","[0, 0]","[0, 0]",10
44,"[0, 1]",80.29999999999758,"[43, 43]","[0, 0]","[0, 0]",10
45,"[2, 3]",87.89999999999715,"[42, 42]","[0, 0]","[0, 0]",10
46,"[2, 3]",91.54999999999694,"[45, 45]","[0, 0]","[0, 0]",10
47,"[2, 3]",95.19999999999673,"[46, 46]","[0, 0]","[0, 0]",10
48,"[0, 1]",75.79999999999784,"[44, 44]","[0, 0]","[0, 0]",10
49,"[0, 1]",78.34999999999769,"[48, 48]","[0, 0]","[0, 0]",10
50,"[2, 3]",94.29999999999679,"[47, 47]","[0, 0]","[0, 0]",10
51,"[0, 1]",78.84999999999766,"[49, 49]","[0, 0]","[0, 0]",10
52,"[0, 1]",81.6499999999975,"[51, 51]","[0, 0]","[0, 0]",10
53,"[0, 1]",84.44999999999735,"[52, 52]","[0, 0]","[0, 0]",10
54,"[0, 1]",87.24999999999719,"[53, 53]","[0, 0]","[0, 0]",10
55,"[2, 3]",88.94999999999709,"[50, 50]","[0, 0]","[0, 0]",10
56,"[0, 1]",87.74999999999716,"[54, 54]","[0, 0]","[0, 0]",10
57,"[2, 3]",90.29999999999701,"[55, 55]","[0, 0]","[0, 0]",10
58,"[2, 3]",93.84999999999681,"[57, 57]","[0, 0]","[0, 0]",10
59,"[0, 1]",86.04999999999725,"[56, 56]","[0, 0]","[0, 0]",10
60,"[2, 3]",95.24999999999673,"[58, 58]","[0, 0]","[0, 0]",10
61,"[2, 3]",98.84999999999653,"[60, 60]","[0, 0]","[0, 0]",10
62,"[2, 3]",102.44999999999632,"[61, 61]","[0, 0]","[0, 0]",10
63,"[2, 3]",106.14999999999611,"[62, 62]","[0, 0]","[0, 0]",10
64,"[2, 3]",109.74999999999591,"[63, 63]","[0, 0]","[0, 0]",10
65,"[0, 1]",77.54999999999774,"[59, 59]","[0, 0]","[0, 0]",10
66,"[0, 1]",80.34999999999758,"[65, 65]","[0, 0]","[0, 0]",10
67,"[0, 1]",83.19999999999742,"[66, 66]","[0, 0]","[0, 0]",10
68,"[2, 3]",106.64999999999608,"[64, 64]","[0, 0]","[0, 0]",10
69,"[0, 1]",83.69999999999739,"[67, 67]","[0, 0]","[0, 0]",10
70,"[0, 1]",86.44999999999723,"[69, 69]","[0, 0]","[0, 0]",10
71,"[2, 3]",105.74999999999613,"[68, 68]","[0, 0]","[0, 0]",10
72,"[2, 3]",109.39999999999593,"[71, 71]","[0, 0]","[0, 0]",10
73,"[2, 3]",113.04999999999572,"[72, 72]","[0, 0]","[0, 0]",10
74,"[0, 1]",82.44999999999746,"[70, 70]","[0, 0]","[0, 0]",10
75,"[0, 1]",85.2499999999973,"[74, 74]","[0, 0]","[0, 0]",10
76,"[0, 1]",88.04999999999714,"[75, 75]","[0, 0]","[0, 0]",10
77,"[2, 3]",109.8999999999959,"[73, 73]","[0, 0]","[0, 0]",10
78,"[2, 3]",113.54999999999569,"[77, 77]","[0, 0]","[0, 0]",10
79,"[0, 1]",86.29999999999724,"[76, 76]","[0, 0]","[0, 0]",10
0,"[2, 3]",67.79999999999829,"[-999, -999]","[0, 0]","[0, 0]",11
1,"[2, 3]",71.79999999999806,"[0, 0]","[0, 0]","[0, 0]",11
2,"[0, 1]",67.44999999999831,"[-999, -999]","[0, 0]","[0, 0]",11
3,"[2, 3]",72.74999999999801,"[1, 1]","[0, 0]","[0, 0]",11
4,"[2, 3]",75.64999999999785,"[3, 3]","[0, 0]","[0, 0]",11
5,"[2, 3]",78.34999999999769,"[4, 4]","[0, 0]","[0, 0]",11
6,"[0, 1]",67.94999999999828,"[2, 2]","[0, 0]","[0, 0]",11
7,"[2, 3]",78.74999999999767,"[5, 5]","[0, 0]","[0, 0]",11
8,"[0, 1]",69.3999999999982,"[6, 6]","[0, 0]","[0, 0]",11
9,"[0, 1]",72.29999999999804,"[8, 8]","[0, 0]","[0, 0]",11
10,"[0, 1]",74.7999999999979,"[9, 9]","[0, 0]","[0, 0]",11
11,"[2, 3]",74.44999999999791,"[7, 7]","[0, 0]","[0, 0]",11
12,"[0, 1]",74.7499999999979,"[10, 10]","[0, 0]","[0, 0]",11
13,"[2, 3]",74.7499999999979,"[11, 11]","[0, 0]","[0, 0]",11
14,"[2, 3]",77.34999999999775,"[13, 13]","[0, 0]","[0, 0]",11
15,"[2, 3]",79.9499999999976,"[14, 14]","[0, 0]","[0, 0]",11
16,"[2, 3]",82.44999999999746,"[15, 15]","[0, 0]","[0, 0]",11
17,"[0, 1]",68.89999999999823,"[12, 12]","[0, 0]","[0, 0]",11
18,"[0, 1]",71.84999999999806,"[17, 17]","[0, 0]","[0, 0]",11
19,"[0, 1]",74.34999999999792,"[18, 18]","[0, 0]","[0, 0]",11
20,"[0, 1]",76.69999999999779,"[19, 19]","[0, 0]","[0, 0]",11
21,"[0, 1]",78.84999999999766,"[20, 20]","[0, 0]","[0, 0]",11
22,"[2, 3]",73.64999999999796,"[16, 16]","[0, 0]","[0, 0]",11
23,"[0, 1]",78.64999999999768,"[21, 21]","[0, 0]","[0, 0]",11
24,"[0, 1]",80.59999999999756,"[23, 23]","[0, 0]","[0, 0]",11
25,"[2, 3]",71.54999999999808,"[22, 22]","[0, 0]","[0, 0]",11
26,"[2, 3]",74.09999999999793,"[25, 25]","[0, 0]","[0, 0]",11
27,"[0, 1]",78.1999999999977,"[24, 24]","[0, 0]","[0, 0]",11
28,"[2, 3]",74.49999999999791,"[26, 26]","[0, 0]","[0, 0]",11
29,"[2, 3]",77.04999999999777,"[28, 28]","[0, 0]","[0, 0]",11
30,"[2, 3]",79.64999999999762,"[29, 29]","[0, 0]","[0, 0]",11
31,"[0, 1]",73.74999999999795,"[27, 27]","[0, 0]","[0, 0]",11
32,"[2, 3]",79.8999999999976,"[30, 30]","[0, 0]","[0, 0]",11
33,"[2, 3]",82.39999999999746,"[32, 32]","[0, 0]","[0, 0]",11
34,"[2, 3]",84.94999999999732,"[33, 33]","[0, 0]","[0, 0]",11
35,"[0, 1]",69.2999999999982,"[31, 31]","[0, 0]","[0, 0]",11
36,"[0, 1]",71.89999999999806,"[35, 35]","[0, 0]","[0, 0]",11
37,"[0, 1]",74.39999999999792,"[36, 36]","[0, 0]","[0, 0]",11
38,"[2, 3]",81.29999999999752,"[34, 34]","[0, 0]","[0, 0]",11
39,"[0, 1]",74.44999999999791,"[37, 37]","[0, 0]","[0, 0]",11
40,"[2, 3]",82.54999999999745,"[38, 38]","[0, 0]","[0, 0]",11
41,"[2, 3]",86.09999999999725,"[40, 40]","[0, 0]","[0, 0]",11
42,"[2, 3]",89.79999999999704,"[41, 41]","[7.249999999999982, 0]","[0, 0]",11
43,"[0, 1]",70.14999999999816,"[39, 39]","[0, 0]","[0, 0]",11
44,"[0, 1]",72.54999999999802,"[43, 43]","[0, 0]","[0, 0]",11
45,"[2, 3]",88.8499999999971,"[42, 42]","[4.449999999999992, 0]","[0, 0]",11
46,"[0, 1]",72.54999999999802,"[44, 44]","[0, 0]","[0, 0]",11
47,"[2, 3]",90.24999999999702,"[45, 45]","[1.800000000000001, 0]","[0, 0]",11
48,"[2, 3]",93.89999999999681,"[47, 47]","[0, 0]","[0, 0]",11
49,"[0, 1]",70.44999999999814,"[46, 46]","[0, 0]","[0, 0]",11
50,"[0, 1]",72.74999999999801,"[49, 49]","[0, 0]","[0, 0]",11
51,"[0, 1]",74.99999999999788,"[50, 50]","[0, 0]","[0, 0]",11
52,"[2, 3]",90.74999999999699,"[48, 48]","[0, 0]","[0, 0]",11
53,"[0, 1]",74.84999999999789,"[51, 51]","[0, 0]","[0, 0]",11
54,"[0, 1]",76.94999999999777,"[53, 53]","[0, 0]","[0, 0]",11
55,"[2, 3]",89.89999999999704,"[52, 52]","[0, 0]","[0, 0]",11
56,"[0, 1]",76.64999999999779,"[54, 54]","[0, 0]","[0, 0]",11
57,"[2, 3]",91.29999999999696,"[55, 55]","[0, 0]","[0, 0]",11
58,"[2, 3]",94.89999999999675,"[57, 57]","[0, 0]","[0, 0]",11
59,"[2, 3]",98.54999999999654,"[58, 58]","[0, 0]","[0, 0]",11
60,"[0, 1]",71.84999999999806,"[56, 56]","[0, 0]","[0, 0]",11
61,"[2, 3]",99.94999999999646,"[59, 59]","[0, 0]","[0, 0]",11
62,"[0, 1]",71.59999999999808,"[60, 60]","[0, 0]","[0, 0]",11
63,"[2, 3]",101.34999999999638,"[61, 61]","[0, 0]","[0, 0]",11
64,"[2, 3]",104.94999999999618,"[63, 63]","[0, 0]","[0, 0]",11
65,"[0, 1]",69.59999999999819,"[62, 62]","[0, 0]","[0, 0]",11
66,"[0, 1]",72.14999999999804,"[65, 65]","[0, 0]","[0, 0]",11
67,"[0, 1]",74.5999999999979,"[66, 66]","[0, 0]","[0, 0]",11
68,"[2, 3]",101.79999999999636,"[64, 64]","[0, 0]","[0, 0]",11
69,"[0, 1]",74.54999999999791,"[67, 67]","[0, 0]","[0, 0]",11
70,"[0, 1]",76.64999999999779,"[69, 69]","[0, 0]","[0, 0]",11
71,"[2, 3]",100.94999999999641,"[68, 68]","[0, 0]","[0, 0]",11
72,"[0, 1]",76.4499999999978,"[70, 70]","[0, 0]","[0, 0]",11
73,"[2, 3]",102.29999999999633,"[71, 71]","[0, 0]","[0, 0]",11
74,"[0, 1]",76.14999999999782,"[72, 72]","[0, 0]","[0, 0]",11
75,"[0, 1]",78.1999999999977,"[74, 74]","[0, 0]","[0, 0]",11
76,"[0, 1]",80.39999999999758,"[75, 75]","[0, 0]","[0, 0]",11
77,"[2, 3]",99.1999999999965,"[73, 73]","[0, 0]","[0, 0]",11
78,"[2, 3]",102.7999999999963,"[77, 77]","[0, 0]","[0, 0]",11
79,"[0, 1]",78.39999999999769,"[76, 76]","[0, 0]","[0, 0]",11
0,"[0, 1]",67.44999999999831,"[-999, -999]","[0, 0]","[0, 0]",12
1,"[2, 3]",67.79999999999829,"[-999, -999]","[0, 0]","[0, 0]",12
2,"[0, 1]",69.24999999999821,"[0, 0]","[0, 0]","[0, 0]",12
3,"[2, 3]",69.84999999999818,"[1, 1]","[0, 0]","[0, 0]",12
4,"[0, 1]",70.04999999999816,"[2, 2]","[0, 0]","[0, 0]",12
5,"[2, 3]",70.89999999999812,"[3, 3]","[0, 0]","[0, 0]",12
6,"[0, 1]",70.49999999999814,"[4, 4]","[0, 0]","[0, 0]",12
7,"[0, 1]",72.999999999998,"[6, 6]","[0, 0]","[0, 0]",12
8,"[2, 3]",69.99999999999817,"[5, 5]","[0, 0]","[0, 0]",12
9,"[2, 3]",73.14999999999799,"[8, 8]","[0, 0]","[0, 0]",12
10,"[0, 1]",70.84999999999812,"[7, 7]","[0, 0]","[0, 0]",12
11,"[0, 1]",73.09999999999799,"[10, 10]","[0, 0]","[0, 0]",12
12,"[2, 3]",71.54999999999808,"[9, 9]","[0, 0]","[0, 0]",12
13,"[2, 3]",74.34999999999792,"[12, 12]","[0, 0]","[0, 0]",12
14,"[0, 1]",70.89999999999812,"[11, 11]","[0, 0]","[0, 0]",12
15,"[2, 3]",74.84999999999789,"[13, 13]","[0, 0]","[0, 0]",12
16,"[0, 1]",70.94999999999811,"[14, 14]","[0, 0]","[0, 0]",12
17,"[0, 1]",73.19999999999798,"[16, 16]","[0, 0]","[0, 0]",12
18,"[0, 1]",75.34999999999786,"[17, 17]","[0, 0]","[0, 0]",12
19,"[0, 1]",77.44999999999774,"[18, 18]","[0, 0]","[0, 0]",12
20,"[2, 3]",69.64999999999819,"[15, 15]","[0, 0]","[0, 0]",12
21,"[0, 1]",77.19999999999776,"[19, 19]","[0, 0]","[0, 0]",12
22,"[2, 3]",70.74999999999812,"[20, 20]","[0, 0]","[0, 0]",12
23,"[0, 1]",76.94999999999777,"[21, 21]","[0, 0]","[0, 0]",12
24,"[0, 1]",79.04999999999765,"[23, 23]","[0, 0]","[0, 0]",12
25,"[0, 1]",81.44999999999752,"[24, 24]","[0, 0]","[0, 0]",12
26,"[2, 3]",69.14999999999822,"[22, 22]","[0, 0]","[0, 0]",12
27,"[0, 1]",81.8499999999975,"[25, 25]","[0, 0]","[0, 0]",12
28,"[0, 1]",84.69999999999733,"[27, 27]","[0, 0]","[0, 0]",12
29,"[0, 1]",87.54999999999717,"[28, 28]","[0, 0]","[0, 0]",12
30,"[0, 1]",90.29999999999701,"[29, 29]","[0, 0]","[0, 0]",12
31,"[0, 1]",93.09999999999685,"[30, 30]","[0, 0]","[0, 0]",12
32,"[0, 1]",95.8499999999967,"[31, 31]","[0, 0]","[0, 0]",12
33,"[0, 1]",98.64999999999654,"[32, 32]","[0, 0]","[0, 0]",12
34,"[2, 3]",68.19999999999827,"[26, 26]","[0, 0]","[0, 0]",12
35,"[2, 3]",72.14999999999804,"[34, 34]","[0, 0]","[0, 0]",12
36,"[0, 1]",96.89999999999664,"[33, 33]","[0, 0]","[0, 0]",12
37,"[2, 3]",73.14999999999799,"[35, 35]","[0, 0]","[0, 0]",12
38,"[2, 3]",75.99999999999783,"[37, 37]","[0, 0]","[0, 0]",12
39,"[0, 1]",95.14999999999674,"[36, 36]","[0, 0]","[0, 0]",12
40,"[2, 3]",76.4999999999978,"[38, 38]","[0, 0]","[0, 0]",12
41,"[0, 1]",95.6999999999967,"[39, 39]","[0, 0]","[0, 0]",12
42,"[2, 3]",76.84999999999778,"[40, 40]","[0, 0]","[0, 0]",12
43,"[0, 1]",96.14999999999668,"[41, 41]","[0, 0]","[0, 0]",12
44,"[0, 1]",98.94999999999652,"[43, 43]","[0, 0]","[0, 0]",12
45,"[0, 1]",101.74999999999636,"[44, 44]","[0, 0]","[0, 0]",12
46,"[2, 3]",72.59999999999802,"[42, 42]","[0, 0]","[0, 0]",12
47,"[2, 3]",74.99999999999788,"[46, 46]","[0, 0]","[0, 0]",12
48,"[2, 3]",77.44999999999774,"[47, 47]","[0, 0]","[0, 0]",12
49,"[0, 1]",97.74999999999659,"[45, 45]","[0, 0]","[0, 0]",12
50,"[0, 1]",100.49999999999643,"[49, 49]","[0, 0]","[0, 0]",12
51,"[0, 1]",103.24999999999628,"[50, 50]","[0, 0]","[0, 0]",12
52,"[0, 1]",105.99999999999612,"[51, 51]","[0, 0]","[0, 0]",12
53,"[0, 1]",108.79999999999596,"[52, 52]","[0, 0]","[0, 0]",12
54,"[0, 1]",111.5499999999958,"[53, 53]","[0, 0]","[0, 0]",12
55,"[2, 3]",69.09999999999822,"[48, 48]","[0, 0]","[0, 0]",12
56,"[0, 1]",112.14999999999577,"[54, 54]","[0, 0]","[0, 0]",12
57,"[2, 3]",70.44999999999814,"[55, 55]","[0, 0]","[0, 0]",12
58,"[2, 3]",73.49999999999797,"[57, 57]","[0, 0]","[0, 0]",12
59,"[2, 3]",76.3499999999978,"[58, 58]","[0, 0]","[0, 0]",12
60,"[0, 1]",108.149999999996,"[56, 56]","[0, 0]","[0, 0]",12
61,"[2, 3]",76.84999999999778,"[59, 59]","[0, 0]","[0, 0]",12
62,"[0, 1]",108.59999999999597,"[60, 60]","[0, 0]","[0, 0]",12
63,"[2, 3]",77.24999999999775,"[61, 61]","[0, 0]","[0, 0]",12
64,"[0, 1]",109.09999999999594,"[62, 62]","[0, 0]","[0, 0]",12
65,"[0, 1]",111.89999999999579,"[64, 64]","[0, 0]","[0, 0]",12
66,"[0, 1]",114.69999999999563,"[65, 65]","[0, 0]","[0, 0]",12
67,"[0, 1]",117.44999999999547,"[66, 66]","[0, 0]","[0, 0]",12
68,"[2, 3]",70.99999999999811,"[63, 63]","[0, 0]","[0, 0]",12
69,"[0, 1]",117.99999999999544,"[67, 67]","[0, 0]","[0, 0]",12
70,"[0, 1]",120.74999999999528,"[69, 69]","[0, 0]","[0, 0]",12
71,"[2, 3]",69.94999999999817,"[68, 68]","[0, 0]","[0, 0]",12
72,"[2, 3]",73.14999999999799,"[71, 71]","[0, 0]","[0, 0]",12
73,"[2, 3]",76.09999999999782,"[72, 72]","[0, 0]","[0, 0]",12
74,"[0, 1]",116.7999999999955,"[70, 70]","[0, 0]","[0, 0]",12
75,"[0, 1]",119.59999999999535,"[74, 74]","[0, 0]","[0, 0]",12
76,"[0, 1]",122.39999999999519,"[75, 75]","[0, 0]","[0, 0]",12
77,"[0, 1]",125.09999999999503,"[76, 76]","[0, 0]","[0, 0]",12
78,"[2, 3]",70.34999999999815,"[73, 73]","[0, 0]","[0, 0]",12
79,"[0, 1]",125.599999999995,"[77, 77]","[0, 0]","[0, 0]",12
0,"[2, 3]",67.79999999999829,"[-999, -999]","[0, 0]","[0, 0]",13
1,"[0, 1]",67.44999999999831,"[-999, -999]","[0, 0]","[0, 0]",13
2,"[0, 1]",71.1499999999981,"[1, 1]","[0, 0]","[0, 0]",13
3,"[0, 1]",73.99999999999794,"[2, 2]","[0, 0]","[0, 0]",13
4,"[0, 1]",76.4499999999978,"[3, 3]","[0, 0]","[0, 0]",13
5,"[2, 3]",68.44999999999825,"[0, 0]","[0, 0]","[0, 0]",13
6,"[0, 1]",76.3499999999978,"[4, 4]","[0, 0]","[0, 0]",13
7,"[2, 3]",70.19999999999816,"[5, 5]","[0, 0]","[0, 0]",13
8,"[0, 1]",76.19999999999781,"[6, 6]","[0, 0]","[0, 0]",13
9,"[0, 1]",78.1999999999977,"[8, 8]","[0, 0]","[0, 0]",13
10,"[0, 1]",80.19999999999759,"[9, 9]","[0, 0]","[0, 0]",13
11,"[2, 3]",68.99999999999822,"[7, 7]","[0, 0]","[0, 0]",13
12,"[2, 3]",72.69999999999801,"[11, 11]","[0, 0]","[0, 0]",13
13,"[0, 1]",77.84999999999772,"[10, 10]","[0, 0]","[0, 0]",13
14,"[2, 3]",73.49999999999797,"[12, 12]","[0, 0]","[0, 0]",13
15,"[2, 3]",76.29999999999781,"[14, 14]","[0, 0]","[0, 0]",13
16,"[0, 1]",75.79999999999784,"[13, 13]","[0, 0]","[0, 0]",13
17,"[0, 1]",78.49999999999768,"[16, 16]","[0, 0]","[0, 0]",13
18,"[0, 1]",81.34999999999752,"[17, 17]","[0, 0]","[0, 0]",13
19,"[0, 1]",84.14999999999736,"[18, 18]","[0, 0]","[0, 0]",13
20,"[2, 3]",70.44999999999814,"[15, 15]","[0, 0]","[0, 0]",13
21,"[0, 1]",84.64999999999733,"[19, 19]","[0, 0]","[0, 0]",13
22,"[2, 3]",71.2499999999981,"[20, 20]","[0, 0]","[0, 0]",13
23,"[2, 3]",74.04999999999794,"[22, 22]","[0, 0]","[0, 0]",13
24,"[2, 3]",76.84999999999778,"[23, 23]","[0, 0]","[0, 0]",13
25,"[2, 3]",79.49999999999763,"[24, 24]","[0, 0]","[0, 0]",13
26,"[2, 3]",82.09999999999748,"[25, 25]","[0, 0]","[0, 0]",13
27,"[0, 1]",76.14999999999782,"[21, 21]","[0, 0]","[0, 0]",13
28,"[0, 1]",78.89999999999766,"[27, 27]","[0, 0]","[0, 0]",13
29,"[2, 3]",80.09999999999759,"[26, 26]","[0, 0]","[0, 0]",13
30,"[2, 3]",82.59999999999745,"[29, 29]","[0, 0]","[0, 0]",13
31,"[0, 1]",77.14999999999776,"[28, 28]","[0, 0]","[0, 0]",13
32,"[2, 3]",82.89999999999743,"[30, 30]","[0, 0]","[0, 0]",13
33,"[0, 1]",77.69999999999773,"[31, 31]","[0, 0]","[0, 0]",13
34,"[2, 3]",83.79999999999738,"[32, 32]","[0, 0]","[0, 0]",13
35,"[2, 3]",87.24999999999719,"[34, 34]","[0, 0]","[0, 0]",13
36,"[0, 1]",75.94999999999783,"[33, 33]","[0, 0]","[0, 0]",13
37,"[2, 3]",88.6499999999971,"[35, 35]","[6.399999999999985, 0]","[0, 0]",13
38,"[0, 1]",76.4999999999978,"[36, 36]","[0, 0]","[0, 0]",13
39,"[0, 1]",79.29999999999764,"[38, 38]","[0, 0]","[0, 0]",13
40,"[0, 1]",81.99999999999748,"[39, 39]","[0, 0]","[0, 0]",13
41,"[2, 3]",85.54999999999728,"[37, 37]","[5.399999999999989, 0]","[0, 0]",13
42,"[2, 3]",89.19999999999708,"[41, 41]","[3.2499999999999964, 0]","[0, 0]",13
43,"[0, 1]",80.29999999999758,"[40, 40]","[0, 0]","[0, 0]",13
44,"[0, 1]",82.99999999999743,"[43, 43]","[0, 0]","[0, 0]",13
45,"[2, 3]",88.29999999999713,"[42, 42]","[0, 0]","[0, 0]",13
46,"[0, 1]",83.4999999999974,"[44, 44]","[0, 0]","[0, 0]",13
47,"[2, 3]",89.69999999999705,"[45, 45]","[0, 0]","[0, 0]",13
48,"[0, 1]",83.99999999999737,"[46, 46]","[0, 0]","[0, 0]",13
49,"[0, 1]",86.79999999999721,"[48, 48]","[0, 0]","[0, 0]",13
50,"[2, 3]",88.7999999999971,"[47, 47]","[0, 0]","[0, 0]",13
51,"[0, 1]",87.24999999999719,"[49, 49]","[0, 0]","[0, 0]",13
52,"[0, 1]",90.04999999999703,"[51, 51]","[0, 0]","[0, 0]",13
53,"[0, 1]",92.74999999999687,"[52, 52]","[0, 0]","[0, 0]",13
54,"[0, 1]",95.49999999999672,"[53, 53]","[0, 0]","[0, 0]",13
55,"[2, 3]",83.4499999999974,"[50, 50]","[0, 0]","[0, 0]",13
56,"[0, 1]",96.04999999999669,"[54, 54]","[0, 0]","[0, 0]",13
57,"[2, 3]",84.84999999999732,"[55, 55]","[0, 0]","[0, 0]",13
58,"[2, 3]",88.49999999999712,"[57, 57]","[0, 0]","[0, 0]",13
59,"[2, 3]",92.09999999999691,"[58, 58]","[0, 0]","[0, 0]",13
60,"[0, 1]",92.09999999999691,"[56, 56]","[0, 0]","[0, 0]",13
61,"[2, 3]",93.44999999999683,"[59, 59]","[0, 0]","[0, 0]",13
62,"[2, 3]",97.04999999999663,"[61, 61]","[0, 0]","[0, 0]",13
63,"[0, 1]",90.34999999999701,"[60, 60]","[0, 0]","[0, 0]",13
64,"[2, 3]",98.44999999999655,"[62, 62]","[0, 0]","[0, 0]",13
65,"[0, 1]",90.84999999999698,"[63, 63]","[0, 0]","[0, 0]",13
66,"[0, 1]",93.59999999999683,"[65, 65]","[0, 0]","[0, 0]",13
67,"[0, 1]",96.39999999999667,"[66, 66]","[0, 0]","[0, 0]",13
68,"[2, 3]",95.39999999999672,"[64, 64]","[0, 0]","[0, 0]",13
69,"[0, 1]",96.94999999999663,"[67, 67]","[0, 0]","[0, 0]",13
70,"[0, 1]",99.74999999999648,"[69, 69]","[0, 0]","[0, 0]",13
71,"[2, 3]",94.49999999999677,"[68, 68]","[0, 0]","[0, 0]",13
72,"[2, 3]",98.09999999999657,"[71, 71]","[0, 0]","[0, 0]",13
73,"[2, 3]",101.69999999999636,"[72, 72]","[0, 0]","[0, 0]",13
74,"[0, 1]",95.6999999999967,"[70, 70]","[0, 0]","[0, 0]",13
75,"[0, 1]",98.44999999999655,"[74, 74]","[0, 0]","[0, 0]",13
76,"[0, 1]",101.1999999999964,"[75, 75]","[0, 0]","[0, 0]",13
77,"[2, 3]",98.54999999999654,"[73, 73]","[0, 0]","[0, 0]",13
78,"[2, 3]",102.14999999999634,"[77, 77]","[0, 0]","[0, 0]",13
79,"[0, 1]",99.44999999999649,"[76, 76]","[0, 0]","[0, 0]",13
0,"[0, 1]",67.44999999999831,"[-999, -999]","[0, 0]","[0, 0]",14
1,"[0, 1]",71.1499999999981,"[0, 0]","[0, 0]","[0, 0]",14
2,"[0, 1]",73.99999999999794,"[1, 1]","[0, 0]","[0, 0]",14
3,"[0, 1]",76.4499999999978,"[2, 2]","[0, 0]","[0, 0]",14
4,"[0, 1]",78.64999999999768,"[3, 3]","[0, 0]","[0, 0]",14
5,"[2, 3]",67.79999999999829,"[-999, -999]","[0, 0]","[0, 0]",14
6,"[0, 1]",78.49999999999768,"[4, 4]","[0, 0]","[0, 0]",14
7,"[2, 3]",69.84999999999818,"[5, 5]","[0, 0]","[0, 0]",14
8,"[0, 1]",78.1999999999977,"[6, 6]","[0, 0]","[0, 0]",14
9,"[2, 3]",70.89999999999812,"[7, 7]","[0, 0]","[0, 0]",14
10,"[0, 1]",77.94999999999771,"[8, 8]","[0, 0]","[0, 0]",14
11,"[0, 1]",80.09999999999759,"[10, 10]","[0, 0]","[0, 0]",14
12,"[0, 1]",82.54999999999745,"[11, 11]","[0, 0]","[0, 0]",14
13,"[2, 3]",69.14999999999822,"[9, 9]","[0, 0]","[0, 0]",14
14,"[2, 3]",72.74999999999801,"[13, 13]","[0, 0]","[0, 0]",14
15,"[2, 3]",75.79999999999784,"[14, 14]","[0, 0]","[0, 0]",14
16,"[0, 1]",78.49999999999768,"[12, 12]","[0, 0]","[0, 0]",14
17,"[0, 1]",81.34999999999752,"[16, 16]","[0, 0]","[0, 0]",14
18,"[0, 1]",84.14999999999736,"[17, 17]","[0, 0]","[0, 0]",14
19,"[0, 1]",86.8999999999972,"[18, 18]","[0, 0]","[0, 0]",14
20,"[0, 1]",89.64999999999705,"[19, 19]","[0, 0]","[0, 0]",14
21,"[0, 1]",92.3999999999969,"[20, 20]","[0, 0]","[0, 0]",14
22,"[2, 3]",68.84999999999823,"[15, 15]","[0, 0]","[0, 0]",14
23,"[0, 1]",92.94999999999686,"[21, 21]","[0, 0]","[0, 0]",14
24,"[0, 1]",95.6999999999967,"[23, 23]","[0, 0]","[0, 0]",14
25,"[0, 1]",98.49999999999655,"[24, 24]","[0, 0]","[0, 0]",14
26,"[2, 3]",68.79999999999824,"[22, 22]","[0, 0]","[0, 0]",14
27,"[0, 1]",98.94999999999652,"[25, 25]","[0, 0]","[0, 0]",14
28,"[2, 3]",70.29999999999815,"[26, 26]","[0, 0]","[0, 0]",14
29,"[2, 3]",73.44999999999797,"[28, 28]","[0, 0]","[0, 0]",14
30,"[2, 3]",76.3499999999978,"[29, 29]","[0, 0]","[0, 0]",14
31,"[2, 3]",79.09999999999765,"[30, 30]","[0, 0]","[0, 0]",14
32,"[0, 1]",92.74999999999687,"[27, 27]","[0, 0]","[0, 0]",14
33,"[0, 1]",95.49999999999672,"[32, 32]","[0, 0]","[0, 0]",14
34,"[2, 3]",77.19999999999776,"[31, 31]","[0, 0]","[0, 0]",14
35,"[0, 1]",96.04999999999669,"[33, 33]","[0, 0]","[0, 0]",14
36,"[0, 1]",98.84999999999653,"[35, 35]","[0, 0]","[0, 0]",14
37,"[0, 1]",101.64999999999637,"[36, 36]","[0, 0]","[0, 0]",14
38,"[0, 1]",104.34999999999621,"[37, 37]","[0, 0]","[0, 0]",14
39,"[0, 1]",107.09999999999606,"[38, 38]","[0, 0]","[0, 0]",14
40,"[2, 3]",69.74999999999818,"[34, 34]","[0, 0]","[0, 0]",14
41,"[2, 3]",73.09999999999799,"[40, 40]","[0, 0]","[0, 0]",14
42,"[2, 3]",76.04999999999782,"[41, 41]","[0, 0]","[0, 0]",14
43,"[0, 1]",103.14999999999628,"[39, 39]","[0, 0]","[0, 0]",14
44,"[0, 1]",105.89999999999613,"[43, 43]","[0, 0]","[0, 0]",14
45,"[2, 3]",74.39999999999792,"[42, 42]","[0, 0]","[0, 0]",14
46,"[0, 1]",106.3999999999961,"[44, 44]","[0, 0]","[0, 0]",14
47,"[2, 3]",74.89999999999789,"[45, 45]","[0, 0]","[0, 0]",14
48,"[2, 3]",77.49999999999774,"[47, 47]","[0, 0]","[0, 0]",14
49,"[0, 1]",104.6499999999962,"[46, 46]","[0, 0]","[0, 0]",14
50,"[2, 3]",77.84999999999772,"[48, 48]","[0, 0]","[0, 0]",14
51,"[0, 1]",105.19999999999617,"[49, 49]","[0, 0]","[0, 0]",14
52,"[2, 3]",78.04999999999771,"[50, 50]","[0, 0]","[0, 0]",14
53,"[0, 1]",105.69999999999614,"[51, 51]","[0, 0]","[0, 0]",14
54,"[2, 3]",78.0999999999977,"[52, 52]","[0, 0]","[0, 0]",14
55,"[2, 3]",80.39999999999758,"[54, 54]","[0, 0]","[0, 0]",14
56,"[0, 1]",103.99999999999623,"[53, 53]","[0, 0]","[0, 0]",14
57,"[2, 3]",80.64999999999756,"[55, 55]","[0, 0]","[0, 0]",14
58,"[2, 3]",83.5499999999974,"[57, 57]","[0, 0]","[0, 0]",14
59,"[2, 3]",86.9999999999972,"[58, 58]","[0, 0]","[0, 0]",14
60,"[0, 1]",99.99999999999646,"[56, 56]","[0, 0]","[0, 0]",14
61,"[2, 3]",88.24999999999713,"[59, 59]","[5.749999999999988, 0]","[0, 0]",14
62,"[2, 3]",91.94999999999692,"[61, 61]","[8.599999999999987, 0]","[0, 0]",14
63,"[2, 3]",95.54999999999671,"[62, 62]","[6.249999999999986, 0]","[0, 0]",14
64,"[2, 3]",99.14999999999651,"[63, 63]","[4.549999999999992, 0]","[0, 0]",14
65,"[0, 1]",93.74999999999682,"[60, 60]","[0, 0]","[0, 0]",14
66,"[0, 1]",96.49999999999666,"[65, 65]","[0, 0]","[0, 0]",14
67,"[0, 1]",99.2999999999965,"[66, 66]","[0, 0]","[0, 0]",14
68,"[2, 3]",96.09999999999668,"[64, 64]","[2.9999999999999973, 0]","[0, 0]",14
69,"[0, 1]",99.84999999999647,"[67, 67]","[0, 0]","[0, 0]",14
70,"[0, 1]",102.54999999999632,"[69, 69]","[0, 0]","[0, 0]",14
71,"[0, 1]",105.29999999999616,"[70, 70]","[0, 0]","[0, 0]",14
72,"[2, 3]",92.94999999999686,"[68, 68]","[0, 0]","[0, 0]",14
73,"[2, 3]",96.59999999999665,"[72, 72]","[0, 0]","[0, 0]",14
74,"[0, 1]",103.59999999999626,"[71, 71]","[0, 0]","[0, 0]",14
75,"[0, 1]",106.3999999999961,"[74, 74]","[0, 0]","[0, 0]",14
76,"[0, 1]",109.14999999999594,"[75, 75]","[0, 0]","[0, 0]",14
77,"[2, 3]",93.44999999999683,"[73, 73]","[0, 0]","[0, 0]",14
78,"[2, 3]",97.09999999999663,"[77, 77]","[0, 0]","[0, 0]",14
79,"[0, 1]",107.44999999999604,"[76, 76]","[0, 0]","[0, 0]",14
0,"[0, 1]",67.44999999999831,"[-999, -999]","[0, 0]","[0, 0]",15
1,"[2, 3]",67.79999999999829,"[-999, -999]","[0, 0]","[0, 0]",15
2,"[0, 1]",69.24999999999821,"[0, 0]","[0, 0]","[0, 0]",15
3,"[2, 3]",69.84999999999818,"[1, 1]","[0, 0]","[0, 0]",15
4,"[2, 3]",73.19999999999798,"[3, 3]","[0, 0]","[0, 0]",15
5,"[2, 3]",76.14999999999782,"[4, 4]","[0, 0]","[0, 0]",15
6,"[0, 1]",68.09999999999827,"[2, 2]","[0, 0]","[0, 0]",15
7,"[2, 3]",76.69999999999779,"[5, 5]","[0, 0]","[0, 0]",15
8,"[2, 3]",79.34999999999764,"[7, 7]","[0, 0]","[0, 0]",15
9,"[0, 1]",68.39999999999826,"[6, 6]","[0, 0]","[0, 0]",15
10,"[0, 1]",71.64999999999807,"[9, 9]","[0, 0]","[0, 0]",15
11,"[2, 3]",77.39999999999775,"[8, 8]","[0, 0]","[0, 0]",15
12,"[0, 1]",72.04999999999805,"[10, 10]","[0, 0]","[0, 0]",15
13,"[2, 3]",77.59999999999773,"[11, 11]","[0, 0]","[0, 0]",15
14,"[2, 3]",79.9499999999976,"[13, 13]","[0, 0]","[0, 0]",15
15,"[2, 3]",82.24999999999747,"[14, 14]","[0, 0]","[0, 0]",15
16,"[2, 3]",84.74999999999733,"[15, 15]","[0, 0]","[0, 0]",15
17,"[0, 1]",68.14999999999827,"[12, 12]","[0, 0]","[0, 0]",15
18,"[0, 1]",71.44999999999808,"[17, 17]","[0, 0]","[0, 0]",15
19,"[0, 1]",74.14999999999793,"[18, 18]","[0, 0]","[0, 0]",15
20,"[2, 3]",81.14999999999753,"[16, 16]","[0, 0]","[0, 0]",15
21,"[0, 1]",74.29999999999792,"[19, 19]","[0, 0]","[0, 0]",15
22,"[2, 3]",82.34999999999746,"[20, 20]","[0, 0]","[0, 0]",15
23,"[0, 1]",74.19999999999793,"[21, 21]","[0, 0]","[0, 0]",15
24,"[0, 1]",76.29999999999781,"[23, 23]","[0, 0]","[0, 0]",15
25,"[0, 1]",78.2999999999977,"[24, 24]","[0, 0]","[0, 0]",15
26,"[2, 3]",79.19999999999764,"[22, 22]","[0, 0]","[0, 0]",15
27,"[0, 1]",78.1499999999977,"[25, 25]","[0, 0]","[0, 0]",15
28,"[2, 3]",80.59999999999756,"[26, 26]","[0, 0]","[0, 0]",15
29,"[0, 1]",78.1999999999977,"[27, 27]","[0, 0]","[0, 0]",15
30,"[0, 1]",80.79999999999755,"[29, 29]","[0, 0]","[0, 0]",15
31,"[2, 3]",79.74999999999761,"[28, 28]","[0, 0]","[0, 0]",15
32,"[0, 1]",81.34999999999752,"[30, 30]","[0, 0]","[0, 0]",15
33,"[2, 3]",81.19999999999753,"[31, 31]","[0, 0]","[0, 0]",15
34,"[2, 3]",84.79999999999733,"[33, 33]","[0, 0]","[0, 0]",15
35,"[0, 1]",79.64999999999762,"[32, 32]","[0, 0]","[0, 0]",15
36,"[0, 1]",82.49999999999746,"[35, 35]","[0, 0]","[0, 0]",15
37,"[2, 3]",83.94999999999737,"[34, 34]","[0, 0]","[0, 0]",15
38,"[0, 1]",82.99999999999743,"[36, 36]","[0, 0]","[0, 0]",15
39,"[0, 1]",85.79999999999727,"[38, 38]","[0, 0]","[0, 0]",15
40,"[2, 3]",83.14999999999742,"[37, 37]","[0, 0]","[0, 0]",15
41,"[0, 1]",86.24999999999724,"[39, 39]","[0, 0]","[0, 0]",15
42,"[2, 3]",84.44999999999735,"[40, 40]","[0, 0]","[0, 0]",15
43,"[0, 1]",86.79999999999721,"[41, 41]","[0, 0]","[0, 0]",15
44,"[0, 1]",89.54999999999706,"[43, 43]","[0, 0]","[0, 0]",15
45,"[0, 1]",92.2999999999969,"[44, 44]","[0, 0]","[0, 0]",15
46,"[2, 3]",81.29999999999752,"[42, 42]","[0, 0]","[0, 0]",15
47,"[2, 3]",84.84999999999732,"[46, 46]","[0, 0]","[0, 0]",15
48,"[2, 3]",88.54999999999711,"[47, 47]","[0, 0]","[0, 0]",15
49,"[0, 1]",88.29999999999713,"[45, 45]","[0, 0]","[0, 0]",15
50,"[0, 1]",91.04999999999697,"[49, 49]","[0, 0]","[0, 0]",15
51,"[0, 1]",93.79999999999681,"[50, 50]","[0, 0]","[0, 0]",15
52,"[0, 1]",96.59999999999665,"[51, 51]","[0, 0]","[0, 0]",15
53,"[0, 1]",99.3999999999965,"[52, 52]","[0, 0]","[0, 0]",15
54,"[0, 1]",102.14999999999634,"[53, 53]","[0, 0]","[0, 0]",15
55,"[2, 3]",78.49999999999768,"[48, 48]","[0, 0]","[0, 0]",15
56,"[0, 1]",102.64999999999631,"[54, 54]","[0, 0]","[0, 0]",15
57,"[2, 3]",79.8499999999976,"[55, 55]","[0, 0]","[0, 0]",15
58,"[2, 3]",83.4999999999974,"[57, 57]","[0, 0]","[0, 0]",15
59,"[2, 3]",87.14999999999719,"[58, 58]","[0, 0]","[0, 0]",15
60,"[0, 1]",98.64999999999654,"[56, 56]","[0, 0]","[0, 0]",15
61,"[2, 3]",88.54999999999711,"[59, 59]","[0, 0]","[0, 0]",15
62,"[0, 1]",99.1999999999965,"[60, 60]","[0, 0]","[0, 0]",15
63,"[2, 3]",89.94999999999703,"[61, 61]","[3.949999999999994, 0]","[0, 0]",15
64,"[0, 1]",99.79999999999647,"[62, 62]","[0, 0]","[0, 0]",15
65,"[0, 1]",102.59999999999631,"[64, 64]","[0, 0]","[0, 0]",15
66,"[0, 1]",105.34999999999616,"[65, 65]","[0, 0]","[0, 0]",15
67,"[0, 1]",108.199999999996,"[66, 66]","[0, 0]","[0, 0]",15
68,"[2, 3]",84.54999999999734,"[63, 63]","[0, 0]","[0, 0]",15
69,"[0, 1]",108.69999999999597,"[67, 67]","[0, 0]","[0, 0]",15
70,"[0, 1]",111.44999999999581,"[69, 69]","[0, 0]","[0, 0]",15
71,"[2, 3]",83.69999999999739,"[68, 68]","[0, 0]","[0, 0]",15
72,"[2, 3]",87.29999999999718,"[71, 71]","[0, 0]","[0, 0]",15
73,"[2, 3]",90.89999999999698,"[72, 72]","[0, 0]","[0, 0]",15
74,"[0, 1]",107.39999999999604,"[70, 70]","[0, 0]","[0, 0]",15
75,"[0, 1]",110.14999999999588,"[74, 74]","[0, 0]","[0, 0]",15
76,"[0, 1]",112.94999999999573,"[75, 75]","[0, 0]","[0, 0]",15
77,"[2, 3]",87.79999999999715,"[73, 73]","[0, 0]","[0, 0]",15
78,"[2, 3]",91.44999999999695,"[77, 77]","[0, 0]","[0, 0]",15
79,"[0, 1]",111.24999999999582,"[76, 76]","[0, 0]","[0, 0]",15
0,"[0, 1]",67.44999999999831,"[-999, -999]","[0, 0]","[0, 0]",16
1,"[2, 3]",67.79999999999829,"[-999, -999]","[0, 0]","[0, 0]",16
2,"[0, 1]",69.24999999999821,"[0, 0]","[0, 0]","[0, 0]",16
3,"[0, 1]",72.19999999999804,"[2, 2]","[0, 0]","[0, 0]",16
4,"[2, 3]",69.09999999999822,"[1, 1]","[0, 0]","[0, 0]",16
5,"[2, 3]",72.69999999999801,"[4, 4]","[0, 0]","[0, 0]",16
6,"[0, 1]",70.34999999999815,"[3, 3]","[0, 0]","[0, 0]",16
7,"[0, 1]",72.79999999999801,"[6, 6]","[0, 0]","[0, 0]",16
8,"[0, 1]",75.09999999999788,"[7, 7]","[0, 0]","[0, 0]",16
9,"[2, 3]",69.84999999999818,"[5, 5]","[0, 0]","[0, 0]",16
10,"[0, 1]",74.99999999999788,"[8, 8]","[0, 0]","[0, 0]",16
11,"[2, 3]",70.79999999999812,"[9, 9]","[0, 0]","[0, 0]",16
12,"[2, 3]",73.74999999999795,"[11, 11]","[0, 0]","[0, 0]",16
13,"[0, 1]",72.54999999999802,"[10, 10]","[0, 0]","[0, 0]",16
14,"[2, 3]",74.24999999999793,"[12, 12]","[0, 0]","[0, 0]",16
15,"[2, 3]",76.94999999999777,"[14, 14]","[0, 0]","[0, 0]",16
16,"[0, 1]",70.24999999999815,"[13, 13]","[0, 0]","[0, 0]",16
17,"[0, 1]",72.54999999999802,"[16, 16]","[0, 0]","[0, 0]",16
18,"[0, 1]",74.84999999999789,"[17, 17]","[0, 0]","[0, 0]",16
19,"[0, 1]",76.99999999999777,"[18, 18]","[0, 0]","[0, 0]",16
20,"[0, 1]",79.09999999999765,"[19, 19]","[0, 0]","[0, 0]",16
21,"[0, 1]",81.04999999999754,"[20, 20]","[0, 0]","[0, 0]",16
22,"[2, 3]",68.99999999999822,"[15, 15]","[0, 0]","[0, 0]",16
23,"[2, 3]",72.69999999999801,"[22, 22]","[0, 0]","[0, 0]",16
24,"[2, 3]",75.74999999999784,"[23, 23]","[0, 0]","[0, 0]",16
25,"[2, 3]",78.64999999999768,"[24, 24]","[0, 0]","[0, 0]",16
26,"[2, 3]",81.34999999999752,"[25, 25]","[0, 0]","[0, 0]",16
27,"[0, 1]",71.74999999999807,"[21, 21]","[0, 0]","[0, 0]",16
28,"[2, 3]",81.6999999999975,"[26, 26]","[0, 0]","[0, 0]",16
29,"[0, 1]",71.54999999999808,"[27, 27]","[0, 0]","[0, 0]",16
30,"[0, 1]",73.59999999999796,"[29, 29]","[0, 0]","[0, 0]",16
31,"[2, 3]",79.64999999999762,"[28, 28]","[0, 0]","[0, 0]",16
32,"[2, 3]",82.19999999999747,"[31, 31]","[0, 0]","[0, 0]",16
33,"[2, 3]",84.99999999999731,"[32, 32]","[0, 0]","[0, 0]",16
34,"[2, 3]",88.34999999999712,"[33, 33]","[0, 0]","[0, 0]",16
35,"[0, 1]",68.44999999999825,"[30, 30]","[0, 0]","[0, 0]",16
36,"[0, 1]",71.54999999999808,"[35, 35]","[0, 0]","[0, 0]",16
37,"[2, 3]",87.39999999999718,"[34, 34]","[0, 0]","[0, 0]",16
38,"[0, 1]",71.94999999999806,"[36, 36]","[0, 0]","[0, 0]",16
39,"[0, 1]",74.34999999999792,"[38, 38]","[0, 0]","[0, 0]",16
40,"[2, 3]",86.44999999999723,"[37, 37]","[6.849999999999984, 0]","[0, 0]",16
41,"[2, 3]",90.14999999999702,"[40, 40]","[8.649999999999988, 0]","[0, 0]",16
42,"[2, 3]",93.79999999999681,"[41, 41]","[6.299999999999986, 0]","[0, 0]",16
43,"[0, 1]",70.09999999999816,"[39, 39]","[0, 0]","[0, 0]",16
44,"[0, 1]",72.49999999999802,"[43, 43]","[0, 0]","[0, 0]",16
45,"[2, 3]",92.84999999999687,"[42, 42]","[3.999999999999994, 0]","[0, 0]",16
46,"[2, 3]",96.44999999999666,"[45, 45]","[2.499999999999999, 0]","[0, 0]",16
47,"[2, 3]",100.09999999999646,"[46, 46]","[0.9500000000000003, 0]","[0, 0]",16
48,"[0, 1]",68.94999999999823,"[44, 44]","[0, 0]","[0, 0]",16
49,"[0, 1]",71.89999999999806,"[48, 48]","[0, 0]","[0, 0]",16
50,"[2, 3]",99.1999999999965,"[47, 47]","[0, 0]","[0, 0]",16
51,"[0, 1]",72.14999999999804,"[49, 49]","[0, 0]","[0, 0]",16
52,"[2, 3]",100.59999999999643,"[50, 50]","[0, 0]","[0, 0]",16
53,"[0, 1]",72.19999999999804,"[51, 51]","[0, 0]","[0, 0]",16
54,"[0, 1]",74.34999999999792,"[53, 53]","[0, 0]","[0, 0]",16
55,"[2, 3]",99.74999999999648,"[52, 52]","[0, 0]","[0, 0]",16
56,"[0, 1]",74.14999999999793,"[54, 54]","[0, 0]","[0, 0]",16
57,"[2, 3]",101.0999999999964,"[55, 55]","[0, 0]","[0, 0]",16
58,"[2, 3]",104.74999999999619,"[57, 57]","[0, 0]","[0, 0]",16
59,"[0, 1]",71.64999999999807,"[56, 56]","[0, 0]","[0, 0]",16
60,"[0, 1]",73.64999999999796,"[59, 59]","[0, 0]","[0, 0]",16
61,"[2, 3]",103.84999999999624,"[58, 58]","[0, 0]","[0, 0]",16
62,"[0, 1]",73.39999999999797,"[60, 60]","[0, 0]","[0, 0]",16
63,"[0, 1]",75.34999999999786,"[62, 62]","[0, 0]","[0, 0]",16
64,"[2, 3]",102.9499999999963,"[61, 61]","[0, 0]","[0, 0]",16
65,"[0, 1]",75.04999999999788,"[63, 63]","[0, 0]","[0, 0]",16
66,"[0, 1]",77.14999999999776,"[65, 65]","[0, 0]","[0, 0]",16
67,"[0, 1]",79.44999999999763,"[66, 66]","[0, 0]","[0, 0]",16
68,"[2, 3]",99.84999999999647,"[64, 64]","[0, 0]","[0, 0]",16
69,"[0, 1]",79.79999999999761,"[67, 67]","[0, 0]","[0, 0]",16
70,"[0, 1]",82.59999999999745,"[69, 69]","[0, 0]","[0, 0]",16
71,"[2, 3]",98.99999999999652,"[68, 68]","[0, 0]","[0, 0]",16
72,"[2, 3]",102.59999999999631,"[71, 71]","[0, 0]","[0, 0]",16
73,"[2, 3]",106.2999999999961,"[72, 72]","[0, 0]","[0, 0]",16
74,"[0, 1]",78.69999999999767,"[70, 70]","[0, 0]","[0, 0]",16
75,"[0, 1]",81.49999999999751,"[74, 74]","[0, 0]","[0, 0]",16
76,"[0, 1]",84.34999999999735,"[75, 75]","[0, 0]","[0, 0]",16
77,"[0, 1]",87.14999999999719,"[76, 76]","[0, 0]","[0, 0]",16
78,"[2, 3]",100.89999999999641,"[73, 73]","[0, 0]","[0, 0]",16
79,"[0, 1]",87.64999999999716,"[77, 77]","[0, 0]","[0, 0]",16
0,"[2, 3]",67.79999999999829,"[-999, -999]","[0, 0]","[0, 0]",17
1,"[2, 3]",71.79999999999806,"[0, 0]","[0, 0]","[0, 0]",17
2,"[0, 1]",67.44999999999831,"[-999, -999]","[0, 0]","[0, 0]",17
3,"[0, 1]",71.1499999999981,"[2, 2]","[0, 0]","[0, 0]",17
4,"[2, 3]",70.59999999999813,"[1, 1]","[0, 0]","[0, 0]",17
5,"[2, 3]",73.54999999999797,"[4, 4]","[0, 0]","[0, 0]",17
6,"[0, 1]",69.79999999999818,"[3, 3]","[0, 0]","[0, 0]",17
7,"[2, 3]",74.09999999999793,"[5, 5]","[0, 0]","[0, 0]",17
8,"[0, 1]",70.29999999999815,"[6, 6]","[0, 0]","[0, 0]",17
9,"[2, 3]",74.6499999999979,"[7, 7]","[0, 0]","[0, 0]",17
10,"[0, 1]",70.59999999999813,"[8, 8]","[0, 0]","[0, 0]",17
11,"[2, 3]",75.04999999999788,"[9, 9]","[0, 0]","[0, 0]",17
12,"[0, 1]",70.84999999999812,"[10, 10]","[0, 0]","[0, 0]",17
13,"[0, 1]",73.14999999999799,"[12, 12]","[0, 0]","[0, 0]",17
14,"[2, 3]",73.14999999999799,"[11, 11]","[0, 0]","[0, 0]",17
15,"[2, 3]",75.79999999999784,"[14, 14]","[0, 0]","[0, 0]",17
16,"[2, 3]",78.39999999999769,"[15, 15]","[0, 0]","[0, 0]",17
17,"[0, 1]",69.2999999999982,"[13, 13]","[0, 0]","[0, 0]",17
18,"[0, 1]",71.99999999999805,"[17, 17]","[0, 0]","[0, 0]",17
19,"[0, 1]",74.49999999999791,"[18, 18]","[0, 0]","[0, 0]",17
20,"[2, 3]",74.24999999999793,"[16, 16]","[0, 0]","[0, 0]",17
21,"[0, 1]",74.49999999999791,"[19, 19]","[0, 0]","[0, 0]",17
22,"[2, 3]",74.6499999999979,"[20, 20]","[0, 0]","[0, 0]",17
23,"[0, 1]",74.34999999999792,"[21, 21]","[0, 0]","[0, 0]",17
24,"[2, 3]",74.99999999999788,"[22, 22]","[0, 0]","[0, 0]",17
25,"[2, 3]",77.64999999999773,"[24, 24]","[0, 0]","[0, 0]",17
26,"[2, 3]",80.19999999999759,"[25, 25]","[0, 0]","[0, 0]",17
27,"[0, 1]",69.99999999999817,"[23, 23]","[0, 0]","[0, 0]",17
28,"[2, 3]",80.44999999999757,"[26, 26]","[0, 0]","[0, 0]",17
29,"[2, 3]",82.99999999999743,"[28, 28]","[0, 0]","[0, 0]",17
30,"[2, 3]",86.04999999999725,"[29, 29]","[0, 0]","[0, 0]",17
31,"[0, 1]",68.19999999999827,"[27, 27]","[0, 0]","[0, 0]",17
32,"[2, 3]",87.19999999999719,"[30, 30]","[0, 0]","[0, 0]",17
33,"[0, 1]",69.4999999999982,"[31, 31]","[0, 0]","[0, 0]",17
34,"[2, 3]",88.49999999999712,"[32, 32]","[0, 0]","[0, 0]",17
35,"[2, 3]",92.14999999999691,"[34, 34]","[8.499999999999986, 0]","[0, 0]",17
36,"[0, 1]",68.79999999999824,"[33, 33]","[0, 0]","[0, 0]",17
37,"[0, 1]",71.84999999999806,"[36, 36]","[0, 0]","[0, 0]",17
38,"[0, 1]",74.39999999999792,"[37, 37]","[0, 0]","[0, 0]",17
39,"[0, 1]",76.69999999999779,"[38, 38]","[0, 0]","[0, 0]",17
40,"[0, 1]",78.84999999999766,"[39, 39]","[0, 0]","[0, 0]",17
41,"[0, 1]",80.94999999999754,"[40, 40]","[0, 0]","[0, 0]",17
42,"[2, 3]",82.29999999999747,"[35, 35]","[0, 0]","[0, 0]",17
43,"[0, 1]",80.69999999999756,"[41, 41]","[0, 0]","[0, 0]",17
44,"[0, 1]",82.89999999999743,"[43, 43]","[0, 0]","[0, 0]",17
45,"[0, 1]",85.2999999999973,"[44, 44]","[0, 0]","[0, 0]",17
46,"[2, 3]",79.14999999999765,"[42, 42]","[0, 0]","[0, 0]",17
47,"[2, 3]",82.84999999999744,"[46, 46]","[0, 0]","[0, 0]",17
48,"[0, 1]",83.4499999999974,"[45, 45]","[0, 0]","[0, 0]",17
49,"[0, 1]",86.29999999999724,"[48, 48]","[0, 0]","[0, 0]",17
50,"[2, 3]",81.99999999999748,"[47, 47]","[0, 0]","[0, 0]",17
51,"[0, 1]",86.8999999999972,"[49, 49]","[0, 0]","[0, 0]",17
52,"[2, 3]",83.34999999999741,"[50, 50]","[0, 0]","[0, 0]",17
53,"[0, 1]",87.39999999999718,"[51, 51]","[0, 0]","[0, 0]",17
54,"[2, 3]",84.84999999999732,"[52, 52]","[0, 0]","[0, 0]",17
55,"[2, 3]",88.44999999999712,"[54, 54]","[1.5500000000000007, 0]","[0, 0]",17
56,"[0, 1]",85.64999999999728,"[53, 53]","[0, 0]","[0, 0]",17
57,"[2, 3]",89.84999999999704,"[55, 55]","[0.5499999999999999, 0]","[0, 0]",17
58,"[2, 3]",93.49999999999683,"[57, 57]","[0, 0]","[0, 0]",17
59,"[2, 3]",97.09999999999663,"[58, 58]","[0, 0]","[0, 0]",17
60,"[0, 1]",81.6499999999975,"[56, 56]","[0, 0]","[0, 0]",17
61,"[2, 3]",98.44999999999655,"[59, 59]","[0, 0]","[0, 0]",17
62,"[2, 3]",102.09999999999634,"[61, 61]","[0, 0]","[0, 0]",17
63,"[2, 3]",105.64999999999614,"[62, 62]","[0, 0]","[0, 0]",17
64,"[2, 3]",109.29999999999593,"[63, 63]","[0, 0]","[0, 0]",17
65,"[0, 1]",75.39999999999786,"[60, 60]","[0, 0]","[0, 0]",17
66,"[0, 1]",78.1499999999977,"[65, 65]","[0, 0]","[0, 0]",17
67,"[0, 1]",80.89999999999755,"[66, 66]","[0, 0]","[0, 0]",17
68,"[2, 3]",106.14999999999611,"[64, 64]","[0, 0]","[0, 0]",17
69,"[0, 1]",81.44999999999752,"[67, 67]","[0, 0]","[0, 0]",17
70,"[0, 1]",84.19999999999736,"[69, 69]","[0, 0]","[0, 0]",17
71,"[2, 3]",105.24999999999616,"[68, 68]","[0, 0]","[0, 0]",17
72,"[2, 3]",108.84999999999596,"[71, 71]","[0, 0]","[0, 0]",17
73,"[2, 3]",112.49999999999575,"[72, 72]","[0, 0]","[0, 0]",17
74,"[0, 1]",80.19999999999759,"[70, 70]","[0, 0]","[0, 0]",17
75,"[0, 1]",82.99999999999743,"[74, 74]","[0, 0]","[0, 0]",17
76,"[0, 1]",85.74999999999727,"[75, 75]","[0, 0]","[0, 0]",17
77,"[2, 3]",109.39999999999593,"[73, 73]","[0, 0]","[0, 0]",17
78,"[2, 3]",112.99999999999572,"[77, 77]","[0, 0]","[0, 0]",17
79,"[0, 1]",83.99999999999737,"[76, 76]","[0, 0]","[0, 0]",17
0,"[0, 1]",67.44999999999831,"[-999, -999]","[0, 0]","[0, 0]",18
1,"[0, 1]",71.1499999999981,"[0, 0]","[0, 0]","[0, 0]",18
2,"[0, 1]",73.99999999999794,"[1, 1]","[0, 0]","[0, 0]",18
3,"[2, 3]",67.79999999999829,"[-999, -999]","[0, 0]","[0, 0]",18
4,"[2, 3]",71.79999999999806,"[3, 3]","[0, 0]","[0, 0]",18
5,"[2, 3]",74.94999999999789,"[4, 4]","[0, 0]","[0, 0]",18
6,"[0, 1]",69.94999999999817,"[2, 2]","[0, 0]","[0, 0]",18
7,"[2, 3]",75.59999999999785,"[5, 5]","[0, 0]","[0, 0]",18
8,"[2, 3]",78.2999999999977,"[7, 7]","[0, 0]","[0, 0]",18
9,"[0, 1]",68.89999999999823,"[6, 6]","[0, 0]","[0, 0]",18
10,"[0, 1]",71.84999999999806,"[9, 9]","[0, 0]","[0, 0]",18
11,"[0, 1]",74.39999999999792,"[10, 10]","[0, 0]","[0, 0]",18
12,"[2, 3]",74.24999999999793,"[8, 8]","[0, 0]","[0, 0]",18
13,"[2, 3]",76.84999999999778,"[12, 12]","[0, 0]","[0, 0]",18
14,"[0, 1]",72.19999999999804,"[11, 11]","[0, 0]","[0, 0]",18
15,"[2, 3]",77.24999999999775,"[13, 13]","[0, 0]","[0, 0]",18
16,"[0, 1]",72.09999999999805,"[14, 14]","[0, 0]","[0, 0]",18
17,"[0, 1]",74.19999999999793,"[16, 16]","[0, 0]","[0, 0]",18
18,"[0, 1]",76.19999999999781,"[17, 17]","[0, 0]","[0, 0]",18
19,"[0, 1]",78.2499999999977,"[18, 18]","[0, 0]","[0, 0]",18
20,"[2, 3]",70.99999999999811,"[15, 15]","[0, 0]","[0, 0]",18
21,"[0, 1]",78.1999999999977,"[19, 19]","[0, 0]","[0, 0]",18
22,"[2, 3]",71.59999999999808,"[20, 20]","[0, 0]","[0, 0]",18
23,"[0, 1]",78.44999999999769,"[21, 21]","[0, 0]","[0, 0]",18
24,"[2, 3]",72.09999999999805,"[22, 22]","[0, 0]","[0, 0]",18
25,"[2, 3]",74.84999999999789,"[24, 24]","[0, 0]","[0, 0]",18
26,"[2, 3]",77.54999999999774,"[25, 25]","[0, 0]","[0, 0]",18
27,"[0, 1]",74.39999999999792,"[23, 23]","[0, 0]","[0, 0]",18
28,"[2, 3]",77.99999999999771,"[26, 26]","[0, 0]","[0, 0]",18
29,"[2, 3]",80.44999999999757,"[28, 28]","[0, 0]","[0, 0]",18
30,"[0, 1]",72.69999999999801,"[27, 27]","[0, 0]","[0, 0]",18
31,"[0, 1]",75.54999999999785,"[30, 30]","[0, 0]","[0, 0]",18
32,"[2, 3]",78.39999999999769,"[29, 29]","[0, 0]","[0, 0]",18
33,"[2, 3]",80.89999999999755,"[32, 32]","[0, 0]","[0, 0]",18
34,"[2, 3]",83.5999999999974,"[33, 33]","[0, 0]","[0, 0]",18
35,"[2, 3]",86.9499999999972,"[34, 34]","[0, 0]","[0, 0]",18
36,"[0, 1]",68.79999999999824,"[31, 31]","[0, 0]","[0, 0]",18
37,"[2, 3]",88.24999999999713,"[35, 35]","[0, 0]","[0, 0]",18
38,"[2, 3]",91.84999999999692,"[37, 37]","[7.499999999999981, 0]","[0, 0]",18
39,"[0, 1]",68.49999999999825,"[36, 36]","[0, 0]","[0, 0]",18
40,"[0, 1]",71.64999999999807,"[39, 39]","[0, 0]","[0, 0]",18
41,"[2, 3]",91.04999999999697,"[38, 38]","[9.55, 0]","[0, 0]",18
42,"[2, 3]",94.59999999999677,"[41, 41]","[7.199999999999982, 0]","[0, 0]",18
43,"[0, 1]",70.04999999999816,"[40, 40]","[0, 0]","[0, 0]",18
44,"[0, 1]",72.54999999999802,"[43, 43]","[0, 0]","[0, 0]",18
45,"[2, 3]",93.64999999999682,"[42, 42]","[4.94999999999999, 0]","[0, 0]",18
46,"[0, 1]",72.69999999999801,"[44, 44]","[0, 0]","[0, 0]",18
47,"[2, 3]",95.09999999999674,"[45, 45]","[2.499999999999999, 0]","[0, 0]",18
48,"[0, 1]",72.59999999999802,"[46, 46]","[0, 0]","[0, 0]",18
49,"[0, 1]",74.6999999999979,"[48, 48]","[0, 0]","[0, 0]",18
50,"[2, 3]",94.1499999999968,"[47, 47]","[0, 0]","[0, 0]",18
51,"[0, 1]",74.44999999999791,"[49, 49]","[0, 0]","[0, 0]",18
52,"[2, 3]",95.54999999999671,"[50, 50]","[0, 0]","[0, 0]",18
53,"[0, 1]",74.24999999999793,"[51, 51]","[0, 0]","[0, 0]",18
54,"[2, 3]",96.99999999999663,"[52, 52]","[0, 0]","[0, 0]",18
55,"[2, 3]",100.54999999999643,"[54, 54]","[0, 0]","[0, 0]",18
56,"[0, 1]",71.89999999999806,"[53, 53]","[0, 0]","[0, 0]",18
57,"[2, 3]",101.94999999999635,"[55, 55]","[0, 0]","[0, 0]",18
58,"[2, 3]",105.59999999999614,"[57, 57]","[0, 0]","[0, 0]",18
59,"[2, 3]",109.19999999999594,"[58, 58]","[0, 0]","[0, 0]",18
60,"[2, 3]",112.79999999999573,"[59, 59]","[0, 0]","[0, 0]",18
61,"[2, 3]",116.39999999999553,"[60, 60]","[0, 0]","[0, 0]",18
62,"[2, 3]",120.04999999999532,"[61, 61]","[0, 0]","[0, 0]",18
63,"[2, 3]",123.74999999999511,"[62, 62]","[0, 0]","[0, 0]",18
64,"[0, 1]",67.5999999999983,"[56, 56]","[0, 0]","[0, 0]",18
65,"[0, 1]",71.2499999999981,"[64, 64]","[0, 0]","[0, 0]",18
66,"[0, 1]",73.99999999999794,"[65, 65]","[0, 0]","[0, 0]",18
67,"[0, 1]",76.4499999999978,"[66, 66]","[0, 0]","[0, 0]",18
68,"[2, 3]",118.39999999999542,"[63, 63]","[0, 0]","[0, 0]",18
69,"[0, 1]",76.3999999999978,"[67, 67]","[0, 0]","[0, 0]",18
70,"[0, 1]",78.49999999999768,"[69, 69]","[0, 0]","[0, 0]",18
71,"[2, 3]",117.54999999999546,"[68, 68]","[0, 0]","[0, 0]",18
72,"[2, 3]",121.09999999999526,"[71, 71]","[0, 0]","[0, 0]",18
73,"[2, 3]",124.74999999999505,"[72, 72]","[0, 0]","[0, 0]",18
74,"[0, 1]",73.74999999999795,"[70, 70]","[0, 0]","[0, 0]",18
75,"[0, 1]",75.79999999999784,"[74, 74]","[0, 0]","[0, 0]",18
76,"[0, 1]",78.04999999999771,"[75, 75]","[0, 0]","[0, 0]",18
77,"[2, 3]",121.64999999999523,"[73, 73]","[0, 0]","[0, 0]",18
78,"[2, 3]",125.29999999999502,"[77, 77]","[0, 0]","[0, 0]",18
79,"[0, 1]",76.09999999999782,"[76, 76]","[0, 0]","[0, 0]",18
0,"[2, 3]",67.79999999999829,"[-999, -999]","[0, 0]","[0, 0]",19
1,"[0, 1]",67.44999999999831,"[-999, -999]","[0, 0]","[0, 0]",19
2,"[0, 1]",71.1499999999981,"[1, 1]","[0, 0]","[0, 0]",19
3,"[2, 3]",69.09999999999822,"[0, 0]","[0, 0]","[0, 0]",19
4,"[2, 3]",72.69999999999801,"[3, 3]","[0, 0]","[0, 0]",19
5,"[2, 3]",75.84999999999783,"[4, 4]","[0, 0]","[0, 0]",19
6,"[0, 1]",68.59999999999825,"[2, 2]","[0, 0]","[0, 0]",19
7,"[0, 1]",71.74999999999807,"[6, 6]","[0, 0]","[0, 0]",19
8,"[0, 1]",74.29999999999792,"[7, 7]","[0, 0]","[0, 0]",19
9,"[0, 1]",76.64999999999779,"[8, 8]","[0, 0]","[0, 0]",19
10,"[0, 1]",78.79999999999767,"[9, 9]","[0, 0]","[0, 0]",19
11,"[2, 3]",69.2999999999982,"[5, 5]","[0, 0]","[0, 0]",19
12,"[0, 1]",78.64999999999768,"[10, 10]","[0, 0]","[0, 0]",19
13,"[2, 3]",70.54999999999814,"[11, 11]","[0, 0]","[0, 0]",19
14,"[0, 1]",78.34999999999769,"[12, 12]","[0, 0]","[0, 0]",19
15,"[2, 3]",71.34999999999809,"[13, 13]","[0, 0]","[0, 0]",19
16,"[0, 1]",78.1499999999977,"[14, 14]","[0, 0]","[0, 0]",19
17,"[0, 1]",80.39999999999758,"[16, 16]","[0, 0]","[0, 0]",19
18,"[0, 1]",82.94999999999743,"[17, 17]","[0, 0]","[0, 0]",19
19,"[0, 1]",85.74999999999727,"[18, 18]","[0, 0]","[0, 0]",19
20,"[2, 3]",68.79999999999824,"[15, 15]","[0, 0]","[0, 0]",19
21,"[0, 1]",86.29999999999724,"[19, 19]","[0, 0]","[0, 0]",19
22,"[2, 3]",70.29999999999815,"[20, 20]","[0, 0]","[0, 0]",19
23,"[0, 1]",86.84999999999721,"[21, 21]","[0, 0]","[0, 0]",19
24,"[0, 1]",89.59999999999705,"[23, 23]","[0, 0]","[0, 0]",19
25,"[2, 3]",69.74999999999818,"[22, 22]","[0, 0]","[0, 0]",19
26,"[2, 3]",73.049999999998,"[25, 25]","[0, 0]","[0, 0]",19
27,"[0, 1]",87.84999999999715,"[24, 24]","[0, 0]","[0, 0]",19
28,"[2, 3]",73.74999999999795,"[26, 26]","[0, 0]","[0, 0]",19
29,"[0, 1]",88.34999999999712,"[27, 27]","[0, 0]","[0, 0]",19
30,"[2, 3]",74.34999999999792,"[28, 28]","[0, 0]","[0, 0]",19
31,"[2, 3]",77.04999999999777,"[30, 30]","[0, 0]","[0, 0]",19
32,"[0, 1]",86.59999999999722,"[29, 29]","[0, 0]","[0, 0]",19
33,"[2, 3]",77.44999999999774,"[31, 31]","[0, 0]","[0, 0]",19
34,"[2, 3]",79.9499999999976,"[33, 33]","[0, 0]","[0, 0]",19
35,"[2, 3]",82.39999999999746,"[34, 34]","[0, 0]","[0, 0]",19
36,"[0, 1]",82.59999999999745,"[32, 32]","[0, 0]","[0, 0]",19
37,"[0, 1]",85.39999999999729,"[36, 36]","[0, 0]","[0, 0]",19
38,"[2, 3]",80.54999999999757,"[35, 35]","[0, 0]","[0, 0]",19
39,"[0, 1]",85.99999999999726,"[37, 37]","[0, 0]","[0, 0]",19
40,"[2, 3]",81.54999999999751,"[38, 38]","[0, 0]","[0, 0]",19
41,"[0, 1]",86.44999999999723,"[39, 39]","[0, 0]","[0, 0]",19
42,"[2, 3]",82.74999999999744,"[40, 40]","[0, 0]","[0, 0]",19
43,"[0, 1]",86.9499999999972,"[41, 41]","[0, 0]","[0, 0]",19
44,"[0, 1]",89.74999999999704,"[43, 43]","[0, 0]","[0, 0]",19
45,"[2, 3]",81.8499999999975,"[42, 42]","[0, 0]","[0, 0]",19
46,"[0, 1]",90.24999999999702,"[44, 44]","[0, 0]","[0, 0]",19
47,"[2, 3]",83.19999999999742,"[45, 45]","[0, 0]","[0, 0]",19
48,"[2, 3]",86.8999999999972,"[47, 47]","[0, 0]","[0, 0]",19
49,"[0, 1]",88.59999999999711,"[46, 46]","[0, 0]","[0, 0]",19
50,"[2, 3]",88.24999999999713,"[48, 48]","[0.35, 0]","[0, 0]",19
51,"[0, 1]",89.09999999999708,"[49, 49]","[0, 0]","[0, 0]",19
52,"[0, 1]",91.79999999999693,"[51, 51]","[0, 0]","[0, 0]",19
53,"[0, 1]",94.54999999999677,"[52, 52]","[0, 0]","[0, 0]",19
54,"[0, 1]",97.29999999999661,"[53, 53]","[0, 0]","[0, 0]",19
55,"[2, 3]",82.89999999999743,"[50, 50]","[0, 0]","[0, 0]",19
56,"[0, 1]",97.79999999999659,"[54, 54]","[0, 0]","[0, 0]",19
57,"[2, 3]",84.34999999999735,"[55, 55]","[0, 0]","[0, 0]",19
58,"[2, 3]",87.94999999999715,"[57, 57]","[0, 0]","[0, 0]",19
59,"[2, 3]",91.54999999999694,"[58, 58]","[0, 0]","[0, 0]",19
60,"[2, 3]",95.24999999999673,"[59, 59]","[0, 0]","[0, 0]",19
61,"[2, 3]",98.79999999999653,"[60, 60]","[0, 0]","[0, 0]",19
62,"[2, 3]",102.44999999999632,"[61, 61]","[0, 0]","[0, 0]",19
63,"[2, 3]",106.09999999999611,"[62, 62]","[0, 0]","[0, 0]",19
64,"[0, 1]",84.84999999999732,"[56, 56]","[0, 0]","[0, 0]",19
65,"[0, 1]",87.64999999999716,"[64, 64]","[0, 0]","[0, 0]",19
66,"[0, 1]",90.39999999999701,"[65, 65]","[0, 0]","[0, 0]",19
67,"[0, 1]",93.14999999999685,"[66, 66]","[0, 0]","[0, 0]",19
68,"[2, 3]",100.64999999999642,"[63, 63]","[0, 0]","[0, 0]",19
69,"[0, 1]",93.64999999999682,"[67, 67]","[0, 0]","[0, 0]",19
70,"[0, 1]",96.39999999999667,"[69, 69]","[0, 0]","[0, 0]",19
71,"[0, 1]",99.14999999999651,"[70, 70]","[0, 0]","[0, 0]",19
72,"[0, 1]",101.94999999999635,"[71, 71]","[0, 0]","[0, 0]",19
73,"[2, 3]",95.29999999999673,"[68, 68]","[0, 0]","[0, 0]",19
74,"[0, 1]",102.44999999999632,"[72, 72]","[0, 0]","[0, 0]",19
75,"[0, 1]",105.24999999999616,"[74, 74]","[0, 0]","[0, 0]",19
76,"[0, 1]",108.049999999996,"[75, 75]","[0, 0]","[0, 0]",19
77,"[2, 3]",92.1999999999969,"[73, 73]","[0, 0]","[0, 0]",19
78,"[2, 3]",95.7999999999967,"[77, 77]","[0, 0]","[0, 0]",19
79,"[0, 1]",106.3499999999961,"[76, 76]","[0, 0]","[0, 0]",19
0,"[2, 3]",67.79999999999829,"[-999, -999]","[0, 0]","[0, 0]",20
1,"[2, 3]",71.79999999999806,"[0, 0]","[0, 0]","[0, 0]",20
2,"[0, 1]",67.44999999999831,"[-999, -999]","[0, 0]","[0, 0]",20
3,"[2, 3]",72.74999999999801,"[1, 1]","[0, 0]","[0, 0]",20
4,"[0, 1]",69.24999999999821,"[2, 2]","[0, 0]","[0, 0]",20
5,"[2, 3]",73.34999999999798,"[3, 3]","[0, 0]","[0, 0]",20
6,"[0, 1]",70.09999999999816,"[4, 4]","[0, 0]","[0, 0]",20
7,"[2, 3]",73.89999999999795,"[5, 5]","[0, 0]","[0, 0]",20
8,"[2, 3]",76.64999999999779,"[7, 7]","[0, 0]","[0, 0]",20
9,"[2, 3]",79.19999999999764,"[8, 8]","[0, 0]","[0, 0]",20
10,"[0, 1]",68.24999999999827,"[6, 6]","[0, 0]","[0, 0]",20
11,"[2, 3]",79.49999999999763,"[9, 9]","[0, 0]","[0, 0]",20
12,"[2, 3]",81.99999999999748,"[11, 11]","[0, 0]","[0, 0]",20
13,"[2, 3]",84.64999999999733,"[12, 12]","[0, 0]","[0, 0]",20
14,"[2, 3]",87.69999999999716,"[13, 13]","[0, 0]","[0, 0]",20
15,"[2, 3]",91.19999999999696,"[14, 14]","[0, 0]","[0, 0]",20
16,"[0, 1]",67.6499999999983,"[10, 10]","[0, 0]","[0, 0]",20
17,"[0, 1]",71.2499999999981,"[16, 16]","[0, 0]","[0, 0]",20
18,"[0, 1]",74.04999999999794,"[17, 17]","[0, 0]","[0, 0]",20
19,"[0, 1]",76.4499999999978,"[18, 18]","[0, 0]","[0, 0]",20
20,"[2, 3]",85.69999999999727,"[15, 15]","[5.599999999999988, 0]","[0, 0]",20
21,"[0, 1]",76.3999999999978,"[19, 19]","[0, 0]","[0, 0]",20
22,"[2, 3]",87.14999999999719,"[20, 20]","[7.249999999999982, 0]","[0, 0]",20
23,"[2, 3]",90.69999999999699,"[22, 22]","[4.899999999999991, 0]","[0, 0]",20
24,"[2, 3]",94.34999999999678,"[23, 23]","[3.1999999999999966, 0]","[0, 0]",20
25,"[2, 3]",97.99999999999658,"[24, 24]","[1.7000000000000008, 0]","[0, 0]",20
26,"[2, 3]",101.59999999999637,"[25, 25]","[0, 0]","[0, 0]",20
27,"[0, 1]",68.64999999999824,"[21, 21]","[0, 0]","[0, 0]",20
28,"[2, 3]",102.99999999999629,"[26, 26]","[0, 0]","[0, 0]",20
29,"[2, 3]",106.64999999999608,"[28, 28]","[0, 0]","[0, 0]",20
30,"[2, 3]",110.24999999999588,"[29, 29]","[0, 0]","[0, 0]",20
31,"[2, 3]",113.89999999999567,"[30, 30]","[0, 0]","[0, 0]",20
32,"[0, 1]",67.79999999999829,"[27, 27]","[0, 0]","[0, 0]",20
33,"[0, 1]",71.2999999999981,"[32, 32]","[0, 0]","[0, 0]",20
34,"[2, 3]",113.09999999999572,"[31, 31]","[0, 0]","[0, 0]",20
35,"[0, 1]",71.79999999999806,"[33, 33]","[0, 0]","[0, 0]",20
36,"[0, 1]",74.24999999999793,"[35, 35]","[0, 0]","[0, 0]",20
37,"[2, 3]",112.19999999999577,"[34, 34]","[0, 0]","[0, 0]",20
38,"[0, 1]",74.14999999999793,"[36, 36]","[0, 0]","[0, 0]",20
39,"[0, 1]",76.24999999999781,"[38, 38]","[0, 0]","[0, 0]",20
40,"[0, 1]",78.2499999999977,"[39, 39]","[0, 0]","[0, 0]",20
41,"[2, 3]",109.09999999999594,"[37, 37]","[0, 0]","[0, 0]",20
42,"[2, 3]",112.69999999999574,"[41, 41]","[0, 0]","[0, 0]",20
43,"[0, 1]",75.79999999999784,"[40, 40]","[0, 0]","[0, 0]",20
44,"[0, 1]",78.04999999999771,"[43, 43]","[0, 0]","[0, 0]",20
45,"[2, 3]",111.89999999999579,"[42, 42]","[0, 0]","[0, 0]",20
46,"[0, 1]",78.34999999999769,"[44, 44]","[0, 0]","[0, 0]",20
47,"[2, 3]",113.24999999999571,"[45, 45]","[0, 0]","[0, 0]",20
48,"[2, 3]",116.8499999999955,"[47, 47]","[0, 0]","[0, 0]",20
49,"[0, 1]",76.5499999999978,"[46, 46]","[0, 0]","[0, 0]",20
50,"[2, 3]",118.24999999999542,"[48, 48]","[0, 0]","[0, 0]",20
51,"[0, 1]",77.14999999999776,"[49, 49]","[0, 0]","[0, 0]",20
52,"[2, 3]",119.64999999999534,"[50, 50]","[0, 0]","[0, 0]",20
53,"[0, 1]",77.69999999999773,"[51, 51]","[0, 0]","[0, 0]",20
54,"[2, 3]",120.99999999999527,"[52, 52]","[0, 0]","[0, 0]",20
55,"[0, 1]",78.1999999999977,"[53, 53]","[0, 0]","[0, 0]",20
56,"[0, 1]",80.94999999999754,"[55, 55]","[0, 0]","[0, 0]",20
57,"[2, 3]",120.14999999999532,"[54, 54]","[0, 0]","[0, 0]",20
58,"[2, 3]",123.74999999999511,"[57, 57]","[0, 0]","[0, 0]",20
59,"[2, 3]",127.3999999999949,"[58, 58]","[0, 0]","[0, 0]",20
60,"[0, 1]",76.94999999999777,"[56, 56]","[0, 0]","[0, 0]",20
61,"[2, 3]",128.74999999999503,"[59, 59]","[0, 0]","[0, 0]",20
62,"[2, 3]",132.39999999999586,"[61, 61]","[0, 0]","[0, 0]",20
63,"[0, 1]",75.24999999999787,"[60, 60]","[0, 0]","[0, 0]",20
64,"[2, 3]",133.79999999999617,"[62, 62]","[0, 0]","[0, 0]",20
65,"[0, 1]",75.79999999999784,"[63, 63]","[0, 0]","[0, 0]",20
66,"[0, 1]",78.59999999999768,"[65, 65]","[0, 0]","[0, 0]",20
67,"[0, 1]",81.34999999999752,"[66, 66]","[0, 0]","[0, 0]",20
68,"[2, 3]",130.64999999999546,"[64, 64]","[0, 0]","[0, 0]",20
69,"[0, 1]",81.89999999999749,"[67, 67]","[0, 0]","[0, 0]",20
70,"[0, 1]",84.64999999999733,"[69, 69]","[0, 0]","[0, 0]",20
71,"[2, 3]",129.74999999999525,"[68, 68]","[0, 0]","[0, 0]",20
72,"[2, 3]",133.39999999999608,"[71, 71]","[0, 0]","[0, 0]",20
73,"[2, 3]",137.0499999999969,"[72, 72]","[0, 0]","[0, 0]",20
74,"[0, 1]",80.69999999999756,"[70, 70]","[0, 0]","[0, 0]",20
75,"[0, 1]",83.4499999999974,"[74, 74]","[0, 0]","[0, 0]",20
76,"[0, 1]",86.24999999999724,"[75, 75]","[0, 0]","[0, 0]",20
77,"[0, 1]",88.99999999999709,"[76, 76]","[0, 0]","[0, 0]",20
78,"[2, 3]",131.6999999999957,"[73, 73]","[0, 0]","[0, 0]",20
79,"[0, 1]",89.54999999999706,"[77, 77]","[0, 0]","[0, 0]",20
0,"[2, 3]",67.79999999999829,"[-999, -999]","[0, 0]","[0, 0]",21
1,"[2, 3]",71.79999999999806,"[0, 0]","[0, 0]","[0, 0]",21
2,"[0, 1]",67.44999999999831,"[-999, -999]","[0, 0]","[0, 0]",21
3,"[0, 1]",71.1499999999981,"[2, 2]","[0, 0]","[0, 0]",21
4,"[2, 3]",70.59999999999813,"[1, 1]","[0, 0]","[0, 0]",21
5,"[2, 3]",73.54999999999797,"[4, 4]","[0, 0]","[0, 0]",21
6,"[0, 1]",69.74999999999818,"[3, 3]","[0, 0]","[0, 0]",21
7,"[2, 3]",74.14999999999793,"[5, 5]","[0, 0]","[0, 0]",21
8,"[2, 3]",76.84999999999778,"[7, 7]","[0, 0]","[0, 0]",21
9,"[0, 1]",68.89999999999823,"[6, 6]","[0, 0]","[0, 0]",21
10,"[0, 1]",71.84999999999806,"[9, 9]","[0, 0]","[0, 0]",21
11,"[2, 3]",74.94999999999789,"[8, 8]","[0, 0]","[0, 0]",21
12,"[0, 1]",72.14999999999804,"[10, 10]","[0, 0]","[0, 0]",21
13,"[2, 3]",75.19999999999787,"[11, 11]","[0, 0]","[0, 0]",21
14,"[0, 1]",72.19999999999804,"[12, 12]","[0, 0]","[0, 0]",21
15,"[0, 1]",74.34999999999792,"[14, 14]","[0, 0]","[0, 0]",21
16,"[0, 1]",76.4499999999978,"[15, 15]","[0, 0]","[0, 0]",21
17,"[0, 1]",78.44999999999769,"[16, 16]","[0, 0]","[0, 0]",21
18,"[0, 1]",80.64999999999756,"[17, 17]","[0, 0]","[0, 0]",21
19,"[0, 1]",82.99999999999743,"[18, 18]","[0, 0]","[0, 0]",21
20,"[2, 3]",68.69999999999824,"[13, 13]","[0, 0]","[0, 0]",21
21,"[0, 1]",83.3999999999974,"[19, 19]","[0, 0]","[0, 0]",21
22,"[0, 1]",86.19999999999725,"[21, 21]","[0, 0]","[0, 0]",21
23,"[0, 1]",89.04999999999708,"[22, 22]","[0, 0]","[0, 0]",21
24,"[2, 3]",68.79999999999824,"[20, 20]","[0, 0]","[0, 0]",21
25,"[0, 1]",89.59999999999705,"[23, 23]","[0, 0]","[0, 0]",21
26,"[2, 3]",70.34999999999815,"[24, 24]","[0, 0]","[0, 0]",21
27,"[0, 1]",90.14999999999702,"[25, 25]","[0, 0]","[0, 0]",21
28,"[0, 1]",92.89999999999687,"[27, 27]","[0, 0]","[0, 0]",21
29,"[0, 1]",95.6999999999967,"[28, 28]","[0, 0]","[0, 0]",21
30,"[0, 1]",98.49999999999655,"[29, 29]","[0, 0]","[0, 0]",21
31,"[0, 1]",101.29999999999639,"[30, 30]","[0, 0]","[0, 0]",21
32,"[2, 3]",68.49999999999825,"[26, 26]","[0, 0]","[0, 0]",21
33,"[2, 3]",72.39999999999803,"[32, 32]","[0, 0]","[0, 0]",21
34,"[2, 3]",75.54999999999785,"[33, 33]","[0, 0]","[0, 0]",21
35,"[2, 3]",78.49999999999768,"[34, 34]","[0, 0]","[0, 0]",21
36,"[0, 1]",94.99999999999675,"[31, 31]","[0, 0]","[0, 0]",21
37,"[0, 1]",97.74999999999659,"[36, 36]","[0, 0]","[0, 0]",21
38,"[0, 1]",100.49999999999643,"[37, 37]","[0, 0]","[0, 0]",21
39,"[0, 1]",103.29999999999627,"[38, 38]","[0, 0]","[0, 0]",21
40,"[0, 1]",106.04999999999612,"[39, 39]","[0, 0]","[0, 0]",21
41,"[2, 3]",70.39999999999814,"[35, 35]","[0, 0]","[0, 0]",21
42,"[2, 3]",73.49999999999797,"[41, 41]","[0, 0]","[0, 0]",21
43,"[0, 1]",104.34999999999621,"[40, 40]","[0, 0]","[0, 0]",21
44,"[0, 1]",107.19999999999605,"[43, 43]","[0, 0]","[0, 0]",21
45,"[0, 1]",109.8999999999959,"[44, 44]","[0, 0]","[0, 0]",21
46,"[2, 3]",70.14999999999816,"[42, 42]","[0, 0]","[0, 0]",21
47,"[2, 3]",73.24999999999798,"[46, 46]","[0, 0]","[0, 0]",21
48,"[0, 1]",108.149999999996,"[45, 45]","[0, 0]","[0, 0]",21
49,"[0, 1]",110.89999999999584,"[48, 48]","[0, 0]","[0, 0]",21
50,"[0, 1]",113.64999999999569,"[49, 49]","[0, 0]","[0, 0]",21
51,"[0, 1]",116.44999999999553,"[50, 50]","[0, 0]","[0, 0]",21
52,"[2, 3]",69.14999999999822,"[47, 47]","[0, 0]","[0, 0]",21
53,"[0, 1]",116.9999999999955,"[51, 51]","[0, 0]","[0, 0]",21
54,"[0, 1]",119.79999999999534,"[53, 53]","[0, 0]","[0, 0]",21
55,"[2, 3]",69.3999999999982,"[52, 52]","[0, 0]","[0, 0]",21
56,"[0, 1]",120.24999999999531,"[54, 54]","[0, 0]","[0, 0]",21
57,"[2, 3]",70.59999999999813,"[55, 55]","[0, 0]","[0, 0]",21
58,"[2, 3]",73.59999999999796,"[57, 57]","[0, 0]","[0, 0]",21
59,"[0, 1]",118.49999999999541,"[56, 56]","[0, 0]","[0, 0]",21
60,"[0, 1]",121.24999999999525,"[59, 59]","[0, 0]","[0, 0]",21
61,"[2, 3]",71.89999999999806,"[58, 58]","[0, 0]","[0, 0]",21
62,"[2, 3]",74.6499999999979,"[61, 61]","[0, 0]","[0, 0]",21
63,"[2, 3]",77.29999999999775,"[62, 62]","[0, 0]","[0, 0]",21
64,"[0, 1]",117.24999999999548,"[60, 60]","[0, 0]","[0, 0]",21
65,"[0, 1]",120.04999999999532,"[64, 64]","[0, 0]","[0, 0]",21
66,"[0, 1]",122.84999999999516,"[65, 65]","[0, 0]","[0, 0]",21
67,"[0, 1]",125.599999999995,"[66, 66]","[0, 0]","[0, 0]",21
68,"[2, 3]",71.0999999999981,"[63, 63]","[0, 0]","[0, 0]",21
69,"[0, 1]",126.14999999999498,"[67, 67]","[0, 0]","[0, 0]",21
70,"[0, 1]",128.89999999999506,"[69, 69]","[0, 0]","[0, 0]",21
71,"[0, 1]",131.6999999999957,"[70, 70]","[0, 0]","[0, 0]",21
72,"[2, 3]",69.19999999999821,"[68, 68]","[0, 0]","[0, 0]",21
73,"[2, 3]",72.69999999999801,"[72, 72]","[0, 0]","[0, 0]",21
74,"[0, 1]",129.9999999999953,"[71, 71]","[0, 0]","[0, 0]",21
75,"[0, 1]",132.79999999999595,"[74, 74]","[0, 0]","[0, 0]",21
76,"[0, 1]",135.49999999999656,"[75, 75]","[0, 0]","[0, 0]",21
77,"[0, 1]",138.2499999999972,"[76, 76]","[0, 0]","[0, 0]",21
78,"[2, 3]",69.09999999999822,"[73, 73]","[0, 0]","[0, 0]",21
79,"[0, 1]",138.7499999999973,"[77, 77]","[0, 0]","[0, 0]",21
0,"[2, 3]",67.79999999999829,"[-999, -999]","[0, 0]","[0, 0]",22
1,"[0, 1]",67.44999999999831,"[-999, -999]","[0, 0]","[0, 0]",22
2,"[0, 1]",71.1499999999981,"[1, 1]","[0, 0]","[0, 0]",22
3,"[0, 1]",73.99999999999794,"[2, 2]","[0, 0]","[0, 0]",22
4,"[2, 3]",68.64999999999824,"[0, 0]","[0, 0]","[0, 0]",22
5,"[2, 3]",72.44999999999803,"[4, 4]","[0, 0]","[0, 0]",22
6,"[0, 1]",71.94999999999806,"[3, 3]","[0, 0]","[0, 0]",22
7,"[2, 3]",73.39999999999797,"[5, 5]","[0, 0]","[0, 0]",22
8,"[2, 3]",76.29999999999781,"[7, 7]","[0, 0]","[0, 0]",22
9,"[2, 3]",78.99999999999766,"[8, 8]","[0, 0]","[0, 0]",22
10,"[0, 1]",68.69999999999824,"[6, 6]","[0, 0]","[0, 0]",22
11,"[2, 3]",79.34999999999764,"[9, 9]","[0, 0]","[0, 0]",22
12,"[2, 3]",81.8499999999975,"[11, 11]","[0, 0]","[0, 0]",22
13,"[0, 1]",68.49999999999825,"[10, 10]","[0, 0]","[0, 0]",22
14,"[0, 1]",71.64999999999807,"[13, 13]","[0, 0]","[0, 0]",22
15,"[2, 3]",79.8999999999976,"[12, 12]","[0, 0]","[0, 0]",22
16,"[0, 1]",72.04999999999805,"[14, 14]","[0, 0]","[0, 0]",22
17,"[0, 1]",74.39999999999792,"[16, 16]","[0, 0]","[0, 0]",22
18,"[0, 1]",76.5499999999978,"[17, 17]","[0, 0]","[0, 0]",22
19,"[0, 1]",78.64999999999768,"[18, 18]","[0, 0]","[0, 0]",22
20,"[2, 3]",73.34999999999798,"[15, 15]","[0, 0]","[0, 0]",22
21,"[0, 1]",78.34999999999769,"[19, 19]","[0, 0]","[0, 0]",22
22,"[2, 3]",73.59999999999796,"[20, 20]","[0, 0]","[0, 0]",22
23,"[2, 3]",76.24999999999781,"[22, 22]","[0, 0]","[0, 0]",22
24,"[0, 1]",75.89999999999783,"[21, 21]","[0, 0]","[0, 0]",22
25,"[2, 3]",76.59999999999779,"[23, 23]","[0, 0]","[0, 0]",22
26,"[2, 3]",79.14999999999765,"[25, 25]","[0, 0]","[0, 0]",22
27,"[0, 1]",73.64999999999796,"[24, 24]","[0, 0]","[0, 0]",22
28,"[2, 3]",79.34999999999764,"[26, 26]","[0, 0]","[0, 0]",22
29,"[0, 1]",73.94999999999794,"[27, 27]","[0, 0]","[0, 0]",22
30,"[2, 3]",79.64999999999762,"[28, 28]","[0, 0]","[0, 0]",22
31,"[0, 1]",74.39999999999792,"[29, 29]","[0, 0]","[0, 0]",22
32,"[2, 3]",80.24999999999758,"[30, 30]","[0, 0]","[0, 0]",22
33,"[2, 3]",83.64999999999739,"[32, 32]","[0, 0]","[0, 0]",22
34,"[2, 3]",87.19999999999719,"[33, 33]","[0, 0]","[0, 0]",22
35,"[2, 3]",90.79999999999698,"[34, 34]","[6.8999999999999835, 0]","[0, 0]",22
36,"[0, 1]",68.44999999999825,"[31, 31]","[0, 0]","[0, 0]",22
37,"[0, 1]",71.54999999999808,"[36, 36]","[0, 0]","[0, 0]",22
38,"[2, 3]",89.99999999999703,"[35, 35]","[9.099999999999994, 0]","[0, 0]",22
39,"[0, 1]",71.89999999999806,"[37, 37]","[0, 0]","[0, 0]",22
40,"[0, 1]",74.29999999999792,"[39, 39]","[0, 0]","[0, 0]",22
41,"[0, 1]",76.4499999999978,"[40, 40]","[0, 0]","[0, 0]",22
42,"[2, 3]",86.84999999999721,"[38, 38]","[1.850000000000001, 0]","[0, 0]",22
43,"[0, 1]",76.29999999999781,"[41, 41]","[0, 0]","[0, 0]",22
44,"[0, 1]",78.2499999999977,"[43, 43]","[0, 0]","[0, 0]",22
45,"[0, 1]",80.24999999999758,"[44, 44]","[0, 0]","[0, 0]",22
46,"[0, 1]",82.44999999999746,"[45, 45]","[0, 0]","[0, 0]",22
47,"[2, 3]",81.39999999999752,"[42, 42]","[0, 0]","[0, 0]",22
48,"[2, 3]",84.99999999999731,"[47, 47]","[0, 0]","[0, 0]",22
49,"[0, 1]",80.44999999999757,"[46, 46]","[0, 0]","[0, 0]",22
50,"[2, 3]",86.34999999999724,"[48, 48]","[0, 0]","[0, 0]",22
51,"[0, 1]",80.89999999999755,"[49, 49]","[0, 0]","[0, 0]",22
52,"[0, 1]",83.74999999999739,"[51, 51]","[0, 0]","[0, 0]",22
53,"[0, 1]",86.59999999999722,"[52, 52]","[0, 0]","[0, 0]",22
54,"[0, 1]",89.34999999999707,"[53, 53]","[0, 0]","[0, 0]",22
55,"[2, 3]",80.94999999999754,"[50, 50]","[0, 0]","[0, 0]",22
56,"[0, 1]",89.84999999999704,"[54, 54]","[0, 0]","[0, 0]",22
57,"[2, 3]",82.24999999999747,"[55, 55]","[0, 0]","[0, 0]",22
58,"[2, 3]",85.84999999999727,"[57, 57]","[0, 0]","[0, 0]",22
59,"[0, 1]",88.09999999999714,"[56, 56]","[0, 0]","[0, 0]",22
60,"[0, 1]",90.89999999999698,"[59, 59]","[0, 0]","[0, 0]",22
61,"[2, 3]",85.04999999999731,"[58, 58]","[0, 0]","[0, 0]",22
62,"[0, 1]",91.39999999999695,"[60, 60]","[0, 0]","[0, 0]",22
63,"[2, 3]",86.34999999999724,"[61, 61]","[0, 0]","[0, 0]",22
64,"[0, 1]",91.89999999999692,"[62, 62]","[0, 0]","[0, 0]",22
65,"[0, 1]",94.69999999999676,"[64, 64]","[0, 0]","[0, 0]",22
66,"[0, 1]",97.4999999999966,"[65, 65]","[0, 0]","[0, 0]",22
67,"[0, 1]",100.29999999999644,"[66, 66]","[0, 0]","[0, 0]",22
68,"[2, 3]",80.89999999999755,"[63, 63]","[0, 0]","[0, 0]",22
69,"[0, 1]",100.74999999999642,"[67, 67]","[0, 0]","[0, 0]",22
70,"[0, 1]",103.49999999999626,"[69, 69]","[0, 0]","[0, 0]",22
71,"[2, 3]",79.8999999999976,"[68, 68]","[0, 0]","[0, 0]",22
72,"[2, 3]",83.4999999999974,"[71, 71]","[0, 0]","[0, 0]",22
73,"[2, 3]",87.14999999999719,"[72, 72]","[0, 0]","[0, 0]",22
74,"[0, 1]",99.54999999999649,"[70, 70]","[0, 0]","[0, 0]",22
75,"[0, 1]",102.39999999999633,"[74, 74]","[0, 0]","[0, 0]",22
76,"[0, 1]",105.14999999999617,"[75, 75]","[0, 0]","[0, 0]",22
77,"[0, 1]",107.84999999999602,"[76, 76]","[0, 0]","[0, 0]",22
78,"[2, 3]",81.6999999999975,"[73, 73]","[0, 0]","[0, 0]",22
79,"[0, 1]",108.34999999999599,"[77, 77]","[0, 0]","[0, 0]",22
