Vehicle_label,Road_order,Total_time,Leading_vehicles,Stopped_time,Stop_while_front,Round_number
0,"[0, 3]",96.69999999999665,"[-999, 1]","[0, 0]","[0, 0]",1
1,"[2, 3]",67.79999999999829,"[-999, -999]","[0, 0]","[0, 0]",1
2,"[2, 1]",38.09999999999997,"[1, -999]","[0, 0]","[0, 0]",1
3,"[2, 1]",41.1499999999998,"[2, 2]","[0, 0]","[0, 0]",1
4,"[0, 1]",72.04999999999805,"[0, 15]","[0, 0]","[0, 0]",1
5,"[0, 3]",104.19999999999622,"[4, 16]","[0, 0]","[0, 0]",1
6,"[0, 3]",107.59999999999603,"[5, 5]","[0, 0]","[0, 0]",1
7,"[0, 1]",80.09999999999759,"[6, 21]","[0, 0]","[0, 0]",1
8,"[0, 3]",114.14999999999566,"[7, 22]","[0, 0]","[0, 0]",1
9,"[0, 1]",86.19999999999725,"[8, 23]","[0, 0]","[0, 0]",1
10,"[0, 1]",88.94999999999709,"[9, 9]","[0, 0]","[0, 0]",1
11,"[0, 1]",96.64999999999665,"[10, 25]","[2.4499999999999993, 0]","[2.4499999999999993, 0]",1
12,"[2, 1]",36.500000000000064,"[3, 3]","[0, 0]","[0, 0]",1
13,"[2, 1]",39.19999999999991,"[12, 12]","[0, 0]","[0, 0]",1
14,"[0, 3]",125.39999999999502,"[11, 28]","[0, 0]","[0, 0]",1
15,"[2, 1]",40.09999999999986,"[13, 13]","[0, 0]","[0, 0]",1
16,"[2, 3]",73.09999999999799,"[15, 0]","[0, 0]","[0, 0]",1
17,"[0, 3]",124.14999999999509,"[14, 14]","[0, 0]","[0, 0]",1
18,"[0, 1]",96.09999999999668,"[17, 29]","[0, 0]","[0, 0]",1
19,"[0, 1]",98.94999999999652,"[18, 18]","[0, 0]","[0, 0]",1
20,"[0, 3]",132.04999999999578,"[19, 31]","[0, 0]","[0, 0]",1
21,"[2, 1]",37.6,"[16, 4]","[0, 0]","[0, 0]",1
22,"[2, 3]",77.24999999999775,"[21, 6]","[0, 0]","[0, 0]",1
23,"[2, 1]",49.699999999999314,"[22, 7]","[0, 0]","[0, 0]",1
24,"[0, 3]",129.14999999999512,"[20, 20]","[0, 0]","[0, 0]",1
25,"[2, 1]",61.54999999999864,"[23, 10]","[6.449999999999985, 0]","[6.449999999999985, 0]",1
26,"[0, 3]",130.19999999999536,"[24, 24]","[0, 0]","[0, 0]",1
27,"[0, 3]",133.24999999999605,"[26, 26]","[0, 0]","[0, 0]",1
28,"[2, 3]",87.44999999999717,"[25, 8]","[0, 0]","[0, 0]",1
29,"[2, 1]",61.449999999998646,"[28, 11]","[0, 0]","[0, 0]",1
30,"[0, 3]",137.09999999999692,"[27, 35]","[2.1000000000000005, 0]","[2.1000000000000005, 0]",1
31,"[2, 3]",97.74999999999659,"[29, 17]","[0, 0]","[0, 0]",1
32,"[2, 1]",75.19999999999787,"[31, 19]","[19.700000000000145, 0]","[0, 0]",1
33,"[2, 1]",76.4499999999978,"[32, 32]","[17.450000000000113, 0]","[0, 0]",1
34,"[0, 3]",132.94999999999598,"[30, 30]","[0, 0]","[0, 0]",1
35,"[2, 3]",120.64999999999529,"[33, 27]","[22.450000000000184, 0]","[6.749999999999984, 0]",1
36,"[0, 3]",133.09999999999602,"[34, 34]","[0, 0]","[0, 0]",1
37,"[2, 1]",88.89999999999709,"[35, -999]","[14.150000000000066, 0]","[0, 0]",1
38,"[2, 3]",133.54999999999612,"[37, 36]","[14.750000000000075, 0]","[2.0500000000000007, 0]",1
39,"[2, 1]",102.69999999999631,"[38, -999]","[11.250000000000025, 0]","[0, 0]",1
40,"[2, 1]",112.84999999999573,"[39, 45]","[9.850000000000005, 0]","[0, 0]",1
41,"[2, 3]",152.0000000000003,"[40, 47]","[11.65000000000003, 0]","[3.2499999999999964, 0]",1
42,"[2, 1]",123.74999999999511,"[41, 51]","[6.949999999999983, 0]","[0, 0]",1
43,"[0, 3]",127.04999999999492,"[36, 38]","[2.499999999999999, 0]","[2.499999999999999, 0]",1
44,"[2, 3]",156.60000000000136,"[42, 56]","[5.4999999999999885, 0]","[0, 0]",1
45,"[0, 1]",96.19999999999668,"[43, 39]","[0, 0]","[0, 0]",1
46,"[0, 3]",128.74999999999503,"[45, 43]","[0, 0]","[0, 0]",1
47,"[0, 3]",132.5499999999959,"[46, 46]","[0, 0]","[0, 0]",1
48,"[2, 3]",153.45000000000064,"[44, 44]","[5.449999999999989, 0]","[0, 0]",1
49,"[2, 3]",157.10000000000147,"[48, 48]","[7.299999999999982, 0]","[0, 0]",1
50,"[2, 3]",171.15000000000467,"[49, 67]","[12.600000000000044, 0]","[2.8999999999999977, 0]",1
51,"[0, 1]",98.79999999999653,"[47, 40]","[0, 0]","[0, 0]",1
52,"[2, 1]",138.44999999999723,"[50, -999]","[12.700000000000045, 0]","[0, 0]",1
53,"[2, 1]",148.54999999999953,"[52, 72]","[14.900000000000077, 0]","[0, 0]",1
54,"[2, 3]",187.75000000000844,"[53, 75]","[27.300000000000253, 0]","[3.2999999999999963, 0]",1
55,"[2, 3]",191.15000000000921,"[54, 54]","[27.20000000000025, 0]","[0, 0]",1
56,"[0, 3]",123.74999999999511,"[51, 41]","[0, 0]","[0, 0]",1
57,"[2, 1]",165.70000000000343,"[55, 79]","[29.450000000000284, 0]","[0, 0]",1
58,"[2, 3]",197.00000000001054,"[57, 55]","[30.7000000000003, 0]","[0, 0]",1
59,"[2, 3]",201.6000000000116,"[58, 58]","[30.350000000000296, 0]","[0, 0]",1
60,"[2, 1]",173.9500000000053,"[59, 57]","[29.550000000000285, 0]","[0, 0]",1
61,"[2, 3]",208.95000000001326,"[60, 59]","[28.50000000000027, 0]","[0, 0]",1
62,"[0, 1]",85.2499999999973,"[56, 42]","[0, 0]","[0, 0]",1
63,"[0, 1]",87.89999999999715,"[62, 62]","[0, 0]","[0, 0]",1
64,"[0, 1]",90.599999999997,"[63, 63]","[0, 0]","[0, 0]",1
65,"[0, 3]",126.79999999999494,"[64, 49]","[0, 0]","[0, 0]",1
66,"[2, 1]",173.25000000000514,"[61, 60]","[30.6000000000003, 0]","[0, 0]",1
67,"[0, 3]",127.59999999999489,"[65, 65]","[0, 0]","[0, 0]",1
68,"[2, 3]",205.5500000000125,"[66, 61]","[33.70000000000022, 0]","[0, 0]",1
69,"[2, 3]",210.0500000000135,"[68, 68]","[35.15000000000014, 0]","[0, 0]",1
70,"[0, 3]",131.09999999999556,"[67, 50]","[2.3999999999999995, 0]","[2.3999999999999995, 0]",1
71,"[2, 3]",211.55000000001385,"[69, 69]","[37.000000000000036, 0]","[0, 0]",1
72,"[0, 1]",100.59999999999643,"[70, 52]","[0, 0]","[0, 0]",1
73,"[0, 3]",132.94999999999598,"[72, 70]","[0, 0]","[0, 0]",1
74,"[2, 3]",210.75000000001367,"[71, 71]","[39.299999999999905, 0]","[0, 0]",1
75,"[0, 3]",134.54999999999634,"[73, 73]","[0, 0]","[0, 0]",1
76,"[2, 1]",180.75000000000685,"[74, -999]","[41.29999999999979, 0]","[0, 0]",1
77,"[0, 1]",105.34999999999616,"[75, 53]","[0, 0]","[0, 0]",1
78,"[0, 1]",108.149999999996,"[77, 77]","[0, 0]","[0, 0]",1
79,"[0, 1]",110.99999999999584,"[78, 78]","[0, 0]","[0, 0]",1
0,"[2, 3]",67.79999999999829,"[-999, -999]","[0, 0]","[0, 0]",2
1,"[0, 1]",67.44999999999831,"[-999, -999]","[0, 0]","[0, 0]",2
2,"[0, 1]",74.84999999999789,"[1, 14]","[0, 0]","[0, 0]",2
3,"[0, 1]",86.29999999999724,"[2, 19]","[5.349999999999989, 0]","[5.349999999999989, 0]",2
4,"[2, 1]",36.500000000000064,"[0, -999]","[0, 0]","[0, 0]",2
5,"[2, 3]",70.09999999999816,"[4, 0]","[0, 0]","[0, 0]",2
6,"[0, 1]",87.69999999999716,"[3, 22]","[2.4499999999999993, 0]","[2.4499999999999993, 0]",2
7,"[0, 3]",125.19999999999503,"[6, 24]","[2.799999999999998, 0]","[2.799999999999998, 0]",2
8,"[0, 1]",96.79999999999664,"[7, 6]","[0, 0]","[0, 0]",2
9,"[2, 3]",69.09999999999822,"[5, 5]","[0, 0]","[0, 0]",2
10,"[0, 3]",128.79999999999504,"[8, 25]","[0, 0]","[0, 0]",2
11,"[2, 3]",70.44999999999814,"[9, 9]","[0, 0]","[0, 0]",2
12,"[0, 3]",129.44999999999519,"[10, 10]","[0, 0]","[0, 0]",2
13,"[0, 1]",101.69999999999636,"[12, 26]","[0, 0]","[0, 0]",2
14,"[2, 1]",43.24999999999968,"[11, 1]","[0, 0]","[0, 0]",2
15,"[0, 1]",102.24999999999633,"[13, 13]","[0, 0]","[0, 0]",2
16,"[0, 1]",105.04999999999617,"[15, 15]","[0, 0]","[0, 0]",2
17,"[0, 1]",114.24999999999565,"[16, 30]","[1.1500000000000004, 0]","[1.1500000000000004, 0]",2
18,"[2, 1]",42.8499999999997,"[14, 2]","[0, 0]","[0, 0]",2
19,"[2, 1]",44.79999999999959,"[18, 18]","[0, 0]","[0, 0]",2
20,"[2, 3]",75.34999999999786,"[19, 11]","[0, 0]","[0, 0]",2
21,"[0, 1]",108.54999999999598,"[17, 17]","[0.39999999999999997, 0]","[0, 0]",2
22,"[2, 1]",47.49999999999944,"[20, 3]","[0, 0]","[0, 0]",2
23,"[2, 3]",78.04999999999771,"[22, 20]","[0, 0]","[0, 0]",2
24,"[2, 3]",81.59999999999751,"[23, 23]","[0, 0]","[0, 0]",2
25,"[2, 3]",89.89999999999704,"[24, 7]","[2.4499999999999993, 0]","[2.4499999999999993, 0]",2
26,"[2, 1]",62.44999999999859,"[25, 8]","[3.2499999999999964, 0]","[3.2499999999999964, 0]",2
27,"[2, 3]",100.74999999999642,"[26, 12]","[0, 0]","[0, 0]",2
28,"[0, 1]",97.34999999999661,"[21, 21]","[1.1500000000000004, 0]","[0, 0]",2
29,"[0, 1]",104.39999999999621,"[28, 43]","[2.4499999999999993, 0]","[2.4499999999999993, 0]",2
30,"[2, 1]",79.79999999999761,"[27, 16]","[6.749999999999984, 0]","[6.749999999999984, 0]",2
31,"[0, 1]",110.49999999999586,"[29, 45]","[2.2, 0]","[2.2, 0]",2
32,"[0, 1]",117.24999999999548,"[31, 46]","[2.549999999999999, 0]","[2.549999999999999, 0]",2
33,"[2, 3]",106.84999999999607,"[30, 27]","[28.250000000000266, 0]","[0.05, 0]",2
34,"[0, 1]",121.69999999999523,"[32, 49]","[2.6999999999999984, 0]","[2.6999999999999984, 0]",2
35,"[0, 3]",151.80000000000027,"[34, 39]","[0, 0]","[0, 0]",2
36,"[0, 1]",125.49999999999501,"[35, 50]","[0.5499999999999999, 0]","[0, 0]",2
37,"[0, 1]",128.2499999999949,"[36, 36]","[1.1500000000000004, 0]","[0, 0]",2
38,"[0, 1]",131.14999999999557,"[37, 37]","[1.3500000000000005, 0]","[0, 0]",2
39,"[2, 3]",100.14999999999645,"[33, 33]","[19.600000000000144, 0]","[0, 0]",2
40,"[0, 3]",161.6500000000025,"[38, 52]","[1.5000000000000007, 0]","[0, 0]",2
41,"[0, 3]",165.45000000000337,"[40, 40]","[1.6000000000000008, 0]","[0, 0]",2
42,"[0, 3]",168.7000000000041,"[41, 41]","[1.7500000000000009, 0]","[0, 0]",2
43,"[2, 1]",68.59999999999825,"[39, 28]","[11.950000000000035, 0]","[0, 0]",2
44,"[0, 3]",169.5000000000043,"[42, 42]","[1.850000000000001, 0]","[0, 0]",2
45,"[2, 1]",73.49999999999797,"[43, 29]","[9.600000000000001, 0]","[0, 0]",2
46,"[2, 1]",79.9999999999976,"[45, 31]","[8.14999999999998, 0]","[0, 0]",2
47,"[0, 1]",137.49999999999702,"[44, 59]","[1.900000000000001, 0]","[0, 0]",2
48,"[0, 1]",140.34999999999766,"[47, 47]","[2.25, 0]","[0, 0]",2
49,"[2, 1]",82.24999999999747,"[46, 32]","[4.6499999999999915, 0]","[0, 0]",2
50,"[2, 1]",88.99999999999709,"[49, 34]","[3.2499999999999964, 0]","[0, 0]",2
51,"[2, 3]",122.49999999999518,"[50, 35]","[1.800000000000001, 0]","[0, 0]",2
52,"[2, 3]",126.34999999999496,"[51, 51]","[0, 0]","[0, 0]",2
53,"[0, 3]",164.35000000000312,"[48, 60]","[3.1999999999999966, 0]","[0, 0]",2
54,"[0, 3]",168.250000000004,"[53, 53]","[3.7999999999999945, 0]","[0, 0]",2
55,"[0, 1]",141.3499999999979,"[54, 63]","[3.949999999999994, 0]","[0, 0]",2
56,"[2, 1]",95.7499999999967,"[52, 38]","[0, 0]","[0, 0]",2
57,"[0, 3]",171.7500000000048,"[55, 54]","[3.649999999999995, 0]","[0, 0]",2
58,"[0, 3]",175.6500000000057,"[57, 57]","[3.599999999999995, 0]","[0, 0]",2
59,"[2, 1]",92.74999999999687,"[56, 56]","[0, 0]","[0, 0]",2
60,"[2, 3]",138.94999999999735,"[59, 44]","[8.649999999999988, 0]","[6.649999999999984, 0]",2
61,"[2, 1]",117.09999999999549,"[60, 48]","[7.299999999999982, 0]","[3.1999999999999966, 0]",2
62,"[0, 3]",177.35000000000608,"[58, 65]","[6.149999999999986, 0]","[2.7499999999999982, 0]",2
63,"[2, 1]",117.09999999999549,"[61, 61]","[5.4999999999999885, 0]","[0, 0]",2
64,"[2, 1]",126.79999999999494,"[63, 55]","[8.499999999999986, 0]","[3.099999999999997, 0]",2
65,"[2, 3]",165.45000000000337,"[64, 58]","[9.049999999999994, 0]","[0, 0]",2
66,"[0, 1]",143.1499999999983,"[62, 67]","[3.649999999999995, 0]","[0, 0]",2
67,"[2, 1]",133.74999999999616,"[65, 64]","[9.650000000000002, 0]","[0, 0]",2
68,"[0, 1]",149.19999999999968,"[66, 69]","[6.099999999999986, 0]","[2.25, 0]",2
69,"[2, 1]",141.4499999999979,"[67, 66]","[8.899999999999991, 0]","[0, 0]",2
70,"[0, 1]",148.04999999999941,"[68, 68]","[3.999999999999994, 0]","[0, 0]",2
71,"[0, 1]",150.39999999999995,"[70, 70]","[4.199999999999993, 0]","[0, 0]",2
72,"[2, 3]",168.50000000000406,"[69, 62]","[7.149999999999983, 0]","[0, 0]",2
73,"[2, 3]",173.1000000000051,"[72, 72]","[6.199999999999986, 0]","[0, 0]",2
74,"[0, 3]",182.7000000000073,"[71, 76]","[5.399999999999989, 0]","[1.950000000000001, 0]",2
75,"[0, 1]",155.70000000000115,"[74, 77]","[2.7499999999999982, 0]","[0, 0]",2
76,"[2, 3]",172.50000000000497,"[73, 73]","[3.5499999999999954, 0]","[0, 0]",2
77,"[2, 1]",144.54999999999862,"[76, 71]","[6.149999999999986, 0]","[0, 0]",2
78,"[0, 3]",185.4000000000079,"[75, 79]","[1.6500000000000008, 0]","[0, 0]",2
79,"[2, 3]",177.4000000000061,"[77, 74]","[11.950000000000035, 0]","[0, 0]",2
0,"[2, 1]",36.45000000000007,"[-999, -999]","[0, 0]","[0, 0]",3
1,"[2, 1]",39.04999999999992,"[0, 0]","[0, 0]","[0, 0]",3
2,"[2, 3]",70.89999999999812,"[1, -999]","[0, 0]","[0, 0]",3
3,"[2, 3]",74.94999999999789,"[2, 2]","[0, 0]","[0, 0]",3
4,"[2, 3]",78.1499999999977,"[3, 3]","[0, 0]","[0, 0]",3
5,"[2, 1]",49.499999999999325,"[4, -999]","[0, 0]","[0, 0]",3
6,"[2, 3]",79.8499999999976,"[5, 4]","[0, 0]","[0, 0]",3
7,"[2, 1]",52.149999999999174,"[6, 5]","[0, 0]","[0, 0]",3
8,"[2, 1]",55.299999999998995,"[7, 7]","[0, 0]","[0, 0]",3
9,"[0, 3]",104.94999999999618,"[-999, 19]","[0, 0]","[2.3, 0]",3
10,"[2, 1]",55.849999999998964,"[8, 8]","[0, 0]","[0, 0]",3
11,"[0, 3]",105.19999999999617,"[9, 9]","[0, 0]","[0, 0]",3
12,"[0, 1]",76.3999999999978,"[11, 20]","[0, 0]","[0, 0]",3
13,"[0, 3]",115.1499999999956,"[12, 26]","[2.5999999999999988, 0]","[2.5999999999999988, 0]",3
14,"[2, 3]",77.09999999999776,"[10, 6]","[0, 0]","[0, 0]",3
15,"[0, 3]",115.44999999999558,"[13, 13]","[0, 0]","[0, 0]",3
16,"[0, 3]",118.09999999999543,"[15, 15]","[0, 0]","[0, 0]",3
17,"[2, 3]",76.64999999999779,"[14, 14]","[0, 0]","[0, 0]",3
18,"[0, 3]",123.49999999999513,"[16, 29]","[3.099999999999997, 0]","[3.099999999999997, 0]",3
19,"[2, 3]",77.44999999999774,"[17, 17]","[0, 0]","[0, 0]",3
20,"[2, 1]",48.449999999999385,"[19, 10]","[0, 0]","[0, 0]",3
21,"[2, 3]",87.54999999999717,"[20, 11]","[2.3499999999999996, 0]","[2.3499999999999996, 0]",3
22,"[0, 3]",119.39999999999536,"[18, 18]","[0, 0]","[0, 0]",3
23,"[0, 1]",90.94999999999698,"[22, -999]","[0, 0]","[0, 0]",3
24,"[0, 1]",93.79999999999681,"[23, 23]","[0, 0]","[0, 0]",3
25,"[0, 1]",96.64999999999665,"[24, 24]","[0, 0]","[0, 0]",3
26,"[2, 3]",81.09999999999754,"[21, 21]","[3.2499999999999964, 0]","[3.2499999999999964, 0]",3
27,"[2, 1]",52.34999999999916,"[26, 12]","[4.849999999999991, 0]","[2.2, 0]",3
28,"[2, 1]",55.69999999999897,"[27, 27]","[5.09999999999999, 0]","[0, 0]",3
29,"[2, 3]",93.74999999999682,"[28, 16]","[5.899999999999987, 0]","[0, 0]",3
30,"[2, 3]",106.3999999999961,"[29, 22]","[9.399999999999999, 0]","[2.4499999999999993, 0]",3
31,"[2, 1]",89.29999999999707,"[30, 25]","[11.150000000000023, 0]","[6.549999999999985, 0]",3
32,"[0, 3]",115.99999999999555,"[25, 30]","[0, 0]","[0, 0]",3
33,"[0, 3]",120.04999999999532,"[32, 32]","[0, 0]","[0, 0]",3
34,"[2, 1]",86.8999999999972,"[31, 31]","[2.9499999999999975, 0]","[0, 0]",3
35,"[2, 1]",90.24999999999702,"[34, 34]","[1.4000000000000006, 0]","[0, 0]",3
36,"[2, 3]",125.04999999999504,"[35, 39]","[0, 0]","[0, 0]",3
37,"[2, 3]",128.74999999999503,"[36, 36]","[0, 0]","[0, 0]",3
38,"[2, 1]",104.6999999999962,"[37, 44]","[1.2500000000000004, 0]","[0, 0]",3
39,"[0, 3]",112.09999999999577,"[33, 33]","[0, 0]","[0, 0]",3
40,"[0, 1]",85.54999999999728,"[39, 35]","[0, 0]","[0, 0]",3
41,"[2, 1]",107.29999999999605,"[38, 46]","[2.5999999999999988, 0]","[0, 0]",3
42,"[0, 1]",85.69999999999727,"[40, 40]","[0, 0]","[0, 0]",3
43,"[2, 3]",138.59999999999727,"[41, 48]","[4.6499999999999915, 0]","[0, 0]",3
44,"[0, 1]",86.09999999999725,"[42, 42]","[0, 0]","[0, 0]",3
45,"[2, 3]",140.24999999999764,"[43, 43]","[5.999999999999987, 0]","[0, 0]",3
46,"[0, 1]",91.04999999999697,"[44, 38]","[2.3999999999999995, 0]","[2.3999999999999995, 0]",3
47,"[2, 3]",146.89999999999915,"[45, 52]","[6.449999999999985, 0]","[0, 0]",3
48,"[0, 3]",120.69999999999528,"[46, 37]","[0, 0]","[0, 0]",3
49,"[0, 1]",94.34999999999678,"[48, 41]","[0, 0]","[0, 0]",3
50,"[0, 1]",97.09999999999663,"[49, 49]","[0, 0]","[0, 0]",3
51,"[2, 1]",117.99999999999544,"[47, 54]","[4.3499999999999925, 0]","[0, 0]",3
52,"[0, 3]",130.19999999999536,"[50, 45]","[0, 0]","[0, 0]",3
53,"[0, 1]",102.59999999999631,"[52, 50]","[0, 0]","[0, 0]",3
54,"[0, 1]",105.44999999999615,"[53, 53]","[0, 0]","[0, 0]",3
55,"[0, 3]",138.44999999999723,"[54, 47]","[0, 0]","[0, 0]",3
56,"[0, 1]",110.89999999999584,"[55, 51]","[0, 0]","[0, 0]",3
57,"[0, 1]",118.14999999999543,"[56, 58]","[2.499999999999999, 0]","[2.499999999999999, 0]",3
58,"[2, 1]",111.84999999999579,"[51, 56]","[3.149999999999997, 0]","[0, 0]",3
59,"[0, 3]",147.79999999999936,"[57, 55]","[0, 0]","[0, 0]",3
60,"[0, 3]",151.9000000000003,"[59, 59]","[0, 0]","[0, 0]",3
61,"[0, 1]",123.19999999999514,"[60, 68]","[0, 0]","[0, 0]",3
62,"[2, 1]",111.7499999999958,"[58, 57]","[0.15000000000000002, 0]","[0, 0]",3
63,"[0, 3]",154.1500000000008,"[61, 60]","[0, 0]","[0, 0]",3
64,"[0, 3]",157.95000000000167,"[63, 63]","[0, 0]","[0, 0]",3
65,"[0, 1]",131.04999999999555,"[64, 72]","[0, 0]","[0, 0]",3
66,"[0, 3]",165.30000000000334,"[65, 75]","[0, 0]","[0, 0]",3
67,"[0, 1]",137.74999999999707,"[66, 65]","[0, 0]","[0, 0]",3
68,"[2, 1]",101.59999999999637,"[62, 62]","[0.7500000000000001, 0]","[0, 0]",3
69,"[0, 3]",169.0500000000042,"[67, 77]","[0.7500000000000001, 0]","[0, 0]",3
70,"[2, 1]",109.04999999999595,"[68, 61]","[5.299999999999989, 0]","[3.149999999999997, 0]",3
71,"[0, 3]",174.55000000000544,"[69, 78]","[3.7999999999999945, 0]","[2.5999999999999988, 0]",3
72,"[2, 1]",108.99999999999595,"[70, 70]","[2.849999999999998, 0]","[0, 0]",3
73,"[0, 1]",143.49999999999838,"[71, -999]","[1.5500000000000007, 0]","[0, 0]",3
74,"[0, 1]",146.39999999999904,"[73, 73]","[1.800000000000001, 0]","[0, 0]",3
75,"[2, 3]",139.29999999999742,"[72, 64]","[2.3499999999999996, 0]","[0, 0]",3
76,"[0, 3]",177.10000000000602,"[74, 71]","[1.950000000000001, 0]","[0, 0]",3
77,"[2, 3]",145.94999999999894,"[75, 66]","[0.15000000000000002, 0]","[0, 0]",3
78,"[2, 3]",153.85000000000073,"[77, 69]","[1.2000000000000004, 0]","[0, 0]",3
79,"[0, 3]",176.6000000000059,"[76, 76]","[2.1500000000000004, 0]","[0, 0]",3
0,"[0, 1]",68.99999999999822,"[-999, 9]","[0, 0]","[0, 0]",4
1,"[0, 3]",102.04999999999634,"[0, 10]","[0, 0]","[0, 0]",4
2,"[0, 3]",119.29999999999536,"[1, 15]","[8.599999999999987, 0]","[8.599999999999987, 0]",4
3,"[0, 3]",121.64999999999523,"[2, 2]","[0, 0]","[0, 0]",4
4,"[0, 3]",128.79999999999504,"[3, 18]","[2.3499999999999996, 0]","[2.3499999999999996, 0]",4
5,"[0, 1]",100.54999999999643,"[4, 24]","[0, 0]","[0, 0]",4
6,"[2, 1]",36.45000000000007,"[-999, -999]","[0, 0]","[0, 0]",4
7,"[2, 3]",69.4499999999982,"[6, -999]","[0, 0]","[0, 0]",4
8,"[2, 3]",73.44999999999797,"[7, 7]","[0, 0]","[0, 0]",4
9,"[2, 1]",41.29999999999979,"[8, 6]","[0, 0]","[0, 0]",4
10,"[2, 3]",75.84999999999783,"[9, 8]","[0, 0]","[0, 0]",4
11,"[2, 1]",48.34999999999939,"[10, 0]","[0, 0]","[0, 0]",4
12,"[2, 3]",82.59999999999745,"[11, 1]","[0, 0]","[0, 0]",4
13,"[2, 3]",85.1999999999973,"[12, 12]","[0, 0]","[0, 0]",4
14,"[0, 1]",84.79999999999733,"[5, 5]","[0, 0]","[0, 0]",4
15,"[2, 3]",85.2999999999973,"[13, 13]","[0, 0]","[0, 0]",4
16,"[2, 1]",55.54999999999898,"[15, 11]","[0, 0]","[0, 0]",4
17,"[2, 1]",57.89999999999885,"[16, 16]","[0, 0]","[0, 0]",4
18,"[2, 3]",92.49999999999689,"[17, 3]","[0, 0]","[0, 0]",4
19,"[0, 3]",110.69999999999585,"[14, 34]","[0, 0]","[0, 0]",4
20,"[0, 1]",82.39999999999746,"[19, 36]","[0, 0]","[0, 0]",4
21,"[0, 3]",118.6999999999954,"[20, 40]","[3.399999999999996, 0]","[3.399999999999996, 0]",4
22,"[0, 1]",90.24999999999702,"[21, 20]","[0, 0]","[0, 0]",4
23,"[0, 3]",124.84999999999505,"[22, 42]","[0, 0]","[0, 0]",4
24,"[2, 1]",52.149999999999174,"[18, 17]","[0, 0]","[0, 0]",4
25,"[0, 3]",130.29999999999538,"[23, 46]","[2.3999999999999995, 0]","[2.3999999999999995, 0]",4
26,"[0, 1]",101.24999999999639,"[25, 47]","[0, 0]","[0, 0]",4
27,"[0, 1]",103.99999999999623,"[26, 26]","[0, 0]","[0, 0]",4
28,"[0, 3]",136.74999999999685,"[27, 25]","[0, 0]","[0, 0]",4
29,"[0, 3]",146.49999999999906,"[28, 53]","[2.3999999999999995, 0]","[2.3999999999999995, 0]",4
30,"[0, 1]",119.59999999999535,"[29, 54]","[0, 0]","[0, 0]",4
31,"[0, 3]",151.5500000000002,"[30, 29]","[0, 0]","[0, 0]",4
32,"[2, 3]",70.94999999999811,"[24, 4]","[0, 0]","[0, 0]",4
33,"[0, 1]",122.69999999999517,"[31, 55]","[0, 0]","[0, 0]",4
34,"[2, 3]",71.59999999999808,"[32, 32]","[0, 0]","[0, 0]",4
35,"[0, 1]",123.34999999999513,"[33, 33]","[0, 0]","[0, 0]",4
36,"[2, 1]",39.49999999999989,"[34, 14]","[0, 0]","[0, 0]",4
37,"[0, 3]",156.25000000000128,"[35, 57]","[0, 0]","[0, 0]",4
38,"[0, 3]",159.30000000000197,"[37, 37]","[0, 0]","[0, 0]",4
39,"[0, 1]",131.64999999999569,"[38, 35]","[0, 0]","[0, 0]",4
40,"[2, 3]",69.64999999999819,"[36, 19]","[0, 0]","[0, 0]",4
41,"[0, 1]",132.24999999999582,"[39, 39]","[0, 0]","[0, 0]",4
42,"[2, 3]",76.89999999999777,"[40, 21]","[3.099999999999997, 0]","[3.099999999999997, 0]",4
43,"[0, 1]",132.79999999999595,"[41, 41]","[0, 0]","[0, 0]",4
44,"[2, 1]",46.499999999999496,"[42, 22]","[0, 0]","[0, 0]",4
45,"[0, 3]",164.50000000000315,"[43, 64]","[0, 0]","[0, 0]",4
46,"[2, 3]",78.2499999999977,"[44, 23]","[0, 0]","[0, 0]",4
47,"[2, 1]",49.24999999999934,"[46, 44]","[0, 0]","[0, 0]",4
48,"[2, 1]",63.049999999998555,"[47, 27]","[6.649999999999984, 0]","[6.649999999999984, 0]",4
49,"[0, 3]",160.8000000000023,"[45, 45]","[0, 0]","[0, 0]",4
50,"[0, 3]",168.6000000000041,"[49, 66]","[2.3999999999999995, 0]","[2.3999999999999995, 0]",4
51,"[0, 3]",171.10000000000466,"[50, 50]","[0, 0]","[0, 0]",4
52,"[0, 1]",142.84999999999823,"[51, -999]","[0, 0]","[0, 0]",4
53,"[2, 3]",86.84999999999721,"[48, 28]","[5.799999999999987, 0]","[0.05, 0]",4
54,"[2, 1]",58.7499999999988,"[53, 48]","[11.500000000000028, 0]","[1.5000000000000007, 0]",4
55,"[2, 1]",68.34999999999826,"[54, 30]","[11.55000000000003, 0]","[0, 0]",4
56,"[2, 3]",101.74999999999636,"[55, 31]","[18.350000000000126, 0]","[0, 0]",4
57,"[2, 3]",105.59999999999614,"[56, 56]","[16.000000000000092, 0]","[0, 0]",4
58,"[0, 1]",134.44999999999632,"[52, 52]","[0, 0]","[0, 0]",4
59,"[0, 1]",137.29999999999697,"[58, 58]","[0, 0]","[0, 0]",4
60,"[0, 1]",140.0999999999976,"[59, 59]","[0, 0]","[0, 0]",4
61,"[0, 3]",172.95000000000508,"[60, 70]","[0, 0]","[0, 0]",4
62,"[2, 3]",110.64999999999586,"[57, 38]","[14.550000000000072, 0]","[2.799999999999998, 0]",4
63,"[2, 3]",113.4999999999957,"[62, 62]","[10.350000000000012, 0]","[0, 0]",4
64,"[2, 3]",116.44999999999553,"[63, 63]","[8.949999999999992, 0]","[0, 0]",4
65,"[2, 1]",88.04999999999714,"[64, 43]","[7.649999999999981, 0]","[0, 0]",4
66,"[2, 3]",127.74999999999488,"[65, 49]","[6.299999999999986, 0]","[0, 0]",4
67,"[2, 3]",140.0999999999976,"[66, 51]","[7.499999999999981, 0]","[2.5999999999999988, 0]",4
68,"[0, 3]",163.45000000000292,"[61, 61]","[0.7500000000000001, 0]","[0, 0]",4
69,"[0, 1]",134.69999999999638,"[68, 73]","[1.3000000000000005, 0]","[0, 0]",4
70,"[2, 3]",138.2499999999972,"[67, 67]","[3.4999999999999956, 0]","[0, 0]",4
71,"[2, 1]",121.69999999999523,"[70, 60]","[4.94999999999999, 0]","[2.849999999999998, 0]",4
72,"[0, 3]",163.4000000000029,"[69, 68]","[1.6000000000000008, 0]","[0, 0]",4
73,"[2, 1]",120.4999999999953,"[71, 71]","[2.000000000000001, 0]","[0, 0]",4
74,"[2, 1]",129.19999999999513,"[73, 69]","[2.4499999999999993, 0]","[0, 0]",4
75,"[2, 1]",130.3499999999954,"[74, 74]","[3.049999999999997, 0]","[0, 0]",4
76,"[0, 1]",134.2999999999963,"[72, 75]","[4.249999999999993, 0]","[2.3499999999999996, 0]",4
77,"[0, 3]",166.4000000000036,"[76, 72]","[2.1000000000000005, 0]","[0, 0]",4
78,"[2, 1]",135.09999999999647,"[75, 76]","[3.4499999999999957, 0]","[0, 0]",4
79,"[2, 1]",136.64999999999682,"[78, 78]","[3.649999999999995, 0]","[0, 0]",4
0,"[0, 1]",67.44999999999831,"[-999, -999]","[0, 0]","[0, 0]",5
1,"[0, 1]",71.1499999999981,"[0, 0]","[0, 0]","[0, 0]",5
2,"[2, 3]",67.79999999999829,"[-999, -999]","[0, 0]","[0, 0]",5
3,"[2, 3]",71.79999999999806,"[2, 2]","[0, 0]","[0, 0]",5
4,"[2, 3]",74.99999999999788,"[3, 3]","[0, 0]","[0, 0]",5
5,"[2, 3]",77.89999999999772,"[4, 4]","[0, 0]","[0, 0]",5
6,"[0, 3]",97.84999999999658,"[1, 12]","[0, 0]","[0, 0]",5
7,"[0, 3]",101.84999999999636,"[6, 6]","[0, 0]","[0, 0]",5
8,"[0, 3]",110.59999999999586,"[7, 23]","[2.849999999999998, 0]","[2.849999999999998, 0]",5
9,"[2, 3]",73.84999999999795,"[5, 5]","[0, 0]","[0, 0]",5
10,"[2, 3]",76.59999999999779,"[9, 9]","[0, 0]","[0, 0]",5
11,"[0, 1]",77.19999999999776,"[8, -999]","[0, 0]","[0, 0]",5
12,"[2, 3]",76.99999999999777,"[10, 10]","[0, 0]","[0, 0]",5
13,"[0, 3]",109.64999999999591,"[11, 25]","[0, 0]","[0, 0]",5
14,"[0, 1]",81.34999999999752,"[13, 27]","[0, 0]","[0, 0]",5
15,"[2, 1]",44.49999999999961,"[12, 1]","[0, 0]","[0, 0]",5
16,"[0, 1]",91.59999999999694,"[14, 35]","[5.599999999999988, 0]","[5.599999999999988, 0]",5
17,"[0, 1]",102.14999999999634,"[16, 40]","[5.599999999999988, 0]","[5.599999999999988, 0]",5
18,"[0, 1]",107.54999999999603,"[17, 42]","[2.3499999999999996, 0]","[2.3499999999999996, 0]",5
19,"[0, 1]",109.64999999999591,"[18, 18]","[0, 0]","[0, 0]",5
20,"[0, 1]",118.29999999999542,"[19, 43]","[2.25, 0]","[2.25, 0]",5
21,"[0, 3]",151.00000000000009,"[20, 47]","[0, 0]","[0, 0]",5
22,"[0, 3]",159.75000000000207,"[21, 48]","[2.1500000000000004, 0]","[2.1500000000000004, 0]",5
23,"[2, 3]",71.2999999999981,"[15, 7]","[0, 0]","[0, 0]",5
24,"[0, 1]",130.59999999999545,"[22, 50]","[0, 0]","[0, 0]",5
25,"[2, 3]",77.54999999999774,"[23, 8]","[3.049999999999997, 0]","[3.049999999999997, 0]",5
26,"[0, 1]",130.14999999999534,"[24, 24]","[0, 0]","[0, 0]",5
27,"[2, 1]",47.049999999999464,"[25, 11]","[0, 0]","[0, 0]",5
28,"[0, 3]",163.50000000000293,"[26, 53]","[0, 0]","[0, 0]",5
29,"[0, 3]",166.5000000000036,"[28, 28]","[0, 0]","[0, 0]",5
30,"[0, 3]",174.55000000000544,"[29, 54]","[2.4499999999999993, 0]","[2.4499999999999993, 0]",5
31,"[0, 3]",177.10000000000602,"[30, 30]","[0, 0]","[0, 0]",5
32,"[0, 1]",148.74999999999957,"[31, -999]","[0, 0]","[0, 0]",5
33,"[2, 1]",42.9499999999997,"[27, 14]","[0, 0]","[0, 0]",5
34,"[0, 1]",149.3499999999997,"[32, 32]","[1.1500000000000004, 0]","[0, 0]",5
35,"[2, 1]",42.449999999999726,"[33, 33]","[0, 0]","[0, 0]",5
36,"[2, 1]",50.899999999999245,"[35, 16]","[1.7500000000000009, 0]","[1.7500000000000009, 0]",5
37,"[0, 1]",147.64999999999932,"[34, 34]","[3.2999999999999963, 0]","[0, 0]",5
38,"[0, 1]",150.44999999999996,"[37, 37]","[4.3499999999999925, 0]","[0, 0]",5
39,"[0, 1]",159.0000000000019,"[38, 57]","[7.649999999999981, 0]","[2.499999999999999, 0]",5
40,"[2, 1]",44.84999999999959,"[36, 36]","[0, 0]","[0, 0]",5
41,"[0, 3]",187.6000000000084,"[39, 55]","[6.849999999999984, 0]","[0, 0]",5
42,"[2, 1]",50.14999999999929,"[40, 17]","[1.5500000000000007, 0]","[1.5500000000000007, 0]",5
43,"[2, 1]",61.799999999998626,"[42, 19]","[9.900000000000006, 0]","[9.900000000000006, 0]",5
44,"[0, 3]",187.20000000000832,"[41, 41]","[7.699999999999981, 0]","[0, 0]",5
45,"[0, 1]",159.8000000000021,"[44, 61]","[7.699999999999981, 0]","[0, 0]",5
46,"[0, 3]",194.35000000000994,"[45, 62]","[7.399999999999982, 0]","[0, 0]",5
47,"[2, 3]",86.04999999999725,"[43, -999]","[9.700000000000003, 0]","[2.549999999999999, 0]",5
48,"[2, 3]",95.8999999999967,"[47, 21]","[10.500000000000014, 0]","[0, 0]",5
49,"[0, 1]",163.10000000000284,"[46, 63]","[6.949999999999983, 0]","[0, 0]",5
50,"[2, 1]",64.64999999999847,"[48, 20]","[18.450000000000127, 0]","[0.39999999999999997, 0]",5
51,"[0, 3]",193.15000000000967,"[49, 46]","[6.499999999999985, 0]","[0, 0]",5
52,"[2, 3]",98.09999999999657,"[50, 22]","[17.90000000000012, 0]","[0, 0]",5
53,"[2, 3]",101.64999999999637,"[52, 52]","[15.500000000000085, 0]","[0, 0]",5
54,"[2, 3]",115.64999999999557,"[53, 29]","[16.750000000000103, 0]","[2.6499999999999986, 0]",5
55,"[2, 3]",128.04999999999487,"[54, 31]","[15.700000000000088, 0]","[2.8999999999999977, 0]",5
56,"[0, 1]",157.80000000000163,"[51, 64]","[5.949999999999987, 0]","[0, 0]",5
57,"[2, 1]",113.99999999999567,"[55, 38]","[21.200000000000166, 0]","[9.650000000000002, 0]",5
58,"[0, 3]",189.8000000000089,"[56, 65]","[5.399999999999989, 0]","[0, 0]",5
59,"[0, 3]",198.20000000001082,"[58, 66]","[8.199999999999982, 0]","[2.7499999999999982, 0]",5
60,"[2, 1]",115.84999999999556,"[57, 39]","[10.100000000000009, 0]","[0, 0]",5
61,"[2, 1]",117.49999999999547,"[60, 60]","[8.74999999999999, 0]","[0, 0]",5
62,"[2, 3]",152.65000000000046,"[61, 44]","[7.399999999999982, 0]","[0, 0]",5
63,"[2, 1]",124.74999999999505,"[62, 45]","[5.999999999999987, 0]","[0, 0]",5
64,"[2, 1]",134.7999999999964,"[63, 49]","[7.79999999999998, 0]","[3.1999999999999966, 0]",5
65,"[2, 3]",168.200000000004,"[64, 51]","[3.1999999999999966, 0]","[0, 0]",5
66,"[2, 3]",177.20000000000604,"[65, 58]","[4.249999999999993, 0]","[0, 0]",5
67,"[0, 3]",185.00000000000782,"[59, 59]","[1.4500000000000006, 0]","[0, 0]",5
68,"[2, 1]",145.49999999999883,"[66, 56]","[5.699999999999988, 0]","[0, 0]",5
69,"[0, 3]",185.30000000000788,"[67, 67]","[2.000000000000001, 0]","[0, 0]",5
70,"[2, 1]",147.0499999999992,"[68, 68]","[8.349999999999984, 0]","[0, 0]",5
71,"[0, 1]",153.7000000000007,"[69, 70]","[2.3999999999999995, 0]","[0, 0]",5
72,"[2, 3]",183.25000000000742,"[70, 69]","[16.6000000000001, 0]","[0, 0]",5
73,"[2, 1]",153.90000000000074,"[72, 71]","[20.10000000000015, 0]","[0, 0]",5
74,"[0, 3]",183.6000000000075,"[71, 72]","[3.349999999999996, 0]","[0, 0]",5
75,"[2, 3]",186.90000000000825,"[73, 74]","[22.10000000000018, 0]","[0, 0]",5
76,"[0, 1]",153.7000000000007,"[74, 73]","[2.8999999999999977, 0]","[0, 0]",5
77,"[2, 1]",156.8000000000014,"[75, 76]","[23.250000000000195, 0]","[0, 0]",5
78,"[2, 1]",160.45000000000223,"[77, 77]","[33.850000000000215, 0]","[0, 0]",5
79,"[2, 1]",163.95000000000303,"[78, 78]","[36.45000000000007, 0]","[0, 0]",5
0,"[0, 3]",96.69999999999665,"[-999, 2]","[0, 0]","[0, 0]",6
1,"[0, 3]",101.39999999999638,"[0, 0]","[0, 0]","[0, 0]",6
2,"[2, 3]",67.79999999999829,"[-999, -999]","[0, 0]","[0, 0]",6
3,"[0, 1]",74.44999999999791,"[1, 13]","[0, 0]","[0, 0]",6
4,"[0, 3]",107.59999999999603,"[3, 16]","[0, 0]","[0, 0]",6
5,"[0, 1]",85.09999999999731,"[4, 21]","[3.2999999999999963, 0]","[3.2999999999999963, 0]",6
6,"[2, 1]",36.500000000000064,"[2, -999]","[0, 0]","[0, 0]",6
7,"[2, 1]",39.19999999999991,"[6, 6]","[0, 0]","[0, 0]",6
8,"[0, 1]",81.7499999999975,"[5, 5]","[0, 0]","[0, 0]",6
9,"[2, 1]",40.09999999999986,"[7, 7]","[0, 0]","[0, 0]",6
10,"[0, 1]",87.64999999999716,"[8, 25]","[3.099999999999997, 0]","[3.099999999999997, 0]",6
11,"[2, 1]",40.699999999999825,"[9, 9]","[0, 0]","[0, 0]",6
12,"[2, 1]",43.94999999999964,"[11, 11]","[0, 0]","[0, 0]",6
13,"[2, 1]",46.89999999999947,"[12, 12]","[0, 0]","[0, 0]",6
14,"[0, 1]",82.14999999999748,"[10, 10]","[0, 0]","[0, 0]",6
15,"[0, 1]",84.59999999999734,"[14, 14]","[0, 0]","[0, 0]",6
16,"[2, 3]",74.44999999999791,"[13, 1]","[0, 0]","[0, 0]",6
17,"[0, 3]",115.0999999999956,"[15, 27]","[0, 0]","[0, 0]",6
18,"[2, 1]",45.84999999999953,"[16, 3]","[0, 0]","[0, 0]",6
19,"[0, 3]",122.0999999999952,"[17, 30]","[2.6999999999999984, 0]","[2.6999999999999984, 0]",6
20,"[0, 3]",124.89999999999505,"[19, 19]","[0, 0]","[0, 0]",6
21,"[2, 1]",42.449999999999726,"[18, 18]","[0, 0]","[0, 0]",6
22,"[0, 1]",93.9999999999968,"[20, 32]","[0, 0]","[0, 0]",6
23,"[2, 3]",72.49999999999802,"[21, 4]","[0, 0]","[0, 0]",6
24,"[2, 3]",76.09999999999782,"[23, 23]","[0, 0]","[0, 0]",6
25,"[2, 1]",48.099999999999405,"[24, 8]","[0, 0]","[0, 0]",6
26,"[2, 3]",79.64999999999762,"[25, 24]","[0, 0]","[0, 0]",6
27,"[2, 3]",83.24999999999741,"[26, 26]","[0, 0]","[0, 0]",6
28,"[0, 1]",85.59999999999728,"[22, 22]","[0, 0]","[0, 0]",6
29,"[2, 1]",59.349999999998765,"[27, 15]","[3.1999999999999966, 0]","[3.1999999999999966, 0]",6
30,"[2, 3]",91.99999999999692,"[29, 17]","[0, 0]","[0, 0]",6
31,"[0, 3]",114.99999999999561,"[28, 35]","[0, 0]","[0, 0]",6
32,"[2, 1]",61.34999999999865,"[30, 29]","[0, 0]","[0, 0]",6
33,"[0, 1]",85.1499999999973,"[31, 28]","[0, 0]","[0, 0]",6
34,"[2, 3]",98.34999999999656,"[32, 20]","[0, 0]","[0, 0]",6
35,"[2, 3]",100.9999999999964,"[34, 34]","[11.350000000000026, 0]","[0, 0]",6
36,"[2, 3]",109.24999999999594,"[35, 31]","[12.500000000000043, 0]","[3.399999999999996, 0]",6
37,"[2, 1]",88.14999999999714,"[36, 43]","[10.650000000000016, 0]","[3.2999999999999963, 0]",6
38,"[2, 1]",89.74999999999704,"[37, 37]","[5.849999999999987, 0]","[0, 0]",6
39,"[2, 3]",122.84999999999516,"[38, 36]","[4.3499999999999925, 0]","[0, 0]",6
40,"[2, 1]",101.24999999999639,"[39, 51]","[2.8999999999999977, 0]","[0, 0]",6
41,"[2, 1]",103.09999999999629,"[40, 40]","[1.5000000000000007, 0]","[0, 0]",6
42,"[2, 3]",138.7999999999973,"[41, 53]","[0, 0]","[0, 0]",6
43,"[0, 1]",68.19999999999827,"[33, 33]","[0, 0]","[0, 0]",6
44,"[2, 1]",107.54999999999603,"[42, 41]","[0, 0]","[0, 0]",6
45,"[2, 3]",147.19999999999922,"[44, 56]","[0, 0]","[0, 0]",6
46,"[2, 1]",123.69999999999511,"[45, 60]","[0, 0]","[0, 0]",6
47,"[2, 3]",157.7000000000016,"[46, 62]","[0.65, 0]","[0, 0]",6
48,"[2, 1]",129.9999999999953,"[47, 63]","[3.999999999999994, 0]","[0, 0]",6
49,"[2, 1]",133.74999999999616,"[48, 48]","[4.699999999999991, 0]","[0, 0]",6
50,"[0, 1]",67.79999999999829,"[43, 38]","[0, 0]","[0, 0]",6
51,"[0, 1]",71.2499999999981,"[50, 50]","[0, 0]","[0, 0]",6
52,"[0, 3]",104.79999999999619,"[51, 39]","[0, 0]","[0, 0]",6
53,"[0, 3]",108.59999999999597,"[52, 52]","[0, 0]","[0, 0]",6
54,"[0, 3]",117.24999999999548,"[53, 42]","[2.2, 0]","[2.2, 0]",6
55,"[2, 1]",125.84999999999499,"[49, 49]","[4.599999999999992, 0]","[0, 0]",6
56,"[0, 3]",117.74999999999545,"[54, 54]","[0, 0]","[0, 0]",6
57,"[0, 1]",88.44999999999712,"[56, 44]","[0, 0]","[0, 0]",6
58,"[2, 1]",130.7999999999955,"[55, 73]","[6.349999999999985, 0]","[0, 0]",6
59,"[2, 1]",137.54999999999703,"[58, 74]","[8.399999999999984, 0]","[0, 0]",6
60,"[0, 1]",86.74999999999721,"[57, 57]","[0, 0]","[0, 0]",6
61,"[2, 3]",168.75000000000412,"[59, 75]","[10.95000000000002, 0]","[0, 0]",6
62,"[0, 3]",117.54999999999546,"[60, 45]","[0, 0]","[0, 0]",6
63,"[0, 1]",90.99999999999697,"[62, 46]","[0, 0]","[0, 0]",6
64,"[0, 3]",125.19999999999503,"[63, 47]","[0, 0]","[0, 0]",6
65,"[2, 1]",139.29999999999742,"[61, 77]","[13.300000000000054, 0]","[0, 0]",6
66,"[0, 3]",126.04999999999498,"[64, 64]","[0, 0]","[0, 0]",6
67,"[2, 3]",171.00000000000463,"[65, 79]","[15.10000000000008, 0]","[0, 0]",6
68,"[2, 3]",174.70000000000547,"[67, 67]","[16.6500000000001, 0]","[0, 0]",6
69,"[2, 3]",178.40000000000632,"[68, 68]","[18.100000000000122, 0]","[0, 0]",6
70,"[0, 3]",122.2499999999952,"[66, 66]","[0, 0]","[0, 0]",6
71,"[2, 1]",148.19999999999945,"[69, -999]","[19.30000000000014, 0]","[0, 0]",6
72,"[2, 3]",182.7500000000073,"[71, 69]","[19.200000000000138, 0]","[0, 0]",6
73,"[0, 1]",92.3999999999969,"[70, 55]","[0, 0]","[0, 0]",6
74,"[0, 1]",100.39999999999644,"[73, 58]","[2.2, 0]","[2.2, 0]",6
75,"[0, 3]",130.59999999999545,"[74, 70]","[0, 0]","[0, 0]",6
76,"[0, 1]",104.19999999999622,"[75, 59]","[0, 0]","[0, 0]",6
77,"[0, 1]",106.99999999999606,"[76, 76]","[0, 0]","[0, 0]",6
78,"[2, 3]",175.85000000000574,"[72, 72]","[15.250000000000082, 0]","[0, 0]",6
79,"[0, 3]",137.59999999999704,"[77, 61]","[0, 0]","[0, 0]",6
0,"[2, 3]",67.79999999999829,"[-999, -999]","[0, 0]","[0, 0]",7
1,"[2, 3]",71.79999999999806,"[0, 0]","[0, 0]","[0, 0]",7
2,"[2, 1]",39.799999999999876,"[1, -999]","[0, 0]","[0, 0]",7
3,"[2, 3]",74.29999999999792,"[2, 1]","[0, 0]","[0, 0]",7
4,"[0, 1]",75.14999999999787,"[-999, 16]","[0, 0]","[3.149999999999997, 0]",7
5,"[2, 3]",75.59999999999785,"[3, 3]","[0, 0]","[0, 0]",7
6,"[2, 1]",42.649999999999714,"[5, 2]","[0, 0]","[0, 0]",7
7,"[0, 1]",77.64999999999773,"[4, 20]","[2.9999999999999973, 0]","[2.9999999999999973, 0]",7
8,"[2, 3]",75.04999999999788,"[6, 5]","[0, 0]","[0, 0]",7
9,"[0, 1]",76.4999999999978,"[7, 7]","[0, 0]","[0, 0]",7
10,"[2, 1]",40.99999999999981,"[8, 6]","[0, 0]","[0, 0]",7
11,"[2, 3]",75.24999999999787,"[10, 8]","[0, 0]","[0, 0]",7
12,"[0, 3]",104.34999999999621,"[9, 22]","[0, 0]","[0, 0]",7
13,"[2, 1]",41.599999999999774,"[11, 10]","[0, 0]","[0, 0]",7
14,"[0, 3]",105.99999999999612,"[12, 12]","[0, 0]","[0, 0]",7
15,"[0, 1]",84.19999999999736,"[14, 32]","[3.599999999999995, 0]","[3.599999999999995, 0]",7
16,"[2, 1]",40.549999999999834,"[13, 13]","[0, 0]","[0, 0]",7
17,"[2, 3]",73.29999999999798,"[16, 11]","[0, 0]","[0, 0]",7
18,"[0, 3]",109.9999999999959,"[15, 14]","[0, 0]","[0, 0]",7
19,"[0, 1]",85.89999999999726,"[18, 37]","[0, 0]","[0, 0]",7
20,"[2, 1]",41.949999999999754,"[17, 4]","[0, 0]","[0, 0]",7
21,"[0, 1]",91.59999999999694,"[19, 41]","[3.4999999999999956, 0]","[3.4999999999999956, 0]",7
22,"[2, 3]",71.39999999999809,"[20, 17]","[0, 0]","[0, 0]",7
23,"[0, 1]",90.499999999997,"[21, 21]","[0, 0]","[0, 0]",7
24,"[0, 3]",122.64999999999517,"[23, 18]","[0, 0]","[0, 0]",7
25,"[0, 1]",95.64999999999671,"[24, 43]","[0, 0]","[0, 0]",7
26,"[2, 1]",41.79999999999976,"[22, 9]","[0, 0]","[0, 0]",7
27,"[0, 1]",96.04999999999669,"[25, 25]","[0, 0]","[0, 0]",7
28,"[2, 1]",41.1499999999998,"[26, 26]","[0, 0]","[0, 0]",7
29,"[0, 3]",126.69999999999494,"[27, 24]","[0, 0]","[0, 0]",7
30,"[0, 1]",100.29999999999644,"[29, 44]","[0, 0]","[0, 0]",7
31,"[0, 1]",103.14999999999628,"[30, 30]","[0, 0]","[0, 0]",7
32,"[2, 1]",37.05000000000003,"[28, 28]","[0, 0]","[0, 0]",7
33,"[0, 1]",108.199999999996,"[31, 53]","[2.499999999999999, 0]","[2.499999999999999, 0]",7
34,"[0, 1]",114.74999999999562,"[33, 56]","[2.499999999999999, 0]","[2.499999999999999, 0]",7
35,"[0, 1]",116.9499999999955,"[34, 34]","[0, 0]","[0, 0]",7
36,"[0, 1]",119.64999999999534,"[35, 35]","[0, 0]","[0, 0]",7
37,"[2, 1]",37.99999999999998,"[32, 15]","[0, 0]","[0, 0]",7
38,"[0, 1]",120.19999999999531,"[36, 36]","[0, 0]","[0, 0]",7
39,"[0, 1]",122.99999999999515,"[38, 38]","[0, 0]","[0, 0]",7
40,"[0, 1]",125.749999999995,"[39, 39]","[0, 0]","[0, 0]",7
41,"[2, 1]",39.19999999999991,"[37, 19]","[0, 0]","[0, 0]",7
42,"[0, 3]",156.70000000000138,"[40, 64]","[0, 0]","[0, 0]",7
43,"[2, 1]",51.29999999999922,"[41, 23]","[6.749999999999984, 0]","[6.749999999999984, 0]",7
44,"[2, 1]",63.9999999999985,"[43, 27]","[11.950000000000035, 0]","[9.45, 0]",7
45,"[0, 1]",125.04999999999504,"[42, 40]","[0, 0]","[0, 0]",7
46,"[0, 1]",127.89999999999488,"[45, 45]","[0, 0]","[0, 0]",7
47,"[0, 3]",162.4500000000027,"[46, 67]","[0, 0]","[0, 0]",7
48,"[0, 3]",165.45000000000337,"[47, 47]","[0, 0]","[0, 0]",7
49,"[0, 3]",173.20000000000513,"[48, 73]","[2.3499999999999996, 0]","[2.3499999999999996, 0]",7
50,"[0, 1]",144.29999999999856,"[49, -999]","[0, 0]","[0, 0]",7
51,"[0, 1]",147.19999999999922,"[50, 50]","[0, 0]","[0, 0]",7
52,"[2, 3]",81.6999999999975,"[44, 29]","[1.4000000000000006, 0]","[0.05, 0]",7
53,"[2, 1]",59.29999999999877,"[52, 31]","[0, 0]","[0, 0]",7
54,"[0, 1]",145.54999999999885,"[51, 51]","[0, 0]","[0, 0]",7
55,"[0, 3]",178.50000000000634,"[54, 76]","[0, 0]","[0, 0]",7
56,"[2, 1]",61.19999999999866,"[53, 33]","[4.3499999999999925, 0]","[0, 0]",7
57,"[0, 1]",149.59999999999977,"[55, 77]","[0, 0]","[0, 0]",7
58,"[2, 3]",90.29999999999701,"[56, 52]","[13.950000000000063, 0]","[0.05, 0]",7
59,"[2, 3]",94.84999999999675,"[58, 58]","[11.60000000000003, 0]","[0, 0]",7
60,"[0, 3]",179.45000000000655,"[57, 79]","[0, 0]","[0, 0]",7
61,"[0, 3]",182.55000000000726,"[60, 60]","[0, 0]","[0, 0]",7
62,"[2, 3]",94.1499999999968,"[59, 59]","[8.549999999999986, 0]","[0, 0]",7
63,"[2, 3]",97.79999999999659,"[62, 62]","[7.299999999999982, 0]","[0, 0]",7
64,"[2, 3]",101.49999999999638,"[63, 63]","[5.799999999999987, 0]","[0, 0]",7
65,"[0, 1]",148.34999999999948,"[61, 57]","[0, 0]","[0, 0]",7
66,"[2, 3]",108.49999999999598,"[64, 42]","[7.699999999999981, 0]","[3.4499999999999957, 0]",7
67,"[2, 3]",111.89999999999579,"[66, 66]","[2.799999999999998, 0]","[0, 0]",7
68,"[0, 1]",146.6999999999991,"[65, 65]","[0, 0]","[0, 0]",7
69,"[0, 3]",179.7000000000066,"[68, 61]","[0, 0]","[0, 0]",7
70,"[2, 1]",79.24999999999764,"[67, 46]","[1.0500000000000003, 0]","[0, 0]",7
71,"[0, 1]",151.9000000000003,"[69, 68]","[1.0000000000000002, 0]","[0, 0]",7
72,"[0, 1]",154.75000000000094,"[71, 71]","[1.7000000000000008, 0]","[0, 0]",7
73,"[2, 3]",114.34999999999565,"[70, 48]","[0, 0]","[0, 0]",7
74,"[0, 3]",185.3500000000079,"[72, 69]","[2.3999999999999995, 0]","[0, 0]",7
75,"[2, 3]",119.64999999999534,"[73, 49]","[0, 0]","[0, 0]",7
76,"[2, 3]",122.54999999999518,"[75, 75]","[1.3500000000000005, 0]","[0, 0]",7
77,"[2, 1]",99.14999999999651,"[76, 54]","[1.3500000000000005, 0]","[0, 0]",7
78,"[0, 1]",153.05000000000055,"[74, 72]","[2.4499999999999993, 0]","[0, 0]",7
79,"[2, 3]",130.89999999999552,"[77, 55]","[0, 0]","[0, 0]",7
0,"[0, 1]",67.44999999999831,"[-999, 5]","[0, 0]","[0, 0]",8
1,"[2, 3]",67.79999999999829,"[-999, -999]","[0, 0]","[0, 0]",8
2,"[0, 3]",101.94999999999635,"[0, 14]","[0, 0]","[0, 0]",8
3,"[2, 1]",36.70000000000005,"[1, -999]","[0, 0]","[0, 0]",8
4,"[2, 3]",70.69999999999813,"[3, 1]","[0, 0]","[0, 0]",8
5,"[2, 1]",39.89999999999987,"[4, 3]","[0, 0]","[0, 0]",8
6,"[0, 3]",98.89999999999652,"[2, 2]","[0, 0]","[0, 0]",8
7,"[0, 1]",72.64999999999802,"[6, 17]","[0, 0]","[0, 0]",8
8,"[2, 3]",69.54999999999819,"[5, 4]","[0, 0]","[0, 0]",8
9,"[0, 1]",72.74999999999801,"[7, 7]","[0, 0]","[0, 0]",8
10,"[0, 3]",106.3499999999961,"[9, 19]","[0, 0]","[0, 0]",8
11,"[0, 1]",78.79999999999767,"[10, 20]","[0, 0]","[0, 0]",8
12,"[0, 1]",81.59999999999751,"[11, 11]","[0, 0]","[0, 0]",8
13,"[0, 1]",88.94999999999709,"[12, 22]","[2.499999999999999, 0]","[2.499999999999999, 0]",8
14,"[2, 3]",68.39999999999826,"[8, 8]","[0, 0]","[0, 0]",8
15,"[0, 3]",120.24999999999531,"[13, 23]","[0, 0]","[0, 0]",8
16,"[0, 3]",123.54999999999512,"[15, 15]","[0, 0]","[0, 0]",8
17,"[2, 1]",36.650000000000055,"[14, 0]","[0, 0]","[0, 0]",8
18,"[2, 3]",77.74999999999773,"[17, 6]","[1.6000000000000008, 0]","[1.6000000000000008, 0]",8
19,"[2, 3]",80.74999999999756,"[18, 18]","[3.149999999999997, 0]","[3.149999999999997, 0]",8
20,"[2, 1]",53.4499999999991,"[19, 9]","[0, 0]","[0, 0]",8
21,"[2, 3]",87.39999999999718,"[20, 10]","[0, 0]","[0, 0]",8
22,"[2, 1]",64.74999999999847,"[21, 12]","[0, 0]","[0, 0]",8
23,"[2, 3]",95.7499999999967,"[22, 21]","[0, 0]","[0, 0]",8
24,"[2, 1]",69.24999999999821,"[23, 13]","[11.000000000000021, 0]","[0, 0]",8
25,"[2, 3]",108.49999999999598,"[24, 16]","[9.149999999999995, 0]","[0, 0]",8
26,"[2, 3]",111.24999999999582,"[25, 25]","[7.499999999999981, 0]","[0, 0]",8
27,"[2, 3]",119.54999999999535,"[26, 32]","[9.349999999999998, 0]","[3.399999999999996, 0]",8
28,"[2, 1]",91.14999999999696,"[27, 33]","[4.549999999999992, 0]","[0, 0]",8
29,"[2, 1]",94.69999999999676,"[28, 28]","[3.099999999999997, 0]","[0, 0]",8
30,"[0, 1]",68.14999999999827,"[16, 24]","[0, 0]","[0, 0]",8
31,"[2, 3]",127.24999999999491,"[29, 37]","[1.7000000000000008, 0]","[0, 0]",8
32,"[0, 3]",102.7999999999963,"[30, 26]","[0, 0]","[0, 0]",8
33,"[0, 1]",75.24999999999787,"[32, 30]","[0, 0]","[0, 0]",8
34,"[2, 1]",95.19999999999673,"[31, 38]","[0, 0]","[0, 0]",8
35,"[2, 1]",98.89999999999652,"[34, 34]","[0, 0]","[0, 0]",8
36,"[0, 3]",104.6499999999962,"[33, 27]","[0, 0]","[0, 0]",8
37,"[0, 3]",107.59999999999603,"[36, 36]","[0, 0]","[0, 0]",8
38,"[0, 1]",81.14999999999753,"[37, 29]","[0, 0]","[0, 0]",8
39,"[0, 3]",115.0499999999956,"[38, 31]","[0, 0]","[0, 0]",8
40,"[0, 3]",118.19999999999543,"[39, 39]","[0, 0]","[0, 0]",8
41,"[2, 1]",91.24999999999696,"[35, 35]","[0, 0]","[0, 0]",8
42,"[2, 3]",129.0499999999951,"[41, 45]","[0, 0]","[0, 0]",8
43,"[0, 3]",116.64999999999552,"[40, 40]","[0, 0]","[0, 0]",8
44,"[2, 3]",134.19999999999627,"[42, 48]","[0, 0]","[0, 0]",8
45,"[0, 3]",117.24999999999548,"[43, 43]","[0, 0]","[0, 0]",8
46,"[2, 3]",134.7499999999964,"[44, 44]","[0.8000000000000002, 0]","[0, 0]",8
47,"[2, 1]",106.2999999999961,"[46, 53]","[3.149999999999997, 0]","[0, 0]",8
48,"[0, 3]",120.3499999999953,"[45, 42]","[2.4499999999999993, 0]","[2.4499999999999993, 0]",8
49,"[2, 3]",143.6499999999984,"[47, 56]","[3.899999999999994, 0]","[0, 0]",8
50,"[2, 3]",151.15000000000012,"[49, 57]","[3.649999999999995, 0]","[0, 0]",8
51,"[2, 1]",122.04999999999521,"[50, 61]","[3.649999999999995, 0]","[0, 0]",8
52,"[0, 1]",84.79999999999733,"[48, -999]","[0, 0]","[0, 0]",8
53,"[0, 1]",87.69999999999716,"[52, 52]","[0, 0]","[0, 0]",8
54,"[0, 3]",121.99999999999521,"[53, 46]","[0, 0]","[0, 0]",8
55,"[2, 3]",155.000000000001,"[51, 63]","[3.4999999999999956, 0]","[0, 0]",8
56,"[0, 3]",122.74999999999517,"[54, 54]","[0, 0]","[0, 0]",8
57,"[0, 3]",130.49999999999542,"[56, 49]","[2.3999999999999995, 0]","[2.3999999999999995, 0]",8
58,"[2, 3]",158.0500000000017,"[55, 65]","[0, 0]","[0, 0]",8
59,"[2, 3]",166.30000000000356,"[58, 68]","[3.2999999999999963, 0]","[3.2999999999999963, 0]",8
60,"[2, 1]",137.8499999999971,"[59, 70]","[0.65, 0]","[0, 0]",8
61,"[0, 1]",94.84999999999675,"[57, -999]","[0, 0]","[0, 0]",8
62,"[0, 3]",129.14999999999512,"[61, 50]","[0, 0]","[0, 0]",8
63,"[0, 3]",131.89999999999574,"[62, 62]","[0, 0]","[0, 0]",8
64,"[2, 1]",134.69999999999638,"[60, 60]","[2.1500000000000004, 0]","[0, 0]",8
65,"[0, 3]",137.34999999999698,"[63, 55]","[2.3499999999999996, 0]","[2.3499999999999996, 0]",8
66,"[2, 3]",167.25000000000378,"[64, 72]","[4.099999999999993, 0]","[0, 0]",8
67,"[0, 1]",106.19999999999611,"[65, -999]","[0, 0]","[0, 0]",8
68,"[0, 3]",140.59999999999772,"[67, 58]","[0, 0]","[0, 0]",8
69,"[2, 1]",135.09999999999647,"[66, 74]","[3.7999999999999945, 0]","[0, 0]",8
70,"[0, 1]",110.59999999999586,"[68, 67]","[0, 0]","[0, 0]",8
71,"[0, 3]",144.64999999999864,"[70, 59]","[0, 0]","[0, 0]",8
72,"[0, 3]",147.64999999999932,"[71, 71]","[0, 0]","[0, 0]",8
73,"[2, 1]",148.74999999999957,"[69, 78]","[11.000000000000021, 0]","[6.649999999999984, 0]",8
74,"[0, 1]",119.04999999999538,"[72, 64]","[0, 0]","[0, 0]",8
75,"[0, 3]",152.8500000000005,"[74, 66]","[0, 0]","[0, 0]",8
76,"[0, 1]",126.09999999999498,"[75, 69]","[0, 0]","[0, 0]",8
77,"[0, 1]",128.49999999999497,"[76, 76]","[0, 0]","[0, 0]",8
78,"[0, 1]",131.2499999999956,"[77, 77]","[0, 0]","[0, 0]",8
79,"[0, 1]",139.6499999999975,"[78, 73]","[2.499999999999999, 0]","[2.499999999999999, 0]",8
0,"[2, 1]",36.45000000000007,"[-999, -999]","[0, 0]","[0, 0]",9
1,"[0, 3]",96.74999999999665,"[-999, 4]","[0, 0]","[0, 0]",9
2,"[0, 1]",71.94999999999806,"[1, 9]","[0, 0]","[0, 0]",9
3,"[2, 1]",36.650000000000055,"[0, 0]","[0, 0]","[0, 0]",9
4,"[2, 3]",69.4499999999982,"[3, -999]","[0, 0]","[0, 0]",9
5,"[2, 1]",40.84999999999982,"[4, 3]","[0, 0]","[0, 0]",9
6,"[2, 1]",44.199999999999626,"[5, 5]","[0, 0]","[0, 0]",9
7,"[0, 3]",101.44999999999638,"[2, 13]","[0, 0]","[0, 0]",9
8,"[2, 1]",45.14999999999957,"[6, 6]","[0, 0]","[0, 0]",9
9,"[2, 1]",47.99999999999941,"[8, 8]","[0, 0]","[0, 0]",9
10,"[0, 3]",99.99999999999646,"[7, 7]","[0, 0]","[0, 0]",9
11,"[0, 3]",102.9499999999963,"[10, 10]","[0, 0]","[0, 0]",9
12,"[2, 3]",78.79999999999767,"[9, 1]","[3.2999999999999963, 0]","[3.2999999999999963, 0]",9
13,"[2, 3]",82.49999999999746,"[12, 12]","[0, 0]","[0, 0]",9
14,"[2, 1]",54.99999999999901,"[13, 2]","[0, 0]","[0, 0]",9
15,"[0, 3]",99.54999999999649,"[11, 11]","[0, 0]","[0, 0]",9
16,"[2, 1]",56.04999999999895,"[14, 14]","[5.1999999999999895, 0]","[0, 0]",9
17,"[2, 1]",59.49999999999876,"[16, 16]","[7.399999999999982, 0]","[0, 0]",9
18,"[0, 3]",98.94999999999652,"[15, 15]","[0, 0]","[0, 0]",9
19,"[0, 3]",102.44999999999632,"[18, 18]","[0, 0]","[0, 0]",9
20,"[2, 1]",58.54999999999881,"[17, 17]","[9.049999999999994, 0]","[0, 0]",9
21,"[2, 1]",62.149999999998606,"[20, 20]","[6.649999999999984, 0]","[0, 0]",9
22,"[2, 1]",65.54999999999842,"[21, 21]","[4.94999999999999, 0]","[0, 0]",9
23,"[2, 3]",100.14999999999645,"[22, 19]","[3.399999999999996, 0]","[0, 0]",9
24,"[0, 1]",68.09999999999827,"[19, 22]","[0, 0]","[0, 0]",9
25,"[0, 3]",101.84999999999636,"[24, 23]","[0, 0]","[0, 0]",9
26,"[0, 3]",105.14999999999617,"[25, 25]","[0, 0]","[0, 0]",9
27,"[2, 1]",66.04999999999839,"[23, 24]","[1.4500000000000006, 0]","[0, 0]",9
28,"[2, 3]",105.94999999999612,"[27, 26]","[0, 0]","[0, 0]",9
29,"[2, 3]",118.49999999999541,"[28, 32]","[2.6499999999999986, 0]","[2.6499999999999986, 0]",9
30,"[0, 3]",106.4499999999961,"[26, 28]","[2.549999999999999, 0]","[2.549999999999999, 0]",9
31,"[2, 3]",118.89999999999539,"[29, 29]","[0, 0]","[0, 0]",9
32,"[0, 3]",106.69999999999608,"[30, 30]","[0, 0]","[0, 0]",9
33,"[0, 1]",78.54999999999768,"[32, -999]","[0, 0]","[0, 0]",9
34,"[0, 3]",117.29999999999548,"[33, 31]","[2.9499999999999975, 0]","[2.9499999999999975, 0]",9
35,"[0, 3]",120.09999999999532,"[34, 34]","[0, 0]","[0, 0]",9
36,"[0, 1]",92.14999999999691,"[35, -999]","[0, 0]","[0, 0]",9
37,"[2, 3]",120.84999999999528,"[31, 35]","[6.549999999999985, 0]","[6.549999999999985, 0]",9
38,"[2, 3]",124.09999999999509,"[37, 37]","[0, 0]","[0, 0]",9
39,"[2, 1]",95.8499999999967,"[38, 40]","[0, 0]","[0, 0]",9
40,"[0, 1]",88.24999999999713,"[36, 36]","[0, 0]","[0, 0]",9
41,"[0, 3]",122.79999999999517,"[40, 38]","[0, 0]","[0, 0]",9
42,"[0, 1]",95.8999999999967,"[41, 39]","[0, 0]","[0, 0]",9
43,"[2, 3]",124.34999999999508,"[39, 41]","[0, 0]","[0, 0]",9
44,"[0, 1]",96.04999999999669,"[42, 42]","[0, 0]","[0, 0]",9
45,"[2, 1]",99.1999999999965,"[43, 44]","[0, 0]","[0, 0]",9
46,"[2, 3]",132.74999999999594,"[45, 48]","[0, 0]","[0, 0]",9
47,"[2, 3]",136.4999999999968,"[46, 46]","[0, 0]","[0, 0]",9
48,"[0, 3]",121.84999999999522,"[44, 43]","[0, 0]","[0, 0]",9
49,"[2, 1]",110.39999999999587,"[47, 55]","[1.800000000000001, 0]","[0, 0]",9
50,"[2, 1]",111.94999999999578,"[49, 49]","[3.4999999999999956, 0]","[0, 0]",9
51,"[2, 3]",147.4999999999993,"[50, 57]","[4.6499999999999915, 0]","[0, 0]",9
52,"[0, 1]",88.39999999999712,"[48, 45]","[0, 0]","[0, 0]",9
53,"[2, 3]",148.69999999999956,"[51, 51]","[10.600000000000016, 0]","[0, 0]",9
54,"[0, 1]",88.94999999999709,"[52, 52]","[0, 0]","[0, 0]",9
55,"[0, 1]",91.79999999999693,"[54, 54]","[0, 0]","[0, 0]",9
56,"[0, 3]",124.49999999999507,"[55, 47]","[0, 0]","[0, 0]",9
57,"[0, 3]",128.29999999999492,"[56, 56]","[0, 0]","[0, 0]",9
58,"[0, 1]",100.39999999999644,"[57, 50]","[0, 0]","[0, 0]",9
59,"[2, 1]",113.3499999999957,"[53, 65]","[5.649999999999988, 0]","[0, 0]",9
60,"[2, 3]",144.99999999999872,"[59, 53]","[6.349999999999985, 0]","[0, 0]",9
61,"[2, 1]",118.34999999999542,"[60, 67]","[12.500000000000043, 0]","[0, 0]",9
62,"[2, 1]",128.29999999999492,"[61, 74]","[14.200000000000067, 0]","[0, 0]",9
63,"[2, 1]",137.19999999999695,"[62, 78]","[18.75000000000013, 0]","[3.4499999999999957, 0]",9
64,"[0, 1]",92.09999999999691,"[58, 58]","[0, 0]","[0, 0]",9
65,"[0, 1]",94.89999999999675,"[64, 64]","[0, 0]","[0, 0]",9
66,"[2, 1]",134.69999999999638,"[63, 63]","[16.350000000000097, 0]","[0, 0]",9
67,"[0, 1]",99.79999999999647,"[65, 59]","[2.4499999999999993, 0]","[2.4499999999999993, 0]",9
68,"[2, 1]",135.74999999999662,"[66, 66]","[16.200000000000095, 0]","[0, 0]",9
69,"[2, 3]",170.10000000000443,"[68, 79]","[15.400000000000084, 0]","[0, 0]",9
70,"[2, 1]",143.44999999999837,"[69, 68]","[15.200000000000081, 0]","[0, 0]",9
71,"[0, 3]",126.69999999999494,"[67, 60]","[0, 0]","[0, 0]",9
72,"[2, 1]",145.24999999999878,"[70, 70]","[14.550000000000072, 0]","[0, 0]",9
73,"[2, 1]",148.54999999999953,"[72, 72]","[13.600000000000058, 0]","[0, 0]",9
74,"[0, 1]",95.99999999999669,"[71, 61]","[0, 0]","[0, 0]",9
75,"[0, 3]",128.09999999999488,"[74, 71]","[0, 0]","[0, 0]",9
76,"[2, 1]",147.64999999999932,"[73, 73]","[12.750000000000046, 0]","[0, 0]",9
77,"[2, 1]",151.20000000000013,"[76, 76]","[11.900000000000034, 0]","[0, 0]",9
78,"[0, 1]",97.39999999999661,"[75, 62]","[0, 0]","[0, 0]",9
79,"[0, 3]",130.19999999999536,"[78, 75]","[0, 0]","[0, 0]",9
0,"[0, 3]",96.94999999999663,"[-999, 6]","[0, 0]","[0, 0]",10
1,"[2, 1]",36.45000000000007,"[-999, -999]","[0, 0]","[0, 0]",10
2,"[0, 1]",69.94999999999817,"[0, 8]","[0, 0]","[0, 0]",10
3,"[0, 1]",72.39999999999803,"[2, 2]","[0, 0]","[0, 0]",10
4,"[2, 3]",67.89999999999829,"[1, -999]","[0, 0]","[0, 0]",10
5,"[2, 1]",39.04999999999992,"[4, 1]","[0, 0]","[0, 0]",10
6,"[2, 3]",71.79999999999806,"[5, 4]","[0, 0]","[0, 0]",10
7,"[2, 1]",43.349999999999675,"[6, 5]","[0, 0]","[0, 0]",10
8,"[2, 1]",46.54999999999949,"[7, 7]","[0, 0]","[0, 0]",10
9,"[0, 3]",99.3499999999965,"[3, 13]","[0, 0]","[0, 0]",10
10,"[2, 3]",81.04999999999754,"[8, 0]","[1.7500000000000009, 0]","[1.7500000000000009, 0]",10
11,"[0, 3]",105.04999999999617,"[9, 15]","[1.7000000000000008, 0]","[1.7000000000000008, 0]",10
12,"[2, 3]",82.04999999999748,"[10, 10]","[3.4999999999999956, 0]","[3.4999999999999956, 0]",10
13,"[2, 3]",85.09999999999731,"[12, 12]","[0, 0]","[0, 0]",10
14,"[0, 1]",72.949999999998,"[11, 20]","[0, 0]","[0, 0]",10
15,"[2, 3]",91.04999999999697,"[13, 9]","[0, 0]","[0, 0]",10
16,"[0, 1]",73.14999999999799,"[14, 14]","[0, 0]","[0, 0]",10
17,"[0, 1]",75.89999999999783,"[16, 16]","[0, 0]","[0, 0]",10
18,"[0, 1]",83.5499999999974,"[17, 21]","[2.3499999999999996, 0]","[2.3499999999999996, 0]",10
19,"[0, 1]",91.24999999999696,"[18, 25]","[2.849999999999998, 0]","[2.849999999999998, 0]",10
20,"[2, 1]",52.94999999999913,"[15, -999]","[0, 0]","[0, 0]",10
21,"[2, 1]",73.24999999999798,"[20, 17]","[9.700000000000003, 0]","[9.700000000000003, 0]",10
22,"[0, 1]",88.24999999999713,"[19, 19]","[0, 0]","[0, 0]",10
23,"[0, 3]",120.09999999999532,"[22, 28]","[0, 0]","[0, 0]",10
24,"[0, 1]",93.34999999999684,"[23, 30]","[0, 0]","[0, 0]",10
25,"[2, 1]",72.69999999999801,"[21, 18]","[0, 0]","[0, 0]",10
26,"[0, 3]",125.599999999995,"[24, 32]","[0, 0]","[0, 0]",10
27,"[0, 3]",128.649999999995,"[26, 26]","[0, 0]","[0, 0]",10
28,"[2, 3]",99.74999999999648,"[25, 11]","[0, 0]","[0, 0]",10
29,"[0, 1]",98.89999999999652,"[27, 24]","[0, 0]","[0, 0]",10
30,"[2, 1]",74.7999999999979,"[28, 22]","[0, 0]","[0, 0]",10
31,"[0, 1]",99.49999999999649,"[29, 29]","[0, 0]","[0, 0]",10
32,"[2, 3]",106.2999999999961,"[30, 23]","[0, 0]","[0, 0]",10
33,"[2, 3]",120.64999999999529,"[32, 27]","[2.7499999999999982, 0]","[2.7499999999999982, 0]",10
34,"[2, 1]",104.19999999999622,"[33, 35]","[3.649999999999995, 0]","[2.6999999999999984, 0]",10
35,"[0, 1]",95.59999999999671,"[31, 31]","[0, 0]","[0, 0]",10
36,"[2, 3]",132.999999999996,"[34, 33]","[2.499999999999999, 0]","[0, 0]",10
37,"[2, 1]",110.29999999999588,"[36, 43]","[9.049999999999994, 0]","[0, 0]",10
38,"[2, 3]",141.64999999999796,"[37, 36]","[8.249999999999982, 0]","[0, 0]",10
39,"[2, 3]",151.5000000000002,"[38, 45]","[7.049999999999983, 0]","[0, 0]",10
40,"[2, 3]",159.50000000000202,"[39, 48]","[5.699999999999988, 0]","[0, 0]",10
41,"[0, 1]",92.04999999999691,"[35, 34]","[2.4499999999999993, 0]","[2.4499999999999993, 0]",10
42,"[2, 3]",159.95000000000212,"[40, 40]","[7.499999999999981, 0]","[0, 0]",10
43,"[0, 1]",91.89999999999692,"[41, 41]","[0, 0]","[0, 0]",10
44,"[0, 1]",98.89999999999652,"[43, 37]","[2.3999999999999995, 0]","[2.3999999999999995, 0]",10
45,"[0, 3]",132.39999999999586,"[44, 38]","[0, 0]","[0, 0]",10
46,"[0, 1]",105.24999999999616,"[45, 44]","[0, 0]","[0, 0]",10
47,"[2, 3]",154.05000000000078,"[42, 42]","[7.599999999999981, 0]","[0, 0]",10
48,"[0, 3]",136.44999999999678,"[46, 39]","[0, 0]","[0, 0]",10
49,"[0, 1]",108.64999999999597,"[48, 46]","[0, 0]","[0, 0]",10
50,"[2, 1]",127.29999999999491,"[47, 54]","[8.399999999999984, 0]","[0, 0]",10
51,"[0, 1]",109.19999999999594,"[49, 49]","[0, 0]","[0, 0]",10
52,"[0, 1]",112.04999999999578,"[51, 51]","[0, 0]","[0, 0]",10
53,"[2, 1]",124.34999999999508,"[50, 50]","[17.25000000000011, 0]","[0, 0]",10
54,"[0, 1]",112.59999999999575,"[52, 52]","[0, 0]","[0, 0]",10
55,"[2, 1]",125.34999999999502,"[53, 53]","[22.80000000000019, 0]","[0, 0]",10
56,"[2, 3]",165.25000000000333,"[55, 64]","[23.750000000000203, 0]","[0, 0]",10
57,"[2, 3]",168.05000000000396,"[56, 56]","[26.40000000000024, 0]","[0, 0]",10
58,"[2, 3]",186.2500000000081,"[57, 73]","[38.09999999999997, 0]","[9.600000000000001, 0]",10
59,"[0, 3]",136.39999999999677,"[54, 47]","[0, 0]","[0, 0]",10
60,"[2, 1]",155.75000000000117,"[58, 75]","[30.6000000000003, 0]","[0, 0]",10
61,"[2, 3]",190.75000000000912,"[60, 78]","[31.90000000000032, 0]","[0, 0]",10
62,"[0, 3]",135.79999999999663,"[59, 59]","[0, 0]","[0, 0]",10
63,"[0, 3]",139.04999999999737,"[62, 62]","[0, 0]","[0, 0]",10
64,"[0, 3]",142.09999999999806,"[63, 63]","[0, 0]","[0, 0]",10
65,"[0, 1]",114.39999999999564,"[64, 55]","[0, 0]","[0, 0]",10
66,"[2, 1]",153.7000000000007,"[61, 60]","[27.85000000000026, 0]","[0, 0]",10
67,"[2, 1]",157.6500000000016,"[66, 66]","[27.20000000000025, 0]","[0, 0]",10
68,"[2, 3]",191.45000000000928,"[67, 61]","[26.150000000000237, 0]","[0, 0]",10
69,"[0, 3]",146.14999999999898,"[65, 57]","[2.7499999999999982, 0]","[2.7499999999999982, 0]",10
70,"[2, 3]",193.80000000000982,"[68, 68]","[25.05000000000022, 0]","[0, 0]",10
71,"[2, 1]",166.15000000000353,"[70, -999]","[23.950000000000205, 0]","[0, 0]",10
72,"[0, 3]",144.4499999999986,"[69, 69]","[0, 0]","[0, 0]",10
73,"[0, 3]",147.19999999999922,"[72, 72]","[0, 0]","[0, 0]",10
74,"[2, 1]",165.65000000000342,"[71, 71]","[22.550000000000185, 0]","[0, 0]",10
75,"[0, 1]",117.24999999999548,"[73, -999]","[0, 0]","[0, 0]",10
76,"[2, 3]",197.10000000001057,"[74, 70]","[25.10000000000022, 0]","[0, 0]",10
77,"[2, 3]",201.6500000000116,"[76, 76]","[28.000000000000263, 0]","[0, 0]",10
78,"[0, 3]",146.74999999999912,"[75, 58]","[0, 0]","[0, 0]",10
79,"[2, 1]",171.95000000000485,"[77, -999]","[32.250000000000306, 0]","[0, 0]",10
0,"[2, 3]",67.79999999999829,"[-999, -999]","[0, 0]","[0, 0]",11
1,"[2, 1]",38.09999999999997,"[0, -999]","[0, 0]","[0, 0]",11
2,"[2, 3]",71.69999999999807,"[1, 0]","[0, 0]","[0, 0]",11
3,"[0, 3]",100.39999999999644,"[-999, 14]","[0, 0]","[0, 0]",11
4,"[0, 3]",103.69999999999625,"[3, 3]","[0, 0]","[0, 0]",11
5,"[0, 3]",106.54999999999609,"[4, 4]","[0, 0]","[0, 0]",11
6,"[2, 3]",69.54999999999819,"[2, 2]","[0, 0]","[0, 0]",11
7,"[2, 3]",72.949999999998,"[6, 6]","[0, 0]","[0, 0]",11
8,"[0, 3]",104.79999999999619,"[5, 5]","[0, 0]","[0, 0]",11
9,"[0, 3]",112.64999999999574,"[8, 24]","[2.6499999999999986, 0]","[2.6499999999999986, 0]",11
10,"[0, 1]",82.94999999999743,"[9, 27]","[0, 0]","[0, 0]",11
11,"[2, 1]",36.650000000000055,"[7, -999]","[0, 0]","[0, 0]",11
12,"[2, 1]",39.54999999999989,"[11, 11]","[0, 0]","[0, 0]",11
13,"[0, 1]",81.39999999999752,"[10, 10]","[0, 0]","[0, 0]",11
14,"[2, 3]",69.09999999999822,"[12, 7]","[0, 0]","[0, 0]",11
15,"[0, 1]",81.89999999999749,"[13, 13]","[0, 0]","[0, 0]",11
16,"[0, 1]",84.69999999999733,"[15, 15]","[0, 0]","[0, 0]",11
17,"[2, 1]",36.650000000000055,"[14, 12]","[0, 0]","[0, 0]",11
18,"[0, 1]",90.14999999999702,"[16, 31]","[2.499999999999999, 0]","[2.499999999999999, 0]",11
19,"[2, 1]",37.000000000000036,"[17, 17]","[0, 0]","[0, 0]",11
20,"[2, 1]",39.74999999999988,"[19, 19]","[0, 0]","[0, 0]",11
21,"[0, 1]",87.69999999999716,"[18, 18]","[0, 0]","[0, 0]",11
22,"[2, 1]",40.699999999999825,"[20, 20]","[0, 0]","[0, 0]",11
23,"[0, 1]",92.59999999999688,"[21, 34]","[2.549999999999999, 0]","[2.549999999999999, 0]",11
24,"[2, 3]",73.69999999999796,"[22, 8]","[0, 0]","[0, 0]",11
25,"[0, 1]",96.89999999999664,"[23, 35]","[2.499999999999999, 0]","[2.499999999999999, 0]",11
26,"[0, 3]",130.89999999999552,"[25, 36]","[0, 0]","[0, 0]",11
27,"[2, 1]",37.05000000000003,"[24, 22]","[0, 0]","[0, 0]",11
28,"[0, 1]",102.59999999999631,"[26, 39]","[0, 0]","[0, 0]",11
29,"[0, 3]",134.59999999999636,"[28, 26]","[0, 0]","[0, 0]",11
30,"[2, 3]",70.69999999999813,"[27, 9]","[0, 0]","[0, 0]",11
31,"[2, 1]",57.249999999998884,"[30, 16]","[9.800000000000004, 0]","[9.800000000000004, 0]",11
32,"[2, 3]",87.64999999999716,"[31, 30]","[9.049999999999994, 0]","[2.7499999999999982, 0]",11
33,"[0, 3]",131.7499999999957,"[29, 29]","[0, 0]","[0, 0]",11
34,"[2, 1]",63.84999999999851,"[32, 21]","[10.750000000000018, 0]","[0.7500000000000001, 0]",11
35,"[2, 1]",70.34999999999815,"[34, 23]","[10.750000000000018, 0]","[0, 0]",11
36,"[2, 3]",101.64999999999637,"[35, 32]","[21.000000000000163, 0]","[0.05, 0]",11
37,"[0, 1]",97.99999999999658,"[33, 44]","[0, 0]","[0, 0]",11
38,"[0, 3]",131.94999999999575,"[37, 47]","[0, 0]","[0, 0]",11
39,"[2, 1]",70.79999999999812,"[36, 25]","[20.550000000000157, 0]","[0, 0]",11
40,"[0, 1]",102.64999999999631,"[38, 48]","[0, 0]","[0, 0]",11
41,"[0, 1]",105.19999999999617,"[40, 40]","[0, 0]","[0, 0]",11
42,"[0, 1]",107.94999999999601,"[41, 41]","[0, 0]","[0, 0]",11
43,"[0, 3]",140.69999999999774,"[42, 38]","[0, 0]","[0, 0]",11
44,"[2, 1]",71.84999999999806,"[39, 28]","[14.600000000000072, 0]","[3.2499999999999964, 0]",11
45,"[0, 1]",111.84999999999579,"[43, 50]","[0, 0]","[0, 0]",11
46,"[0, 1]",114.44999999999564,"[45, 45]","[0, 0]","[0, 0]",11
47,"[2, 3]",106.2499999999961,"[44, 33]","[9.950000000000006, 0]","[3.2999999999999963, 0]",11
48,"[2, 1]",78.04999999999771,"[47, 37]","[5.349999999999989, 0]","[0, 0]",11
49,"[0, 3]",142.84999999999823,"[46, 43]","[0, 0]","[0, 0]",11
50,"[2, 1]",96.19999999999668,"[48, 42]","[13.800000000000061, 0]","[9.950000000000006, 0]",11
51,"[2, 1]",109.59999999999592,"[50, 46]","[8.899999999999991, 0]","[6.549999999999985, 0]",11
52,"[2, 3]",142.54999999999816,"[51, 49]","[0.9000000000000002, 0]","[0, 0]",11
53,"[0, 1]",109.9999999999959,"[49, 51]","[0, 0]","[0, 0]",11
54,"[2, 3]",144.09999999999852,"[52, 52]","[0, 0]","[0, 0]",11
55,"[0, 1]",110.44999999999587,"[53, 53]","[0, 0]","[0, 0]",11
56,"[0, 3]",145.19999999999877,"[55, 54]","[0, 0]","[0, 0]",11
57,"[2, 1]",111.6499999999958,"[54, 55]","[0, 0]","[0, 0]",11
58,"[2, 1]",115.34999999999559,"[57, 57]","[1.850000000000001, 0]","[0, 0]",11
59,"[0, 3]",143.69999999999843,"[56, 56]","[0, 0]","[0, 0]",11
60,"[0, 1]",117.64999999999546,"[59, 58]","[0, 0]","[0, 0]",11
61,"[2, 3]",145.49999999999883,"[58, 59]","[3.649999999999995, 0]","[0, 0]",11
62,"[0, 3]",149.14999999999966,"[60, 61]","[0, 0]","[0, 0]",11
63,"[0, 1]",121.64999999999523,"[62, 60]","[0, 0]","[0, 0]",11
64,"[2, 3]",150.1999999999999,"[61, 62]","[0, 0]","[0, 0]",11
65,"[2, 3]",153.35000000000062,"[64, 64]","[4.849999999999991, 0]","[0, 0]",11
66,"[2, 1]",125.09999999999503,"[65, 69]","[6.649999999999984, 0]","[0, 0]",11
67,"[2, 1]",134.7999999999964,"[66, 72]","[6.699999999999984, 0]","[0, 0]",11
68,"[2, 1]",136.29999999999674,"[67, 67]","[5.999999999999987, 0]","[0, 0]",11
69,"[0, 1]",113.19999999999571,"[63, 63]","[0, 0]","[0, 0]",11
70,"[2, 3]",174.8000000000055,"[68, 77]","[5.1999999999999895, 0]","[0, 0]",11
71,"[0, 3]",145.2999999999988,"[69, 65]","[0, 0]","[0, 0]",11
72,"[0, 1]",118.39999999999542,"[71, 66]","[0, 0]","[0, 0]",11
73,"[2, 3]",173.5500000000052,"[70, 70]","[6.749999999999984, 0]","[0, 0]",11
74,"[0, 3]",148.49999999999952,"[72, 71]","[0, 0]","[0, 0]",11
75,"[0, 3]",152.4000000000004,"[74, 74]","[0, 0]","[0, 0]",11
76,"[2, 3]",172.55000000000499,"[73, 73]","[8.899999999999991, 0]","[0, 0]",11
77,"[0, 3]",153.50000000000065,"[75, 75]","[0, 0]","[0, 0]",11
78,"[0, 1]",125.99999999999498,"[77, 68]","[0, 0]","[0, 0]",11
79,"[2, 3]",171.65000000000478,"[76, 76]","[10.90000000000002, 0]","[0, 0]",11
0,"[2, 3]",67.79999999999829,"[-999, -999]","[0, 0]","[0, 0]",12
1,"[2, 1]",38.09999999999997,"[0, -999]","[0, 0]","[0, 0]",12
2,"[2, 1]",41.1499999999998,"[1, 1]","[0, 0]","[0, 0]",12
3,"[0, 3]",97.29999999999661,"[-999, 10]","[0, 0]","[0, 0]",12
4,"[0, 1]",71.0999999999981,"[3, 15]","[0, 0]","[0, 0]",12
5,"[2, 1]",39.3999999999999,"[2, 2]","[0, 0]","[0, 0]",12
6,"[2, 3]",70.19999999999816,"[5, 0]","[0, 0]","[0, 0]",12
7,"[0, 3]",110.34999999999587,"[4, 19]","[5.649999999999988, 0]","[5.649999999999988, 0]",12
8,"[0, 1]",81.14999999999753,"[7, -999]","[0, 0]","[0, 0]",12
9,"[2, 3]",69.94999999999817,"[6, 6]","[0, 0]","[0, 0]",12
10,"[2, 3]",73.29999999999798,"[9, 9]","[0, 0]","[0, 0]",12
11,"[0, 1]",79.54999999999762,"[8, 8]","[0, 0]","[0, 0]",12
12,"[0, 3]",112.74999999999574,"[11, 20]","[0, 0]","[0, 0]",12
13,"[0, 3]",116.54999999999552,"[12, 12]","[0, 0]","[0, 0]",12
14,"[2, 1]",36.650000000000055,"[10, -999]","[0, 0]","[0, 0]",12
15,"[2, 1]",39.49999999999989,"[14, 14]","[0, 0]","[0, 0]",12
16,"[2, 3]",74.19999999999793,"[15, 3]","[0, 0]","[0, 0]",12
17,"[2, 3]",77.39999999999775,"[16, 16]","[0, 0]","[0, 0]",12
18,"[0, 1]",79.79999999999761,"[13, 25]","[0, 0]","[0, 0]",12
19,"[2, 3]",78.04999999999771,"[17, 17]","[0, 0]","[0, 0]",12
20,"[2, 3]",86.09999999999725,"[19, 7]","[1.5000000000000007, 0]","[1.5000000000000007, 0]",12
21,"[0, 3]",110.24999999999588,"[18, 27]","[0, 0]","[0, 0]",12
22,"[0, 3]",113.24999999999571,"[21, 21]","[0, 0]","[0, 0]",12
23,"[0, 3]",116.14999999999554,"[22, 22]","[0, 0]","[0, 0]",12
24,"[2, 1]",56.64999999999892,"[20, 11]","[6.749999999999984, 0]","[6.749999999999984, 0]",12
25,"[2, 1]",58.649999999998805,"[24, 24]","[9.750000000000004, 0]","[2.5999999999999988, 0]",12
26,"[0, 3]",119.59999999999535,"[23, 28]","[2.4499999999999993, 0]","[2.4499999999999993, 0]",12
27,"[2, 3]",91.04999999999697,"[25, 13]","[11.65000000000003, 0]","[0.05, 0]",12
28,"[2, 3]",110.14999999999588,"[27, 23]","[22.75000000000019, 0]","[9.45, 0]",12
29,"[0, 1]",87.64999999999716,"[26, 31]","[0, 0]","[0, 0]",12
30,"[0, 1]",89.54999999999706,"[29, 29]","[0, 0]","[0, 0]",12
31,"[2, 1]",75.54999999999785,"[28, -999]","[29.750000000000288, 0]","[0.05, 0]",12
32,"[2, 1]",91.19999999999696,"[31, 30]","[34.200000000000195, 0]","[6.799999999999984, 0]",12
33,"[2, 3]",135.1999999999965,"[32, 36]","[32.4000000000003, 0]","[6.699999999999984, 0]",12
34,"[0, 3]",115.49999999999558,"[30, 26]","[0, 0]","[0, 0]",12
35,"[0, 3]",119.54999999999535,"[34, 34]","[0, 0]","[0, 0]",12
36,"[0, 3]",122.84999999999516,"[35, 35]","[0, 0]","[0, 0]",12
37,"[0, 1]",95.59999999999671,"[36, 32]","[0, 0]","[0, 0]",12
38,"[0, 1]",98.39999999999655,"[37, 37]","[0, 0]","[0, 0]",12
39,"[0, 1]",101.24999999999639,"[38, 38]","[0, 0]","[0, 0]",12
40,"[2, 1]",105.19999999999617,"[33, 39]","[20.600000000000158, 0]","[6.499999999999985, 0]",12
41,"[2, 3]",138.44999999999723,"[40, 42]","[13.100000000000051, 0]","[0, 0]",12
42,"[0, 3]",129.59999999999522,"[39, 33]","[0, 0]","[0, 0]",12
43,"[0, 1]",103.19999999999628,"[42, 40]","[0, 0]","[0, 0]",12
44,"[0, 1]",106.04999999999612,"[43, 43]","[0, 0]","[0, 0]",12
45,"[2, 1]",109.34999999999593,"[41, 44]","[7.249999999999982, 0]","[0, 0]",12
46,"[0, 1]",111.09999999999583,"[44, 45]","[2.4499999999999993, 0]","[2.4499999999999993, 0]",12
47,"[2, 3]",138.14999999999716,"[45, 41]","[5.09999999999999, 0]","[0, 0]",12
48,"[0, 1]",110.99999999999584,"[46, 46]","[0, 0]","[0, 0]",12
49,"[2, 3]",140.4999999999977,"[47, 47]","[2.9499999999999975, 0]","[0, 0]",12
50,"[0, 3]",144.14999999999853,"[48, 49]","[0, 0]","[0, 0]",12
51,"[0, 3]",147.19999999999922,"[50, 50]","[0, 0]","[0, 0]",12
52,"[2, 3]",150.34999999999994,"[49, 51]","[4.99999999999999, 0]","[2.7499999999999982, 0]",12
53,"[2, 3]",153.10000000000056,"[52, 52]","[3.649999999999995, 0]","[0, 0]",12
54,"[2, 1]",136.34999999999675,"[53, 64]","[11.900000000000034, 0]","[6.549999999999985, 0]",12
55,"[2, 3]",175.35000000000562,"[54, 67]","[16.6500000000001, 0]","[3.1999999999999966, 0]",12
56,"[2, 1]",153.2500000000006,"[55, 69]","[32.250000000000306, 0]","[0, 0]",12
57,"[2, 3]",186.7500000000082,"[56, 73]","[33.300000000000246, 0]","[0, 0]",12
58,"[2, 3]",206.25000000001265,"[57, 79]","[42.49999999999972, 0]","[9.399999999999999, 0]",12
59,"[0, 1]",103.79999999999625,"[51, 48]","[0, 0]","[0, 0]",12
60,"[2, 3]",206.9000000000128,"[58, 58]","[32.4000000000003, 0]","[0, 0]",12
61,"[0, 1]",104.39999999999621,"[59, 59]","[0, 0]","[0, 0]",12
62,"[0, 1]",107.19999999999605,"[61, 61]","[0, 0]","[0, 0]",12
63,"[2, 1]",173.40000000000518,"[60, -999]","[31.850000000000318, 0]","[0, 0]",12
64,"[0, 1]",107.74999999999602,"[62, 62]","[0, 0]","[0, 0]",12
65,"[2, 3]",206.35000000001267,"[63, 60]","[33.35000000000024, 0]","[0, 0]",12
66,"[0, 3]",138.3499999999972,"[64, 53]","[0, 0]","[0, 0]",12
67,"[0, 3]",142.34999999999812,"[66, 66]","[0, 0]","[0, 0]",12
68,"[0, 1]",115.44999999999558,"[67, 54]","[0, 0]","[0, 0]",12
69,"[0, 1]",118.24999999999542,"[68, 68]","[0, 0]","[0, 0]",12
70,"[2, 1]",170.65000000000455,"[65, 63]","[31.20000000000031, 0]","[0, 0]",12
71,"[2, 3]",205.1500000000124,"[70, 65]","[33.00000000000026, 0]","[0, 0]",12
72,"[2, 3]",209.6000000000134,"[71, 71]","[33.25000000000025, 0]","[0, 0]",12
73,"[0, 3]",144.4499999999986,"[69, 55]","[0, 0]","[0, 0]",12
74,"[2, 3]",211.15000000001376,"[72, 72]","[42.59999999999972, 0]","[0, 0]",12
75,"[0, 1]",115.64999999999557,"[73, 56]","[0, 0]","[0, 0]",12
76,"[0, 3]",149.7499999999998,"[75, 57]","[0, 0]","[0, 0]",12
77,"[2, 1]",178.65000000000637,"[74, -999]","[43.89999999999964, 0]","[0, 0]",12
78,"[0, 3]",150.6,"[76, 76]","[0, 0]","[0, 0]",12
79,"[0, 3]",153.60000000000068,"[78, 78]","[0.9500000000000003, 0]","[0, 0]",12
0,"[0, 3]",96.74999999999665,"[-999, 3]","[0, 0]","[0, 0]",13
1,"[0, 3]",101.39999999999638,"[0, 0]","[0, 0]","[0, 0]",13
2,"[2, 3]",67.79999999999829,"[-999, -999]","[0, 0]","[0, 0]",13
3,"[2, 3]",71.79999999999806,"[2, 2]","[0, 0]","[0, 0]",13
4,"[2, 1]",39.799999999999876,"[3, -999]","[0, 0]","[0, 0]",13
5,"[2, 1]",43.09999999999969,"[4, 4]","[0, 0]","[0, 0]",13
6,"[2, 1]",46.349999999999504,"[5, 5]","[0, 0]","[0, 0]",13
7,"[0, 1]",68.29999999999826,"[1, 11]","[0, 0]","[0, 0]",13
8,"[2, 1]",47.29999999999945,"[6, 6]","[0, 0]","[0, 0]",13
9,"[2, 1]",50.14999999999929,"[8, 8]","[0, 0]","[0, 0]",13
10,"[2, 1]",52.849999999999135,"[9, 9]","[0, 0]","[0, 0]",13
11,"[2, 1]",55.199999999999,"[10, 10]","[0, 0]","[0, 0]",13
12,"[2, 1]",63.34999999999854,"[11, 7]","[2.8999999999999977, 0]","[2.8999999999999977, 0]",13
13,"[0, 3]",97.79999999999659,"[7, 16]","[0, 0]","[0, 0]",13
14,"[0, 1]",71.2499999999981,"[13, 18]","[0, 0]","[0, 0]",13
15,"[0, 3]",104.89999999999618,"[14, 19]","[0, 0]","[0, 0]",13
16,"[2, 3]",83.89999999999738,"[12, 1]","[0, 0]","[0, 0]",13
17,"[0, 3]",105.64999999999614,"[15, 15]","[0, 0]","[0, 0]",13
18,"[2, 1]",55.649999999998975,"[16, 12]","[0, 0]","[0, 0]",13
19,"[2, 3]",90.34999999999701,"[18, 13]","[0, 0]","[0, 0]",13
20,"[2, 3]",104.19999999999622,"[19, 17]","[7.299999999999982, 0]","[2.849999999999998, 0]",13
21,"[2, 1]",74.39999999999792,"[20, -999]","[21.300000000000168, 0]","[0.05, 0]",13
22,"[0, 3]",104.5499999999962,"[17, 20]","[0.35, 0]","[0.35, 0]",13
23,"[0, 1]",77.24999999999775,"[22, 21]","[0, 0]","[0, 0]",13
24,"[0, 1]",84.59999999999734,"[23, 26]","[2.549999999999999, 0]","[2.549999999999999, 0]",13
25,"[0, 3]",116.19999999999554,"[24, 22]","[0, 0]","[0, 0]",13
26,"[2, 1]",76.4499999999978,"[21, 23]","[20.85000000000016, 0]","[2.3499999999999996, 0]",13
27,"[0, 3]",118.04999999999544,"[25, 25]","[0, 0]","[0, 0]",13
28,"[0, 1]",91.59999999999694,"[27, 30]","[0, 0]","[0, 0]",13
29,"[2, 1]",78.39999999999769,"[26, 24]","[13.500000000000057, 0]","[0, 0]",13
30,"[2, 1]",80.69999999999756,"[29, 29]","[12.150000000000038, 0]","[0, 0]",13
31,"[2, 1]",95.8999999999967,"[30, 34]","[13.450000000000056, 0]","[2.799999999999998, 0]",13
32,"[2, 1]",102.14999999999634,"[31, 37]","[9.199999999999996, 0]","[0, 0]",13
33,"[2, 1]",108.69999999999597,"[32, 39]","[7.649999999999981, 0]","[0, 0]",13
34,"[0, 1]",82.84999999999744,"[28, 28]","[0, 0]","[0, 0]",13
35,"[2, 1]",113.69999999999568,"[33, 42]","[6.199999999999986, 0]","[0, 0]",13
36,"[2, 3]",145.19999999999877,"[35, 40]","[6.549999999999985, 0]","[0, 0]",13
37,"[0, 1]",85.99999999999726,"[34, 31]","[2.499999999999999, 0]","[2.499999999999999, 0]",13
38,"[2, 1]",120.3499999999953,"[36, 44]","[6.799999999999984, 0]","[0, 0]",13
39,"[0, 1]",91.89999999999692,"[37, 32]","[2.000000000000001, 0]","[2.000000000000001, 0]",13
40,"[0, 3]",121.94999999999521,"[39, 27]","[0, 0]","[0, 0]",13
41,"[2, 3]",147.44999999999928,"[38, 36]","[7.399999999999982, 0]","[0, 0]",13
42,"[0, 1]",92.59999999999688,"[40, 33]","[0, 0]","[0, 0]",13
43,"[0, 1]",99.89999999999647,"[42, 35]","[2.499999999999999, 0]","[2.499999999999999, 0]",13
44,"[0, 1]",102.04999999999634,"[43, 43]","[0, 0]","[0, 0]",13
45,"[2, 3]",145.24999999999878,"[41, 41]","[12.750000000000046, 0]","[0, 0]",13
46,"[2, 3]",149.14999999999966,"[45, 45]","[15.650000000000087, 0]","[0, 0]",13
47,"[0, 1]",104.5499999999962,"[44, 38]","[2.4499999999999993, 0]","[2.4499999999999993, 0]",13
48,"[2, 3]",150.6,"[46, 46]","[17.550000000000114, 0]","[0, 0]",13
49,"[2, 1]",122.64999999999517,"[48, 58]","[19.30000000000014, 0]","[0, 0]",13
50,"[2, 3]",162.25000000000264,"[49, 66]","[20.75000000000016, 0]","[0, 0]",13
51,"[2, 3]",165.00000000000327,"[50, 50]","[23.850000000000204, 0]","[0, 0]",13
52,"[0, 1]",97.84999999999658,"[47, 47]","[0, 0]","[0, 0]",13
53,"[0, 1]",100.54999999999643,"[52, 52]","[0, 0]","[0, 0]",13
54,"[2, 1]",138.64999999999728,"[51, 72]","[27.950000000000262, 0]","[3.1999999999999966, 0]",13
55,"[2, 3]",172.05000000000487,"[54, 74]","[24.95000000000022, 0]","[0, 0]",13
56,"[2, 1]",149.39999999999972,"[55, 78]","[24.650000000000215, 0]","[0, 0]",13
57,"[2, 3]",180.70000000000684,"[56, 55]","[24.000000000000206, 0]","[0, 0]",13
58,"[0, 1]",94.34999999999678,"[53, 53]","[0, 0]","[0, 0]",13
59,"[0, 3]",131.49999999999565,"[58, 48]","[2.25, 0]","[2.25, 0]",13
60,"[2, 1]",149.64999999999978,"[57, 56]","[23.200000000000195, 0]","[0, 0]",13
61,"[2, 3]",184.65000000000774,"[60, 57]","[22.300000000000182, 0]","[0, 0]",13
62,"[2, 3]",188.70000000000866,"[61, 61]","[22.350000000000183, 0]","[0, 0]",13
63,"[2, 1]",160.40000000000222,"[62, -999]","[21.600000000000172, 0]","[0, 0]",13
64,"[2, 1]",164.10000000000306,"[63, 63]","[22.10000000000018, 0]","[0, 0]",13
65,"[2, 3]",198.20000000001082,"[64, 62]","[24.35000000000021, 0]","[0, 0]",13
66,"[0, 3]",121.04999999999526,"[59, 59]","[0, 0]","[0, 0]",13
67,"[0, 1]",93.19999999999685,"[66, 49]","[0, 0]","[0, 0]",13
68,"[2, 1]",167.25000000000378,"[65, 64]","[26.700000000000244, 0]","[0, 0]",13
69,"[2, 3]",201.90000000001166,"[68, 65]","[28.750000000000274, 0]","[0, 0]",13
70,"[2, 3]",206.35000000001267,"[69, 69]","[31.750000000000316, 0]","[0, 0]",13
71,"[0, 1]",89.34999999999707,"[67, 67]","[0, 0]","[0, 0]",13
72,"[0, 1]",92.1999999999969,"[71, 71]","[0, 0]","[0, 0]",13
73,"[2, 3]",205.6500000000125,"[70, 70]","[34.40000000000018, 0]","[0, 0]",13
74,"[0, 3]",122.79999999999517,"[72, 51]","[0, 0]","[0, 0]",13
75,"[2, 1]",175.6500000000057,"[73, -999]","[34.000000000000206, 0]","[0, 0]",13
76,"[2, 3]",210.4500000000136,"[75, 73]","[25.850000000000232, 0]","[0, 0]",13
77,"[0, 1]",91.84999999999692,"[74, 54]","[0, 0]","[0, 0]",13
78,"[0, 1]",94.69999999999676,"[77, 77]","[0, 0]","[0, 0]",13
79,"[2, 1]",179.2000000000065,"[76, 75]","[24.100000000000207, 0]","[0, 0]",13
0,"[0, 3]",103.29999999999627,"[-999, 12]","[0, 0]","[3.1999999999999966, 0]",14
1,"[2, 3]",67.79999999999829,"[-999, -999]","[0, 0]","[0, 0]",14
2,"[0, 3]",104.04999999999623,"[0, 0]","[0, 0]","[0, 0]",14
3,"[2, 1]",36.70000000000005,"[1, -999]","[0, 0]","[0, 0]",14
4,"[0, 1]",73.74999999999795,"[2, -999]","[0, 0]","[0, 0]",14
5,"[0, 3]",107.49999999999604,"[4, 14]","[0, 0]","[0, 0]",14
6,"[0, 1]",79.39999999999763,"[5, 4]","[0, 0]","[0, 0]",14
7,"[0, 3]",113.04999999999572,"[6, 15]","[0, 0]","[0, 0]",14
8,"[0, 3]",120.5499999999953,"[7, 17]","[2.3499999999999996, 0]","[2.3499999999999996, 0]",14
9,"[2, 3]",68.14999999999827,"[3, 1]","[0, 0]","[0, 0]",14
10,"[2, 1]",39.54999999999989,"[9, -999]","[0, 0]","[0, 0]",14
11,"[0, 3]",123.14999999999515,"[8, 18]","[2.3999999999999995, 0]","[2.3999999999999995, 0]",14
12,"[2, 3]",69.64999999999819,"[10, 9]","[0, 0]","[0, 0]",14
13,"[0, 3]",123.19999999999514,"[11, 11]","[0, 0]","[0, 0]",14
14,"[2, 3]",82.29999999999747,"[12, 2]","[6.449999999999985, 0]","[6.449999999999985, 0]",14
15,"[2, 3]",90.09999999999702,"[14, 5]","[5.1999999999999895, 0]","[2.6999999999999984, 0]",14
16,"[0, 3]",125.649999999995,"[13, 20]","[2.3999999999999995, 0]","[2.3999999999999995, 0]",14
17,"[2, 3]",95.54999999999671,"[15, 7]","[12.800000000000047, 0]","[1.6000000000000008, 0]",14
18,"[2, 3]",102.7999999999963,"[17, 8]","[12.950000000000049, 0]","[0, 0]",14
19,"[2, 1]",72.24999999999804,"[18, -999]","[23.300000000000196, 0]","[0.05, 0]",14
20,"[2, 3]",112.09999999999577,"[19, 13]","[20.950000000000163, 0]","[0, 0]",14
21,"[2, 3]",128.84999999999505,"[20, 25]","[25.550000000000228, 0]","[6.349999999999985, 0]",14
22,"[0, 3]",116.7999999999955,"[16, 16]","[0, 0]","[0, 0]",14
23,"[2, 1]",110.09999999999589,"[21, 29]","[24.25000000000021, 0]","[6.499999999999985, 0]",14
24,"[2, 3]",143.1999999999983,"[23, 31]","[16.300000000000097, 0]","[0, 0]",14
25,"[0, 3]",114.84999999999562,"[22, 22]","[0, 0]","[0, 0]",14
26,"[2, 3]",150.1999999999999,"[24, 33]","[14.850000000000076, 0]","[0, 0]",14
27,"[0, 1]",84.49999999999734,"[25, -999]","[0, 0]","[0, 0]",14
28,"[0, 1]",87.39999999999718,"[27, 27]","[0.5499999999999999, 0]","[0, 0]",14
29,"[0, 1]",90.24999999999702,"[28, 28]","[0, 0]","[0, 0]",14
30,"[2, 1]",121.44999999999524,"[26, 39]","[13.150000000000052, 0]","[0, 0]",14
31,"[0, 3]",120.84999999999528,"[29, 21]","[0, 0]","[0, 0]",14
32,"[0, 1]",94.74999999999676,"[31, 23]","[0, 0]","[0, 0]",14
33,"[0, 3]",128.74999999999503,"[32, 24]","[0, 0]","[0, 0]",14
34,"[2, 1]",116.8999999999955,"[30, 30]","[5.999999999999987, 0]","[0, 0]",14
35,"[2, 3]",151.75000000000026,"[34, 41]","[4.94999999999999, 0]","[0, 0]",14
36,"[0, 1]",96.94999999999663,"[33, 32]","[0, 0]","[0, 0]",14
37,"[2, 3]",153.20000000000059,"[35, 35]","[3.5499999999999954, 0]","[0, 0]",14
38,"[2, 3]",161.95000000000258,"[37, 53]","[3.999999999999994, 0]","[0, 0]",14
39,"[0, 1]",95.29999999999673,"[36, 36]","[0, 0]","[0, 0]",14
40,"[0, 3]",128.34999999999494,"[39, 26]","[0, 0]","[0, 0]",14
41,"[0, 3]",132.1999999999958,"[40, 40]","[0, 0]","[0, 0]",14
42,"[2, 3]",163.20000000000286,"[38, 57]","[4.599999999999992, 0]","[0, 0]",14
43,"[0, 1]",102.8999999999963,"[41, 34]","[0, 0]","[0, 0]",14
44,"[2, 1]",130.89999999999552,"[42, -999]","[6.649999999999984, 0]","[0, 0]",14
45,"[2, 1]",141.49999999999793,"[44, 65]","[14.050000000000065, 0]","[3.4499999999999957, 0]",14
46,"[2, 3]",174.60000000000545,"[45, 68]","[13.500000000000057, 0]","[0, 0]",14
47,"[2, 1]",152.15000000000035,"[46, 72]","[32.20000000000031, 0]","[0, 0]",14
48,"[2, 1]",153.35000000000062,"[47, 47]","[32.85000000000027, 0]","[0, 0]",14
49,"[2, 3]",189.10000000000875,"[48, 76]","[32.800000000000274, 0]","[0, 0]",14
50,"[0, 1]",92.04999999999691,"[43, 43]","[0, 0]","[0, 0]",14
51,"[2, 3]",195.60000000001023,"[49, 79]","[32.450000000000294, 0]","[0, 0]",14
52,"[2, 1]",167.3000000000038,"[51, 77]","[31.95000000000032, 0]","[0, 0]",14
53,"[0, 3]",122.84999999999516,"[50, 37]","[0, 0]","[0, 0]",14
54,"[2, 3]",199.8500000000112,"[52, 51]","[32.55000000000029, 0]","[0, 0]",14
55,"[2, 1]",173.0000000000051,"[54, 52]","[34.65000000000017, 0]","[0, 0]",14
56,"[2, 3]",207.750000000013,"[55, 54]","[35.70000000000011, 0]","[0, 0]",14
57,"[0, 3]",124.49999999999507,"[53, 38]","[2.000000000000001, 0]","[2.000000000000001, 0]",14
58,"[0, 3]",132.04999999999578,"[57, 42]","[2.3, 0]","[2.3, 0]",14
59,"[2, 3]",207.4000000000129,"[56, 56]","[36.20000000000008, 0]","[0, 0]",14
60,"[2, 3]",211.10000000001375,"[59, 59]","[36.500000000000064, 0]","[0, 0]",14
61,"[2, 3]",214.75000000001458,"[60, 60]","[38.79999999999993, 0]","[0, 0]",14
62,"[2, 3]",218.4000000000154,"[61, 61]","[41.249999999999794, 0]","[0, 0]",14
63,"[2, 3]",222.00000000001623,"[62, 62]","[42.24999999999974, 0]","[0, 0]",14
64,"[2, 3]",225.65000000001706,"[63, 63]","[42.74999999999971, 0]","[0, 0]",14
65,"[0, 1]",90.74999999999699,"[58, 44]","[0, 0]","[0, 0]",14
66,"[2, 1]",195.4500000000102,"[64, -999]","[43.09999999999969, 0]","[0, 0]",14
67,"[2, 3]",230.30000000001812,"[66, 64]","[37.99999999999998, 0]","[0, 0]",14
68,"[0, 3]",118.7499999999954,"[65, 58]","[0, 0]","[0, 0]",14
69,"[0, 1]",92.09999999999691,"[68, 45]","[0, 0]","[0, 0]",14
70,"[2, 1]",199.000000000011,"[67, 66]","[32.800000000000274, 0]","[0, 0]",14
71,"[2, 3]",233.60000000001887,"[70, 67]","[34.40000000000018, 0]","[0, 0]",14
72,"[0, 1]",90.449999999997,"[69, 69]","[0, 0]","[0, 0]",14
73,"[2, 1]",204.65000000001228,"[71, 70]","[39.59999999999989, 0]","[0, 0]",14
74,"[2, 1]",208.80000000001323,"[73, 73]","[37.550000000000004, 0]","[0, 0]",14
75,"[0, 3]",118.7499999999954,"[72, 46]","[0, 0]","[0, 0]",14
76,"[0, 3]",122.64999999999517,"[75, 75]","[0, 0]","[0, 0]",14
77,"[0, 1]",94.84999999999675,"[76, 48]","[0, 0]","[0, 0]",14
78,"[2, 1]",205.2000000000124,"[74, 74]","[37.699999999999996, 0]","[0, 0]",14
79,"[0, 3]",127.14999999999492,"[77, 49]","[0, 0]","[0, 0]",14
0,"[2, 1]",36.45000000000007,"[-999, -999]","[0, 0]","[0, 0]",15
1,"[2, 3]",69.4499999999982,"[0, -999]","[0, 0]","[0, 0]",15
2,"[2, 1]",40.899999999999814,"[1, 0]","[0, 0]","[0, 0]",15
3,"[0, 3]",96.89999999999664,"[-999, 8]","[0, 0]","[0, 0]",15
4,"[2, 1]",41.89999999999976,"[2, 2]","[0, 0]","[0, 0]",15
5,"[0, 1]",69.89999999999817,"[3, 14]","[0, 0]","[0, 0]",15
6,"[0, 3]",106.2499999999961,"[5, 17]","[0, 0]","[0, 0]",15
7,"[2, 3]",68.69999999999824,"[4, 1]","[0, 0]","[0, 0]",15
8,"[2, 3]",72.59999999999802,"[7, 7]","[0, 0]","[0, 0]",15
9,"[0, 3]",108.74999999999596,"[6, 20]","[2.5999999999999988, 0]","[2.5999999999999988, 0]",15
10,"[0, 3]",111.04999999999583,"[9, 9]","[0, 0]","[0, 0]",15
11,"[2, 1]",37.6,"[8, 4]","[0, 0]","[0, 0]",15
12,"[0, 3]",111.24999999999582,"[10, 10]","[0, 0]","[0, 0]",15
13,"[0, 3]",118.94999999999538,"[12, 24]","[2.3999999999999995, 0]","[2.3999999999999995, 0]",15
14,"[2, 1]",36.80000000000005,"[11, 11]","[0, 0]","[0, 0]",15
15,"[0, 3]",119.19999999999537,"[13, 13]","[0, 0]","[0, 0]",15
16,"[2, 3]",73.84999999999795,"[14, 3]","[0, 0]","[0, 0]",15
17,"[2, 3]",76.74999999999778,"[16, 16]","[0, 0]","[0, 0]",15
18,"[0, 1]",87.94999999999715,"[15, 27]","[0, 0]","[0, 0]",15
19,"[2, 1]",44.49999999999961,"[17, 5]","[0, 0]","[0, 0]",15
20,"[2, 3]",79.39999999999763,"[19, 6]","[0, 0]","[0, 0]",15
21,"[0, 1]",85.3499999999973,"[18, 18]","[0, 0]","[0, 0]",15
22,"[2, 1]",47.24999999999945,"[20, 19]","[0, 0]","[0, 0]",15
23,"[2, 1]",49.39999999999933,"[22, 22]","[0, 0]","[0, 0]",15
24,"[2, 3]",89.29999999999707,"[23, 12]","[2.5999999999999988, 0]","[2.5999999999999988, 0]",15
25,"[0, 1]",86.14999999999725,"[21, 29]","[2.499999999999999, 0]","[2.499999999999999, 0]",15
26,"[2, 1]",57.79999999999885,"[24, 23]","[0, 0]","[0, 0]",15
27,"[2, 1]",61.099999999998666,"[26, 26]","[0, 0]","[0, 0]",15
28,"[0, 1]",89.74999999999704,"[25, 30]","[2.3, 0]","[2.3, 0]",15
29,"[2, 1]",73.59999999999796,"[27, 21]","[13.400000000000055, 0]","[3.149999999999997, 0]",15
30,"[2, 1]",79.79999999999761,"[29, 25]","[13.300000000000054, 0]","[0, 0]",15
31,"[2, 3]",111.99999999999578,"[30, 15]","[10.95000000000002, 0]","[0, 0]",15
32,"[0, 3]",116.44999999999553,"[28, 31]","[2.6499999999999986, 0]","[2.6499999999999986, 0]",15
33,"[2, 3]",120.04999999999532,"[31, 32]","[11.150000000000023, 0]","[1.900000000000001, 0]",15
34,"[2, 3]",127.94999999999487,"[33, 35]","[11.250000000000025, 0]","[3.1999999999999966, 0]",15
35,"[0, 3]",120.64999999999529,"[32, 33]","[2.4499999999999993, 0]","[2.4499999999999993, 0]",15
36,"[2, 1]",96.79999999999664,"[34, 37]","[6.949999999999983, 0]","[0, 0]",15
37,"[0, 1]",89.54999999999706,"[35, -999]","[0, 0]","[0, 0]",15
38,"[0, 3]",124.0499999999951,"[37, 34]","[0, 0]","[0, 0]",15
39,"[2, 3]",127.4499999999949,"[36, 38]","[6.799999999999984, 0]","[0, 0]",15
40,"[0, 1]",94.19999999999679,"[38, 36]","[0, 0]","[0, 0]",15
41,"[0, 1]",96.84999999999664,"[40, 40]","[0, 0]","[0, 0]",15
42,"[2, 1]",99.69999999999648,"[39, 41]","[5.999999999999987, 0]","[0, 0]",15
43,"[2, 3]",144.39999999999858,"[42, 50]","[12.950000000000049, 0]","[6.699999999999984, 0]",15
44,"[0, 3]",124.99999999999504,"[41, 39]","[0, 0]","[0, 0]",15
45,"[2, 3]",150.09999999999988,"[43, 53]","[7.349999999999982, 0]","[0, 0]",15
46,"[0, 3]",126.54999999999495,"[44, 44]","[0, 0]","[0, 0]",15
47,"[2, 3]",155.20000000000104,"[45, 54]","[6.799999999999984, 0]","[0, 0]",15
48,"[2, 3]",157.6000000000016,"[47, 47]","[6.499999999999985, 0]","[0, 0]",15
49,"[2, 3]",160.50000000000225,"[48, 48]","[14.150000000000066, 0]","[0, 0]",15
50,"[0, 3]",123.09999999999515,"[46, 46]","[0, 0]","[0, 0]",15
51,"[2, 1]",134.89999999999642,"[49, 59]","[14.850000000000076, 0]","[0, 0]",15
52,"[2, 3]",168.50000000000406,"[51, 60]","[14.40000000000007, 0]","[0, 0]",15
53,"[0, 3]",127.24999999999491,"[50, 43]","[1.6000000000000008, 0]","[1.6000000000000008, 0]",15
54,"[0, 3]",134.7499999999964,"[53, 45]","[2.1500000000000004, 0]","[2.1500000000000004, 0]",15
55,"[0, 1]",104.94999999999618,"[54, -999]","[0, 0]","[0, 0]",15
56,"[0, 1]",107.89999999999601,"[55, 55]","[0, 0]","[0, 0]",15
57,"[2, 3]",168.75000000000412,"[52, 62]","[14.850000000000076, 0]","[0, 0]",15
58,"[0, 1]",108.49999999999598,"[56, 56]","[0, 0]","[0, 0]",15
59,"[0, 1]",111.29999999999582,"[58, 58]","[0, 0]","[0, 0]",15
60,"[0, 3]",144.09999999999852,"[59, 49]","[0, 0]","[0, 0]",15
61,"[0, 1]",117.34999999999548,"[60, 51]","[0, 0]","[0, 0]",15
62,"[0, 3]",151.75000000000026,"[61, 52]","[0, 0]","[0, 0]",15
63,"[0, 1]",124.44999999999507,"[62, 61]","[0, 0]","[0, 0]",15
64,"[2, 1]",126.84999999999494,"[57, 63]","[11.950000000000035, 0]","[0, 0]",15
65,"[0, 3]",156.05000000000123,"[63, 57]","[0, 0]","[0, 0]",15
66,"[0, 1]",128.89999999999506,"[65, 64]","[1.7500000000000009, 0]","[0, 0]",15
67,"[2, 1]",131.89999999999574,"[64, 66]","[9.399999999999999, 0]","[0, 0]",15
68,"[0, 3]",159.15000000000194,"[66, 65]","[2.549999999999999, 0]","[0, 0]",15
69,"[0, 3]",163.10000000000284,"[68, 68]","[2.9999999999999973, 0]","[0, 0]",15
70,"[0, 3]",166.35000000000358,"[69, 69]","[3.349999999999996, 0]","[0, 0]",15
71,"[0, 1]",138.19999999999717,"[70, 76]","[3.599999999999995, 0]","[0, 0]",15
72,"[2, 1]",124.14999999999509,"[67, 67]","[4.099999999999993, 0]","[0, 0]",15
73,"[0, 3]",170.70000000000456,"[71, 77]","[3.899999999999994, 0]","[0, 0]",15
74,"[0, 1]",143.94999999999848,"[73, 78]","[4.149999999999993, 0]","[0, 0]",15
75,"[0, 1]",146.249999999999,"[74, 74]","[4.049999999999994, 0]","[0, 0]",15
76,"[2, 1]",120.5499999999953,"[72, 72]","[6.249999999999986, 0]","[0, 0]",15
77,"[2, 3]",156.10000000000124,"[76, 70]","[6.999999999999983, 0]","[0, 0]",15
78,"[2, 1]",128.04999999999487,"[77, 71]","[6.549999999999985, 0]","[0, 0]",15
79,"[2, 3]",163.25000000000287,"[78, 73]","[6.149999999999986, 0]","[0, 0]",15
0,"[2, 3]",67.79999999999829,"[-999, -999]","[0, 0]","[0, 0]",16
1,"[2, 3]",71.74999999999807,"[0, 0]","[0, 0]","[0, 0]",16
2,"[0, 3]",96.89999999999664,"[-999, 8]","[0, 0]","[0, 0]",16
3,"[0, 1]",77.44999999999774,"[2, 17]","[3.599999999999995, 0]","[3.599999999999995, 0]",16
4,"[0, 3]",108.89999999999596,"[3, 19]","[0, 0]","[0, 0]",16
5,"[2, 1]",36.55000000000006,"[1, -999]","[0, 0]","[0, 0]",16
6,"[0, 1]",79.8999999999976,"[4, 3]","[0, 0]","[0, 0]",16
7,"[2, 1]",36.95000000000004,"[5, 5]","[0, 0]","[0, 0]",16
8,"[2, 3]",69.79999999999818,"[7, 1]","[0, 0]","[0, 0]",16
9,"[2, 1]",41.399999999999785,"[8, 7]","[0, 0]","[0, 0]",16
10,"[0, 1]",75.94999999999783,"[6, 6]","[0, 0]","[0, 0]",16
11,"[0, 1]",78.79999999999767,"[10, 10]","[0, 0]","[0, 0]",16
12,"[0, 1]",81.54999999999751,"[11, 11]","[0, 0]","[0, 0]",16
13,"[2, 1]",37.05000000000003,"[9, 9]","[0, 0]","[0, 0]",16
14,"[0, 3]",112.34999999999576,"[12, 28]","[0, 0]","[0, 0]",16
15,"[2, 1]",37.10000000000003,"[13, 13]","[0, 0]","[0, 0]",16
16,"[0, 3]",113.59999999999569,"[14, 14]","[0, 0]","[0, 0]",16
17,"[2, 1]",37.10000000000003,"[15, 15]","[0, 0]","[0, 0]",16
18,"[0, 3]",114.49999999999564,"[16, 16]","[0, 0]","[0, 0]",16
19,"[2, 3]",68.69999999999824,"[17, 2]","[0, 0]","[0, 0]",16
20,"[0, 3]",120.4999999999953,"[18, 38]","[3.049999999999997, 0]","[3.049999999999997, 0]",16
21,"[0, 1]",91.34999999999695,"[20, 37]","[0, 0]","[0, 0]",16
22,"[2, 3]",73.89999999999795,"[19, 4]","[0, 0]","[0, 0]",16
23,"[2, 3]",76.5499999999978,"[22, 22]","[0, 0]","[0, 0]",16
24,"[0, 3]",121.49999999999524,"[21, 39]","[0, 0]","[0, 0]",16
25,"[0, 1]",93.84999999999681,"[24, 40]","[0, 0]","[0, 0]",16
26,"[2, 3]",74.44999999999791,"[23, 23]","[0, 0]","[0, 0]",16
27,"[0, 1]",99.99999999999646,"[25, 42]","[2.6999999999999984, 0]","[2.6999999999999984, 0]",16
28,"[2, 3]",74.54999999999791,"[26, 26]","[0, 0]","[0, 0]",16
29,"[0, 1]",104.4999999999962,"[27, 43]","[2.5999999999999988, 0]","[2.5999999999999988, 0]",16
30,"[0, 3]",137.54999999999703,"[29, 45]","[0.7500000000000001, 0]","[0, 0]",16
31,"[0, 1]",111.84999999999579,"[30, 46]","[1.2000000000000004, 0]","[0, 0]",16
32,"[0, 1]",113.79999999999568,"[31, 31]","[1.900000000000001, 0]","[0, 0]",16
33,"[0, 3]",146.49999999999906,"[32, 30]","[2.3999999999999995, 0]","[0, 0]",16
34,"[0, 3]",150.54999999999998,"[33, 33]","[2.1500000000000004, 0]","[0, 0]",16
35,"[0, 3]",153.85000000000073,"[34, 34]","[1.7000000000000008, 0]","[0, 0]",16
36,"[2, 1]",36.650000000000055,"[28, 12]","[0, 0]","[0, 0]",16
37,"[2, 1]",39.449999999999896,"[36, 36]","[0, 0]","[0, 0]",16
38,"[2, 3]",74.6499999999979,"[37, 18]","[0, 0]","[0, 0]",16
39,"[2, 3]",82.84999999999744,"[38, 20]","[3.4999999999999956, 0]","[3.4999999999999956, 0]",16
40,"[2, 1]",54.449999999999044,"[39, 21]","[0, 0]","[0, 0]",16
41,"[0, 1]",115.39999999999559,"[35, 48]","[1.1000000000000003, 0]","[0, 0]",16
42,"[2, 1]",60.84999999999868,"[40, 25]","[0, 0]","[0, 0]",16
43,"[2, 1]",67.24999999999832,"[42, 27]","[4.749999999999991, 0]","[0, 0]",16
44,"[0, 3]",144.34999999999857,"[41, 51]","[0, 0]","[0, 0]",16
45,"[2, 3]",97.09999999999663,"[43, 24]","[16.000000000000092, 0]","[0.05, 0]",16
46,"[2, 1]",70.74999999999812,"[45, 29]","[15.500000000000085, 0]","[0, 0]",16
47,"[0, 3]",147.39999999999927,"[44, 58]","[2.25, 0]","[2.25, 0]",16
48,"[2, 1]",83.94999999999737,"[46, 32]","[19.800000000000146, 0]","[6.649999999999984, 0]",16
49,"[0, 1]",116.19999999999554,"[47, -999]","[0, 0]","[0, 0]",16
50,"[0, 3]",150.34999999999994,"[49, 59]","[0, 0]","[0, 0]",16
51,"[2, 3]",123.44999999999513,"[48, 35]","[18.200000000000124, 0]","[6.699999999999984, 0]",16
52,"[0, 1]",120.59999999999529,"[50, 64]","[0, 0]","[0, 0]",16
53,"[0, 1]",123.29999999999514,"[52, 52]","[0.44999999999999996, 0]","[0, 0]",16
54,"[0, 3]",156.05000000000123,"[53, 50]","[0.7000000000000001, 0]","[0, 0]",16
55,"[0, 3]",160.10000000000215,"[54, 54]","[0.15000000000000002, 0]","[0, 0]",16
56,"[0, 1]",133.29999999999606,"[55, 74]","[0, 0]","[0, 0]",16
57,"[0, 1]",135.89999999999665,"[56, 56]","[0, 0]","[0, 0]",16
58,"[2, 3]",117.89999999999544,"[51, 44]","[0, 0]","[0, 0]",16
59,"[2, 3]",125.09999999999503,"[58, 47]","[0, 0]","[0, 0]",16
60,"[0, 1]",134.14999999999625,"[57, 57]","[0, 0]","[0, 0]",16
61,"[0, 1]",136.9499999999969,"[60, 60]","[0, 0]","[0, 0]",16
62,"[0, 3]",169.70000000000434,"[61, 78]","[0, 0]","[0, 0]",16
63,"[0, 3]",173.70000000000525,"[62, 62]","[0, 0]","[0, 0]",16
64,"[2, 1]",87.14999999999719,"[59, 49]","[0, 0]","[0, 0]",16
65,"[0, 3]",174.75000000000549,"[63, 63]","[0, 0]","[0, 0]",16
66,"[2, 1]",100.14999999999645,"[64, 53]","[6.5999999999999845, 0]","[6.5999999999999845, 0]",16
67,"[0, 1]",145.24999999999878,"[65, -999]","[0, 0]","[0, 0]",16
68,"[0, 1]",148.09999999999943,"[67, 67]","[0, 0]","[0, 0]",16
69,"[0, 3]",181.10000000000693,"[68, 65]","[0, 0]","[0, 0]",16
70,"[0, 3]",185.10000000000784,"[69, 69]","[0, 0]","[0, 0]",16
71,"[0, 3]",188.4500000000086,"[70, 70]","[0, 0]","[0, 0]",16
72,"[0, 1]",161.2000000000024,"[71, -999]","[0, 0]","[0, 0]",16
73,"[0, 1]",164.00000000000304,"[72, 72]","[0, 0]","[0, 0]",16
74,"[2, 1]",86.64999999999722,"[66, 66]","[6.449999999999985, 0]","[0, 0]",16
75,"[2, 3]",121.24999999999525,"[74, 55]","[5.649999999999988, 0]","[0, 0]",16
76,"[0, 1]",162.30000000000265,"[73, 73]","[0, 0]","[0, 0]",16
77,"[0, 3]",195.1000000000101,"[76, 71]","[0, 0]","[0, 0]",16
78,"[2, 3]",120.5499999999953,"[75, 75]","[2.2, 0]","[0, 0]",16
79,"[0, 3]",196.8500000000105,"[77, 77]","[0.2, 0]","[0, 0]",16
0,"[2, 3]",67.79999999999829,"[-999, -999]","[0, 0]","[0, 0]",17
1,"[0, 3]",97.94999999999658,"[-999, 11]","[0, 0]","[0, 0]",17
2,"[2, 1]",36.70000000000005,"[0, -999]","[0, 0]","[0, 0]",17
3,"[0, 3]",104.14999999999623,"[1, 14]","[0, 0]","[0, 0]",17
4,"[2, 1]",36.95000000000004,"[2, 2]","[0, 0]","[0, 0]",17
5,"[2, 3]",69.79999999999818,"[4, 0]","[0, 0]","[0, 0]",17
6,"[0, 3]",106.79999999999607,"[3, 18]","[2.799999999999998, 0]","[2.799999999999998, 0]",17
7,"[2, 1]",39.14999999999991,"[5, 4]","[0, 0]","[0, 0]",17
8,"[0, 3]",111.5999999999958,"[6, 22]","[2.3999999999999995, 0]","[2.3999999999999995, 0]",17
9,"[2, 1]",39.84999999999987,"[7, 7]","[0, 0]","[0, 0]",17
10,"[0, 3]",111.6999999999958,"[8, 8]","[0, 0]","[0, 0]",17
11,"[2, 3]",68.79999999999824,"[9, 5]","[0, 0]","[0, 0]",17
12,"[0, 1]",80.84999999999755,"[10, 23]","[0, 0]","[0, 0]",17
13,"[0, 1]",89.79999999999704,"[12, 32]","[3.4999999999999956, 0]","[3.4999999999999956, 0]",17
14,"[2, 3]",74.29999999999792,"[11, 1]","[0, 0]","[0, 0]",17
15,"[0, 1]",94.54999999999677,"[13, 36]","[3.1999999999999966, 0]","[3.1999999999999966, 0]",17
16,"[0, 3]",124.74999999999505,"[15, 30]","[0, 0]","[0, 0]",17
17,"[2, 1]",37.99999999999998,"[14, -999]","[0, 0]","[0, 0]",17
18,"[2, 3]",75.04999999999788,"[17, 3]","[0, 0]","[0, 0]",17
19,"[0, 1]",94.0499999999968,"[16, 37]","[0, 0]","[0, 0]",17
20,"[0, 3]",128.44999999999496,"[19, 39]","[0, 0]","[0, 0]",17
21,"[0, 1]",101.0499999999964,"[20, 19]","[0, 0]","[0, 0]",17
22,"[2, 3]",75.44999999999786,"[18, 6]","[0, 0]","[0, 0]",17
23,"[2, 1]",44.99999999999958,"[22, -999]","[0, 0]","[0, 0]",17
24,"[0, 3]",130.24999999999537,"[21, 40]","[0, 0]","[0, 0]",17
25,"[0, 3]",133.39999999999608,"[24, 24]","[0, 0]","[0, 0]",17
26,"[0, 1]",105.79999999999613,"[25, 47]","[0, 0]","[0, 0]",17
27,"[0, 3]",139.6499999999975,"[26, 48]","[0, 0]","[0, 0]",17
28,"[0, 3]",147.44999999999928,"[27, 49]","[2.5999999999999988, 0]","[2.5999999999999988, 0]",17
29,"[0, 3]",149.94999999999985,"[28, 28]","[0, 0]","[0, 0]",17
30,"[2, 3]",71.44999999999808,"[23, 10]","[0, 0]","[0, 0]",17
31,"[0, 3]",150.34999999999994,"[29, 29]","[0, 0]","[0, 0]",17
32,"[2, 1]",39.099999999999916,"[30, 12]","[0, 0]","[0, 0]",17
33,"[0, 3]",150.80000000000004,"[31, 31]","[0, 0]","[0, 0]",17
34,"[0, 1]",126.34999999999496,"[33, 59]","[0, 0]","[0, 0]",17
35,"[0, 1]",134.2999999999963,"[34, 63]","[1.850000000000001, 0]","[1.850000000000001, 0]",17
36,"[2, 1]",40.74999999999982,"[32, 13]","[0, 0]","[0, 0]",17
37,"[2, 1]",49.09999999999935,"[36, 15]","[3.4499999999999957, 0]","[3.4499999999999957, 0]",17
38,"[0, 3]",159.95000000000212,"[35, 33]","[0, 0]","[0, 0]",17
39,"[2, 3]",79.9499999999976,"[37, 16]","[0, 0]","[0, 0]",17
40,"[2, 3]",88.8499999999971,"[39, 20]","[0, 0]","[0, 0]",17
41,"[0, 3]",159.55000000000203,"[38, 38]","[0, 0]","[0, 0]",17
42,"[0, 1]",132.34999999999584,"[41, 69]","[0, 0]","[0, 0]",17
43,"[0, 3]",166.80000000000368,"[42, 70]","[0, 0]","[0, 0]",17
44,"[0, 3]",169.85000000000437,"[43, 43]","[0, 0]","[0, 0]",17
45,"[0, 3]",177.60000000000613,"[44, 73]","[2.4499999999999993, 0]","[2.4499999999999993, 0]",17
46,"[0, 3]",180.1500000000067,"[45, 45]","[0, 0]","[0, 0]",17
47,"[2, 1]",48.54999999999938,"[40, 21]","[0, 0]","[0, 0]",17
48,"[2, 3]",87.0999999999972,"[47, 25]","[3.4499999999999957, 0]","[3.4499999999999957, 0]",17
49,"[2, 3]",95.19999999999673,"[48, 27]","[0, 0]","[0, 0]",17
50,"[0, 1]",145.04999999999873,"[46, -999]","[0, 0]","[0, 0]",17
51,"[0, 1]",147.89999999999938,"[50, 50]","[0, 0]","[0, 0]",17
52,"[0, 3]",181.60000000000704,"[51, 75]","[0, 0]","[0, 0]",17
53,"[0, 3]",184.5500000000077,"[52, 52]","[0, 0]","[0, 0]",17
54,"[0, 3]",192.3500000000095,"[53, 77]","[2.3499999999999996, 0]","[2.3499999999999996, 0]",17
55,"[2, 1]",54.449999999999044,"[49, 26]","[8.09999999999998, 0]","[0.9500000000000003, 0]",17
56,"[2, 1]",58.099999999998836,"[55, 55]","[8.549999999999986, 0]","[0, 0]",17
57,"[0, 1]",161.1500000000024,"[54, 79]","[0, 0]","[0, 0]",17
58,"[2, 1]",59.29999999999877,"[56, 56]","[10.800000000000018, 0]","[0, 0]",17
59,"[2, 1]",62.94999999999856,"[58, 58]","[8.399999999999984, 0]","[0, 0]",17
60,"[0, 3]",188.0000000000085,"[57, 54]","[0, 0]","[0, 0]",17
61,"[0, 3]",191.90000000000938,"[60, 60]","[0, 0]","[0, 0]",17
62,"[0, 1]",165.05000000000328,"[61, 57]","[2.0500000000000007, 0]","[0, 0]",17
63,"[2, 1]",65.54999999999842,"[59, 34]","[2.6999999999999984, 0]","[0, 0]",17
64,"[2, 1]",72.44999999999803,"[63, 35]","[1.4000000000000006, 0]","[0, 0]",17
65,"[0, 1]",163.3500000000029,"[62, 62]","[3.4499999999999957, 0]","[0, 0]",17
66,"[0, 3]",196.3500000000104,"[65, 61]","[4.3499999999999925, 0]","[0, 0]",17
67,"[0, 3]",200.40000000001132,"[66, 66]","[4.849999999999991, 0]","[0, 0]",17
68,"[0, 1]",173.60000000000522,"[67, 65]","[5.349999999999989, 0]","[0, 0]",17
69,"[2, 1]",65.24999999999844,"[64, 64]","[0, 0]","[0, 0]",17
70,"[2, 3]",100.34999999999644,"[69, 41]","[0, 0]","[0, 0]",17
71,"[2, 1]",72.59999999999802,"[70, 42]","[0, 0]","[0, 0]",17
72,"[0, 1]",169.70000000000434,"[68, 68]","[6.649999999999984, 0]","[0, 0]",17
73,"[2, 3]",109.74999999999591,"[71, 44]","[0, 0]","[0, 0]",17
74,"[2, 3]",122.1499999999952,"[73, 46]","[2.6999999999999984, 0]","[2.6999999999999984, 0]",17
75,"[2, 3]",124.79999999999505,"[74, 74]","[0, 0]","[0, 0]",17
76,"[2, 1]",96.14999999999668,"[75, 51]","[0, 0]","[0, 0]",17
77,"[2, 3]",135.6999999999966,"[76, 53]","[0, 0]","[0, 0]",17
78,"[0, 3]",191.40000000000927,"[72, 67]","[6.999999999999983, 0]","[0, 0]",17
79,"[2, 1]",103.64999999999625,"[77, 76]","[0, 0]","[0, 0]",17
0,"[2, 1]",36.45000000000007,"[-999, -999]","[0, 0]","[0, 0]",18
1,"[0, 3]",102.49999999999632,"[-999, 11]","[0, 0]","[2.9499999999999975, 0]",18
2,"[0, 1]",74.5999999999979,"[1, 12]","[0, 0]","[0, 0]",18
3,"[0, 1]",77.44999999999774,"[2, 2]","[0, 0]","[0, 0]",18
4,"[2, 1]",36.55000000000006,"[0, 0]","[0, 0]","[0, 0]",18
5,"[0, 3]",112.99999999999572,"[3, 16]","[1.2500000000000004, 0]","[1.2500000000000004, 0]",18
6,"[2, 3]",68.04999999999828,"[4, -999]","[0, 0]","[0, 0]",18
7,"[2, 3]",72.04999999999805,"[6, 6]","[0, 0]","[0, 0]",18
8,"[0, 1]",78.74999999999767,"[5, 17]","[0, 0]","[0, 0]",18
9,"[2, 1]",40.94999999999981,"[7, 4]","[0, 0]","[0, 0]",18
10,"[2, 1]",44.24999999999962,"[9, 9]","[0, 0]","[0, 0]",18
11,"[2, 3]",73.39999999999797,"[10, 7]","[0, 0]","[0, 0]",18
12,"[2, 1]",46.149999999999515,"[11, 10]","[0, 0]","[0, 0]",18
13,"[2, 3]",80.79999999999755,"[12, 1]","[0, 0]","[0, 0]",18
14,"[2, 3]",83.3999999999974,"[13, 13]","[0, 0]","[0, 0]",18
15,"[0, 1]",72.74999999999801,"[8, 18]","[1.7000000000000008, 0]","[1.7000000000000008, 0]",18
16,"[2, 3]",83.5999999999974,"[14, 14]","[0, 0]","[0, 0]",18
17,"[2, 1]",54.09999999999906,"[16, 3]","[0, 0]","[0, 0]",18
18,"[2, 1]",62.54999999999858,"[17, 8]","[2.6499999999999986, 0]","[2.6499999999999986, 0]",18
19,"[0, 3]",98.69999999999654,"[15, 5]","[0, 0]","[0, 0]",18
20,"[0, 1]",72.39999999999803,"[19, 21]","[0, 0]","[0, 0]",18
21,"[2, 1]",64.79999999999846,"[18, 15]","[6.099999999999986, 0]","[6.099999999999986, 0]",18
22,"[0, 1]",78.69999999999767,"[20, 23]","[0.49999999999999994, 0]","[0.49999999999999994, 0]",18
23,"[2, 1]",72.14999999999804,"[21, 20]","[13.550000000000058, 0]","[5.09999999999999, 0]",18
24,"[2, 3]",102.49999999999632,"[23, 19]","[19.150000000000137, 0]","[0.8000000000000002, 0]",18
25,"[2, 3]",106.99999999999606,"[24, 24]","[20.200000000000152, 0]","[0, 0]",18
26,"[2, 1]",79.39999999999763,"[25, 27]","[20.300000000000153, 0]","[0, 0]",18
27,"[0, 1]",70.49999999999814,"[22, 22]","[0, 0]","[0, 0]",18
28,"[0, 3]",106.09999999999611,"[27, 25]","[0, 0]","[0, 0]",18
29,"[2, 3]",114.39999999999564,"[26, 30]","[18.00000000000012, 0]","[0, 0]",18
30,"[0, 3]",106.99999999999606,"[28, 28]","[0, 0]","[0, 0]",18
31,"[2, 1]",82.24999999999747,"[29, 26]","[16.250000000000096, 0]","[0, 0]",18
32,"[2, 3]",117.94999999999544,"[31, 34]","[14.750000000000075, 0]","[0, 0]",18
33,"[2, 3]",121.49999999999524,"[32, 32]","[13.250000000000053, 0]","[0, 0]",18
34,"[0, 3]",107.999999999996,"[30, 29]","[2.25, 0]","[2.25, 0]",18
35,"[0, 1]",80.99999999999754,"[34, 31]","[0, 0]","[0, 0]",18
36,"[0, 1]",82.79999999999744,"[35, 35]","[0, 0]","[0, 0]",18
37,"[0, 3]",118.04999999999544,"[36, 33]","[0, 0]","[0, 0]",18
38,"[0, 3]",121.04999999999526,"[37, 37]","[0, 0]","[0, 0]",18
39,"[2, 1]",82.14999999999748,"[33, 36]","[8.899999999999991, 0]","[0, 0]",18
40,"[2, 3]",121.64999999999523,"[39, 38]","[7.699999999999981, 0]","[0, 0]",18
41,"[2, 3]",124.34999999999508,"[40, 40]","[6.249999999999986, 0]","[0, 0]",18
42,"[0, 1]",86.29999999999724,"[38, 39]","[0, 0]","[0, 0]",18
43,"[2, 1]",100.29999999999644,"[41, 47]","[9.5, 0]","[3.2999999999999963, 0]",18
44,"[2, 3]",139.2499999999974,"[43, 50]","[9.099999999999994, 0]","[3.2499999999999964, 0]",18
45,"[0, 1]",84.69999999999733,"[42, 42]","[0, 0]","[0, 0]",18
46,"[2, 3]",140.39999999999768,"[44, 44]","[4.849999999999991, 0]","[0, 0]",18
47,"[0, 1]",85.2999999999973,"[45, 45]","[0, 0]","[0, 0]",18
48,"[2, 3]",146.74999999999912,"[46, 57]","[3.649999999999995, 0]","[0, 0]",18
49,"[0, 3]",115.89999999999556,"[47, 41]","[0, 0]","[0, 0]",18
50,"[0, 3]",119.79999999999534,"[49, 49]","[0, 0]","[0, 0]",18
51,"[2, 1]",120.04999999999532,"[48, 62]","[3.4499999999999957, 0]","[0, 0]",18
52,"[2, 3]",153.80000000000072,"[51, 63]","[3.7499999999999947, 0]","[0, 0]",18
53,"[2, 1]",131.2499999999956,"[52, 70]","[4.299999999999993, 0]","[0, 0]",18
54,"[0, 1]",86.04999999999725,"[50, 43]","[0, 0]","[0, 0]",18
55,"[0, 1]",88.8499999999971,"[54, 54]","[0, 0]","[0, 0]",18
56,"[2, 3]",171.60000000000477,"[53, 76]","[10.550000000000015, 0]","[6.749999999999984, 0]",18
57,"[0, 3]",121.14999999999526,"[55, 46]","[0, 0]","[0, 0]",18
58,"[2, 1]",139.79999999999754,"[56, -999]","[1.6000000000000008, 0]","[0, 0]",18
59,"[0, 1]",91.29999999999696,"[57, 55]","[0, 0]","[0, 0]",18
60,"[2, 3]",173.4500000000052,"[58, 78]","[2.799999999999998, 0]","[0, 0]",18
61,"[2, 1]",145.44999999999882,"[60, 58]","[7.84999999999998, 0]","[0, 0]",18
62,"[0, 1]",89.59999999999705,"[59, 59]","[0, 0]","[0, 0]",18
63,"[0, 3]",122.64999999999517,"[62, 48]","[0, 0]","[0, 0]",18
64,"[0, 1]",96.24999999999667,"[63, 51]","[0, 0]","[0, 0]",18
65,"[2, 1]",142.59999999999818,"[61, 61]","[13.00000000000005, 0]","[0, 0]",18
66,"[2, 3]",176.45000000000587,"[65, 60]","[16.150000000000095, 0]","[0, 0]",18
67,"[2, 1]",149.99999999999986,"[66, 65]","[18.800000000000132, 0]","[0, 0]",18
68,"[2, 1]",154.1000000000008,"[67, 67]","[23.000000000000192, 0]","[0, 0]",18
69,"[2, 3]",187.20000000000832,"[68, 66]","[28.100000000000264, 0]","[0, 0]",18
70,"[0, 1]",87.69999999999716,"[64, 64]","[0, 0]","[0, 0]",18
71,"[2, 1]",158.25000000000173,"[69, 68]","[32.75000000000028, 0]","[0, 0]",18
72,"[2, 3]",193.20000000000968,"[71, 69]","[39.3499999999999, 0]","[0, 0]",18
73,"[0, 3]",116.19999999999554,"[70, 52]","[0, 0]","[0, 0]",18
74,"[2, 3]",195.0000000000101,"[72, 72]","[41.69999999999977, 0]","[0, 0]",18
75,"[0, 3]",117.79999999999545,"[73, 73]","[0, 0]","[0, 0]",18
76,"[0, 3]",121.09999999999526,"[75, 75]","[0, 0]","[0, 0]",18
77,"[2, 3]",194.10000000000989,"[74, 74]","[43.99999999999964, 0]","[0, 0]",18
78,"[0, 3]",127.29999999999491,"[76, 56]","[2.4499999999999993, 0]","[2.4499999999999993, 0]",18
79,"[2, 3]",195.5000000000102,"[77, 77]","[44.49999999999961, 0]","[0, 0]",18
0,"[0, 1]",67.44999999999831,"[-999, -999]","[0, 0]","[0, 0]",19
1,"[2, 1]",36.45000000000007,"[-999, -999]","[0, 0]","[0, 0]",19
2,"[0, 3]",99.3499999999965,"[0, 11]","[0, 0]","[0, 0]",19
3,"[0, 1]",79.64999999999762,"[2, 18]","[3.699999999999995, 0]","[3.699999999999995, 0]",19
4,"[2, 1]",36.650000000000055,"[1, 1]","[0, 0]","[0, 0]",19
5,"[0, 3]",108.69999999999597,"[3, 19]","[0, 0]","[0, 0]",19
6,"[0, 1]",81.8499999999975,"[5, 3]","[0, 0]","[0, 0]",19
7,"[0, 1]",93.9999999999968,"[6, 26]","[5.299999999999989, 0]","[5.299999999999989, 0]",19
8,"[2, 3]",67.84999999999829,"[4, -999]","[0, 0]","[0, 0]",19
9,"[0, 3]",128.649999999995,"[7, 31]","[2.6499999999999986, 0]","[2.6499999999999986, 0]",19
10,"[0, 1]",99.64999999999648,"[9, 7]","[0, 0]","[0, 0]",19
11,"[2, 3]",69.09999999999822,"[8, 8]","[0, 0]","[0, 0]",19
12,"[0, 1]",100.29999999999644,"[10, 10]","[0, 0]","[0, 0]",19
13,"[0, 1]",103.14999999999628,"[12, 12]","[0, 0]","[0, 0]",19
14,"[0, 1]",110.49999999999586,"[13, 36]","[2.499999999999999, 0]","[2.499999999999999, 0]",19
15,"[0, 3]",144.14999999999853,"[14, 37]","[0, 0]","[0, 0]",19
16,"[2, 1]",36.90000000000004,"[11, 0]","[0, 0]","[0, 0]",19
17,"[0, 3]",145.14999999999876,"[15, 15]","[0.7500000000000001, 0]","[0, 0]",19
18,"[2, 1]",37.000000000000036,"[16, 16]","[0, 0]","[0, 0]",19
19,"[2, 3]",70.74999999999812,"[18, 2]","[0, 0]","[0, 0]",19
20,"[0, 3]",148.49999999999952,"[17, 40]","[3.699999999999995, 0]","[2.4499999999999993, 0]",19
21,"[0, 1]",120.64999999999529,"[20, 42]","[1.5000000000000007, 0]","[0, 0]",19
22,"[0, 3]",154.85000000000096,"[21, 44]","[1.6500000000000008, 0]","[0, 0]",19
23,"[2, 3]",73.54999999999797,"[19, 5]","[0, 0]","[0, 0]",19
24,"[0, 3]",155.65000000000114,"[22, 22]","[1.6500000000000008, 0]","[0, 0]",19
25,"[2, 1]",44.24999999999962,"[23, 6]","[0, 0]","[0, 0]",19
26,"[2, 1]",46.19999999999951,"[25, 25]","[0, 0]","[0, 0]",19
27,"[0, 1]",123.09999999999515,"[24, 45]","[1.6000000000000008, 0]","[0, 0]",19
28,"[2, 3]",74.34999999999792,"[26, 23]","[0, 0]","[0, 0]",19
29,"[0, 1]",123.69999999999511,"[27, 27]","[1.4000000000000006, 0]","[0, 0]",19
30,"[0, 3]",156.85000000000142,"[29, 46]","[1.1500000000000004, 0]","[0, 0]",19
31,"[2, 3]",73.44999999999797,"[28, 28]","[0, 0]","[0, 0]",19
32,"[0, 1]",127.99999999999487,"[30, 50]","[1.0000000000000002, 0]","[0, 0]",19
33,"[2, 3]",79.79999999999761,"[31, 9]","[3.4499999999999957, 0]","[3.4499999999999957, 0]",19
34,"[0, 3]",160.00000000000213,"[32, 53]","[2.5999999999999988, 0]","[0, 0]",19
35,"[2, 3]",80.64999999999756,"[33, 33]","[0, 0]","[0, 0]",19
36,"[2, 1]",57.049999999998896,"[35, 13]","[0, 0]","[0, 0]",19
37,"[2, 3]",88.14999999999714,"[36, 35]","[8.79999999999999, 0]","[0.5499999999999999, 0]",19
38,"[2, 1]",61.54999999999864,"[37, 14]","[9.099999999999994, 0]","[0, 0]",19
39,"[0, 3]",154.1000000000008,"[34, 34]","[3.099999999999997, 0]","[0, 0]",19
40,"[2, 3]",98.64999999999654,"[38, 17]","[6.749999999999984, 0]","[0, 0]",19
41,"[0, 1]",124.44999999999507,"[39, 32]","[2.5999999999999988, 0]","[0, 0]",19
42,"[2, 1]",66.29999999999838,"[40, 38]","[5.04999999999999, 0]","[0, 0]",19
43,"[0, 1]",125.04999999999504,"[41, 41]","[1.7500000000000009, 0]","[0, 0]",19
44,"[2, 3]",99.89999999999647,"[42, 20]","[3.7499999999999947, 0]","[0, 0]",19
45,"[2, 1]",71.79999999999806,"[44, 21]","[2.6499999999999986, 0]","[0, 0]",19
46,"[2, 3]",111.19999999999582,"[45, 24]","[1.4500000000000006, 0]","[0, 0]",19
47,"[0, 1]",121.14999999999526,"[43, 43]","[0, 0]","[0, 0]",19
48,"[0, 1]",128.34999999999494,"[47, 56]","[2.3999999999999995, 0]","[2.3999999999999995, 0]",19
49,"[0, 3]",160.20000000000218,"[48, 55]","[0, 0]","[0, 0]",19
50,"[2, 1]",82.19999999999747,"[46, 29]","[0, 0]","[0, 0]",19
51,"[0, 3]",162.0500000000026,"[49, 49]","[0, 0]","[0, 0]",19
52,"[0, 3]",165.40000000000336,"[51, 51]","[1.0000000000000002, 0]","[0, 0]",19
53,"[2, 3]",111.44999999999581,"[50, 30]","[0, 0]","[0, 0]",19
54,"[2, 3]",125.89999999999499,"[53, 39]","[3.349999999999996, 0]","[3.349999999999996, 0]",19
55,"[2, 3]",129.24999999999514,"[54, 54]","[0.8000000000000002, 0]","[0, 0]",19
56,"[2, 1]",106.3999999999961,"[55, 47]","[0, 0]","[0, 0]",19
57,"[2, 1]",113.14999999999571,"[56, 48]","[0, 0]","[0, 0]",19
58,"[0, 3]",157.2000000000015,"[52, 52]","[1.3500000000000005, 0]","[0, 0]",19
59,"[0, 3]",165.40000000000336,"[58, 65]","[4.049999999999994, 0]","[2.3999999999999995, 0]",19
60,"[0, 1]",136.5499999999968,"[59, -999]","[1.7000000000000008, 0]","[0, 0]",19
61,"[0, 3]",170.65000000000455,"[60, 67]","[1.3000000000000005, 0]","[0, 0]",19
62,"[0, 1]",142.54999999999816,"[61, 60]","[0.7000000000000001, 0]","[0, 0]",19
63,"[0, 3]",181.15000000000694,"[62, 69]","[2.9499999999999975, 0]","[2.9499999999999975, 0]",19
64,"[0, 1]",152.95000000000053,"[63, 62]","[0, 0]","[0, 0]",19
65,"[2, 3]",146.89999999999915,"[57, 58]","[9.399999999999999, 0]","[9.399999999999999, 0]",19
66,"[0, 1]",153.60000000000068,"[64, 64]","[0, 0]","[0, 0]",19
67,"[2, 3]",152.30000000000038,"[65, 59]","[0, 0]","[0, 0]",19
68,"[2, 3]",159.8000000000021,"[67, 61]","[0, 0]","[0, 0]",19
69,"[2, 3]",162.4500000000027,"[68, 68]","[0.2, 0]","[0, 0]",19
70,"[0, 3]",179.90000000000666,"[66, 71]","[0, 0]","[0, 0]",19
71,"[2, 3]",168.50000000000406,"[69, 63]","[0.5499999999999999, 0]","[0, 0]",19
72,"[0, 3]",181.50000000000702,"[70, 70]","[0, 0]","[0, 0]",19
73,"[2, 1]",143.89999999999847,"[71, 66]","[4.099999999999993, 0]","[3.2499999999999964, 0]",19
74,"[0, 3]",182.55000000000726,"[72, 72]","[0, 0]","[0, 0]",19
75,"[2, 1]",143.79999999999845,"[73, 73]","[4.449999999999992, 0]","[0, 0]",19
76,"[2, 1]",147.0999999999992,"[75, 75]","[5.749999999999988, 0]","[0, 0]",19
77,"[0, 3]",181.10000000000693,"[74, 74]","[0.25, 0]","[0, 0]",19
78,"[2, 3]",184.1000000000076,"[76, 77]","[6.949999999999983, 0]","[0, 0]",19
79,"[0, 1]",150.95000000000007,"[77, 76]","[1.4000000000000006, 0]","[0, 0]",19
0,"[2, 1]",36.45000000000007,"[-999, -999]","[0, 0]","[0, 0]",20
1,"[0, 1]",67.44999999999831,"[-999, 8]","[0, 0]","[0, 0]",20
2,"[2, 1]",36.95000000000004,"[0, 0]","[0, 0]","[0, 0]",20
3,"[0, 1]",72.59999999999802,"[1, 11]","[0, 0]","[0, 0]",20
4,"[0, 3]",105.34999999999616,"[3, 15]","[0, 0]","[0, 0]",20
5,"[2, 3]",67.89999999999829,"[2, -999]","[0, 0]","[0, 0]",20
6,"[0, 1]",80.09999999999759,"[4, 18]","[2.8999999999999977, 0]","[2.8999999999999977, 0]",20
7,"[2, 3]",69.89999999999817,"[5, 5]","[0, 0]","[0, 0]",20
8,"[2, 1]",38.399999999999956,"[7, 2]","[0, 0]","[0, 0]",20
9,"[2, 3]",72.849999999998,"[8, 7]","[0, 0]","[0, 0]",20
10,"[2, 3]",76.3999999999978,"[9, 9]","[0, 0]","[0, 0]",20
11,"[2, 1]",50.399999999999274,"[10, 1]","[0, 0]","[0, 0]",20
12,"[0, 3]",101.0999999999964,"[6, 22]","[0, 0]","[0, 0]",20
13,"[0, 3]",109.14999999999594,"[12, 25]","[2.549999999999999, 0]","[2.549999999999999, 0]",20
14,"[0, 3]",116.69999999999551,"[13, 31]","[2.9999999999999973, 0]","[2.9999999999999973, 0]",20
15,"[2, 3]",74.39999999999792,"[11, 10]","[0, 0]","[0, 0]",20
16,"[0, 1]",85.09999999999731,"[14, -999]","[0, 0]","[0, 0]",20
17,"[2, 1]",45.94999999999953,"[15, 3]","[0, 0]","[0, 0]",20
18,"[2, 1]",47.99999999999941,"[17, 17]","[0, 0]","[0, 0]",20
19,"[0, 3]",115.2499999999956,"[16, 32]","[0, 0]","[0, 0]",20
20,"[0, 1]",87.69999999999716,"[19, 33]","[0, 0]","[0, 0]",20
21,"[0, 3]",122.1999999999952,"[20, 34]","[0, 0]","[0, 0]",20
22,"[2, 3]",72.44999999999803,"[18, 4]","[0, 0]","[0, 0]",20
23,"[0, 1]",93.44999999999683,"[21, 35]","[0, 0]","[0, 0]",20
24,"[2, 1]",43.19999999999968,"[22, 6]","[0, 0]","[0, 0]",20
25,"[2, 3]",77.14999999999776,"[24, 12]","[0, 0]","[0, 0]",20
26,"[0, 1]",91.09999999999697,"[23, 23]","[0, 0]","[0, 0]",20
27,"[0, 3]",126.69999999999494,"[26, 40]","[0, 0]","[0, 0]",20
28,"[0, 3]",129.74999999999525,"[27, 27]","[0, 0]","[0, 0]",20
29,"[0, 1]",102.09999999999634,"[28, 26]","[0, 0]","[0, 0]",20
30,"[0, 1]",104.94999999999618,"[29, 29]","[0, 0]","[0, 0]",20
31,"[2, 3]",73.44999999999797,"[25, 13]","[0, 0]","[0, 0]",20
32,"[2, 3]",81.09999999999754,"[31, 14]","[3.5499999999999954, 0]","[3.5499999999999954, 0]",20
33,"[2, 1]",52.649999999999146,"[32, 16]","[0, 0]","[0, 0]",20
34,"[2, 3]",87.19999999999719,"[33, 19]","[0, 0]","[0, 0]",20
35,"[2, 1]",59.59999999999875,"[34, 20]","[6.099999999999986, 0]","[0, 0]",20
36,"[0, 3]",126.84999999999494,"[30, 43]","[0, 0]","[0, 0]",20
37,"[2, 3]",92.44999999999689,"[35, 21]","[8.449999999999985, 0]","[0, 0]",20
38,"[0, 3]",128.54999999999498,"[36, 36]","[0, 0]","[0, 0]",20
39,"[0, 1]",101.49999999999638,"[38, 48]","[0, 0]","[0, 0]",20
40,"[2, 3]",91.79999999999693,"[37, 37]","[6.0499999999999865, 0]","[0, 0]",20
41,"[0, 3]",131.94999999999575,"[39, 38]","[0, 0]","[0, 0]",20
42,"[0, 3]",135.84999999999664,"[41, 41]","[0, 0]","[0, 0]",20
43,"[2, 3]",101.39999999999638,"[40, 28]","[5.04999999999999, 0]","[2.7499999999999982, 0]",20
44,"[0, 3]",136.84999999999687,"[42, 42]","[0, 0]","[0, 0]",20
45,"[0, 1]",109.64999999999591,"[44, 49]","[0, 0]","[0, 0]",20
46,"[2, 1]",74.94999999999789,"[43, 30]","[3.1999999999999966, 0]","[3.1999999999999966, 0]",20
47,"[0, 3]",146.04999999999896,"[45, 53]","[2.849999999999998, 0]","[2.849999999999998, 0]",20
48,"[2, 1]",74.99999999999788,"[46, 46]","[0, 0]","[0, 0]",20
49,"[2, 1]",84.59999999999734,"[48, 39]","[0, 0]","[0, 0]",20
50,"[2, 3]",128.94999999999507,"[49, 44]","[2.5999999999999988, 0]","[2.5999999999999988, 0]",20
51,"[0, 1]",112.19999999999577,"[47, 54]","[0, 0]","[0, 0]",20
52,"[0, 1]",114.44999999999564,"[51, 51]","[0, 0]","[0, 0]",20
53,"[2, 3]",127.3499999999949,"[50, 50]","[0, 0]","[0, 0]",20
54,"[2, 1]",98.59999999999654,"[53, 45]","[0, 0]","[0, 0]",20
55,"[0, 3]",142.54999999999816,"[52, 56]","[0, 0]","[0, 0]",20
56,"[2, 3]",131.59999999999567,"[54, 47]","[0, 0]","[0, 0]",20
57,"[2, 1]",108.44999999999598,"[56, 52]","[0.5499999999999999, 0]","[0, 0]",20
58,"[0, 1]",111.34999999999582,"[55, 57]","[0, 0]","[0, 0]",20
59,"[2, 3]",139.94999999999757,"[57, 55]","[1.2000000000000004, 0]","[0, 0]",20
60,"[0, 3]",143.49999999999838,"[58, 59]","[0, 0]","[0, 0]",20
61,"[2, 1]",109.9999999999959,"[59, 58]","[1.2000000000000004, 0]","[0, 0]",20
62,"[0, 1]",114.54999999999563,"[60, 61]","[0, 0]","[0, 0]",20
63,"[2, 3]",142.84999999999823,"[61, 60]","[0.9000000000000002, 0]","[0, 0]",20
64,"[0, 3]",146.39999999999904,"[62, 63]","[0, 0]","[0, 0]",20
65,"[0, 1]",119.84999999999533,"[64, 66]","[0, 0]","[0, 0]",20
66,"[2, 1]",110.69999999999585,"[63, 62]","[2.25, 0]","[0, 0]",20
67,"[0, 3]",149.7999999999998,"[65, 64]","[0, 0]","[0, 0]",20
68,"[2, 1]",118.24999999999542,"[66, 65]","[4.449999999999992, 0]","[0, 0]",20
69,"[0, 1]",120.14999999999532,"[67, 68]","[0, 0]","[0, 0]",20
70,"[0, 1]",127.4999999999949,"[69, 71]","[2.549999999999999, 0]","[2.549999999999999, 0]",20
71,"[2, 1]",121.04999999999526,"[68, 69]","[4.099999999999993, 0]","[0, 0]",20
72,"[0, 3]",157.00000000000145,"[70, 67]","[0, 0]","[0, 0]",20
73,"[2, 1]",125.599999999995,"[71, 70]","[5.299999999999989, 0]","[0, 0]",20
74,"[0, 1]",133.09999999999602,"[72, 75]","[2.549999999999999, 0]","[2.549999999999999, 0]",20
75,"[2, 1]",124.39999999999507,"[73, 73]","[7.84999999999998, 0]","[0, 0]",20
76,"[0, 3]",162.80000000000277,"[74, 72]","[0, 0]","[0, 0]",20
77,"[2, 1]",131.6999999999957,"[75, 74]","[11.700000000000031, 0]","[0, 0]",20
78,"[0, 1]",134.49999999999633,"[76, 77]","[0, 0]","[0, 0]",20
79,"[0, 1]",137.34999999999698,"[78, 78]","[0, 0]","[0, 0]",20
0,"[0, 1]",77.44999999999774,"[-999, 13]","[0, 0]","[5.549999999999988, 0]",21
1,"[2, 3]",67.79999999999829,"[-999, -999]","[0, 0]","[0, 0]",21
2,"[0, 1]",76.29999999999781,"[0, 0]","[0, 0]","[0, 0]",21
3,"[2, 1]",36.70000000000005,"[1, -999]","[0, 0]","[0, 0]",21
4,"[0, 3]",106.3499999999961,"[2, 10]","[0, 0]","[0, 0]",21
5,"[0, 1]",80.09999999999759,"[4, 14]","[0, 0]","[0, 0]",21
6,"[2, 3]",68.34999999999826,"[3, 1]","[0, 0]","[0, 0]",21
7,"[0, 3]",111.84999999999579,"[5, 15]","[0, 0]","[0, 0]",21
8,"[0, 3]",114.94999999999561,"[7, 7]","[0, 0]","[0, 0]",21
9,"[0, 1]",86.84999999999721,"[8, 19]","[0, 0]","[0, 0]",21
10,"[2, 3]",68.74999999999824,"[6, 6]","[0, 0]","[0, 0]",21
11,"[0, 1]",87.39999999999718,"[9, 9]","[0, 0]","[0, 0]",21
12,"[2, 1]",36.75000000000005,"[10, -999]","[0, 0]","[0, 0]",21
13,"[2, 1]",39.69999999999988,"[12, 12]","[0, 0]","[0, 0]",21
14,"[2, 1]",55.149999999999004,"[13, 2]","[6.699999999999984, 0]","[6.699999999999984, 0]",21
15,"[2, 3]",88.29999999999713,"[14, 4]","[0, 0]","[0, 0]",21
16,"[0, 1]",85.74999999999727,"[11, 22]","[2.499999999999999, 0]","[2.499999999999999, 0]",21
17,"[0, 3]",117.54999999999546,"[16, 21]","[0, 0]","[0, 0]",21
18,"[0, 3]",121.59999999999523,"[17, 17]","[0, 0]","[0, 0]",21
19,"[2, 1]",54.19999999999906,"[15, 5]","[0, 0]","[0, 0]",21
20,"[0, 1]",91.69999999999693,"[18, 24]","[0, 0]","[0, 0]",21
21,"[2, 3]",90.84999999999698,"[19, 8]","[7.099999999999983, 0]","[0, 0]",21
22,"[2, 1]",68.19999999999827,"[21, 11]","[13.350000000000055, 0]","[0, 0]",21
23,"[2, 1]",74.94999999999789,"[22, 16]","[10.95000000000002, 0]","[0, 0]",21
24,"[2, 1]",76.4999999999978,"[23, 23]","[9.299999999999997, 0]","[0, 0]",21
25,"[0, 3]",117.34999999999548,"[20, 27]","[0, 0]","[0, 0]",21
26,"[0, 1]",90.649999999997,"[25, 28]","[0, 0]","[0, 0]",21
27,"[2, 3]",107.24999999999605,"[24, 18]","[8.349999999999984, 0]","[0, 0]",21
28,"[2, 1]",79.24999999999764,"[27, 20]","[7.499999999999981, 0]","[0, 0]",21
29,"[0, 1]",88.39999999999712,"[26, 26]","[0, 0]","[0, 0]",21
30,"[2, 3]",112.14999999999577,"[28, 25]","[6.249999999999986, 0]","[0, 0]",21
31,"[0, 1]",88.89999999999709,"[29, 29]","[0, 0]","[0, 0]",21
32,"[0, 3]",125.29999999999502,"[31, 35]","[1.5500000000000007, 0]","[1.5500000000000007, 0]",21
33,"[0, 3]",128.39999999999495,"[32, 32]","[0, 0]","[0, 0]",21
34,"[2, 3]",109.14999999999594,"[30, 30]","[0.2, 0]","[0, 0]",21
35,"[2, 3]",112.84999999999573,"[34, 34]","[0, 0]","[0, 0]",21
36,"[0, 3]",126.84999999999494,"[33, 33]","[0, 0]","[0, 0]",21
37,"[0, 3]",134.89999999999642,"[36, 38]","[2.4499999999999993, 0]","[2.4499999999999993, 0]",21
38,"[2, 3]",127.74999999999488,"[35, 36]","[10.400000000000013, 0]","[9.399999999999999, 0]",21
39,"[2, 1]",97.39999999999661,"[38, -999]","[1.950000000000001, 0]","[0, 0]",21
40,"[2, 3]",133.4499999999961,"[39, 37]","[2.849999999999998, 0]","[0, 0]",21
41,"[2, 1]",105.29999999999616,"[40, 42]","[2.3, 0]","[0, 0]",21
42,"[0, 1]",97.84999999999658,"[37, 39]","[0, 0]","[0, 0]",21
43,"[0, 3]",132.1999999999958,"[42, 40]","[0, 0]","[0, 0]",21
44,"[2, 3]",135.99999999999667,"[41, 43]","[1.0500000000000003, 0]","[0, 0]",21
45,"[2, 3]",139.74999999999753,"[44, 44]","[0, 0]","[0, 0]",21
46,"[2, 1]",111.84999999999579,"[45, 48]","[0, 0]","[0, 0]",21
47,"[0, 1]",98.59999999999654,"[43, 41]","[0, 0]","[0, 0]",21
48,"[0, 1]",100.89999999999641,"[47, 47]","[0, 0]","[0, 0]",21
49,"[2, 3]",142.44999999999814,"[46, 51]","[0, 0]","[0, 0]",21
50,"[2, 3]",156.60000000000136,"[49, 63]","[2.549999999999999, 0]","[2.549999999999999, 0]",21
51,"[0, 3]",131.89999999999574,"[48, 45]","[0, 0]","[0, 0]",21
52,"[2, 3]",166.80000000000368,"[50, 68]","[3.049999999999997, 0]","[3.049999999999997, 0]",21
53,"[2, 3]",174.20000000000536,"[52, 72]","[1.2000000000000004, 0]","[0, 0]",21
54,"[2, 3]",181.55000000000703,"[53, 77]","[4.299999999999993, 0]","[0, 0]",21
55,"[0, 1]",98.29999999999656,"[51, 46]","[0, 0]","[0, 0]",21
56,"[2, 1]",148.99999999999963,"[54, 75]","[6.749999999999984, 0]","[0, 0]",21
57,"[2, 3]",184.70000000000775,"[56, 79]","[8.79999999999999, 0]","[0, 0]",21
58,"[0, 3]",127.94999999999487,"[55, 49]","[0, 0]","[0, 0]",21
59,"[2, 1]",154.95000000000098,"[57, 56]","[10.700000000000017, 0]","[0, 0]",21
60,"[2, 1]",159.15000000000194,"[59, 59]","[12.950000000000049, 0]","[0, 0]",21
61,"[2, 3]",191.90000000000938,"[60, 57]","[19.800000000000146, 0]","[0, 0]",21
62,"[2, 1]",165.25000000000333,"[61, 60]","[21.050000000000164, 0]","[0, 0]",21
63,"[0, 3]",121.99999999999521,"[58, 58]","[0, 0]","[0, 0]",21
64,"[0, 3]",130.09999999999533,"[63, 50]","[2.4499999999999993, 0]","[2.4499999999999993, 0]",21
65,"[2, 1]",164.40000000000313,"[62, 62]","[23.950000000000205, 0]","[0, 0]",21
66,"[2, 1]",168.00000000000395,"[65, 65]","[30.150000000000293, 0]","[0, 0]",21
67,"[2, 3]",201.95000000001167,"[66, 61]","[36.00000000000009, 0]","[0, 0]",21
68,"[0, 3]",125.89999999999499,"[64, 64]","[0, 0]","[0, 0]",21
69,"[2, 1]",173.25000000000514,"[67, 66]","[39.449999999999896, 0]","[0, 0]",21
70,"[2, 3]",208.00000000001305,"[69, 67]","[46.94999999999947, 0]","[0, 0]",21
71,"[2, 3]",212.30000000001402,"[70, 70]","[52.34999999999916, 0]","[0, 0]",21
72,"[0, 3]",126.64999999999495,"[68, 52]","[2.3999999999999995, 0]","[2.3999999999999995, 0]",21
73,"[2, 3]",213.85000000001438,"[71, 71]","[55.199999999999, 0]","[0, 0]",21
74,"[2, 3]",217.4500000000152,"[73, 73]","[56.24999999999894, 0]","[0, 0]",21
75,"[0, 1]",93.09999999999685,"[72, -999]","[0, 0]","[0, 0]",21
76,"[2, 3]",218.8500000000155,"[74, 74]","[43.44999999999967, 0]","[0, 0]",21
77,"[0, 3]",124.94999999999504,"[75, 53]","[0, 0]","[0, 0]",21
78,"[2, 3]",220.25000000001583,"[76, 76]","[43.54999999999966, 0]","[0, 0]",21
79,"[0, 3]",129.9499999999953,"[77, 54]","[3.049999999999997, 0]","[2.3, 0]",21
0,"[0, 3]",98.34999999999656,"[-999, 10]","[0, 0]","[0, 0]",22
1,"[2, 1]",36.45000000000007,"[-999, -999]","[0, 0]","[0, 0]",22
2,"[2, 1]",39.04999999999992,"[1, 1]","[0, 0]","[0, 0]",22
3,"[0, 3]",102.99999999999629,"[0, 15]","[0, 0]","[0, 0]",22
4,"[0, 3]",111.19999999999582,"[3, 16]","[2.2, 0]","[2.2, 0]",22
5,"[0, 1]",82.29999999999747,"[4, -999]","[0, 0]","[0, 0]",22
6,"[2, 1]",36.70000000000005,"[2, 2]","[0, 0]","[0, 0]",22
7,"[0, 3]",114.34999999999565,"[5, 18]","[0, 0]","[0, 0]",22
8,"[2, 3]",68.04999999999828,"[6, -999]","[0, 0]","[0, 0]",22
9,"[0, 3]",114.84999999999562,"[7, 7]","[0, 0]","[0, 0]",22
10,"[2, 3]",69.99999999999817,"[8, 8]","[0, 0]","[0, 0]",22
11,"[0, 3]",120.59999999999529,"[9, 22]","[2.799999999999998, 0]","[2.799999999999998, 0]",22
12,"[0, 3]",123.19999999999514,"[11, 11]","[0, 0]","[0, 0]",22
13,"[0, 3]",130.3999999999954,"[12, 26]","[2.3999999999999995, 0]","[2.3999999999999995, 0]",22
14,"[0, 3]",132.79999999999595,"[13, 13]","[0, 0]","[0, 0]",22
15,"[2, 3]",70.29999999999815,"[10, 0]","[0, 0]","[0, 0]",22
16,"[2, 3]",79.24999999999764,"[15, 3]","[1.5000000000000007, 0]","[1.5000000000000007, 0]",22
17,"[0, 1]",99.89999999999647,"[14, -999]","[0, 0]","[0, 0]",22
18,"[2, 3]",84.64999999999733,"[16, 4]","[6.649999999999984, 0]","[6.649999999999984, 0]",22
19,"[0, 3]",131.7499999999957,"[17, 27]","[0, 0]","[0, 0]",22
20,"[2, 1]",54.39999999999905,"[18, 5]","[0, 0]","[0, 0]",22
21,"[0, 3]",132.49999999999588,"[19, 19]","[0, 0]","[0, 0]",22
22,"[2, 3]",90.74999999999699,"[20, 9]","[0, 0]","[0, 0]",22
23,"[0, 3]",138.09999999999715,"[21, 33]","[2.3499999999999996, 0]","[2.3499999999999996, 0]",22
24,"[2, 1]",58.999999999998785,"[22, 20]","[13.00000000000005, 0]","[0.49999999999999994, 0]",22
25,"[0, 1]",106.99999999999606,"[23, -999]","[0, 0]","[0, 0]",22
26,"[2, 3]",96.44999999999666,"[24, 12]","[12.250000000000039, 0]","[0, 0]",22
27,"[2, 3]",108.54999999999598,"[26, 14]","[12.450000000000042, 0]","[2.549999999999999, 0]",22
28,"[2, 1]",79.8499999999976,"[27, 17]","[8.199999999999982, 0]","[0, 0]",22
29,"[0, 1]",103.14999999999628,"[25, 25]","[0, 0]","[0, 0]",22
30,"[0, 3]",136.24999999999673,"[29, 36]","[0, 0]","[0, 0]",22
31,"[0, 3]",140.0499999999976,"[30, 30]","[0, 0]","[0, 0]",22
32,"[0, 1]",113.09999999999572,"[31, 40]","[0, 0]","[0, 0]",22
33,"[2, 3]",110.69999999999585,"[28, 21]","[1.5000000000000007, 0]","[0, 0]",22
34,"[0, 1]",113.54999999999569,"[32, 32]","[0, 0]","[0, 0]",22
35,"[0, 3]",146.14999999999898,"[34, 41]","[0, 0]","[0, 0]",22
36,"[2, 3]",113.64999999999569,"[33, 23]","[0, 0]","[0, 0]",22
37,"[0, 1]",117.24999999999548,"[35, 42]","[0, 0]","[0, 0]",22
38,"[2, 1]",88.89999999999709,"[36, 29]","[3.2499999999999964, 0]","[3.2499999999999964, 0]",22
39,"[0, 3]",149.3499999999997,"[37, 43]","[0, 0]","[0, 0]",22
40,"[2, 1]",88.89999999999709,"[38, 38]","[0, 0]","[0, 0]",22
41,"[2, 3]",123.69999999999511,"[40, 31]","[0, 0]","[0, 0]",22
42,"[2, 1]",100.79999999999642,"[41, 34]","[0.7000000000000001, 0]","[0, 0]",22
43,"[2, 3]",134.54999999999634,"[42, 35]","[0.65, 0]","[0, 0]",22
44,"[2, 3]",148.8499999999996,"[43, 45]","[4.149999999999993, 0]","[2.8999999999999977, 0]",22
45,"[0, 3]",141.19999999999786,"[39, 39]","[0, 0]","[0, 0]",22
46,"[2, 3]",159.20000000000195,"[44, 54]","[8.249999999999982, 0]","[3.2499999999999964, 0]",22
47,"[2, 1]",129.34999999999516,"[46, -999]","[5.1999999999999895, 0]","[0, 0]",22
48,"[2, 1]",139.29999999999742,"[47, 56]","[5.649999999999988, 0]","[0, 0]",22
49,"[2, 1]",141.19999999999786,"[48, 48]","[5.549999999999988, 0]","[0, 0]",22
50,"[2, 3]",176.1500000000058,"[49, 58]","[5.649999999999988, 0]","[0, 0]",22
51,"[2, 3]",185.00000000000782,"[50, 61]","[6.699999999999984, 0]","[0, 0]",22
52,"[0, 3]",135.84999999999664,"[45, 44]","[2.3499999999999996, 0]","[2.3499999999999996, 0]",22
53,"[2, 3]",185.850000000008,"[51, 51]","[7.699999999999981, 0]","[0, 0]",22
54,"[0, 3]",136.19999999999672,"[52, 52]","[0, 0]","[0, 0]",22
55,"[0, 3]",143.9999999999985,"[54, 46]","[1.6500000000000008, 0]","[1.6500000000000008, 0]",22
56,"[0, 1]",116.64999999999552,"[55, 47]","[0, 0]","[0, 0]",22
57,"[0, 3]",148.3999999999995,"[56, 55]","[0, 0]","[0, 0]",22
58,"[0, 3]",152.25000000000037,"[57, 57]","[0.7000000000000001, 0]","[0, 0]",22
59,"[0, 1]",124.94999999999504,"[58, 49]","[1.1000000000000003, 0]","[0, 0]",22
60,"[2, 3]",181.15000000000694,"[53, 76]","[11.900000000000034, 0]","[3.349999999999996, 0]",22
61,"[0, 3]",157.15000000000148,"[59, 50]","[1.5000000000000007, 0]","[0, 0]",22
62,"[2, 3]",182.20000000000718,"[60, 60]","[10.050000000000008, 0]","[0, 0]",22
63,"[2, 1]",153.85000000000073,"[62, -999]","[11.800000000000033, 0]","[0, 0]",22
64,"[2, 3]",188.8500000000087,"[63, 62]","[15.15000000000008, 0]","[0, 0]",22
65,"[2, 3]",192.8500000000096,"[64, 64]","[18.850000000000133, 0]","[0, 0]",22
66,"[0, 1]",120.5499999999953,"[61, 59]","[1.800000000000001, 0]","[0, 0]",22
67,"[2, 1]",162.4500000000027,"[65, -999]","[21.750000000000174, 0]","[0, 0]",22
68,"[2, 3]",196.70000000001048,"[67, 65]","[23.300000000000196, 0]","[0, 0]",22
69,"[2, 1]",170.05000000000442,"[68, 67]","[26.150000000000237, 0]","[0, 0]",22
70,"[2, 3]",204.80000000001232,"[69, 68]","[30.900000000000304, 0]","[0, 0]",22
71,"[2, 3]",209.1000000000133,"[70, 70]","[39.649999999999885, 0]","[0, 0]",22
72,"[2, 1]",181.20000000000695,"[71, -999]","[42.999999999999694, 0]","[0, 0]",22
73,"[0, 1]",109.8999999999959,"[66, 66]","[2.1000000000000005, 0]","[0, 0]",22
74,"[2, 1]",182.7000000000073,"[72, 72]","[45.74999999999954, 0]","[0, 0]",22
75,"[2, 3]",217.30000000001516,"[74, 71]","[48.74999999999937, 0]","[0, 0]",22
76,"[0, 3]",139.49999999999747,"[73, 53]","[2.3499999999999996, 0]","[0, 0]",22
77,"[2, 1]",188.4500000000086,"[75, 74]","[50.549999999999265, 0]","[0, 0]",22
78,"[2, 1]",192.4000000000095,"[77, 77]","[48.249999999999396, 0]","[0, 0]",22
79,"[2, 1]",195.70000000001025,"[78, 78]","[48.69999999999937, 0]","[0, 0]",22
0,"[2, 3]",67.79999999999829,"[-999, -999]","[0, 0]","[0, 0]",23
1,"[0, 1]",67.44999999999831,"[-999, 8]","[0, 0]","[0, 0]",23
2,"[2, 3]",69.84999999999818,"[0, 0]","[0, 0]","[0, 0]",23
3,"[0, 3]",99.44999999999649,"[1, 13]","[0, 0]","[0, 0]",23
4,"[0, 3]",103.09999999999629,"[3, 3]","[0, 0]","[0, 0]",23
5,"[2, 1]",36.60000000000006,"[2, -999]","[0, 0]","[0, 0]",23
6,"[0, 3]",109.49999999999592,"[4, 15]","[1.4000000000000006, 0]","[1.4000000000000006, 0]",23
7,"[0, 3]",112.04999999999578,"[6, 6]","[0, 0]","[0, 0]",23
8,"[2, 1]",36.650000000000055,"[5, 5]","[0, 0]","[0, 0]",23
9,"[0, 1]",83.4999999999974,"[7, 18]","[0, 0]","[0, 0]",23
10,"[2, 3]",68.24999999999827,"[8, 2]","[0, 0]","[0, 0]",23
11,"[0, 1]",83.29999999999741,"[9, 9]","[0, 0]","[0, 0]",23
12,"[0, 3]",115.74999999999557,"[11, 19]","[0, 0]","[0, 0]",23
13,"[2, 3]",69.14999999999822,"[10, 10]","[0, 0]","[0, 0]",23
14,"[2, 1]",42.099999999999746,"[13, 1]","[0, 0]","[0, 0]",23
15,"[2, 3]",84.04999999999737,"[14, 4]","[6.849999999999984, 0]","[6.849999999999984, 0]",23
16,"[0, 3]",112.84999999999573,"[12, 12]","[0, 0]","[0, 0]",23
17,"[2, 1]",53.3999999999991,"[15, 14]","[4.549999999999992, 0]","[2.9499999999999975, 0]",23
18,"[2, 1]",56.79999999999891,"[17, 17]","[5.599999999999988, 0]","[0, 0]",23
19,"[2, 3]",91.24999999999696,"[18, 7]","[5.749999999999988, 0]","[0, 0]",23
20,"[2, 1]",67.89999999999829,"[19, 11]","[9.950000000000006, 0]","[0, 0]",23
21,"[2, 1]",69.3999999999982,"[20, 20]","[10.500000000000014, 0]","[0, 0]",23
22,"[0, 3]",104.84999999999619,"[16, 16]","[0, 0]","[0, 0]",23
23,"[0, 3]",107.84999999999602,"[22, 22]","[0, 0]","[0, 0]",23
24,"[0, 3]",116.09999999999555,"[23, 27]","[2.25, 0]","[2.25, 0]",23
25,"[0, 3]",118.79999999999539,"[24, 24]","[0, 0]","[0, 0]",23
26,"[2, 1]",63.79999999999851,"[21, 21]","[7.499999999999981, 0]","[0, 0]",23
27,"[2, 3]",104.14999999999623,"[26, 23]","[5.799999999999987, 0]","[0, 0]",23
28,"[2, 3]",116.8999999999955,"[27, 25]","[6.699999999999984, 0]","[2.4499999999999993, 0]",23
29,"[2, 3]",124.19999999999509,"[28, 33]","[2.799999999999998, 0]","[0, 0]",23
30,"[2, 1]",95.09999999999674,"[29, 34]","[1.3000000000000005, 0]","[0, 0]",23
31,"[2, 3]",134.7999999999964,"[30, 37]","[0, 0]","[0, 0]",23
32,"[2, 3]",137.59999999999704,"[31, 31]","[0, 0]","[0, 0]",23
33,"[0, 3]",110.34999999999587,"[25, 28]","[2.4499999999999993, 0]","[2.4499999999999993, 0]",23
34,"[0, 1]",81.09999999999754,"[33, -999]","[0, 0]","[0, 0]",23
35,"[0, 3]",115.69999999999557,"[34, 29]","[0, 0]","[0, 0]",23
36,"[2, 3]",139.09999999999738,"[32, 40]","[3.1999999999999966, 0]","[3.1999999999999966, 0]",23
37,"[0, 3]",116.19999999999554,"[35, 35]","[0, 0]","[0, 0]",23
38,"[0, 1]",88.29999999999713,"[37, 30]","[0, 0]","[0, 0]",23
39,"[0, 1]",91.14999999999696,"[38, 38]","[0, 0]","[0, 0]",23
40,"[0, 3]",124.59999999999506,"[39, 32]","[0, 0]","[0, 0]",23
41,"[0, 1]",96.94999999999663,"[40, 39]","[0, 0]","[0, 0]",23
42,"[0, 3]",130.99999999999554,"[41, 36]","[0, 0]","[0, 0]",23
43,"[0, 1]",103.84999999999624,"[42, 44]","[0, 0]","[0, 0]",23
44,"[2, 1]",94.99999999999675,"[36, 41]","[0, 0]","[0, 0]",23
45,"[0, 1]",104.14999999999623,"[43, 43]","[0, 0]","[0, 0]",23
46,"[0, 3]",136.79999999999686,"[45, 47]","[0, 0]","[0, 0]",23
47,"[2, 3]",125.599999999995,"[44, 42]","[0, 0]","[0, 0]",23
48,"[0, 1]",113.3999999999957,"[46, 54]","[3.349999999999996, 0]","[3.349999999999996, 0]",23
49,"[0, 3]",146.34999999999903,"[48, 57]","[0, 0]","[0, 0]",23
50,"[0, 3]",149.59999999999977,"[49, 49]","[0, 0]","[0, 0]",23
51,"[0, 3]",157.80000000000163,"[50, 59]","[2.3499999999999996, 0]","[2.3499999999999996, 0]",23
52,"[2, 1]",93.79999999999681,"[47, 45]","[5.849999999999987, 0]","[0, 0]",23
53,"[0, 1]",126.74999999999494,"[51, -999]","[0, 0]","[0, 0]",23
54,"[2, 1]",92.84999999999687,"[52, 52]","[4.399999999999992, 0]","[0, 0]",23
55,"[0, 3]",158.75000000000185,"[53, 64]","[0, 0]","[0, 0]",23
56,"[0, 3]",161.55000000000248,"[55, 55]","[0, 0]","[0, 0]",23
57,"[2, 3]",121.94999999999521,"[54, 46]","[0, 0]","[0, 0]",23
58,"[0, 1]",131.39999999999563,"[56, 67]","[0, 0]","[0, 0]",23
59,"[2, 3]",134.7999999999964,"[57, 50]","[2.5999999999999988, 0]","[2.5999999999999988, 0]",23
60,"[0, 1]",131.99999999999577,"[58, 58]","[0, 0]","[0, 0]",23
61,"[0, 1]",134.8499999999964,"[60, 60]","[0, 0]","[0, 0]",23
62,"[0, 1]",137.59999999999704,"[61, 61]","[0, 0]","[0, 0]",23
63,"[0, 3]",170.4500000000045,"[62, 71]","[0, 0]","[0, 0]",23
64,"[2, 3]",133.54999999999612,"[59, 51]","[0, 0]","[0, 0]",23
65,"[0, 1]",141.14999999999785,"[63, 73]","[0, 0]","[0, 0]",23
66,"[0, 1]",148.34999999999948,"[65, 75]","[2.4499999999999993, 0]","[2.4499999999999993, 0]",23
67,"[2, 1]",99.94999999999646,"[64, 53]","[0, 0]","[0, 0]",23
68,"[0, 3]",177.9000000000062,"[66, 63]","[0, 0]","[0, 0]",23
69,"[2, 3]",137.399999999997,"[67, 56]","[0, 0]","[0, 0]",23
70,"[0, 3]",179.7000000000066,"[68, 68]","[0, 0]","[0, 0]",23
71,"[2, 3]",137.8499999999971,"[69, 69]","[0, 0]","[0, 0]",23
72,"[0, 1]",150.70000000000002,"[70, 79]","[0, 0]","[0, 0]",23
73,"[2, 1]",119.09999999999538,"[71, 62]","[6.749999999999984, 0]","[6.749999999999984, 0]",23
74,"[0, 3]",181.60000000000704,"[72, 70]","[0, 0]","[0, 0]",23
75,"[2, 1]",124.14999999999509,"[73, 65]","[0, 0]","[0, 0]",23
76,"[0, 3]",183.30000000000743,"[74, 74]","[0, 0]","[0, 0]",23
77,"[0, 3]",186.55000000000817,"[76, 76]","[0.25, 0]","[0, 0]",23
78,"[0, 3]",189.65000000000887,"[77, 77]","[0.9000000000000002, 0]","[0, 0]",23
79,"[2, 1]",123.9999999999951,"[75, 66]","[0, 0]","[0, 0]",23
0,"[2, 1]",36.45000000000007,"[-999, -999]","[0, 0]","[0, 0]",24
1,"[2, 3]",69.4499999999982,"[0, -999]","[0, 0]","[0, 0]",24
2,"[0, 1]",73.89999999999795,"[-999, 13]","[0, 0]","[3.399999999999996, 0]",24
3,"[0, 3]",105.59999999999614,"[2, 14]","[0, 0]","[0, 0]",24
4,"[2, 1]",36.650000000000055,"[1, 0]","[0, 0]","[0, 0]",24
5,"[2, 1]",39.3999999999999,"[4, 4]","[0, 0]","[0, 0]",24
6,"[2, 3]",72.79999999999801,"[5, 1]","[0, 0]","[0, 0]",24
7,"[2, 1]",42.099999999999746,"[6, 5]","[0, 0]","[0, 0]",24
8,"[2, 1]",45.59999999999955,"[7, 7]","[0, 0]","[0, 0]",24
9,"[0, 3]",102.34999999999633,"[3, 19]","[0, 0]","[0, 0]",24
10,"[0, 3]",109.74999999999591,"[9, 21]","[2.3, 0]","[2.3, 0]",24
11,"[2, 3]",73.84999999999795,"[8, 6]","[0, 0]","[0, 0]",24
12,"[0, 3]",109.9499999999959,"[10, 10]","[0, 0]","[0, 0]",24
13,"[2, 1]",40.79999999999982,"[11, 8]","[0, 0]","[0, 0]",24
14,"[2, 3]",74.7999999999979,"[13, 11]","[0, 0]","[0, 0]",24
15,"[0, 1]",75.24999999999787,"[12, 25]","[0, 0]","[0, 0]",24
16,"[2, 1]",45.59999999999955,"[14, 2]","[0, 0]","[0, 0]",24
17,"[0, 3]",106.19999999999611,"[15, 12]","[0, 0]","[0, 0]",24
18,"[0, 1]",79.64999999999762,"[17, 26]","[0, 0]","[0, 0]",24
19,"[2, 3]",74.84999999999789,"[16, 3]","[0, 0]","[0, 0]",24
20,"[2, 1]",45.59999999999955,"[19, 16]","[0, 0]","[0, 0]",24
21,"[2, 3]",80.29999999999758,"[20, 9]","[0, 0]","[0, 0]",24
22,"[0, 3]",107.04999999999606,"[18, 29]","[0, 0]","[0, 0]",24
23,"[0, 3]",115.59999999999557,"[22, 31]","[1.900000000000001, 0]","[1.900000000000001, 0]",24
24,"[2, 1]",46.29999999999951,"[21, 20]","[0, 0]","[0, 0]",24
25,"[2, 1]",48.34999999999939,"[24, 24]","[0, 0]","[0, 0]",24
26,"[2, 1]",56.84999999999891,"[25, 15]","[2.8999999999999977, 0]","[2.8999999999999977, 0]",24
27,"[0, 3]",111.49999999999581,"[23, 23]","[0, 0]","[0, 0]",24
28,"[0, 1]",85.3499999999973,"[27, 33]","[0, 0]","[0, 0]",24
29,"[2, 3]",85.69999999999727,"[26, 17]","[3.2499999999999964, 0]","[3.2499999999999964, 0]",24
30,"[0, 1]",89.99999999999703,"[28, 34]","[2.6999999999999984, 0]","[2.6999999999999984, 0]",24
31,"[2, 3]",92.2499999999969,"[29, 22]","[0, 0]","[0, 0]",24
32,"[2, 1]",63.399999999998535,"[31, 18]","[0, 0]","[0, 0]",24
33,"[2, 1]",67.09999999999833,"[32, 32]","[15.650000000000087, 0]","[0, 0]",24
34,"[2, 1]",76.4999999999978,"[33, 28]","[18.200000000000124, 0]","[0, 0]",24
35,"[2, 3]",107.64999999999603,"[34, 27]","[15.85000000000009, 0]","[0, 0]",24
36,"[0, 1]",80.74999999999756,"[30, 30]","[0, 0]","[0, 0]",24
37,"[0, 3]",113.09999999999572,"[36, 35]","[0, 0]","[0, 0]",24
38,"[0, 1]",92.3499999999969,"[37, 41]","[3.399999999999996, 0]","[3.399999999999996, 0]",24
39,"[0, 3]",122.64999999999517,"[38, 37]","[0, 0]","[0, 0]",24
40,"[2, 1]",76.89999999999777,"[35, 36]","[11.65000000000003, 0]","[0, 0]",24
41,"[2, 1]",78.1999999999977,"[40, 40]","[10.25000000000001, 0]","[0, 0]",24
42,"[2, 1]",86.8999999999972,"[41, 38]","[8.79999999999999, 0]","[0, 0]",24
43,"[0, 3]",119.89999999999533,"[39, 39]","[0, 0]","[0, 0]",24
44,"[2, 1]",86.49999999999723,"[42, 42]","[7.249999999999982, 0]","[0, 0]",24
45,"[0, 1]",90.69999999999699,"[43, 44]","[0, 0]","[0, 0]",24
46,"[2, 1]",94.29999999999679,"[44, 45]","[8.999999999999993, 0]","[3.1999999999999966, 0]",24
47,"[0, 3]",121.14999999999526,"[45, 43]","[0, 0]","[0, 0]",24
48,"[0, 3]",125.09999999999503,"[47, 47]","[0, 0]","[0, 0]",24
49,"[2, 3]",133.99999999999622,"[46, 52]","[9.399999999999999, 0]","[6.5999999999999845, 0]",24
50,"[2, 3]",137.34999999999698,"[49, 49]","[1.950000000000001, 0]","[0, 0]",24
51,"[2, 1]",109.14999999999594,"[50, 54]","[1.7500000000000009, 0]","[0, 0]",24
52,"[0, 3]",121.59999999999523,"[48, 48]","[0, 0]","[0, 0]",24
53,"[0, 1]",94.34999999999678,"[52, 46]","[0, 0]","[0, 0]",24
54,"[0, 1]",97.14999999999662,"[53, 53]","[0, 0]","[0, 0]",24
55,"[0, 3]",131.59999999999567,"[54, 50]","[0, 0]","[0, 0]",24
56,"[2, 3]",139.74999999999753,"[51, 57]","[2.1000000000000005, 0]","[0, 0]",24
57,"[0, 3]",132.34999999999584,"[55, 55]","[0, 0]","[0, 0]",24
58,"[0, 3]",140.14999999999762,"[57, 56]","[2.3999999999999995, 0]","[2.3999999999999995, 0]",24
59,"[2, 3]",142.84999999999823,"[56, 58]","[4.3499999999999925, 0]","[2.849999999999998, 0]",24
60,"[2, 1]",114.04999999999566,"[59, 61]","[2.499999999999999, 0]","[0, 0]",24
61,"[0, 1]",106.69999999999608,"[58, -999]","[0, 0]","[0, 0]",24
62,"[0, 3]",141.24999999999787,"[61, 59]","[0, 0]","[0, 0]",24
63,"[0, 1]",113.69999999999568,"[62, 60]","[0, 0]","[0, 0]",24
64,"[2, 3]",142.39999999999813,"[60, 62]","[4.699999999999991, 0]","[0, 0]",24
65,"[0, 3]",145.7499999999989,"[63, 64]","[0, 0]","[0, 0]",24
66,"[0, 3]",148.79999999999959,"[65, 65]","[0, 0]","[0, 0]",24
67,"[2, 1]",110.04999999999589,"[64, 63]","[3.049999999999997, 0]","[0, 0]",24
68,"[0, 3]",149.44999999999973,"[66, 66]","[0, 0]","[0, 0]",24
69,"[0, 1]",121.29999999999525,"[68, 72]","[0, 0]","[0, 0]",24
70,"[0, 1]",124.14999999999509,"[69, 69]","[0, 0]","[0, 0]",24
71,"[0, 3]",157.2500000000015,"[70, 73]","[0, 0]","[0, 0]",24
72,"[2, 1]",104.79999999999619,"[67, 67]","[5.599999999999988, 0]","[0, 0]",24
73,"[2, 3]",143.29999999999833,"[72, 68]","[7.349999999999982, 0]","[0, 0]",24
74,"[0, 3]",156.65000000000137,"[71, 71]","[0, 0]","[0, 0]",24
75,"[0, 3]",159.9000000000021,"[74, 74]","[0, 0]","[0, 0]",24
76,"[0, 3]",162.9500000000028,"[75, 75]","[0, 0]","[0, 0]",24
77,"[2, 1]",114.09999999999566,"[73, 70]","[6.999999999999983, 0]","[0, 0]",24
78,"[0, 1]",133.19999999999604,"[76, -999]","[0, 0]","[0, 0]",24
79,"[0, 3]",166.4500000000036,"[78, 76]","[0.7000000000000001, 0]","[0, 0]",24
0,"[2, 3]",67.79999999999829,"[-999, -999]","[0, 0]","[0, 0]",25
1,"[0, 1]",69.99999999999817,"[-999, 12]","[0, 0]","[0, 0]",25
2,"[2, 1]",36.70000000000005,"[0, -999]","[0, 0]","[0, 0]",25
3,"[2, 3]",70.69999999999813,"[2, 0]","[0, 0]","[0, 0]",25
4,"[0, 1]",82.09999999999748,"[1, 18]","[5.899999999999987, 0]","[5.899999999999987, 0]",25
5,"[0, 1]",83.19999999999742,"[4, 4]","[0, 0]","[0, 0]",25
6,"[0, 1]",85.59999999999728,"[5, 5]","[0, 0]","[0, 0]",25
7,"[0, 3]",118.19999999999543,"[6, 10]","[0, 0]","[0, 0]",25
8,"[0, 1]",100.54999999999643,"[7, 30]","[3.049999999999997, 0]","[3.049999999999997, 0]",25
9,"[2, 1]",36.500000000000064,"[3, 2]","[0, 0]","[0, 0]",25
10,"[2, 3]",70.04999999999816,"[9, 3]","[0, 0]","[0, 0]",25
11,"[0, 1]",97.09999999999663,"[8, 8]","[0, 0]","[0, 0]",25
12,"[2, 1]",37.50000000000001,"[10, 9]","[0, 0]","[0, 0]",25
13,"[0, 3]",126.59999999999495,"[11, 35]","[0, 0]","[0, 0]",25
14,"[0, 1]",105.14999999999617,"[13, 40]","[3.4999999999999956, 0]","[3.4999999999999956, 0]",25
15,"[2, 1]",43.29999999999968,"[12, 1]","[0, 0]","[0, 0]",25
16,"[2, 1]",45.04999999999958,"[15, 15]","[0, 0]","[0, 0]",25
17,"[0, 1]",101.74999999999636,"[14, 14]","[0, 0]","[0, 0]",25
18,"[2, 1]",44.549999999999606,"[16, 16]","[0, 0]","[0, 0]",25
19,"[0, 3]",131.6999999999957,"[17, 13]","[0, 0]","[0, 0]",25
20,"[0, 3]",135.74999999999662,"[19, 19]","[0, 0]","[0, 0]",25
21,"[2, 1]",58.099999999998836,"[18, 6]","[9.700000000000003, 0]","[9.700000000000003, 0]",25
22,"[0, 1]",106.49999999999609,"[20, 44]","[0, 0]","[0, 0]",25
23,"[0, 1]",109.24999999999594,"[22, 22]","[0, 0]","[0, 0]",25
24,"[0, 1]",111.99999999999578,"[23, 23]","[0, 0]","[0, 0]",25
25,"[0, 3]",144.69999999999865,"[24, 48]","[0, 0]","[0, 0]",25
26,"[0, 1]",117.89999999999544,"[25, 49]","[0, 0]","[0, 0]",25
27,"[0, 3]",152.3500000000004,"[26, 50]","[0, 0]","[0, 0]",25
28,"[2, 1]",45.49999999999955,"[21, 21]","[0, 0]","[0, 0]",25
29,"[0, 3]",153.2500000000006,"[27, 27]","[0, 0]","[0, 0]",25
30,"[2, 1]",45.34999999999956,"[28, 28]","[0, 0]","[0, 0]",25
31,"[0, 1]",124.59999999999506,"[29, 53]","[0, 0]","[0, 0]",25
32,"[0, 3]",158.5500000000018,"[31, 54]","[0.39999999999999997, 0]","[0, 0]",25
33,"[0, 1]",131.09999999999556,"[32, 31]","[1.7000000000000008, 0]","[0, 0]",25
34,"[0, 1]",133.9499999999962,"[33, 33]","[2.499999999999999, 0]","[0, 0]",25
35,"[2, 3]",68.49999999999825,"[30, 7]","[0, 0]","[0, 0]",25
36,"[2, 1]",45.24999999999957,"[35, 11]","[0, 0]","[0, 0]",25
37,"[0, 3]",162.4500000000027,"[34, 55]","[3.099999999999997, 0]","[0, 0]",25
38,"[0, 3]",166.30000000000356,"[37, 37]","[3.4499999999999957, 0]","[0, 0]",25
39,"[0, 3]",169.60000000000431,"[38, 38]","[3.7999999999999945, 0]","[0, 0]",25
40,"[2, 1]",39.099999999999916,"[36, 36]","[0, 0]","[0, 0]",25
41,"[0, 1]",140.0499999999976,"[39, 57]","[4.049999999999994, 0]","[0, 0]",25
42,"[2, 1]",51.29999999999922,"[40, 17]","[6.649999999999984, 0]","[6.649999999999984, 0]",25
43,"[0, 3]",176.5500000000059,"[41, 60]","[7.199999999999982, 0]","[2.8999999999999977, 0]",25
44,"[2, 1]",51.54999999999921,"[42, 42]","[4.99999999999999, 0]","[2.799999999999998, 0]",25
45,"[2, 3]",85.79999999999727,"[44, 20]","[7.499999999999981, 0]","[1.7000000000000008, 0]",25
46,"[0, 3]",174.8000000000055,"[43, 43]","[4.599999999999992, 0]","[0, 0]",25
47,"[0, 3]",177.55000000000612,"[46, 46]","[4.6499999999999915, 0]","[0, 0]",25
48,"[2, 3]",85.04999999999731,"[45, 45]","[5.599999999999988, 0]","[0, 0]",25
49,"[2, 1]",60.749999999998685,"[48, 24]","[6.5999999999999845, 0]","[0, 0]",25
50,"[2, 3]",94.84999999999675,"[49, 25]","[12.550000000000043, 0]","[0, 0]",25
51,"[0, 1]",145.59999999999886,"[47, 65]","[4.249999999999993, 0]","[0, 0]",25
52,"[2, 1]",64.89999999999846,"[50, 26]","[10.15000000000001, 0]","[0, 0]",25
53,"[2, 1]",68.49999999999825,"[52, 52]","[8.449999999999985, 0]","[0, 0]",25
54,"[2, 3]",103.19999999999628,"[53, 29]","[6.849999999999984, 0]","[0, 0]",25
55,"[2, 3]",112.29999999999576,"[54, 32]","[5.349999999999989, 0]","[0, 0]",25
56,"[0, 1]",138.44999999999723,"[51, 51]","[3.699999999999995, 0]","[0, 0]",25
57,"[2, 1]",88.19999999999713,"[55, 34]","[7.099999999999983, 0]","[3.1999999999999966, 0]",25
58,"[0, 1]",143.74999999999844,"[56, 67]","[5.549999999999988, 0]","[2.4499999999999993, 0]",25
59,"[2, 3]",130.14999999999534,"[57, 39]","[5.1999999999999895, 0]","[2.799999999999998, 0]",25
60,"[2, 3]",133.049999999996,"[59, 59]","[0.9500000000000003, 0]","[0, 0]",25
61,"[0, 1]",141.3499999999979,"[58, 58]","[1.5500000000000007, 0]","[0, 0]",25
62,"[0, 3]",176.20000000000582,"[61, 74]","[0.8000000000000002, 0]","[0, 0]",25
63,"[2, 1]",99.79999999999647,"[60, 41]","[0, 0]","[0, 0]",25
64,"[2, 1]",103.39999999999627,"[63, 63]","[0, 0]","[0, 0]",25
65,"[2, 1]",107.04999999999606,"[64, 64]","[0, 0]","[0, 0]",25
66,"[0, 3]",177.9000000000062,"[62, 76]","[2.1000000000000005, 0]","[2.1000000000000005, 0]",25
67,"[2, 1]",119.89999999999533,"[65, 56]","[3.4499999999999957, 0]","[2.5999999999999988, 0]",25
68,"[0, 3]",178.3500000000063,"[66, 66]","[0, 0]","[0, 0]",25
69,"[0, 1]",148.8499999999996,"[68, 79]","[0, 0]","[0, 0]",25
70,"[0, 3]",182.10000000000716,"[69, 68]","[0, 0]","[0, 0]",25
71,"[0, 3]",185.95000000000803,"[70, 70]","[0.9500000000000003, 0]","[0, 0]",25
72,"[2, 3]",141.49999999999793,"[67, 47]","[2.3999999999999995, 0]","[0, 0]",25
73,"[0, 1]",156.7500000000014,"[71, 69]","[1.7000000000000008, 0]","[0, 0]",25
74,"[2, 3]",143.49999999999838,"[72, 72]","[3.699999999999995, 0]","[0, 0]",25
75,"[0, 1]",157.30000000000152,"[73, 73]","[2.1500000000000004, 0]","[0, 0]",25
76,"[2, 3]",150.04999999999987,"[74, 62]","[4.899999999999991, 0]","[0, 0]",25
77,"[0, 3]",188.0500000000085,"[75, 71]","[2.5999999999999988, 0]","[0, 0]",25
78,"[0, 1]",162.40000000000268,"[77, 75]","[2.9999999999999973, 0]","[0, 0]",25
79,"[2, 1]",116.39999999999553,"[76, 61]","[7.94999999999998, 0]","[0, 0]",25
0,"[2, 1]",36.45000000000007,"[-999, -999]","[0, 0]","[0, 0]",26
1,"[0, 1]",67.49999999999831,"[-999, 9]","[0, 0]","[0, 0]",26
2,"[0, 3]",102.39999999999633,"[1, 13]","[0, 0]","[0, 0]",26
3,"[0, 3]",110.54999999999586,"[2, 15]","[2.6499999999999986, 0]","[2.6499999999999986, 0]",26
4,"[0, 3]",117.99999999999544,"[3, 16]","[2.1500000000000004, 0]","[2.1500000000000004, 0]",26
5,"[2, 3]",67.84999999999829,"[0, -999]","[0, 0]","[0, 0]",26
6,"[0, 1]",86.34999999999724,"[4, -999]","[0, 0]","[0, 0]",26
7,"[0, 3]",120.84999999999528,"[6, 19]","[0, 0]","[0, 0]",26
8,"[2, 1]",36.55000000000006,"[5, -999]","[0, 0]","[0, 0]",26
9,"[2, 1]",39.3499999999999,"[8, 8]","[0, 0]","[0, 0]",26
10,"[0, 3]",118.99999999999538,"[7, 7]","[0, 0]","[0, 0]",26
11,"[0, 1]",91.14999999999696,"[10, 27]","[0, 0]","[0, 0]",26
12,"[2, 3]",68.24999999999827,"[9, 5]","[0, 0]","[0, 0]",26
13,"[2, 3]",72.19999999999804,"[12, 12]","[0, 0]","[0, 0]",26
14,"[2, 1]",43.59999999999966,"[13, 1]","[0, 0]","[0, 0]",26
15,"[2, 3]",78.2499999999977,"[14, 2]","[0, 0]","[0, 0]",26
16,"[2, 3]",86.34999999999724,"[15, 3]","[2.0500000000000007, 0]","[2.0500000000000007, 0]",26
17,"[0, 1]",82.69999999999744,"[11, 11]","[0, 0]","[0, 0]",26
18,"[0, 1]",89.74999999999704,"[17, 37]","[2.3999999999999995, 0]","[2.3999999999999995, 0]",26
19,"[2, 3]",89.04999999999708,"[16, 4]","[6.649999999999984, 0]","[6.449999999999985, 0]",26
20,"[0, 1]",99.3499999999965,"[18, 42]","[5.599999999999988, 0]","[5.599999999999988, 0]",26
21,"[0, 1]",104.84999999999619,"[20, 43]","[2.3999999999999995, 0]","[2.3999999999999995, 0]",26
22,"[0, 3]",142.99999999999827,"[21, 50]","[2.4499999999999993, 0]","[2.4499999999999993, 0]",26
23,"[0, 1]",114.04999999999566,"[22, 21]","[0, 0]","[0, 0]",26
24,"[0, 1]",116.8999999999955,"[23, 23]","[0, 0]","[0, 0]",26
25,"[0, 3]",151.1000000000001,"[24, 57]","[0, 0]","[0, 0]",26
26,"[0, 1]",132.34999999999584,"[25, 62]","[5.999999999999987, 0]","[5.999999999999987, 0]",26
27,"[2, 1]",43.79999999999965,"[19, 6]","[0, 0]","[0, 0]",26
28,"[0, 3]",160.20000000000218,"[26, 25]","[0, 0]","[0, 0]",26
29,"[0, 3]",164.2500000000031,"[28, 28]","[0, 0]","[0, 0]",26
30,"[0, 3]",167.60000000000386,"[29, 29]","[0, 0]","[0, 0]",26
31,"[0, 1]",141.89999999999802,"[30, 69]","[0, 0]","[0, 0]",26
32,"[2, 3]",74.39999999999792,"[27, 10]","[0, 0]","[0, 0]",26
33,"[0, 3]",171.60000000000477,"[31, 30]","[0, 0]","[0, 0]",26
34,"[0, 1]",144.4499999999986,"[33, 72]","[0.5499999999999999, 0]","[0, 0]",26
35,"[2, 3]",72.34999999999803,"[32, 32]","[0, 0]","[0, 0]",26
36,"[0, 3]",175.15000000000558,"[34, 33]","[1.850000000000001, 0]","[0, 0]",26
37,"[2, 1]",41.64999999999977,"[35, 17]","[0, 0]","[0, 0]",26
38,"[2, 3]",73.29999999999798,"[37, 35]","[0, 0]","[0, 0]",26
39,"[2, 1]",46.59999999999949,"[38, 18]","[0, 0]","[0, 0]",26
40,"[0, 1]",146.59999999999908,"[36, 77]","[5.349999999999989, 0]","[2.6999999999999984, 0]",26
41,"[0, 1]",148.74999999999957,"[40, 40]","[3.1999999999999966, 0]","[0, 0]",26
42,"[2, 1]",43.99999999999964,"[39, 39]","[0, 0]","[0, 0]",26
43,"[2, 1]",51.89999999999919,"[42, 20]","[0.8500000000000002, 0]","[0.8500000000000002, 0]",26
44,"[2, 3]",81.6999999999975,"[43, 38]","[0, 0]","[0, 0]",26
45,"[0, 1]",149.59999999999977,"[41, 78]","[7.94999999999998, 0]","[2.4499999999999993, 0]",26
46,"[0, 1]",151.65000000000023,"[45, 45]","[8.199999999999982, 0]","[0, 0]",26
47,"[0, 1]",154.30000000000084,"[46, 46]","[11.000000000000021, 0]","[0, 0]",26
48,"[0, 3]",186.95000000000826,"[47, 36]","[12.900000000000048, 0]","[0, 0]",26
49,"[0, 1]",161.40000000000245,"[48, 47]","[13.500000000000057, 0]","[0, 0]",26
50,"[2, 3]",74.24999999999793,"[44, 44]","[0, 0]","[0, 0]",26
51,"[0, 1]",162.0000000000026,"[49, 49]","[14.550000000000072, 0]","[0, 0]",26
52,"[2, 3]",80.69999999999756,"[50, 22]","[2.8999999999999977, 0]","[2.8999999999999977, 0]",26
53,"[0, 1]",162.5500000000027,"[51, 51]","[15.050000000000079, 0]","[0, 0]",26
54,"[0, 3]",195.35000000001017,"[53, 48]","[15.000000000000078, 0]","[0, 0]",26
55,"[0, 3]",199.4000000000111,"[54, 54]","[15.250000000000082, 0]","[0, 0]",26
56,"[0, 3]",202.80000000001186,"[55, 55]","[16.950000000000106, 0]","[0, 0]",26
57,"[2, 3]",74.24999999999793,"[52, 52]","[0, 0]","[0, 0]",26
58,"[2, 1]",44.89999999999959,"[57, 24]","[0, 0]","[0, 0]",26
59,"[2, 1]",47.749999999999424,"[58, 58]","[0, 0]","[0, 0]",26
60,"[0, 1]",168.80000000000413,"[56, -999]","[17.800000000000118, 0]","[0, 0]",26
61,"[0, 3]",201.95000000001167,"[60, 56]","[18.500000000000128, 0]","[0, 0]",26
62,"[2, 1]",45.74999999999954,"[59, 59]","[0, 0]","[0, 0]",26
63,"[0, 3]",203.65000000001206,"[61, 61]","[18.55000000000013, 0]","[0, 0]",26
64,"[0, 1]",176.80000000000595,"[63, 60]","[13.250000000000053, 0]","[0, 0]",26
65,"[0, 1]",179.6000000000066,"[64, 64]","[13.350000000000055, 0]","[0, 0]",26
66,"[2, 1]",46.149999999999515,"[62, 26]","[2.9999999999999973, 0]","[2.9999999999999973, 0]",26
67,"[2, 1]",49.19999999999934,"[66, 66]","[0, 0]","[0, 0]",26
68,"[0, 1]",177.9000000000062,"[65, 65]","[13.150000000000052, 0]","[0, 0]",26
69,"[2, 1]",50.24999999999928,"[67, 67]","[0, 0]","[0, 0]",26
70,"[0, 1]",178.45000000000633,"[68, 68]","[12.700000000000045, 0]","[0, 0]",26
71,"[0, 3]",211.20000000001377,"[70, 63]","[6.099999999999986, 0]","[0, 0]",26
72,"[2, 1]",54.69999999999903,"[69, 31]","[0, 0]","[0, 0]",26
73,"[2, 1]",61.999999999998614,"[72, 34]","[0, 0]","[0, 0]",26
74,"[0, 3]",210.80000000001368,"[71, 71]","[6.199999999999986, 0]","[0, 0]",26
75,"[0, 1]",184.1000000000076,"[74, 70]","[5.899999999999987, 0]","[0, 0]",26
76,"[0, 3]",217.30000000001516,"[75, 74]","[5.599999999999988, 0]","[0, 0]",26
77,"[2, 1]",56.64999999999892,"[73, 73]","[0, 0]","[0, 0]",26
78,"[2, 1]",71.74999999999807,"[77, 41]","[13.100000000000051, 0]","[2.9999999999999973, 0]",26
79,"[0, 1]",187.05000000000828,"[76, 75]","[4.6499999999999915, 0]","[0, 0]",26
0,"[2, 1]",36.45000000000007,"[-999, -999]","[0, 0]","[0, 0]",27
1,"[0, 1]",67.49999999999831,"[-999, 11]","[0, 0]","[0, 0]",27
2,"[2, 3]",68.04999999999828,"[0, -999]","[0, 0]","[0, 0]",27
3,"[0, 1]",72.54999999999802,"[1, 14]","[0, 0]","[0, 0]",27
4,"[2, 3]",69.99999999999817,"[2, 2]","[0, 0]","[0, 0]",27
5,"[0, 3]",102.49999999999632,"[3, 9]","[0, 0]","[0, 0]",27
6,"[0, 1]",76.24999999999781,"[5, 18]","[0, 0]","[0, 0]",27
7,"[2, 3]",69.64999999999819,"[4, 4]","[0, 0]","[0, 0]",27
8,"[0, 1]",76.59999999999779,"[6, 6]","[0, 0]","[0, 0]",27
9,"[2, 3]",70.69999999999813,"[7, 7]","[0, 0]","[0, 0]",27
10,"[0, 1]",82.84999999999744,"[8, 25]","[3.349999999999996, 0]","[3.349999999999996, 0]",27
11,"[2, 1]",36.850000000000044,"[9, -999]","[0, 0]","[0, 0]",27
12,"[0, 1]",86.79999999999721,"[10, 26]","[2.549999999999999, 0]","[2.549999999999999, 0]",27
13,"[0, 3]",119.24999999999537,"[12, 28]","[0, 0]","[0, 0]",27
14,"[2, 1]",43.19999999999968,"[11, 1]","[0, 0]","[0, 0]",27
15,"[0, 1]",90.04999999999703,"[13, 30]","[0, 0]","[0, 0]",27
16,"[0, 3]",124.44999999999507,"[15, 32]","[0, 0]","[0, 0]",27
17,"[0, 1]",96.74999999999665,"[16, 15]","[0, 0]","[0, 0]",27
18,"[2, 1]",42.74999999999971,"[14, 3]","[0, 0]","[0, 0]",27
19,"[0, 3]",128.34999999999494,"[17, 33]","[0, 0]","[0, 0]",27
20,"[0, 3]",131.2999999999956,"[19, 19]","[0, 0]","[0, 0]",27
21,"[2, 3]",72.49999999999802,"[18, 5]","[0, 0]","[0, 0]",27
22,"[0, 3]",131.99999999999577,"[20, 20]","[0, 0]","[0, 0]",27
23,"[0, 1]",106.54999999999609,"[22, 39]","[0, 0]","[0, 0]",27
24,"[2, 3]",71.04999999999811,"[21, 21]","[0, 0]","[0, 0]",27
25,"[2, 1]",42.04999999999975,"[24, 8]","[0, 0]","[0, 0]",27
26,"[2, 1]",51.7499999999992,"[25, 10]","[0.8500000000000002, 0]","[0.8500000000000002, 0]",27
27,"[0, 1]",101.79999999999636,"[23, 23]","[0, 0]","[0, 0]",27
28,"[2, 3]",79.34999999999764,"[26, 24]","[0, 0]","[0, 0]",27
29,"[0, 1]",106.54999999999609,"[27, 42]","[2.4499999999999993, 0]","[2.4499999999999993, 0]",27
30,"[2, 1]",51.54999999999921,"[28, 12]","[3.4499999999999957, 0]","[3.4499999999999957, 0]",27
31,"[0, 1]",106.64999999999608,"[29, 29]","[0, 0]","[0, 0]",27
32,"[2, 3]",82.74999999999744,"[30, 13]","[5.4999999999999885, 0]","[2.499999999999999, 0]",27
33,"[2, 3]",91.59999999999694,"[32, 16]","[5.899999999999987, 0]","[0, 0]",27
34,"[0, 3]",134.2999999999963,"[31, 43]","[0, 0]","[0, 0]",27
35,"[2, 1]",60.949999999998674,"[33, 17]","[12.800000000000047, 0]","[0, 0]",27
36,"[0, 1]",105.34999999999616,"[34, 44]","[0, 0]","[0, 0]",27
37,"[2, 1]",62.149999999998606,"[35, 35]","[10.20000000000001, 0]","[0, 0]",27
38,"[0, 1]",105.94999999999612,"[36, 36]","[0, 0]","[0, 0]",27
39,"[2, 1]",63.549999999998526,"[37, 37]","[8.399999999999984, 0]","[0, 0]",27
40,"[0, 1]",106.4499999999961,"[38, 38]","[0, 0]","[0, 0]",27
41,"[2, 3]",95.8499999999967,"[39, 22]","[7.499999999999981, 0]","[0, 0]",27
42,"[2, 1]",73.049999999998,"[41, 27]","[6.149999999999986, 0]","[0, 0]",27
43,"[2, 3]",104.94999999999618,"[42, 41]","[4.749999999999991, 0]","[0, 0]",27
44,"[2, 1]",82.34999999999746,"[43, 31]","[3.399999999999996, 0]","[0, 0]",27
45,"[0, 3]",133.59999999999613,"[40, 52]","[0, 0]","[0, 0]",27
46,"[0, 1]",105.89999999999613,"[45, 40]","[0, 0]","[0, 0]",27
47,"[0, 3]",140.19999999999763,"[46, 54]","[0, 0]","[0, 0]",27
48,"[2, 3]",109.14999999999594,"[44, 34]","[0.3, 0]","[0, 0]",27
49,"[0, 3]",140.8999999999978,"[47, 47]","[0, 0]","[0, 0]",27
50,"[2, 3]",110.64999999999586,"[48, 48]","[0, 0]","[0, 0]",27
51,"[0, 3]",147.0999999999992,"[49, 56]","[1.800000000000001, 0]","[1.800000000000001, 0]",27
52,"[2, 3]",112.14999999999577,"[50, 50]","[0, 0]","[0, 0]",27
53,"[0, 3]",152.20000000000036,"[51, 58]","[2.3, 0]","[2.3, 0]",27
54,"[2, 3]",118.99999999999538,"[52, 45]","[3.149999999999997, 0]","[3.149999999999997, 0]",27
55,"[0, 1]",120.04999999999532,"[53, -999]","[0, 0]","[0, 0]",27
56,"[2, 3]",130.54999999999544,"[54, 49]","[6.699999999999984, 0]","[6.699999999999984, 0]",27
57,"[0, 3]",152.45000000000041,"[55, 59]","[0, 0]","[0, 0]",27
58,"[2, 3]",136.1499999999967,"[56, 51]","[0.6, 0]","[0, 0]",27
59,"[2, 3]",143.34999999999835,"[58, 53]","[0.65, 0]","[0, 0]",27
60,"[0, 3]",150.54999999999998,"[57, 57]","[0, 0]","[0, 0]",27
61,"[0, 1]",122.44999999999519,"[60, 62]","[0, 0]","[0, 0]",27
62,"[2, 1]",108.99999999999595,"[59, 55]","[0, 0]","[0, 0]",27
63,"[0, 3]",153.90000000000074,"[61, 64]","[0, 0]","[0, 0]",27
64,"[2, 3]",146.54999999999907,"[62, 60]","[0.9500000000000003, 0]","[0, 0]",27
65,"[0, 1]",123.8499999999951,"[63, 61]","[0, 0]","[0, 0]",27
66,"[2, 3]",152.45000000000041,"[64, 63]","[5.14999999999999, 0]","[3.399999999999996, 0]",27
67,"[0, 3]",155.55000000000112,"[65, 66]","[0, 0]","[0, 0]",27
68,"[2, 1]",121.74999999999523,"[66, 65]","[2.3, 0]","[0, 0]",27
69,"[2, 3]",161.40000000000245,"[68, 70]","[3.7499999999999947, 0]","[0, 0]",27
70,"[0, 3]",154.00000000000077,"[67, 67]","[0, 0]","[0, 0]",27
71,"[2, 1]",129.19999999999513,"[69, 68]","[5.649999999999988, 0]","[0, 0]",27
72,"[0, 3]",159.50000000000202,"[70, 69]","[2.4499999999999993, 0]","[2.4499999999999993, 0]",27
73,"[0, 1]",132.44999999999587,"[72, 71]","[0, 0]","[0, 0]",27
74,"[0, 3]",166.0500000000035,"[73, 78]","[0.6, 0]","[0, 0]",27
75,"[0, 1]",139.34999999999744,"[74, 79]","[2.7499999999999982, 0]","[0, 0]",27
76,"[0, 1]",141.64999999999796,"[75, 75]","[3.949999999999994, 0]","[0, 0]",27
77,"[0, 3]",174.3500000000054,"[76, 74]","[4.899999999999991, 0]","[0, 0]",27
78,"[2, 3]",151.5000000000002,"[71, 72]","[5.549999999999988, 0]","[0, 0]",27
79,"[2, 1]",123.59999999999512,"[78, 73]","[8.599999999999987, 0]","[0, 0]",27
0,"[0, 3]",96.79999999999664,"[-999, 6]","[0, 0]","[0, 0]",28
1,"[0, 3]",101.39999999999638,"[0, 0]","[0, 0]","[0, 0]",28
2,"[2, 1]",36.45000000000007,"[-999, -999]","[0, 0]","[0, 0]",28
3,"[0, 1]",73.09999999999799,"[1, 12]","[0, 0]","[0, 0]",28
4,"[0, 1]",75.69999999999784,"[3, 3]","[0, 0]","[0, 0]",28
5,"[0, 3]",108.84999999999596,"[4, 14]","[0, 0]","[0, 0]",28
6,"[2, 3]",67.84999999999829,"[2, -999]","[0, 0]","[0, 0]",28
7,"[0, 1]",80.0499999999976,"[5, 15]","[0, 0]","[0, 0]",28
8,"[2, 1]",36.70000000000005,"[6, 2]","[0, 0]","[0, 0]",28
9,"[0, 3]",111.94999999999578,"[7, 17]","[0, 0]","[0, 0]",28
10,"[2, 1]",37.000000000000036,"[8, 8]","[0, 0]","[0, 0]",28
11,"[2, 1]",39.69999999999988,"[10, 10]","[0, 0]","[0, 0]",28
12,"[2, 1]",42.9499999999997,"[11, 11]","[0, 0]","[0, 0]",28
13,"[0, 3]",108.29999999999599,"[9, 9]","[0, 0]","[0, 0]",28
14,"[2, 3]",78.39999999999769,"[12, 1]","[3.2999999999999963, 0]","[3.2999999999999963, 0]",28
15,"[2, 1]",57.19999999999889,"[14, 4]","[3.399999999999996, 0]","[3.399999999999996, 0]",28
16,"[0, 1]",77.64999999999773,"[13, 19]","[0, 0]","[0, 0]",28
17,"[2, 3]",88.29999999999713,"[15, 5]","[0, 0]","[0, 0]",28
18,"[2, 1]",60.949999999998674,"[17, 7]","[0, 0]","[0, 0]",28
19,"[2, 1]",64.29999999999849,"[18, 18]","[0, 0]","[0, 0]",28
20,"[0, 1]",77.49999999999774,"[16, 22]","[2.3, 0]","[2.3, 0]",28
21,"[0, 1]",84.99999999999731,"[20, 24]","[2.7499999999999982, 0]","[2.7499999999999982, 0]",28
22,"[2, 1]",69.09999999999822,"[19, 16]","[13.400000000000055, 0]","[0, 0]",28
23,"[0, 1]",84.54999999999734,"[21, 21]","[0, 0]","[0, 0]",28
24,"[2, 1]",73.54999999999797,"[22, 20]","[11.200000000000024, 0]","[0, 0]",28
25,"[0, 3]",114.49999999999564,"[23, 26]","[0, 0]","[0, 0]",28
26,"[2, 3]",102.39999999999633,"[24, 13]","[9.199999999999996, 0]","[0, 0]",28
27,"[2, 1]",80.44999999999757,"[26, 23]","[7.649999999999981, 0]","[0, 0]",28
28,"[2, 1]",82.04999999999748,"[27, 27]","[6.199999999999986, 0]","[0, 0]",28
29,"[2, 3]",117.34999999999548,"[28, 30]","[4.849999999999991, 0]","[0, 0]",28
30,"[0, 3]",109.34999999999593,"[25, 25]","[0, 0]","[0, 0]",28
31,"[0, 1]",81.54999999999751,"[30, 28]","[0, 0]","[0, 0]",28
32,"[0, 1]",84.49999999999734,"[31, 31]","[0, 0]","[0, 0]",28
33,"[2, 1]",87.84999999999715,"[29, 32]","[2.000000000000001, 0]","[0, 0]",28
34,"[2, 1]",88.94999999999709,"[33, 33]","[0.65, 0]","[0, 0]",28
35,"[0, 3]",112.79999999999573,"[32, 29]","[0, 0]","[0, 0]",28
36,"[2, 1]",95.8499999999967,"[34, 38]","[0.3, 0]","[0, 0]",28
37,"[2, 1]",108.39999999999598,"[36, 45]","[4.599999999999992, 0]","[2.3999999999999995, 0]",28
38,"[0, 1]",86.19999999999725,"[35, 34]","[2.499999999999999, 0]","[2.499999999999999, 0]",28
39,"[2, 3]",136.29999999999674,"[37, 35]","[3.349999999999996, 0]","[0, 0]",28
40,"[2, 3]",146.34999999999903,"[39, 47]","[4.399999999999992, 0]","[0, 0]",28
41,"[2, 1]",118.19999999999543,"[40, 52]","[5.649999999999988, 0]","[0, 0]",28
42,"[2, 3]",153.15000000000057,"[41, 53]","[6.449999999999985, 0]","[0, 0]",28
43,"[0, 1]",85.79999999999727,"[38, 36]","[1.850000000000001, 0]","[1.850000000000001, 0]",28
44,"[2, 1]",123.14999999999515,"[42, 56]","[7.699999999999981, 0]","[0, 0]",28
45,"[0, 1]",84.59999999999734,"[43, 43]","[0, 0]","[0, 0]",28
46,"[0, 1]",91.69999999999693,"[45, 37]","[2.499999999999999, 0]","[2.499999999999999, 0]",28
47,"[0, 3]",124.89999999999505,"[46, 39]","[0, 0]","[0, 0]",28
48,"[2, 1]",120.14999999999532,"[44, 44]","[6.649999999999984, 0]","[0, 0]",28
49,"[2, 3]",158.75000000000185,"[48, 60]","[8.79999999999999, 0]","[0, 0]",28
50,"[2, 1]",130.14999999999534,"[49, 61]","[11.350000000000026, 0]","[0, 0]",28
51,"[2, 3]",169.90000000000438,"[50, 63]","[15.500000000000085, 0]","[0, 0]",28
52,"[0, 1]",88.7999999999971,"[47, 46]","[1.2500000000000004, 0]","[0, 0]",28
53,"[0, 3]",122.49999999999518,"[52, 40]","[0, 0]","[0, 0]",28
54,"[2, 3]",173.1000000000051,"[51, 65]","[20.300000000000153, 0]","[0, 0]",28
55,"[2, 1]",144.14999999999853,"[54, 68]","[22.650000000000187, 0]","[0, 0]",28
56,"[0, 1]",90.84999999999698,"[53, 41]","[0, 0]","[0, 0]",28
57,"[0, 3]",125.14999999999503,"[56, 42]","[0, 0]","[0, 0]",28
58,"[2, 1]",149.2999999999997,"[55, 71]","[24.050000000000207, 0]","[0, 0]",28
59,"[0, 3]",125.99999999999498,"[57, 57]","[0, 0]","[0, 0]",28
60,"[0, 3]",128.84999999999505,"[59, 59]","[0, 0]","[0, 0]",28
61,"[0, 1]",100.74999999999642,"[60, 48]","[0, 0]","[0, 0]",28
62,"[0, 3]",134.69999999999638,"[61, 49]","[0, 0]","[0, 0]",28
63,"[0, 3]",137.74999999999707,"[62, 62]","[0, 0]","[0, 0]",28
64,"[2, 3]",170.0000000000044,"[58, 69]","[17.650000000000116, 0]","[0, 0]",28
65,"[0, 3]",143.34999999999835,"[63, 51]","[2.3999999999999995, 0]","[2.3999999999999995, 0]",28
66,"[2, 1]",144.74999999999866,"[64, 75]","[18.350000000000126, 0]","[0, 0]",28
67,"[2, 3]",176.25000000000583,"[66, 64]","[19.25000000000014, 0]","[0, 0]",28
68,"[0, 1]",110.04999999999589,"[65, -999]","[0, 0]","[0, 0]",28
69,"[0, 3]",144.4499999999986,"[68, 54]","[0, 0]","[0, 0]",28
70,"[2, 1]",149.89999999999984,"[67, 77]","[16.950000000000106, 0]","[0, 0]",28
71,"[0, 1]",114.54999999999563,"[69, 55]","[0, 0]","[0, 0]",28
72,"[2, 3]",179.75000000000662,"[70, 67]","[16.000000000000092, 0]","[0, 0]",28
73,"[0, 1]",120.5499999999953,"[71, 58]","[2.799999999999998, 0]","[2.799999999999998, 0]",28
74,"[2, 3]",181.70000000000707,"[72, 72]","[19.200000000000138, 0]","[0, 0]",28
75,"[0, 1]",119.84999999999533,"[73, 73]","[0, 0]","[0, 0]",28
76,"[0, 1]",126.74999999999494,"[75, 66]","[2.499999999999999, 0]","[2.499999999999999, 0]",28
77,"[0, 1]",128.99999999999508,"[76, 76]","[0, 0]","[0, 0]",28
78,"[2, 3]",178.55000000000635,"[74, 74]","[20.15000000000015, 0]","[0, 0]",28
79,"[2, 3]",182.05000000000715,"[78, 78]","[20.950000000000163, 0]","[0, 0]",28
0,"[0, 1]",71.84999999999806,"[-999, 12]","[0, 0]","[2.0500000000000007, 0]",29
1,"[0, 1]",74.29999999999792,"[0, 0]","[0, 0]","[0, 0]",29
2,"[0, 1]",77.09999999999776,"[1, 1]","[0, 0]","[0, 0]",29
3,"[2, 3]",67.79999999999829,"[-999, -999]","[0, 0]","[0, 0]",29
4,"[2, 3]",71.74999999999807,"[3, 3]","[0, 0]","[0, 0]",29
5,"[0, 3]",105.84999999999613,"[2, 16]","[0, 0]","[0, 0]",29
6,"[0, 1]",78.0999999999977,"[5, 17]","[0, 0]","[0, 0]",29
7,"[0, 3]",112.69999999999574,"[6, 19]","[0, 0]","[0, 0]",29
8,"[2, 3]",69.4499999999982,"[4, 4]","[0, 0]","[0, 0]",29
9,"[0, 1]",83.4499999999974,"[7, 22]","[0, 0]","[0, 0]",29
10,"[2, 1]",36.80000000000005,"[8, -999]","[0, 0]","[0, 0]",29
11,"[0, 3]",115.44999999999558,"[9, 24]","[0, 0]","[0, 0]",29
12,"[2, 1]",37.05000000000003,"[10, 10]","[0, 0]","[0, 0]",29
13,"[2, 3]",70.59999999999813,"[12, 8]","[0, 0]","[0, 0]",29
14,"[0, 3]",113.89999999999567,"[11, 11]","[0, 0]","[0, 0]",29
15,"[2, 3]",72.29999999999804,"[13, 13]","[0, 0]","[0, 0]",29
16,"[2, 3]",75.44999999999786,"[15, 15]","[0, 0]","[0, 0]",29
17,"[2, 1]",48.1499999999994,"[16, 2]","[0, 0]","[0, 0]",29
18,"[0, 1]",81.29999999999752,"[14, 27]","[0, 0]","[0, 0]",29
19,"[2, 3]",80.24999999999758,"[17, 5]","[3.1999999999999966, 0]","[3.1999999999999966, 0]",29
20,"[0, 3]",112.84999999999573,"[18, 32]","[0, 0]","[0, 0]",29
21,"[0, 1]",85.44999999999729,"[20, 18]","[0, 0]","[0, 0]",29
22,"[2, 1]",48.449999999999385,"[19, 6]","[0, 0]","[0, 0]",29
23,"[0, 1]",86.04999999999725,"[21, 21]","[0, 0]","[0, 0]",29
24,"[2, 3]",80.44999999999757,"[22, 7]","[0, 0]","[0, 0]",29
25,"[2, 1]",53.09999999999912,"[24, 9]","[0, 0]","[0, 0]",29
26,"[0, 3]",116.54999999999552,"[23, 39]","[0, 0]","[0, 0]",29
27,"[2, 1]",54.39999999999905,"[25, 25]","[4.6499999999999915, 0]","[0, 0]",29
28,"[0, 1]",86.54999999999723,"[26, 23]","[0, 0]","[0, 0]",29
29,"[0, 3]",120.14999999999532,"[28, 41]","[0, 0]","[0, 0]",29
30,"[0, 3]",128.1499999999949,"[29, 45]","[1.900000000000001, 0]","[1.900000000000001, 0]",29
31,"[0, 1]",101.0999999999964,"[30, 46]","[0, 0]","[0, 0]",29
32,"[2, 3]",79.9499999999976,"[27, 14]","[0, 0]","[0, 0]",29
33,"[0, 3]",130.64999999999546,"[31, 30]","[0, 0]","[0, 0]",29
34,"[0, 1]",103.29999999999627,"[33, 49]","[0, 0]","[0, 0]",29
35,"[2, 3]",84.89999999999732,"[32, 20]","[3.2499999999999964, 0]","[3.2499999999999964, 0]",29
36,"[0, 3]",133.9499999999962,"[34, 33]","[0, 0]","[0, 0]",29
37,"[0, 1]",112.04999999999578,"[36, 51]","[2.6999999999999984, 0]","[2.6999999999999984, 0]",29
38,"[0, 3]",145.7499999999989,"[37, 52]","[0, 0]","[0, 0]",29
39,"[2, 3]",81.7499999999975,"[35, 35]","[0, 0]","[0, 0]",29
40,"[0, 3]",146.6499999999991,"[38, 38]","[0, 0]","[0, 0]",29
41,"[2, 3]",88.09999999999714,"[39, 26]","[0, 0]","[0, 0]",29
42,"[0, 3]",152.65000000000046,"[40, 53]","[2.3499999999999996, 0]","[2.3499999999999996, 0]",29
43,"[0, 1]",123.69999999999511,"[42, -999]","[0, 0]","[0, 0]",29
44,"[0, 3]",157.80000000000163,"[43, 57]","[0, 0]","[0, 0]",29
45,"[2, 3]",89.24999999999707,"[41, 29]","[0, 0]","[0, 0]",29
46,"[2, 1]",60.14999999999872,"[45, 28]","[0, 0]","[0, 0]",29
47,"[0, 1]",125.19999999999503,"[44, 43]","[0, 0]","[0, 0]",29
48,"[0, 1]",127.99999999999487,"[47, 47]","[0, 0]","[0, 0]",29
49,"[2, 1]",65.34999999999843,"[46, 31]","[0, 0]","[0, 0]",29
50,"[2, 1]",72.74999999999801,"[49, 34]","[12.850000000000048, 0]","[0, 0]",29
51,"[2, 1]",73.99999999999794,"[50, 50]","[10.800000000000018, 0]","[0, 0]",29
52,"[2, 3]",107.84999999999602,"[51, 36]","[9.099999999999994, 0]","[0, 0]",29
53,"[2, 3]",122.84999999999516,"[52, 40]","[10.350000000000012, 0]","[2.7499999999999982, 0]",29
54,"[0, 3]",149.84999999999982,"[48, 58]","[0, 0]","[0, 0]",29
55,"[0, 1]",123.49999999999513,"[54, 61]","[0, 0]","[0, 0]",29
56,"[0, 1]",126.19999999999497,"[55, 55]","[0, 0]","[0, 0]",29
57,"[2, 3]",123.79999999999511,"[53, 42]","[5.799999999999987, 0]","[0, 0]",29
58,"[2, 3]",131.2499999999956,"[57, 44]","[4.399999999999992, 0]","[0, 0]",29
59,"[0, 3]",156.55000000000135,"[56, 63]","[0, 0]","[0, 0]",29
60,"[0, 1]",128.99999999999508,"[59, 56]","[0, 0]","[0, 0]",29
61,"[2, 1]",104.4999999999962,"[58, 48]","[1.7500000000000009, 0]","[0, 0]",29
62,"[2, 3]",138.14999999999716,"[61, 54]","[1.6000000000000008, 0]","[0, 0]",29
63,"[2, 3]",141.89999999999802,"[62, 62]","[1.950000000000001, 0]","[0, 0]",29
64,"[0, 3]",156.00000000000122,"[60, 65]","[0, 0]","[0, 0]",29
65,"[2, 3]",148.4499999999995,"[63, 59]","[2.1500000000000004, 0]","[0, 0]",29
66,"[2, 1]",120.19999999999531,"[65, 60]","[2.4499999999999993, 0]","[0, 0]",29
67,"[0, 1]",124.39999999999507,"[64, 66]","[0, 0]","[0, 0]",29
68,"[2, 3]",152.95000000000053,"[66, 64]","[3.149999999999997, 0]","[0, 0]",29
69,"[0, 3]",156.45000000000132,"[67, 68]","[0, 0]","[0, 0]",29
70,"[2, 3]",159.8500000000021,"[68, 69]","[5.899999999999987, 0]","[3.1999999999999966, 0]",29
71,"[2, 1]",131.44999999999564,"[70, 76]","[3.8499999999999943, 0]","[0, 0]",29
72,"[2, 1]",141.04999999999782,"[71, 79]","[4.6499999999999915, 0]","[0, 0]",29
73,"[2, 1]",142.54999999999816,"[72, 72]","[5.899999999999987, 0]","[0, 0]",29
74,"[2, 3]",176.05000000000578,"[73, 77]","[7.84999999999998, 0]","[0, 0]",29
75,"[2, 3]",180.70000000000684,"[74, 74]","[13.550000000000058, 0]","[0, 0]",29
76,"[0, 1]",115.39999999999559,"[69, 67]","[0, 0]","[0, 0]",29
77,"[0, 3]",149.49999999999974,"[76, 70]","[0, 0]","[0, 0]",29
78,"[2, 3]",180.1000000000067,"[75, 75]","[16.200000000000095, 0]","[0, 0]",29
79,"[0, 1]",119.84999999999533,"[77, 71]","[0, 0]","[0, 0]",29
0,"[0, 1]",67.5999999999983,"[-999, 8]","[0, 0]","[0, 0]",30
1,"[2, 3]",67.79999999999829,"[-999, -999]","[0, 0]","[0, 0]",30
2,"[2, 1]",38.09999999999997,"[1, -999]","[0, 0]","[0, 0]",30
3,"[0, 1]",74.49999999999791,"[0, 11]","[3.399999999999996, 0]","[3.399999999999996, 0]",30
4,"[0, 3]",106.49999999999609,"[3, 12]","[0, 0]","[0, 0]",30
5,"[2, 3]",68.64999999999824,"[2, 1]","[0, 0]","[0, 0]",30
6,"[2, 3]",72.49999999999802,"[5, 5]","[0, 0]","[0, 0]",30
7,"[2, 1]",40.09999999999986,"[6, 2]","[0, 0]","[0, 0]",30
8,"[2, 1]",43.54999999999966,"[7, 7]","[0, 0]","[0, 0]",30
9,"[2, 3]",76.64999999999779,"[8, 6]","[0, 0]","[0, 0]",30
10,"[2, 3]",80.54999999999757,"[9, 9]","[0, 0]","[0, 0]",30
11,"[2, 1]",48.449999999999385,"[10, 0]","[0, 0]","[0, 0]",30
12,"[2, 3]",82.64999999999745,"[11, 10]","[0, 0]","[0, 0]",30
13,"[0, 3]",101.59999999999637,"[4, 18]","[0, 0]","[0, 0]",30
14,"[0, 1]",73.39999999999797,"[13, 19]","[0, 0]","[0, 0]",30
15,"[2, 1]",51.04999999999924,"[12, 3]","[0, 0]","[0, 0]",30
16,"[0, 3]",105.84999999999613,"[14, 21]","[0, 0]","[0, 0]",30
17,"[2, 3]",82.59999999999745,"[15, 4]","[0, 0]","[0, 0]",30
18,"[2, 3]",85.39999999999729,"[17, 17]","[0, 0]","[0, 0]",30
19,"[2, 1]",56.84999999999891,"[18, 15]","[0, 0]","[0, 0]",30
20,"[0, 3]",102.14999999999634,"[16, 16]","[0, 0]","[0, 0]",30
21,"[2, 3]",89.09999999999708,"[19, 13]","[0, 0]","[0, 0]",30
22,"[0, 3]",102.69999999999631,"[20, 20]","[0, 0]","[0, 0]",30
23,"[0, 3]",110.19999999999588,"[22, 26]","[2.499999999999999, 0]","[2.499999999999999, 0]",30
24,"[2, 1]",56.9499999999989,"[21, 14]","[0, 0]","[0, 0]",30
25,"[2, 1]",60.4999999999987,"[24, 24]","[6.749999999999984, 0]","[0, 0]",30
26,"[2, 3]",98.69999999999654,"[25, 22]","[8.04999999999998, 0]","[0, 0]",30
27,"[0, 1]",75.64999999999785,"[23, 29]","[0, 0]","[0, 0]",30
28,"[0, 1]",77.94999999999771,"[27, 27]","[0, 0]","[0, 0]",30
29,"[2, 1]",63.9999999999985,"[26, 25]","[5.649999999999988, 0]","[0, 0]",30
30,"[0, 3]",111.04999999999583,"[28, 33]","[0, 0]","[0, 0]",30
31,"[0, 1]",84.04999999999737,"[30, 34]","[0, 0]","[0, 0]",30
32,"[2, 3]",95.34999999999673,"[29, 23]","[3.899999999999994, 0]","[0, 0]",30
33,"[2, 3]",98.79999999999653,"[32, 32]","[2.3, 0]","[0, 0]",30
34,"[2, 1]",70.64999999999813,"[33, 28]","[0.8000000000000002, 0]","[0, 0]",30
35,"[2, 1]",80.34999999999758,"[34, 31]","[0, 0]","[0, 0]",30
36,"[2, 1]",86.9999999999972,"[35, 38]","[0, 0]","[0, 0]",30
37,"[2, 3]",118.6999999999954,"[36, 30]","[0, 0]","[0, 0]",30
38,"[0, 1]",79.14999999999765,"[31, 35]","[2.1000000000000005, 0]","[2.1000000000000005, 0]",30
39,"[2, 1]",100.09999999999646,"[37, 42]","[2.1500000000000004, 0]","[2.1500000000000004, 0]",30
40,"[0, 1]",83.69999999999739,"[38, 36]","[2.3999999999999995, 0]","[2.3999999999999995, 0]",30
41,"[0, 1]",84.84999999999732,"[40, 40]","[0, 0]","[0, 0]",30
42,"[0, 1]",87.0999999999972,"[41, 41]","[0, 0]","[0, 0]",30
43,"[2, 1]",94.29999999999679,"[39, 39]","[1.2000000000000004, 0]","[0, 0]",30
44,"[2, 3]",134.99999999999645,"[43, 52]","[3.649999999999995, 0]","[3.149999999999997, 0]",30
45,"[2, 1]",106.64999999999608,"[44, 54]","[0, 0]","[0, 0]",30
46,"[2, 1]",121.94999999999521,"[45, 60]","[6.5999999999999845, 0]","[6.5999999999999845, 0]",30
47,"[0, 3]",110.64999999999586,"[42, 37]","[0, 0]","[0, 0]",30
48,"[2, 1]",126.79999999999494,"[46, 63]","[0.8000000000000002, 0]","[0, 0]",30
49,"[2, 3]",158.1000000000017,"[48, 62]","[2.4499999999999993, 0]","[0, 0]",30
50,"[2, 1]",135.59999999999658,"[49, 65]","[3.649999999999995, 0]","[0, 0]",30
51,"[0, 3]",107.94999999999601,"[47, 47]","[0, 0]","[0, 0]",30
52,"[0, 3]",111.24999999999582,"[51, 51]","[0, 0]","[0, 0]",30
53,"[2, 3]",170.4000000000045,"[50, 69]","[4.6499999999999915, 0]","[0, 0]",30
54,"[0, 1]",81.54999999999751,"[52, 43]","[0, 0]","[0, 0]",30
55,"[2, 1]",139.29999999999742,"[53, 50]","[7.399999999999982, 0]","[0, 0]",30
56,"[2, 1]",143.39999999999836,"[55, 55]","[11.250000000000025, 0]","[0, 0]",30
57,"[0, 3]",111.14999999999583,"[54, 44]","[0, 0]","[0, 0]",30
58,"[0, 1]",84.04999999999737,"[57, 45]","[0, 0]","[0, 0]",30
59,"[2, 3]",181.8000000000071,"[56, 79]","[16.000000000000092, 0]","[2.6999999999999984, 0]",30
60,"[0, 1]",84.34999999999735,"[58, 58]","[0, 0]","[0, 0]",30
61,"[2, 3]",182.2500000000072,"[59, 59]","[15.550000000000086, 0]","[0, 0]",30
62,"[0, 3]",114.84999999999562,"[60, 57]","[0, 0]","[0, 0]",30
63,"[0, 1]",87.79999999999715,"[62, 46]","[0, 0]","[0, 0]",30
64,"[0, 1]",94.94999999999675,"[63, 48]","[2.3499999999999996, 0]","[2.3499999999999996, 0]",30
65,"[0, 1]",97.09999999999663,"[64, 64]","[0, 0]","[0, 0]",30
66,"[0, 3]",129.39999999999517,"[65, 49]","[0, 0]","[0, 0]",30
67,"[2, 1]",142.09999999999806,"[61, -999]","[12.250000000000039, 0]","[0, 0]",30
68,"[2, 3]",176.75000000000594,"[67, 61]","[17.500000000000114, 0]","[0, 0]",30
69,"[0, 3]",128.79999999999504,"[66, 66]","[0, 0]","[0, 0]",30
70,"[0, 3]",137.449999999997,"[69, 53]","[2.5999999999999988, 0]","[2.5999999999999988, 0]",30
71,"[0, 3]",140.14999999999762,"[70, 70]","[0, 0]","[0, 0]",30
72,"[0, 3]",142.6499999999982,"[71, 71]","[0, 0]","[0, 0]",30
73,"[2, 3]",172.10000000000488,"[68, 68]","[19.30000000000014, 0]","[0, 0]",30
74,"[2, 1]",144.34999999999857,"[73, -999]","[21.200000000000166, 0]","[0, 0]",30
75,"[2, 1]",148.14999999999944,"[74, 74]","[23.200000000000195, 0]","[0, 0]",30
76,"[2, 3]",182.7000000000073,"[75, 73]","[24.700000000000216, 0]","[0, 0]",30
77,"[2, 1]",156.00000000000122,"[76, 75]","[25.10000000000022, 0]","[0, 0]",30
78,"[2, 3]",190.55000000000908,"[77, 76]","[26.200000000000237, 0]","[0, 0]",30
79,"[0, 3]",131.64999999999569,"[72, 72]","[0, 0]","[0, 0]",30
0,"[2, 1]",36.45000000000007,"[-999, -999]","[0, 0]","[0, 0]",31
1,"[0, 1]",67.44999999999831,"[-999, 9]","[0, 0]","[0, 0]",31
2,"[0, 3]",111.94999999999578,"[1, 16]","[6.449999999999985, 0]","[6.449999999999985, 0]",31
3,"[2, 1]",36.650000000000055,"[0, 0]","[0, 0]","[0, 0]",31
4,"[2, 1]",39.3499999999999,"[3, 3]","[0, 0]","[0, 0]",31
5,"[2, 3]",70.99999999999811,"[4, -999]","[0, 0]","[0, 0]",31
6,"[0, 1]",76.69999999999779,"[2, 13]","[0, 0]","[0, 0]",31
7,"[0, 3]",116.39999999999553,"[6, 22]","[2.849999999999998, 0]","[2.849999999999998, 0]",31
8,"[0, 3]",119.04999999999538,"[7, 7]","[0, 0]","[0, 0]",31
9,"[2, 1]",36.650000000000055,"[5, 4]","[0, 0]","[0, 0]",31
10,"[2, 3]",70.44999999999814,"[9, 5]","[0, 0]","[0, 0]",31
11,"[2, 3]",74.29999999999792,"[10, 10]","[0, 0]","[0, 0]",31
12,"[0, 3]",119.19999999999537,"[8, 30]","[2.3999999999999995, 0]","[2.3999999999999995, 0]",31
13,"[2, 1]",45.099999999999575,"[11, 1]","[0, 0]","[0, 0]",31
14,"[0, 3]",119.29999999999536,"[12, 12]","[0, 0]","[0, 0]",31
15,"[2, 3]",71.79999999999806,"[13, 11]","[0, 0]","[0, 0]",31
16,"[2, 3]",75.09999999999788,"[15, 15]","[0, 0]","[0, 0]",31
17,"[0, 1]",85.59999999999728,"[14, 34]","[0, 0]","[0, 0]",31
18,"[0, 1]",88.44999999999712,"[17, 17]","[0, 0]","[0, 0]",31
19,"[0, 1]",91.29999999999696,"[18, 18]","[0, 0]","[0, 0]",31
20,"[2, 3]",76.69999999999779,"[16, 2]","[3.149999999999997, 0]","[3.149999999999997, 0]",31
21,"[0, 3]",126.34999999999496,"[19, 40]","[0, 0]","[0, 0]",31
22,"[2, 3]",77.44999999999774,"[20, 20]","[0, 0]","[0, 0]",31
23,"[0, 3]",126.44999999999496,"[21, 21]","[0, 0]","[0, 0]",31
24,"[0, 3]",133.4999999999961,"[23, 48]","[2.4499999999999993, 0]","[2.4499999999999993, 0]",31
25,"[0, 3]",135.89999999999665,"[24, 24]","[0, 0]","[0, 0]",31
26,"[2, 1]",40.199999999999854,"[22, 6]","[0, 0]","[0, 0]",31
27,"[0, 3]",136.24999999999673,"[25, 25]","[0, 0]","[0, 0]",31
28,"[0, 3]",138.89999999999733,"[27, 27]","[0, 0]","[0, 0]",31
29,"[0, 3]",146.74999999999912,"[28, 60]","[2.9499999999999975, 0]","[2.9499999999999975, 0]",31
30,"[2, 3]",74.14999999999793,"[26, 8]","[0, 0]","[0, 0]",31
31,"[0, 1]",115.29999999999559,"[29, 57]","[0, 0]","[0, 0]",31
32,"[2, 1]",40.29999999999985,"[30, 26]","[0, 0]","[0, 0]",31
33,"[0, 1]",126.09999999999498,"[31, 67]","[5.399999999999989, 0]","[5.399999999999989, 0]",31
34,"[2, 1]",40.99999999999981,"[32, 32]","[0, 0]","[0, 0]",31
35,"[2, 3]",76.64999999999779,"[34, 14]","[0, 0]","[0, 0]",31
36,"[2, 3]",78.89999999999766,"[35, 35]","[0, 0]","[0, 0]",31
37,"[0, 1]",124.89999999999505,"[33, 68]","[2.549999999999999, 0]","[2.549999999999999, 0]",31
38,"[0, 3]",157.95000000000167,"[37, 69]","[0, 0]","[0, 0]",31
39,"[2, 3]",76.74999999999778,"[36, 36]","[0, 0]","[0, 0]",31
40,"[2, 3]",79.09999999999765,"[39, 39]","[0, 0]","[0, 0]",31
41,"[0, 3]",156.65000000000137,"[38, 38]","[0, 0]","[0, 0]",31
42,"[0, 1]",128.649999999995,"[41, 72]","[0, 0]","[0, 0]",31
43,"[2, 1]",44.29999999999962,"[40, 19]","[0, 0]","[0, 0]",31
44,"[0, 1]",129.19999999999513,"[42, 42]","[0, 0]","[0, 0]",31
45,"[0, 3]",163.05000000000283,"[44, 77]","[0, 0]","[0, 0]",31
46,"[0, 1]",135.89999999999665,"[45, 78]","[0, 0]","[0, 0]",31
47,"[0, 3]",170.15000000000444,"[46, 79]","[2.6999999999999984, 0]","[0, 0]",31
48,"[2, 3]",74.84999999999789,"[43, 23]","[0, 0]","[0, 0]",31
49,"[2, 1]",44.549999999999606,"[48, 43]","[0, 0]","[0, 0]",31
50,"[0, 1]",138.09999999999715,"[47, 46]","[3.699999999999995, 0]","[0, 0]",31
51,"[0, 1]",140.9499999999978,"[50, 50]","[4.199999999999993, 0]","[0, 0]",31
52,"[0, 1]",143.79999999999845,"[51, 51]","[4.599999999999992, 0]","[0, 0]",31
53,"[2, 1]",38.599999999999945,"[49, 49]","[0, 0]","[0, 0]",31
54,"[0, 3]",174.3500000000054,"[52, 47]","[5.699999999999988, 0]","[0, 0]",31
55,"[0, 3]",178.40000000000632,"[54, 54]","[7.649999999999981, 0]","[0, 0]",31
56,"[2, 1]",36.90000000000004,"[53, 53]","[0, 0]","[0, 0]",31
57,"[2, 1]",39.54999999999989,"[56, 56]","[0, 0]","[0, 0]",31
58,"[0, 3]",177.20000000000604,"[55, 55]","[9.049999999999994, 0]","[0, 0]",31
59,"[0, 3]",180.30000000000675,"[58, 58]","[10.050000000000008, 0]","[0, 0]",31
60,"[2, 3]",71.74999999999807,"[57, 28]","[0, 0]","[0, 0]",31
61,"[0, 3]",180.9500000000069,"[59, 59]","[10.85000000000002, 0]","[0, 0]",31
62,"[0, 3]",183.90000000000757,"[61, 61]","[11.500000000000028, 0]","[0, 0]",31
63,"[0, 3]",186.80000000000823,"[62, 62]","[12.050000000000036, 0]","[0, 0]",31
64,"[2, 3]",72.949999999998,"[60, 29]","[0, 0]","[0, 0]",31
65,"[2, 1]",42.9499999999997,"[64, 31]","[0, 0]","[0, 0]",31
66,"[0, 1]",154.75000000000094,"[63, -999]","[12.400000000000041, 0]","[0, 0]",31
67,"[2, 1]",42.8499999999997,"[65, 65]","[0, 0]","[0, 0]",31
68,"[2, 1]",51.599999999999206,"[67, 33]","[2.000000000000001, 0]","[2.000000000000001, 0]",31
69,"[2, 3]",81.7999999999975,"[68, 64]","[0, 0]","[0, 0]",31
70,"[0, 1]",150.85000000000005,"[66, 66]","[12.750000000000046, 0]","[0, 0]",31
71,"[0, 1]",153.6500000000007,"[70, 70]","[13.00000000000005, 0]","[0, 0]",31
72,"[2, 1]",51.39999999999922,"[69, 37]","[5.04999999999999, 0]","[1.950000000000001, 0]",31
73,"[0, 3]",184.20000000000763,"[71, 63]","[13.250000000000053, 0]","[0, 0]",31
74,"[2, 3]",87.59999999999717,"[72, 41]","[5.799999999999987, 0]","[0.05, 0]",31
75,"[0, 1]",156.3500000000013,"[73, 71]","[14.050000000000065, 0]","[0, 0]",31
76,"[0, 3]",189.40000000000882,"[75, 73]","[14.050000000000065, 0]","[0, 0]",31
77,"[2, 3]",85.89999999999726,"[74, 74]","[0, 0]","[0, 0]",31
78,"[2, 1]",57.19999999999889,"[77, 44]","[0, 0]","[0, 0]",31
79,"[2, 3]",92.3999999999969,"[78, 45]","[0.9000000000000002, 0]","[0, 0]",31
0,"[0, 1]",67.44999999999831,"[-999, 5]","[0, 0]","[0, 0]",32
1,"[2, 3]",67.79999999999829,"[-999, -999]","[0, 0]","[0, 0]",32
2,"[2, 1]",38.09999999999997,"[1, -999]","[0, 0]","[0, 0]",32
3,"[2, 3]",72.24999999999804,"[2, 1]","[0, 0]","[0, 0]",32
4,"[0, 3]",98.09999999999657,"[0, 12]","[0, 0]","[0, 0]",32
5,"[2, 1]",38.99999999999992,"[3, 2]","[0, 0]","[0, 0]",32
6,"[0, 1]",76.74999999999778,"[4, 17]","[2.5999999999999988, 0]","[2.5999999999999988, 0]",32
7,"[0, 3]",107.04999999999606,"[6, 4]","[0, 0]","[0, 0]",32
8,"[0, 3]",116.7999999999955,"[7, 19]","[2.499999999999999, 0]","[2.499999999999999, 0]",32
9,"[2, 3]",68.59999999999825,"[5, 3]","[0, 0]","[0, 0]",32
10,"[0, 1]",86.49999999999723,"[8, 20]","[0, 0]","[0, 0]",32
11,"[2, 3]",70.24999999999815,"[9, 9]","[0, 0]","[0, 0]",32
12,"[2, 3]",73.39999999999797,"[11, 11]","[0, 0]","[0, 0]",32
13,"[0, 3]",116.59999999999552,"[10, 24]","[0, 0]","[0, 0]",32
14,"[2, 1]",42.19999999999974,"[12, 0]","[0, 0]","[0, 0]",32
15,"[0, 1]",86.49999999999723,"[13, 10]","[0, 0]","[0, 0]",32
16,"[2, 1]",42.8499999999997,"[14, 14]","[0, 0]","[0, 0]",32
17,"[2, 1]",45.74999999999954,"[16, 16]","[0, 0]","[0, 0]",32
18,"[2, 1]",54.049999999999066,"[17, 6]","[1.0500000000000003, 0]","[1.0500000000000003, 0]",32
19,"[2, 3]",86.74999999999721,"[18, 7]","[3.049999999999997, 0]","[3.049999999999997, 0]",32
20,"[2, 1]",58.34999999999882,"[19, 18]","[0, 0]","[0, 0]",32
21,"[0, 1]",78.0999999999977,"[15, 15]","[0, 0]","[0, 0]",32
22,"[0, 1]",86.9999999999972,"[21, 27]","[2.4499999999999993, 0]","[2.4499999999999993, 0]",32
23,"[0, 1]",88.04999999999714,"[22, 22]","[0, 0]","[0, 0]",32
24,"[2, 3]",86.34999999999724,"[20, 8]","[0, 0]","[0, 0]",32
25,"[0, 1]",88.19999999999713,"[23, 23]","[0, 0]","[0, 0]",32
26,"[2, 3]",92.94999999999686,"[24, 13]","[10.15000000000001, 0]","[2.9999999999999973, 0]",32
27,"[2, 1]",70.34999999999815,"[26, 21]","[14.850000000000076, 0]","[0, 0]",32
28,"[0, 1]",91.29999999999696,"[25, 33]","[2.5999999999999988, 0]","[2.5999999999999988, 0]",32
29,"[2, 3]",100.59999999999643,"[27, 26]","[23.6000000000002, 0]","[0.05, 0]",32
30,"[0, 3]",120.69999999999528,"[28, 29]","[0, 0]","[0, 0]",32
31,"[0, 1]",93.69999999999682,"[30, 34]","[0, 0]","[0, 0]",32
32,"[0, 3]",126.64999999999495,"[31, 30]","[0, 0]","[0, 0]",32
33,"[2, 1]",76.4499999999978,"[29, 25]","[18.450000000000127, 0]","[2.499999999999999, 0]",32
34,"[2, 1]",82.69999999999744,"[33, 28]","[14.550000000000072, 0]","[0, 0]",32
35,"[0, 1]",95.7499999999967,"[32, 36]","[0, 0]","[0, 0]",32
36,"[2, 1]",87.94999999999715,"[34, 31]","[13.00000000000005, 0]","[0, 0]",32
37,"[0, 3]",127.59999999999489,"[35, 39]","[0, 0]","[0, 0]",32
38,"[0, 3]",130.7999999999955,"[37, 37]","[0, 0]","[0, 0]",32
39,"[2, 3]",117.34999999999548,"[36, 32]","[8.449999999999985, 0]","[0, 0]",32
40,"[2, 1]",89.64999999999705,"[39, 35]","[7.249999999999982, 0]","[0, 0]",32
41,"[2, 3]",129.29999999999515,"[40, 38]","[5.799999999999987, 0]","[0, 0]",32
42,"[0, 1]",96.34999999999667,"[38, 40]","[0, 0]","[0, 0]",32
43,"[2, 3]",129.8999999999953,"[41, 41]","[4.299999999999993, 0]","[0, 0]",32
44,"[0, 1]",96.94999999999663,"[42, 42]","[0, 0]","[0, 0]",32
45,"[0, 3]",130.59999999999545,"[44, 43]","[0, 0]","[0, 0]",32
46,"[0, 3]",133.59999999999613,"[45, 45]","[0, 0]","[0, 0]",32
47,"[2, 1]",94.74999999999676,"[43, 44]","[0, 0]","[0, 0]",32
48,"[0, 3]",134.2999999999963,"[46, 46]","[0, 0]","[0, 0]",32
49,"[2, 1]",96.04999999999669,"[47, 47]","[2.499999999999999, 0]","[0, 0]",32
50,"[0, 1]",104.09999999999623,"[48, 49]","[0, 0]","[0, 0]",32
51,"[0, 1]",106.94999999999607,"[50, 50]","[0, 0]","[0, 0]",32
52,"[0, 1]",109.7999999999959,"[51, 51]","[0, 0]","[0, 0]",32
53,"[2, 3]",128.2499999999949,"[49, 48]","[4.499999999999992, 0]","[0, 0]",32
54,"[2, 3]",130.94999999999553,"[53, 53]","[5.09999999999999, 0]","[0, 0]",32
55,"[2, 1]",114.29999999999565,"[54, 58]","[11.900000000000034, 0]","[6.699999999999984, 0]",32
56,"[2, 3]",153.2500000000006,"[55, 63]","[8.74999999999999, 0]","[3.2499999999999964, 0]",32
57,"[2, 3]",162.15000000000262,"[56, 70]","[8.649999999999988, 0]","[3.399999999999996, 0]",32
58,"[0, 1]",101.34999999999638,"[52, 52]","[0, 0]","[0, 0]",32
59,"[2, 1]",143.34999999999835,"[57, 74]","[7.149999999999983, 0]","[2.8999999999999977, 0]",32
60,"[2, 3]",176.45000000000587,"[59, 77]","[4.099999999999993, 0]","[0, 0]",32
61,"[2, 3]",180.20000000000672,"[60, 60]","[3.8499999999999943, 0]","[0, 0]",32
62,"[0, 3]",127.4499999999949,"[58, 54]","[0, 0]","[0, 0]",32
63,"[0, 3]",131.44999999999564,"[62, 62]","[0, 0]","[0, 0]",32
64,"[2, 3]",179.30000000000652,"[61, 61]","[4.599999999999992, 0]","[0, 0]",32
65,"[2, 1]",151.65000000000023,"[64, -999]","[5.4999999999999885, 0]","[0, 0]",32
66,"[2, 1]",155.80000000000118,"[65, 65]","[4.3499999999999925, 0]","[0, 0]",32
67,"[0, 1]",97.79999999999659,"[63, 55]","[0, 0]","[0, 0]",32
68,"[2, 1]",156.3000000000013,"[66, 66]","[4.049999999999994, 0]","[0, 0]",32
69,"[2, 3]",190.00000000000895,"[68, 64]","[3.2999999999999963, 0]","[0, 0]",32
70,"[0, 3]",127.24999999999491,"[67, 56]","[0, 0]","[0, 0]",32
71,"[0, 1]",99.84999999999647,"[70, 67]","[0, 0]","[0, 0]",32
72,"[2, 1]",159.10000000000193,"[69, 68]","[5.599999999999988, 0]","[0, 0]",32
73,"[0, 1]",100.39999999999644,"[71, 71]","[0, 0]","[0, 0]",32
74,"[0, 1]",103.24999999999628,"[73, 73]","[0, 0]","[0, 0]",32
75,"[2, 1]",158.65000000000182,"[72, 72]","[9.700000000000003, 0]","[0, 0]",32
76,"[2, 3]",192.10000000000943,"[75, 69]","[15.950000000000092, 0]","[0, 0]",32
77,"[0, 3]",131.54999999999566,"[74, 57]","[0, 0]","[0, 0]",32
78,"[0, 1]",105.39999999999615,"[77, 59]","[0, 0]","[0, 0]",32
79,"[2, 1]",160.95000000000235,"[76, 75]","[22.600000000000186, 0]","[0, 0]",32
0,"[2, 3]",67.79999999999829,"[-999, -999]","[0, 0]","[0, 0]",33
1,"[0, 1]",75.94999999999783,"[-999, 13]","[0, 0]","[3.149999999999997, 0]",33
2,"[2, 1]",36.70000000000005,"[0, -999]","[0, 0]","[0, 0]",33
3,"[2, 3]",70.69999999999813,"[2, 0]","[0, 0]","[0, 0]",33
4,"[2, 1]",39.89999999999987,"[3, 2]","[0, 0]","[0, 0]",33
5,"[2, 1]",43.149999999999686,"[4, 4]","[0, 0]","[0, 0]",33
6,"[0, 3]",103.34999999999627,"[1, 16]","[0, 0]","[0, 0]",33
7,"[2, 1]",44.09999999999963,"[5, 5]","[0, 0]","[0, 0]",33
8,"[0, 1]",73.24999999999798,"[6, 1]","[0, 0]","[0, 0]",33
9,"[2, 3]",74.29999999999792,"[7, 3]","[0, 0]","[0, 0]",33
10,"[2, 1]",43.64999999999966,"[9, 7]","[0, 0]","[0, 0]",33
11,"[0, 3]",107.34999999999604,"[8, 21]","[2.3, 0]","[2.3, 0]",33
12,"[0, 1]",79.04999999999765,"[11, 8]","[0, 0]","[0, 0]",33
13,"[2, 1]",42.74999999999971,"[10, 10]","[0, 0]","[0, 0]",33
14,"[2, 3]",74.09999999999793,"[13, 9]","[0, 0]","[0, 0]",33
15,"[0, 3]",108.54999999999598,"[12, 22]","[0, 0]","[0, 0]",33
16,"[2, 3]",75.44999999999786,"[14, 14]","[0, 0]","[0, 0]",33
17,"[0, 3]",109.24999999999594,"[15, 15]","[0, 0]","[0, 0]",33
18,"[0, 1]",82.94999999999743,"[17, 25]","[0, 0]","[0, 0]",33
19,"[2, 3]",79.39999999999763,"[16, 6]","[1.950000000000001, 0]","[1.950000000000001, 0]",33
20,"[0, 1]",82.94999999999743,"[18, 18]","[0, 0]","[0, 0]",33
21,"[2, 3]",79.9499999999976,"[19, 19]","[3.2999999999999963, 0]","[3.2999999999999963, 0]",33
22,"[2, 3]",87.69999999999716,"[21, 11]","[0, 0]","[0, 0]",33
23,"[2, 1]",59.349999999998765,"[22, 12]","[8.649999999999988, 0]","[0, 0]",33
24,"[0, 3]",108.79999999999596,"[20, 27]","[0, 0]","[0, 0]",33
25,"[2, 1]",60.4499999999987,"[23, 23]","[10.85000000000002, 0]","[0, 0]",33
26,"[0, 3]",110.44999999999587,"[24, 24]","[0, 0]","[0, 0]",33
27,"[2, 3]",92.99999999999686,"[25, 17]","[11.750000000000032, 0]","[0, 0]",33
28,"[2, 1]",70.14999999999816,"[27, 20]","[9.399999999999999, 0]","[0, 0]",33
29,"[2, 3]",114.69999999999563,"[28, 32]","[10.350000000000012, 0]","[2.6499999999999986, 0]",33
30,"[2, 1]",84.89999999999732,"[29, -999]","[6.149999999999986, 0]","[0, 0]",33
31,"[2, 3]",124.89999999999505,"[30, 36]","[4.699999999999991, 0]","[0, 0]",33
32,"[0, 3]",102.44999999999632,"[26, 26]","[0, 0]","[0, 0]",33
33,"[2, 1]",92.44999999999689,"[31, 30]","[3.2499999999999964, 0]","[0, 0]",33
34,"[0, 3]",108.49999999999598,"[32, 29]","[2.3499999999999996, 0]","[2.3499999999999996, 0]",33
35,"[2, 1]",93.84999999999681,"[33, 33]","[1.800000000000001, 0]","[0, 0]",33
36,"[0, 3]",108.84999999999596,"[34, 34]","[0, 0]","[0, 0]",33
37,"[0, 3]",116.14999999999554,"[36, 31]","[2.549999999999999, 0]","[2.549999999999999, 0]",33
38,"[0, 3]",118.6499999999954,"[37, 37]","[0, 0]","[0, 0]",33
39,"[0, 1]",91.59999999999694,"[38, 35]","[0, 0]","[0, 0]",33
40,"[0, 1]",98.84999999999653,"[39, 41]","[2.6499999999999986, 0]","[2.6499999999999986, 0]",33
41,"[2, 1]",92.09999999999691,"[35, 39]","[0, 0]","[0, 0]",33
42,"[0, 1]",98.59999999999654,"[40, 40]","[0, 0]","[0, 0]",33
43,"[2, 1]",102.49999999999632,"[41, 42]","[2.7499999999999982, 0]","[2.7499999999999982, 0]",33
44,"[2, 1]",108.64999999999597,"[43, 46]","[2.4499999999999993, 0]","[0, 0]",33
45,"[2, 3]",140.4999999999977,"[44, 38]","[3.8499999999999943, 0]","[0, 0]",33
46,"[0, 1]",99.3499999999965,"[42, 43]","[2.499999999999999, 0]","[2.499999999999999, 0]",33
47,"[2, 3]",148.54999999999953,"[45, 51]","[7.89999999999998, 0]","[1.900000000000001, 0]",33
48,"[2, 1]",118.79999999999539,"[47, 49]","[7.99999999999998, 0]","[0, 0]",33
49,"[0, 1]",102.29999999999633,"[46, 44]","[2.7499999999999982, 0]","[2.7499999999999982, 0]",33
50,"[2, 3]",152.10000000000034,"[48, 52]","[11.300000000000026, 0]","[0, 0]",33
51,"[0, 3]",133.64999999999614,"[49, 45]","[2.1500000000000004, 0]","[2.1500000000000004, 0]",33
52,"[0, 3]",142.44999999999814,"[51, 47]","[2.499999999999999, 0]","[2.499999999999999, 0]",33
53,"[2, 3]",150.95000000000007,"[50, 50]","[10.800000000000018, 0]","[0, 0]",33
54,"[0, 1]",111.89999999999579,"[52, 48]","[0, 0]","[0, 0]",33
55,"[0, 1]",114.29999999999565,"[54, 54]","[0, 0]","[0, 0]",33
56,"[2, 1]",121.94999999999521,"[53, 57]","[6.799999999999984, 0]","[0, 0]",33
57,"[0, 1]",114.79999999999562,"[55, 55]","[0, 0]","[0, 0]",33
58,"[0, 3]",147.39999999999927,"[57, 53]","[0, 0]","[0, 0]",33
59,"[2, 1]",119.14999999999537,"[56, 56]","[6.999999999999983, 0]","[0, 0]",33
60,"[0, 3]",148.8499999999996,"[58, 58]","[0, 0]","[0, 0]",33
61,"[2, 1]",120.09999999999532,"[59, 59]","[10.350000000000012, 0]","[0, 0]",33
62,"[2, 1]",129.9999999999953,"[61, 67]","[14.050000000000065, 0]","[0, 0]",33
63,"[2, 1]",131.79999999999572,"[62, 62]","[17.700000000000117, 0]","[0, 0]",33
64,"[2, 3]",166.75000000000367,"[63, 69]","[19.050000000000136, 0]","[0, 0]",33
65,"[2, 3]",170.35000000000448,"[64, 64]","[28.050000000000264, 0]","[0, 0]",33
66,"[0, 3]",140.84999999999778,"[60, 60]","[0, 0]","[0, 0]",33
67,"[0, 1]",113.04999999999572,"[66, 61]","[0, 0]","[0, 0]",33
68,"[0, 3]",145.7999999999989,"[67, 66]","[0, 0]","[0, 0]",33
69,"[0, 3]",149.6999999999998,"[68, 68]","[0, 0]","[0, 0]",33
70,"[0, 1]",122.0999999999952,"[69, 63]","[0, 0]","[0, 0]",33
71,"[2, 3]",162.70000000000275,"[65, 65]","[24.450000000000212, 0]","[0, 0]",33
72,"[0, 1]",122.69999999999517,"[70, 70]","[0, 0]","[0, 0]",33
73,"[0, 1]",125.49999999999501,"[72, 72]","[1.3000000000000005, 0]","[0, 0]",33
74,"[2, 3]",167.00000000000372,"[71, 75]","[25.550000000000228, 0]","[0, 0]",33
75,"[0, 3]",159.35000000000198,"[73, 71]","[1.5500000000000007, 0]","[0, 0]",33
76,"[2, 1]",135.6499999999966,"[74, -999]","[26.150000000000237, 0]","[0, 0]",33
77,"[2, 1]",146.29999999999902,"[76, 79]","[29.15000000000028, 0]","[3.4999999999999956, 0]",33
78,"[0, 3]",163.25000000000287,"[75, 74]","[3.899999999999994, 0]","[1.950000000000001, 0]",33
79,"[0, 1]",135.99999999999667,"[78, 76]","[4.149999999999993, 0]","[1.850000000000001, 0]",33
0,"[2, 3]",67.79999999999829,"[-999, -999]","[0, 0]","[0, 0]",34
1,"[2, 3]",71.79999999999806,"[0, 0]","[0, 0]","[0, 0]",34
2,"[2, 3]",74.94999999999789,"[1, 1]","[0, 0]","[0, 0]",34
3,"[0, 3]",102.04999999999634,"[-999, 15]","[0, 0]","[2.3999999999999995, 0]",34
4,"[2, 3]",75.59999999999785,"[2, 2]","[0, 0]","[0, 0]",34
5,"[2, 3]",78.2999999999977,"[4, 4]","[0, 0]","[0, 0]",34
6,"[0, 1]",70.79999999999812,"[3, 12]","[0, 0]","[0, 0]",34
7,"[0, 3]",104.19999999999622,"[6, 18]","[0, 0]","[0, 0]",34
8,"[2, 1]",40.79999999999982,"[5, -999]","[0, 0]","[0, 0]",34
9,"[0, 1]",75.24999999999787,"[7, 6]","[0, 0]","[0, 0]",34
10,"[2, 1]",41.949999999999754,"[8, 8]","[0, 0]","[0, 0]",34
11,"[0, 3]",103.79999999999625,"[9, 7]","[0, 0]","[0, 0]",34
12,"[2, 1]",41.54999999999978,"[10, 10]","[0, 0]","[0, 0]",34
13,"[0, 3]",115.34999999999559,"[11, 29]","[5.349999999999989, 0]","[5.349999999999989, 0]",34
14,"[0, 1]",85.84999999999727,"[13, 30]","[0, 0]","[0, 0]",34
15,"[2, 3]",68.54999999999825,"[12, 5]","[0, 0]","[0, 0]",34
16,"[0, 1]",86.39999999999723,"[14, 14]","[0, 0]","[0, 0]",34
17,"[0, 3]",120.59999999999529,"[16, 34]","[0, 0]","[0, 0]",34
18,"[2, 3]",73.64999999999796,"[15, 3]","[0, 0]","[0, 0]",34
19,"[0, 1]",89.69999999999705,"[17, 37]","[0, 0]","[0, 0]",34
20,"[0, 3]",123.79999999999511,"[19, 38]","[0, 0]","[0, 0]",34
21,"[0, 3]",126.69999999999494,"[20, 20]","[0, 0]","[0, 0]",34
22,"[0, 3]",129.5499999999952,"[21, 21]","[0, 0]","[0, 0]",34
23,"[0, 1]",104.34999999999621,"[22, 43]","[0, 0]","[0, 0]",34
24,"[0, 1]",106.3499999999961,"[23, 23]","[0, 0]","[0, 0]",34
25,"[0, 1]",109.04999999999595,"[24, 24]","[0, 0]","[0, 0]",34
26,"[0, 1]",116.74999999999551,"[25, 47]","[2.4499999999999993, 0]","[2.4499999999999993, 0]",34
27,"[2, 3]",73.74999999999795,"[18, 11]","[0, 0]","[0, 0]",34
28,"[0, 1]",116.54999999999552,"[26, 26]","[0, 0]","[0, 0]",34
29,"[2, 3]",74.29999999999792,"[27, 27]","[0, 0]","[0, 0]",34
30,"[2, 1]",44.49999999999961,"[29, 9]","[0, 0]","[0, 0]",34
31,"[0, 1]",119.19999999999537,"[28, 51]","[2.549999999999999, 0]","[2.549999999999999, 0]",34
32,"[0, 1]",121.34999999999525,"[31, 31]","[0, 0]","[0, 0]",34
33,"[2, 3]",75.09999999999788,"[30, 13]","[0, 0]","[0, 0]",34
34,"[2, 3]",77.49999999999774,"[33, 33]","[0, 0]","[0, 0]",34
35,"[0, 3]",148.94999999999962,"[32, 52]","[0, 0]","[0, 0]",34
36,"[0, 1]",121.44999999999524,"[35, 54]","[0, 0]","[0, 0]",34
37,"[2, 1]",43.74999999999965,"[34, 16]","[0, 0]","[0, 0]",34
38,"[2, 3]",78.2499999999977,"[37, 17]","[0, 0]","[0, 0]",34
39,"[0, 3]",149.89999999999984,"[36, 35]","[0, 0]","[0, 0]",34
40,"[2, 1]",48.599999999999376,"[38, 19]","[3.399999999999996, 0]","[3.399999999999996, 0]",34
41,"[2, 1]",51.6999999999992,"[40, 40]","[0, 0]","[0, 0]",34
42,"[0, 1]",118.6999999999954,"[39, 56]","[0, 0]","[0, 0]",34
43,"[2, 1]",52.69999999999914,"[41, 41]","[2.8999999999999977, 0]","[0, 0]",34
44,"[0, 1]",119.29999999999536,"[42, 42]","[0, 0]","[0, 0]",34
45,"[0, 1]",122.04999999999521,"[44, 44]","[0, 0]","[0, 0]",34
46,"[0, 1]",124.79999999999505,"[45, 45]","[0, 0]","[0, 0]",34
47,"[2, 1]",65.8999999999984,"[43, 25]","[6.199999999999986, 0]","[6.199999999999986, 0]",34
48,"[2, 3]",96.09999999999668,"[47, 22]","[0, 0]","[0, 0]",34
49,"[0, 1]",123.04999999999515,"[46, 46]","[0, 0]","[0, 0]",34
50,"[0, 1]",125.799999999995,"[49, 49]","[0, 0]","[0, 0]",34
51,"[2, 1]",70.09999999999816,"[48, 28]","[0, 0]","[0, 0]",34
52,"[2, 3]",101.94999999999635,"[51, 48]","[2.7499999999999982, 0]","[0, 0]",34
53,"[0, 3]",154.50000000000088,"[50, 64]","[0, 0]","[0, 0]",34
54,"[2, 1]",76.5499999999978,"[52, 32]","[12.050000000000036, 0]","[0, 0]",34
55,"[0, 3]",155.4500000000011,"[53, 53]","[0, 0]","[0, 0]",34
56,"[2, 1]",82.49999999999746,"[54, 36]","[13.850000000000062, 0]","[3.4999999999999956, 0]",34
57,"[2, 3]",115.89999999999556,"[56, 39]","[9.249999999999996, 0]","[0, 0]",34
58,"[2, 3]",119.74999999999534,"[57, 57]","[8.09999999999998, 0]","[0, 0]",34
59,"[0, 3]",151.75000000000026,"[55, 55]","[0, 0]","[0, 0]",34
60,"[0, 3]",154.75000000000094,"[59, 59]","[0, 0]","[0, 0]",34
61,"[2, 3]",118.94999999999538,"[58, 58]","[6.399999999999985, 0]","[0, 0]",34
62,"[0, 1]",127.79999999999488,"[60, 73]","[0, 0]","[0, 0]",34
63,"[2, 3]",120.24999999999531,"[61, 61]","[4.3499999999999925, 0]","[0, 0]",34
64,"[2, 3]",123.8999999999951,"[63, 63]","[3.349999999999996, 0]","[0, 0]",34
65,"[0, 3]",156.65000000000137,"[62, 75]","[0, 0]","[0, 0]",34
66,"[2, 1]",94.29999999999679,"[64, 50]","[2.3, 0]","[0, 0]",34
67,"[0, 1]",127.99999999999487,"[65, 78]","[0, 0]","[0, 0]",34
68,"[0, 3]",160.15000000000217,"[67, 65]","[0, 0]","[0, 0]",34
69,"[2, 1]",93.34999999999684,"[66, 66]","[0, 0]","[0, 0]",34
70,"[2, 1]",96.89999999999664,"[69, 69]","[0.39999999999999997, 0]","[0, 0]",34
71,"[0, 3]",159.55000000000203,"[68, 68]","[0, 0]","[0, 0]",34
72,"[0, 1]",132.69999999999592,"[71, 67]","[0.8500000000000002, 0]","[0, 0]",34
73,"[2, 1]",95.99999999999669,"[70, 70]","[1.0000000000000002, 0]","[0, 0]",34
74,"[0, 1]",133.29999999999606,"[72, 72]","[0.7500000000000001, 0]","[0, 0]",34
75,"[2, 3]",128.04999999999487,"[73, 60]","[3.599999999999995, 0]","[0, 0]",34
76,"[0, 1]",133.8499999999962,"[74, 74]","[0, 0]","[0, 0]",34
77,"[0, 1]",136.64999999999682,"[76, 76]","[0, 0]","[0, 0]",34
78,"[2, 1]",96.44999999999666,"[75, 62]","[5.4999999999999885, 0]","[0, 0]",34
79,"[0, 1]",137.14999999999694,"[77, 77]","[0, 0]","[0, 0]",34
0,"[2, 3]",67.79999999999829,"[-999, -999]","[0, 0]","[0, 0]",35
1,"[0, 3]",102.09999999999634,"[-999, 9]","[0, 0]","[0, 0]",35
2,"[0, 1]",74.54999999999791,"[1, -999]","[0, 0]","[0, 0]",35
3,"[0, 3]",112.94999999999573,"[2, 11]","[1.7000000000000008, 0]","[1.7000000000000008, 0]",35
4,"[2, 1]",36.500000000000064,"[0, -999]","[0, 0]","[0, 0]",35
5,"[2, 3]",69.69999999999818,"[4, 0]","[0, 0]","[0, 0]",35
6,"[2, 1]",41.1999999999998,"[5, 4]","[0, 0]","[0, 0]",35
7,"[2, 1]",44.49999999999961,"[6, 6]","[0, 0]","[0, 0]",35
8,"[2, 3]",74.6499999999979,"[7, 5]","[0, 0]","[0, 0]",35
9,"[2, 3]",78.49999999999768,"[8, 8]","[0, 0]","[0, 0]",35
10,"[2, 3]",87.29999999999718,"[9, 1]","[1.7000000000000008, 0]","[1.7000000000000008, 0]",35
11,"[2, 3]",90.09999999999702,"[10, 10]","[3.4499999999999957, 0]","[3.4499999999999957, 0]",35
12,"[0, 1]",68.04999999999828,"[3, 2]","[0, 0]","[0, 0]",35
13,"[0, 3]",106.2499999999961,"[12, 20]","[0, 0]","[0, 0]",35
14,"[0, 1]",79.74999999999761,"[13, 21]","[0, 0]","[0, 0]",35
15,"[0, 3]",111.7499999999958,"[14, 13]","[0, 0]","[0, 0]",35
16,"[0, 3]",115.64999999999557,"[15, 15]","[0, 0]","[0, 0]",35
17,"[0, 3]",118.89999999999539,"[16, 16]","[0, 0]","[0, 0]",35
18,"[2, 3]",84.34999999999735,"[11, 3]","[3.2999999999999963, 0]","[3.2999999999999963, 0]",35
19,"[0, 3]",124.99999999999504,"[17, 23]","[2.4499999999999993, 0]","[2.4499999999999993, 0]",35
20,"[2, 3]",85.1499999999973,"[18, 18]","[0, 0]","[0, 0]",35
21,"[2, 1]",57.34999999999888,"[20, 12]","[0, 0]","[0, 0]",35
22,"[2, 1]",66.79999999999835,"[21, 14]","[0, 0]","[0, 0]",35
23,"[2, 3]",110.99999999999584,"[22, 17]","[19.25000000000014, 0]","[2.5999999999999988, 0]",35
24,"[2, 1]",81.19999999999753,"[23, -999]","[14.45000000000007, 0]","[0, 0]",35
25,"[2, 3]",116.9999999999955,"[24, 19]","[12.700000000000045, 0]","[0, 0]",35
26,"[0, 1]",84.64999999999733,"[19, 24]","[0, 0]","[0, 0]",35
27,"[0, 3]",118.04999999999544,"[26, 25]","[0, 0]","[0, 0]",35
28,"[2, 3]",131.54999999999566,"[25, 31]","[21.000000000000163, 0]","[9.650000000000002, 0]",35
29,"[0, 3]",118.84999999999539,"[27, 27]","[0, 0]","[0, 0]",35
30,"[2, 1]",117.94999999999544,"[28, 41]","[19.850000000000147, 0]","[9.650000000000002, 0]",35
31,"[0, 3]",119.44999999999536,"[29, 29]","[0, 0]","[0, 0]",35
32,"[2, 3]",146.29999999999902,"[30, 28]","[9.850000000000005, 0]","[0, 0]",35
33,"[2, 3]",161.70000000000252,"[32, 45]","[16.900000000000105, 0]","[6.5999999999999845, 0]",35
34,"[2, 1]",131.7499999999957,"[33, -999]","[10.450000000000014, 0]","[0, 0]",35
35,"[2, 3]",167.3500000000038,"[34, 47]","[9.750000000000004, 0]","[0, 0]",35
36,"[2, 1]",138.99999999999736,"[35, 48]","[8.499999999999986, 0]","[0, 0]",35
37,"[0, 1]",80.59999999999756,"[31, -999]","[0, 0]","[0, 0]",35
38,"[2, 3]",176.20000000000582,"[36, 50]","[7.049999999999983, 0]","[0, 0]",35
39,"[0, 1]",81.19999999999753,"[37, 37]","[0, 0]","[0, 0]",35
40,"[0, 1]",84.04999999999737,"[39, 39]","[0, 0]","[0, 0]",35
41,"[0, 1]",86.84999999999721,"[40, 40]","[0, 0]","[0, 0]",35
42,"[2, 3]",186.80000000000823,"[38, 55]","[14.050000000000065, 0]","[6.5999999999999845, 0]",35
43,"[0, 1]",92.2999999999969,"[41, 30]","[2.499999999999999, 0]","[2.499999999999999, 0]",35
44,"[0, 3]",126.14999999999498,"[43, 32]","[0, 0]","[0, 0]",35
45,"[0, 3]",129.29999999999515,"[44, 44]","[0, 0]","[0, 0]",35
46,"[2, 1]",158.1000000000017,"[42, 57]","[12.900000000000048, 0]","[3.2999999999999963, 0]",35
47,"[0, 3]",135.14999999999648,"[45, 33]","[2.3999999999999995, 0]","[2.3999999999999995, 0]",35
48,"[0, 1]",106.89999999999607,"[47, 34]","[0, 0]","[0, 0]",35
49,"[0, 3]",141.14999999999785,"[48, 35]","[0, 0]","[0, 0]",35
50,"[0, 3]",144.14999999999853,"[49, 49]","[0, 0]","[0, 0]",35
51,"[0, 3]",151.85000000000028,"[50, 38]","[2.4499999999999993, 0]","[2.4499999999999993, 0]",35
52,"[2, 3]",186.00000000000804,"[46, 59]","[8.79999999999999, 0]","[0, 0]",35
53,"[2, 3]",189.40000000000882,"[52, 52]","[12.750000000000046, 0]","[0, 0]",35
54,"[0, 3]",149.89999999999984,"[51, 51]","[0, 0]","[0, 0]",35
55,"[0, 3]",152.45000000000041,"[54, 54]","[0, 0]","[0, 0]",35
56,"[0, 1]",124.44999999999507,"[55, -999]","[0, 0]","[0, 0]",35
57,"[0, 1]",127.29999999999491,"[56, 56]","[0, 0]","[0, 0]",35
58,"[0, 3]",160.45000000000223,"[57, 42]","[0.49999999999999994, 0]","[0, 0]",35
59,"[0, 3]",164.40000000000313,"[58, 58]","[0.9500000000000003, 0]","[0, 0]",35
60,"[0, 1]",137.34999999999698,"[59, 46]","[1.2500000000000004, 0]","[0, 0]",35
61,"[0, 1]",140.14999999999762,"[60, 60]","[1.6000000000000008, 0]","[0, 0]",35
62,"[2, 3]",180.20000000000672,"[53, 64]","[22.80000000000019, 0]","[0, 0]",35
63,"[2, 3]",188.70000000000866,"[62, 70]","[27.00000000000025, 0]","[3.2499999999999964, 0]",35
64,"[0, 3]",170.20000000000445,"[61, 53]","[1.900000000000001, 0]","[0, 0]",35
65,"[2, 1]",169.70000000000434,"[63, 77]","[33.95000000000021, 0]","[6.699999999999984, 0]",35
66,"[0, 1]",140.39999999999768,"[64, 61]","[2.2, 0]","[0, 0]",35
67,"[2, 1]",169.45000000000428,"[65, 65]","[26.250000000000238, 0]","[0, 0]",35
68,"[2, 1]",172.70000000000502,"[67, 67]","[25.400000000000226, 0]","[0, 0]",35
69,"[2, 3]",207.4000000000129,"[68, 63]","[24.25000000000021, 0]","[0, 0]",35
70,"[0, 3]",167.4000000000038,"[66, 62]","[2.6999999999999984, 0]","[0, 0]",35
71,"[2, 1]",178.60000000000636,"[69, 68]","[24.150000000000208, 0]","[0, 0]",35
72,"[0, 1]",137.54999999999703,"[70, 66]","[2.7499999999999982, 0]","[0, 0]",35
73,"[0, 1]",140.39999999999768,"[72, 72]","[2.9999999999999973, 0]","[0, 0]",35
74,"[2, 3]",208.45000000001315,"[71, 69]","[24.90000000000022, 0]","[0, 0]",35
75,"[2, 3]",212.90000000001416,"[74, 74]","[28.200000000000266, 0]","[0, 0]",35
76,"[2, 3]",216.80000000001505,"[75, 75]","[39.59999999999989, 0]","[0, 0]",35
77,"[0, 1]",136.4999999999968,"[73, 73]","[3.2999999999999963, 0]","[0, 0]",35
78,"[2, 1]",186.60000000000818,"[76, -999]","[45.94999999999953, 0]","[0, 0]",35
79,"[2, 1]",190.6500000000091,"[78, 78]","[50.199999999999285, 0]","[0, 0]",35
0,"[2, 1]",36.45000000000007,"[-999, -999]","[0, 0]","[0, 0]",36
1,"[2, 3]",69.4499999999982,"[0, -999]","[0, 0]","[0, 0]",36
2,"[0, 1]",68.79999999999824,"[-999, 11]","[0, 0]","[0, 0]",36
3,"[0, 1]",77.79999999999772,"[2, 16]","[2.9999999999999973, 0]","[2.9999999999999973, 0]",36
4,"[2, 3]",69.59999999999819,"[1, 1]","[0, 0]","[0, 0]",36
5,"[2, 1]",38.34999999999996,"[4, 0]","[0, 0]","[0, 0]",36
6,"[2, 3]",72.69999999999801,"[5, 4]","[0, 0]","[0, 0]",36
7,"[2, 3]",76.3499999999978,"[6, 6]","[0, 0]","[0, 0]",36
8,"[0, 1]",69.69999999999818,"[3, 3]","[0, 0]","[0, 0]",36
9,"[0, 3]",102.24999999999633,"[8, 12]","[0, 0]","[0, 0]",36
10,"[2, 1]",38.99999999999992,"[7, 5]","[0, 0]","[0, 0]",36
11,"[2, 1]",42.59999999999972,"[10, 10]","[0, 0]","[0, 0]",36
12,"[2, 3]",75.44999999999786,"[11, 7]","[0, 0]","[0, 0]",36
13,"[0, 1]",69.74999999999818,"[9, 17]","[0, 0]","[0, 0]",36
14,"[0, 1]",72.09999999999805,"[13, 13]","[0, 0]","[0, 0]",36
15,"[0, 3]",105.49999999999615,"[14, 18]","[0, 0]","[0, 0]",36
16,"[2, 1]",41.249999999999794,"[12, 2]","[0, 0]","[0, 0]",36
17,"[2, 1]",55.149999999999004,"[16, 8]","[6.949999999999983, 0]","[6.949999999999983, 0]",36
18,"[2, 3]",88.6499999999971,"[17, 9]","[0, 0]","[0, 0]",36
19,"[2, 1]",66.19999999999838,"[18, 14]","[9.700000000000003, 0]","[0, 0]",36
20,"[0, 3]",100.14999999999645,"[15, 15]","[0, 0]","[0, 0]",36
21,"[0, 1]",72.24999999999804,"[20, 22]","[0, 0]","[0, 0]",36
22,"[2, 1]",63.09999999999855,"[19, 19]","[11.450000000000028, 0]","[0, 0]",36
23,"[0, 1]",72.29999999999804,"[21, 21]","[0, 0]","[0, 0]",36
24,"[0, 1]",74.49999999999791,"[23, 23]","[0, 0]","[0, 0]",36
25,"[0, 3]",107.999999999996,"[24, 29]","[0, 0]","[0, 0]",36
26,"[2, 3]",92.3999999999969,"[22, 20]","[7.7499999999999805, 0]","[0, 0]",36
27,"[0, 1]",78.69999999999767,"[25, 30]","[0, 0]","[0, 0]",36
28,"[0, 3]",113.04999999999572,"[27, 31]","[0, 0]","[0, 0]",36
29,"[2, 3]",91.39999999999695,"[26, 26]","[3.349999999999996, 0]","[0, 0]",36
30,"[2, 1]",65.49999999999842,"[29, 24]","[2.2, 0]","[0, 0]",36
31,"[2, 3]",100.69999999999642,"[30, 25]","[0.9500000000000003, 0]","[0, 0]",36
32,"[2, 3]",109.44999999999592,"[31, 28]","[0, 0]","[0, 0]",36
33,"[2, 3]",112.39999999999576,"[32, 32]","[0, 0]","[0, 0]",36
34,"[2, 1]",89.39999999999706,"[33, 41]","[0, 0]","[0, 0]",36
35,"[0, 1]",72.24999999999804,"[28, 27]","[0, 0]","[0, 0]",36
36,"[2, 3]",121.44999999999524,"[34, 42]","[0, 0]","[0, 0]",36
37,"[2, 1]",93.44999999999683,"[36, 34]","[0, 0]","[0, 0]",36
38,"[2, 1]",97.5499999999966,"[37, 37]","[0, 0]","[0, 0]",36
39,"[2, 1]",106.94999999999607,"[38, 51]","[0, 0]","[0, 0]",36
40,"[2, 3]",140.4499999999977,"[39, 53]","[0.8500000000000002, 0]","[0, 0]",36
41,"[0, 1]",67.79999999999829,"[35, 35]","[0, 0]","[0, 0]",36
42,"[0, 3]",101.69999999999636,"[41, 33]","[0, 0]","[0, 0]",36
43,"[2, 1]",108.24999999999599,"[40, 57]","[1.850000000000001, 0]","[0, 0]",36
44,"[2, 1]",118.34999999999542,"[43, 61]","[4.549999999999992, 0]","[3.1999999999999966, 0]",36
45,"[2, 3]",151.75000000000026,"[44, 62]","[0, 0]","[0, 0]",36
46,"[0, 3]",104.89999999999618,"[42, 36]","[2.799999999999998, 0]","[2.799999999999998, 0]",36
47,"[2, 3]",153.35000000000062,"[45, 45]","[0, 0]","[0, 0]",36
48,"[0, 3]",105.59999999999614,"[46, 46]","[0, 0]","[0, 0]",36
49,"[2, 1]",123.24999999999514,"[47, 65]","[0, 0]","[0, 0]",36
50,"[2, 3]",162.70000000000275,"[49, 67]","[0.7000000000000001, 0]","[0, 0]",36
51,"[0, 1]",74.6499999999979,"[48, 38]","[0, 0]","[0, 0]",36
52,"[2, 3]",163.20000000000286,"[50, 50]","[3.8499999999999943, 0]","[0, 0]",36
53,"[0, 3]",104.6999999999962,"[51, 48]","[0, 0]","[0, 0]",36
54,"[2, 1]",131.94999999999575,"[52, 70]","[5.799999999999987, 0]","[0, 0]",36
55,"[2, 3]",171.7000000000048,"[54, 72]","[7.299999999999982, 0]","[0, 0]",36
56,"[2, 1]",149.2999999999997,"[55, 74]","[8.499999999999986, 0]","[0, 0]",36
57,"[0, 1]",71.39999999999809,"[53, 39]","[0, 0]","[0, 0]",36
58,"[0, 3]",105.74999999999613,"[57, 40]","[0, 0]","[0, 0]",36
59,"[2, 1]",151.5000000000002,"[56, 77]","[10.90000000000002, 0]","[0, 0]",36
60,"[2, 3]",184.9000000000078,"[59, 78]","[15.550000000000086, 0]","[0, 0]",36
61,"[0, 1]",74.49999999999791,"[58, 43]","[0, 0]","[0, 0]",36
62,"[0, 3]",107.04999999999606,"[61, 58]","[0, 0]","[0, 0]",36
63,"[2, 3]",184.30000000000766,"[60, 60]","[16.6000000000001, 0]","[0, 0]",36
64,"[0, 1]",78.2999999999977,"[62, 44]","[0, 0]","[0, 0]",36
65,"[0, 1]",81.14999999999753,"[64, 64]","[0, 0]","[0, 0]",36
66,"[0, 3]",116.29999999999553,"[65, 47]","[0, 0]","[0, 0]",36
67,"[0, 3]",119.39999999999536,"[66, 66]","[0, 0]","[0, 0]",36
68,"[2, 3]",179.00000000000645,"[63, 63]","[14.650000000000073, 0]","[0, 0]",36
69,"[2, 1]",150.90000000000006,"[68, -999]","[14.550000000000072, 0]","[0, 0]",36
70,"[0, 1]",86.9999999999972,"[67, 49]","[0, 0]","[0, 0]",36
71,"[0, 3]",125.699999999995,"[70, 52]","[2.9499999999999975, 0]","[2.9499999999999975, 0]",36
72,"[0, 3]",128.49999999999497,"[71, 71]","[0, 0]","[0, 0]",36
73,"[0, 1]",100.19999999999645,"[72, 54]","[0, 0]","[0, 0]",36
74,"[0, 1]",103.09999999999629,"[73, 73]","[0, 0]","[0, 0]",36
75,"[2, 1]",143.6499999999984,"[69, 69]","[15.500000000000085, 0]","[0, 0]",36
76,"[2, 1]",147.19999999999922,"[75, 75]","[17.650000000000116, 0]","[0, 0]",36
77,"[0, 1]",105.94999999999612,"[74, 56]","[2.3999999999999995, 0]","[2.3999999999999995, 0]",36
78,"[0, 3]",137.74999999999707,"[77, 55]","[0, 0]","[0, 0]",36
79,"[0, 1]",111.39999999999581,"[78, 59]","[0, 0]","[0, 0]",36
0,"[2, 1]",36.45000000000007,"[-999, -999]","[0, 0]","[0, 0]",37
1,"[2, 3]",69.4499999999982,"[0, -999]","[0, 0]","[0, 0]",37
2,"[0, 3]",96.89999999999664,"[-999, 6]","[0, 0]","[0, 0]",37
3,"[2, 3]",71.1999999999981,"[1, 1]","[0, 0]","[0, 0]",37
4,"[0, 3]",99.3999999999965,"[2, 2]","[0, 0]","[0, 0]",37
5,"[2, 3]",72.14999999999804,"[3, 3]","[0, 0]","[0, 0]",37
6,"[2, 3]",75.14999999999787,"[5, 5]","[0, 0]","[0, 0]",37
7,"[2, 1]",46.19999999999951,"[6, -999]","[0, 0]","[0, 0]",37
8,"[0, 1]",68.29999999999826,"[4, 14]","[0, 0]","[0, 0]",37
9,"[0, 3]",101.99999999999635,"[8, 16]","[0, 0]","[0, 0]",37
10,"[2, 1]",44.49999999999961,"[7, 7]","[0, 0]","[0, 0]",37
11,"[2, 1]",47.199999999999456,"[10, 10]","[0, 0]","[0, 0]",37
12,"[2, 1]",49.59999999999932,"[11, 11]","[0, 0]","[0, 0]",37
13,"[0, 1]",68.89999999999823,"[9, 20]","[0, 0]","[0, 0]",37
14,"[2, 1]",49.74999999999931,"[12, 12]","[0, 0]","[0, 0]",37
15,"[0, 1]",69.74999999999818,"[13, 13]","[0, 0]","[0, 0]",37
16,"[2, 3]",80.14999999999759,"[14, 4]","[0, 0]","[0, 0]",37
17,"[0, 1]",76.4999999999978,"[15, 28]","[2.9499999999999975, 0]","[2.9499999999999975, 0]",37
18,"[0, 1]",81.89999999999749,"[17, 30]","[2.1000000000000005, 0]","[2.1000000000000005, 0]",37
19,"[0, 3]",113.64999999999569,"[18, 27]","[0, 0]","[0, 0]",37
20,"[2, 1]",46.74999999999948,"[16, 8]","[0, 0]","[0, 0]",37
21,"[0, 1]",84.84999999999732,"[19, 33]","[0, 0]","[0, 0]",37
22,"[0, 3]",117.64999999999546,"[21, 19]","[0, 0]","[0, 0]",37
23,"[2, 3]",75.99999999999783,"[20, 9]","[0, 0]","[0, 0]",37
24,"[2, 3]",78.64999999999768,"[23, 23]","[0, 0]","[0, 0]",37
25,"[0, 1]",85.89999999999726,"[22, 35]","[0, 0]","[0, 0]",37
26,"[0, 3]",118.89999999999539,"[25, 22]","[0, 0]","[0, 0]",37
27,"[2, 3]",76.5499999999978,"[24, 24]","[0, 0]","[0, 0]",37
28,"[2, 1]",45.04999999999958,"[27, 15]","[0, 0]","[0, 0]",37
29,"[0, 1]",87.99999999999714,"[26, 36]","[0, 0]","[0, 0]",37
30,"[2, 1]",51.54999999999921,"[28, 17]","[1.6000000000000008, 0]","[1.6000000000000008, 0]",37
31,"[0, 1]",88.44999999999712,"[29, 29]","[0, 0]","[0, 0]",37
32,"[0, 3]",121.49999999999524,"[31, 38]","[0, 0]","[0, 0]",37
33,"[2, 1]",53.549999999999095,"[30, 18]","[5.999999999999987, 0]","[5.999999999999987, 0]",37
34,"[0, 1]",96.99999999999663,"[32, 42]","[2.2, 0]","[2.2, 0]",37
35,"[2, 1]",59.199999999998774,"[33, 21]","[0, 0]","[0, 0]",37
36,"[2, 1]",66.34999999999837,"[35, 25]","[0, 0]","[0, 0]",37
37,"[0, 3]",124.54999999999507,"[34, 32]","[0, 0]","[0, 0]",37
38,"[2, 3]",98.29999999999656,"[36, 26]","[9.299999999999997, 0]","[0, 0]",37
39,"[0, 3]",126.34999999999496,"[37, 37]","[0, 0]","[0, 0]",37
40,"[2, 1]",73.54999999999797,"[38, 31]","[20.10000000000015, 0]","[0, 0]",37
41,"[0, 1]",97.09999999999663,"[39, 44]","[0, 0]","[0, 0]",37
42,"[2, 1]",72.64999999999802,"[40, 40]","[16.850000000000104, 0]","[0, 0]",37
43,"[0, 1]",97.6499999999966,"[41, 41]","[0, 0]","[0, 0]",37
44,"[2, 1]",79.9499999999976,"[42, 34]","[17.30000000000011, 0]","[3.149999999999997, 0]",37
45,"[2, 3]",118.49999999999541,"[44, 39]","[12.700000000000045, 0]","[0, 0]",37
46,"[0, 3]",126.19999999999497,"[43, 45]","[0, 0]","[0, 0]",37
47,"[2, 1]",94.44999999999678,"[45, 43]","[11.150000000000023, 0]","[0, 0]",37
48,"[2, 1]",96.09999999999668,"[47, 47]","[9.750000000000004, 0]","[0, 0]",37
49,"[0, 3]",125.599999999995,"[46, 46]","[0, 0]","[0, 0]",37
50,"[2, 1]",109.04999999999595,"[48, 53]","[15.000000000000078, 0]","[6.649999999999984, 0]",37
51,"[0, 1]",95.39999999999672,"[49, 48]","[0, 0]","[0, 0]",37
52,"[2, 1]",108.94999999999595,"[50, 50]","[6.649999999999984, 0]","[0, 0]",37
53,"[0, 1]",96.09999999999668,"[51, 51]","[0, 0]","[0, 0]",37
54,"[2, 3]",141.3499999999979,"[52, 57]","[5.299999999999989, 0]","[0, 0]",37
55,"[2, 1]",113.59999999999569,"[54, 59]","[5.349999999999989, 0]","[0, 0]",37
56,"[0, 3]",124.44999999999507,"[53, 49]","[0, 0]","[0, 0]",37
57,"[0, 3]",128.49999999999497,"[56, 56]","[0, 0]","[0, 0]",37
58,"[2, 3]",144.24999999999855,"[55, 62]","[3.5499999999999954, 0]","[0, 0]",37
59,"[0, 1]",99.3999999999965,"[57, 52]","[0, 0]","[0, 0]",37
60,"[2, 3]",151.0500000000001,"[58, 65]","[4.849999999999991, 0]","[0, 0]",37
61,"[2, 1]",128.84999999999505,"[60, 68]","[6.949999999999983, 0]","[0, 0]",37
62,"[0, 3]",129.14999999999512,"[59, 54]","[0, 0]","[0, 0]",37
63,"[2, 3]",160.2500000000022,"[61, 73]","[8.449999999999985, 0]","[0, 0]",37
64,"[0, 1]",100.19999999999645,"[62, 55]","[0, 0]","[0, 0]",37
65,"[0, 3]",134.3499999999963,"[64, 58]","[0, 0]","[0, 0]",37
66,"[0, 1]",106.69999999999608,"[65, 64]","[0, 0]","[0, 0]",37
67,"[2, 1]",125.84999999999499,"[63, 74]","[5.749999999999988, 0]","[0, 0]",37
68,"[0, 1]",107.29999999999605,"[66, 66]","[0, 0]","[0, 0]",37
69,"[2, 3]",163.10000000000284,"[67, 77]","[6.699999999999984, 0]","[0, 0]",37
70,"[2, 1]",133.29999999999606,"[69, 67]","[7.89999999999998, 0]","[0, 0]",37
71,"[2, 3]",169.0500000000042,"[70, 79]","[9.750000000000004, 0]","[0, 0]",37
72,"[2, 3]",172.55000000000499,"[71, 71]","[11.800000000000033, 0]","[0, 0]",37
73,"[0, 3]",131.2999999999956,"[68, 60]","[0, 0]","[0, 0]",37
74,"[0, 1]",104.5999999999962,"[73, 61]","[0, 0]","[0, 0]",37
75,"[0, 3]",138.99999999999736,"[74, 63]","[0, 0]","[0, 0]",37
76,"[2, 3]",169.35000000000426,"[72, 72]","[14.100000000000065, 0]","[0, 0]",37
77,"[0, 3]",139.94999999999757,"[75, 75]","[0, 0]","[0, 0]",37
78,"[2, 3]",170.8500000000046,"[76, 76]","[15.250000000000082, 0]","[0, 0]",37
79,"[0, 3]",145.44999999999882,"[77, 69]","[2.3499999999999996, 0]","[2.3499999999999996, 0]",37
0,"[2, 3]",67.79999999999829,"[-999, -999]","[0, 0]","[0, 0]",38
1,"[0, 3]",96.89999999999664,"[-999, 8]","[0, 0]","[0, 0]",38
2,"[2, 1]",36.70000000000005,"[0, -999]","[0, 0]","[0, 0]",38
3,"[2, 1]",39.649999999999885,"[2, 2]","[0, 0]","[0, 0]",38
4,"[2, 1]",42.8499999999997,"[3, 3]","[0, 0]","[0, 0]",38
5,"[0, 3]",97.4999999999966,"[1, 1]","[0, 0]","[0, 0]",38
6,"[0, 1]",72.29999999999804,"[5, -999]","[0, 0]","[0, 0]",38
7,"[0, 1]",74.54999999999791,"[6, 6]","[0, 0]","[0, 0]",38
8,"[2, 3]",68.29999999999826,"[4, 0]","[0, 0]","[0, 0]",38
9,"[0, 3]",106.19999999999611,"[7, 20]","[0, 0]","[0, 0]",38
10,"[2, 1]",36.850000000000044,"[8, 4]","[0, 0]","[0, 0]",38
11,"[0, 3]",107.49999999999604,"[9, 9]","[0, 0]","[0, 0]",38
12,"[0, 3]",110.64999999999586,"[11, 11]","[0, 0]","[0, 0]",38
13,"[2, 1]",36.70000000000005,"[10, 10]","[0, 0]","[0, 0]",38
14,"[0, 1]",81.04999999999754,"[12, 21]","[0, 0]","[0, 0]",38
15,"[0, 3]",114.84999999999562,"[14, 22]","[0, 0]","[0, 0]",38
16,"[0, 1]",87.0499999999972,"[15, 27]","[0, 0]","[0, 0]",38
17,"[0, 3]",121.74999999999523,"[16, 29]","[0, 0]","[0, 0]",38
18,"[2, 3]",74.39999999999792,"[13, 5]","[0, 0]","[0, 0]",38
19,"[0, 1]",91.84999999999692,"[17, 16]","[0, 0]","[0, 0]",38
20,"[2, 3]",75.04999999999788,"[18, 18]","[0, 0]","[0, 0]",38
21,"[2, 1]",49.09999999999935,"[20, 7]","[3.349999999999996, 0]","[3.349999999999996, 0]",38
22,"[2, 3]",93.64999999999682,"[21, 12]","[6.699999999999984, 0]","[6.699999999999984, 0]",38
23,"[0, 1]",87.94999999999715,"[19, 19]","[0, 0]","[0, 0]",38
24,"[0, 1]",90.79999999999698,"[23, 23]","[0, 0]","[0, 0]",38
25,"[0, 3]",126.24999999999497,"[24, 32]","[0, 0]","[0, 0]",38
26,"[0, 1]",99.44999999999649,"[25, 35]","[0, 0]","[0, 0]",38
27,"[2, 1]",57.54999999999887,"[22, 14]","[6.749999999999984, 0]","[0.05, 0]",38
28,"[0, 3]",129.4999999999952,"[26, 25]","[0, 0]","[0, 0]",38
29,"[2, 3]",89.09999999999708,"[27, 15]","[11.750000000000032, 0]","[1.4500000000000006, 0]",38
30,"[2, 3]",98.14999999999657,"[29, 17]","[11.750000000000032, 0]","[0, 0]",38
31,"[2, 3]",101.39999999999638,"[30, 30]","[14.050000000000065, 0]","[0, 0]",38
32,"[2, 3]",104.84999999999619,"[31, 31]","[11.700000000000031, 0]","[0, 0]",38
33,"[0, 1]",94.19999999999679,"[28, 36]","[0, 0]","[0, 0]",38
34,"[0, 3]",128.44999999999496,"[33, 39]","[0, 0]","[0, 0]",38
35,"[2, 1]",72.39999999999803,"[32, 24]","[10.050000000000008, 0]","[0, 0]",38
36,"[2, 1]",82.44999999999746,"[35, 26]","[11.700000000000031, 0]","[3.1999999999999966, 0]",38
37,"[0, 1]",96.59999999999665,"[34, 33]","[0, 0]","[0, 0]",38
38,"[0, 3]",130.64999999999546,"[37, 40]","[0, 0]","[0, 0]",38
39,"[2, 3]",111.34999999999582,"[36, 28]","[6.0499999999999865, 0]","[0, 0]",38
40,"[2, 3]",120.74999999999528,"[39, 34]","[7.94999999999998, 0]","[3.1999999999999966, 0]",38
41,"[0, 3]",129.19999999999513,"[38, 38]","[0, 0]","[0, 0]",38
42,"[0, 3]",137.59999999999704,"[41, 43]","[1.7000000000000008, 0]","[1.7000000000000008, 0]",38
43,"[2, 3]",130.14999999999534,"[40, 41]","[8.04999999999998, 0]","[6.649999999999984, 0]",38
44,"[0, 1]",108.099999999996,"[42, 46]","[0, 0]","[0, 0]",38
45,"[0, 1]",110.29999999999588,"[44, 44]","[0, 0]","[0, 0]",38
46,"[2, 1]",96.29999999999667,"[43, -999]","[0, 0]","[0, 0]",38
47,"[0, 1]",115.1499999999956,"[45, 53]","[2.499999999999999, 0]","[2.499999999999999, 0]",38
48,"[2, 3]",129.8999999999953,"[46, 42]","[0, 0]","[0, 0]",38
49,"[0, 3]",144.74999999999866,"[47, 48]","[0, 0]","[0, 0]",38
50,"[0, 3]",148.8499999999996,"[49, 49]","[0, 0]","[0, 0]",38
51,"[0, 3]",152.15000000000035,"[50, 50]","[0, 0]","[0, 0]",38
52,"[0, 3]",160.3000000000022,"[51, 58]","[2.5999999999999988, 0]","[2.5999999999999988, 0]",38
53,"[2, 1]",97.24999999999662,"[48, 45]","[0, 0]","[0, 0]",38
54,"[0, 3]",160.7000000000023,"[52, 52]","[0, 0]","[0, 0]",38
55,"[2, 1]",102.24999999999633,"[53, 47]","[0.8500000000000002, 0]","[0, 0]",38
56,"[0, 3]",161.10000000000238,"[54, 54]","[0, 0]","[0, 0]",38
57,"[2, 1]",101.69999999999636,"[55, 55]","[0, 0]","[0, 0]",38
58,"[2, 3]",141.74999999999798,"[57, 51]","[0, 0]","[0, 0]",38
59,"[0, 3]",159.25000000000196,"[56, 56]","[0, 0]","[0, 0]",38
60,"[0, 1]",130.59999999999545,"[59, 68]","[0, 0]","[0, 0]",38
61,"[0, 3]",164.7000000000032,"[60, 69]","[0, 0]","[0, 0]",38
62,"[0, 1]",137.34999999999698,"[61, 72]","[0, 0]","[0, 0]",38
63,"[0, 1]",139.99999999999758,"[62, 62]","[0, 0]","[0, 0]",38
64,"[0, 1]",147.24999999999923,"[63, 77]","[2.499999999999999, 0]","[2.499999999999999, 0]",38
65,"[0, 1]",155.4500000000011,"[64, 78]","[2.3999999999999995, 0]","[2.3999999999999995, 0]",38
66,"[2, 1]",96.64999999999665,"[58, 57]","[0, 0]","[0, 0]",38
67,"[2, 1]",100.74999999999642,"[66, 66]","[1.5500000000000007, 0]","[0, 0]",38
68,"[2, 1]",103.54999999999626,"[67, 67]","[2.7499999999999982, 0]","[0, 0]",38
69,"[2, 3]",141.64999999999796,"[68, 59]","[8.74999999999999, 0]","[0, 0]",38
70,"[0, 3]",179.45000000000655,"[65, 79]","[0, 0]","[0, 0]",38
71,"[0, 1]",152.15000000000035,"[70, 65]","[0.39999999999999997, 0]","[0, 0]",38
72,"[2, 1]",108.199999999996,"[69, 60]","[8.499999999999986, 0]","[0, 0]",38
73,"[0, 1]",152.75000000000048,"[71, 71]","[0, 0]","[0, 0]",38
74,"[0, 3]",185.65000000000796,"[73, 70]","[0, 0]","[0, 0]",38
75,"[2, 3]",138.94999999999735,"[72, 61]","[4.849999999999991, 0]","[0, 0]",38
76,"[0, 3]",187.40000000000836,"[74, 74]","[0.44999999999999996, 0]","[0, 0]",38
77,"[2, 1]",113.99999999999567,"[75, 63]","[2.849999999999998, 0]","[0, 0]",38
78,"[2, 1]",120.74999999999528,"[77, 64]","[1.6000000000000008, 0]","[0, 0]",38
79,"[2, 3]",152.45000000000041,"[78, 75]","[1.6000000000000008, 0]","[0, 0]",38
0,"[0, 1]",73.94999999999794,"[-999, 11]","[0, 0]","[3.4499999999999957, 0]",39
1,"[2, 3]",67.79999999999829,"[-999, -999]","[0, 0]","[0, 0]",39
2,"[2, 3]",71.79999999999806,"[1, 1]","[0, 0]","[0, 0]",39
3,"[0, 1]",70.39999999999814,"[0, 0]","[0, 0]","[0, 0]",39
4,"[2, 3]",72.69999999999801,"[2, 2]","[0, 0]","[0, 0]",39
5,"[0, 3]",100.94999999999641,"[3, 13]","[0, 0]","[0, 0]",39
6,"[0, 1]",77.89999999999772,"[5, 19]","[0, 0]","[0, 0]",39
7,"[0, 3]",110.59999999999586,"[6, 20]","[0, 0]","[0, 0]",39
8,"[0, 3]",113.89999999999567,"[7, 7]","[0, 0]","[0, 0]",39
9,"[2, 3]",69.09999999999822,"[4, 4]","[0, 0]","[0, 0]",39
10,"[2, 3]",72.69999999999801,"[9, 9]","[0, 0]","[0, 0]",39
11,"[2, 1]",40.199999999999854,"[10, -999]","[0, 0]","[0, 0]",39
12,"[0, 3]",110.24999999999588,"[8, 8]","[0, 0]","[0, 0]",39
13,"[2, 3]",72.59999999999802,"[11, 10]","[0, 0]","[0, 0]",39
14,"[0, 1]",79.59999999999762,"[12, 28]","[0, 0]","[0, 0]",39
15,"[0, 3]",126.74999999999494,"[14, 34]","[8.249999999999982, 0]","[8.249999999999982, 0]",39
16,"[0, 3]",133.54999999999612,"[15, 35]","[2.549999999999999, 0]","[2.549999999999999, 0]",39
17,"[0, 1]",103.64999999999625,"[16, -999]","[0, 0]","[0, 0]",39
18,"[2, 1]",39.59999999999989,"[13, 3]","[0, 0]","[0, 0]",39
19,"[2, 1]",42.299999999999734,"[18, 18]","[0, 0]","[0, 0]",39
20,"[2, 3]",75.24999999999787,"[19, 5]","[0, 0]","[0, 0]",39
21,"[0, 1]",99.79999999999647,"[17, 17]","[0, 0]","[0, 0]",39
22,"[2, 1]",45.999999999999524,"[20, 6]","[0, 0]","[0, 0]",39
23,"[0, 3]",130.64999999999546,"[21, 36]","[0, 0]","[0, 0]",39
24,"[2, 1]",46.3999999999995,"[22, 22]","[0, 0]","[0, 0]",39
25,"[0, 3]",132.24999999999582,"[23, 23]","[0, 0]","[0, 0]",39
26,"[0, 1]",105.64999999999614,"[25, 40]","[0, 0]","[0, 0]",39
27,"[0, 3]",137.99999999999713,"[26, 25]","[1.4500000000000006, 0]","[0, 0]",39
28,"[2, 1]",40.49999999999984,"[24, 24]","[0, 0]","[0, 0]",39
29,"[0, 3]",139.6499999999975,"[27, 27]","[4.149999999999993, 0]","[0, 0]",39
30,"[2, 3]",74.7999999999979,"[28, 12]","[0, 0]","[0, 0]",39
31,"[2, 3]",77.29999999999775,"[30, 30]","[0, 0]","[0, 0]",39
32,"[2, 3]",79.54999999999762,"[31, 31]","[0, 0]","[0, 0]",39
33,"[0, 1]",105.94999999999612,"[29, 41]","[4.449999999999992, 0]","[0, 0]",39
34,"[2, 3]",79.44999999999763,"[32, 32]","[0, 0]","[0, 0]",39
35,"[2, 3]",86.29999999999724,"[34, 15]","[1.3500000000000005, 0]","[1.3500000000000005, 0]",39
36,"[2, 3]",93.04999999999686,"[35, 16]","[6.499999999999985, 0]","[6.449999999999985, 0]",39
37,"[0, 1]",101.99999999999635,"[33, 33]","[0, 0]","[0, 0]",39
38,"[0, 3]",135.44999999999655,"[37, 43]","[0, 0]","[0, 0]",39
39,"[2, 1]",65.29999999999843,"[36, 21]","[12.700000000000045, 0]","[3.349999999999996, 0]",39
40,"[2, 1]",67.7499999999983,"[39, 39]","[17.500000000000114, 0]","[0, 0]",39
41,"[2, 1]",77.24999999999775,"[40, 26]","[19.25000000000014, 0]","[0, 0]",39
42,"[2, 3]",115.94999999999555,"[41, 29]","[26.000000000000234, 0]","[0, 0]",39
43,"[2, 3]",118.89999999999539,"[42, 42]","[23.6000000000002, 0]","[0, 0]",39
44,"[2, 1]",90.79999999999698,"[43, 37]","[21.900000000000176, 0]","[0, 0]",39
45,"[2, 1]",94.19999999999679,"[44, 44]","[20.300000000000153, 0]","[0, 0]",39
46,"[0, 3]",122.74999999999517,"[38, 38]","[0, 0]","[0, 0]",39
47,"[0, 1]",96.34999999999667,"[46, 45]","[0, 0]","[0, 0]",39
48,"[2, 1]",99.14999999999651,"[45, 47]","[18.850000000000133, 0]","[0, 0]",39
49,"[2, 1]",100.39999999999644,"[48, 48]","[17.400000000000112, 0]","[0, 0]",39
50,"[0, 3]",124.14999999999509,"[47, 46]","[0, 0]","[0, 0]",39
51,"[0, 3]",128.04999999999487,"[50, 50]","[0, 0]","[0, 0]",39
52,"[0, 3]",131.34999999999562,"[51, 51]","[0, 0]","[0, 0]",39
53,"[2, 3]",134.7999999999964,"[49, 52]","[19.100000000000136, 0]","[3.1999999999999966, 0]",39
54,"[2, 1]",106.3999999999961,"[53, 57]","[14.45000000000007, 0]","[0, 0]",39
55,"[2, 1]",116.49999999999552,"[54, 60]","[16.200000000000095, 0]","[3.1999999999999966, 0]",39
56,"[2, 1]",125.24999999999503,"[55, 63]","[14.950000000000077, 0]","[3.349999999999996, 0]",39
57,"[0, 1]",94.79999999999676,"[52, 49]","[0, 0]","[0, 0]",39
58,"[0, 3]",128.94999999999507,"[57, 53]","[0, 0]","[0, 0]",39
59,"[2, 3]",164.7500000000032,"[56, 70]","[13.200000000000053, 0]","[2.6499999999999986, 0]",39
60,"[0, 1]",99.54999999999649,"[58, 54]","[0, 0]","[0, 0]",39
61,"[2, 3]",175.15000000000558,"[59, 72]","[12.750000000000046, 0]","[2.849999999999998, 0]",39
62,"[0, 3]",129.79999999999526,"[60, 58]","[0, 0]","[0, 0]",39
63,"[0, 1]",103.39999999999627,"[62, 55]","[0, 0]","[0, 0]",39
64,"[2, 1]",141.99999999999804,"[61, 73]","[7.399999999999982, 0]","[0, 0]",39
65,"[2, 3]",181.8000000000071,"[64, 76]","[6.399999999999985, 0]","[0, 0]",39
66,"[0, 3]",131.7499999999957,"[63, 62]","[0, 0]","[0, 0]",39
67,"[0, 3]",135.6499999999966,"[66, 66]","[0, 0]","[0, 0]",39
68,"[2, 3]",180.0500000000067,"[65, 65]","[4.599999999999992, 0]","[0, 0]",39
69,"[2, 1]",151.1000000000001,"[68, 77]","[4.799999999999991, 0]","[0, 0]",39
70,"[0, 3]",134.44999999999632,"[67, 67]","[0, 0]","[0, 0]",39
71,"[0, 3]",142.84999999999823,"[70, 59]","[2.3999999999999995, 0]","[2.3999999999999995, 0]",39
72,"[0, 3]",145.3499999999988,"[71, 71]","[0, 0]","[0, 0]",39
73,"[0, 1]",117.04999999999549,"[72, -999]","[0, 0]","[0, 0]",39
74,"[2, 3]",177.4500000000061,"[69, 78]","[5.949999999999987, 0]","[0, 0]",39
75,"[0, 3]",148.8999999999996,"[73, 61]","[0, 0]","[0, 0]",39
76,"[0, 3]",151.85000000000028,"[75, 75]","[0, 0]","[0, 0]",39
77,"[0, 1]",124.34999999999508,"[76, 64]","[0, 0]","[0, 0]",39
78,"[0, 3]",162.60000000000272,"[77, 68]","[2.3999999999999995, 0]","[2.3999999999999995, 0]",39
79,"[2, 3]",172.05000000000487,"[74, 74]","[4.699999999999991, 0]","[0, 0]",39
0,"[0, 3]",103.34999999999627,"[-999, 12]","[0, 0]","[3.349999999999996, 0]",40
1,"[0, 1]",75.34999999999786,"[0, -999]","[0, 0]","[0, 0]",40
2,"[0, 3]",113.14999999999571,"[1, 16]","[0, 0]","[0, 0]",40
3,"[2, 1]",36.45000000000007,"[-999, -999]","[0, 0]","[0, 0]",40
4,"[0, 3]",118.04999999999544,"[2, 21]","[3.149999999999997, 0]","[3.149999999999997, 0]",40
5,"[2, 1]",36.95000000000004,"[3, 3]","[0, 0]","[0, 0]",40
6,"[2, 3]",69.54999999999819,"[5, -999]","[0, 0]","[0, 0]",40
7,"[0, 1]",84.04999999999737,"[4, 19]","[0, 0]","[0, 0]",40
8,"[0, 1]",86.9999999999972,"[7, 7]","[0, 0]","[0, 0]",40
9,"[0, 1]",89.84999999999704,"[8, 8]","[0, 0]","[0, 0]",40
10,"[2, 3]",68.94999999999823,"[6, 6]","[0, 0]","[0, 0]",40
11,"[0, 3]",120.4999999999953,"[9, 23]","[0, 0]","[0, 0]",40
12,"[2, 3]",70.39999999999814,"[10, 10]","[0, 0]","[0, 0]",40
13,"[0, 1]",91.84999999999692,"[11, 24]","[0, 0]","[0, 0]",40
14,"[0, 1]",94.64999999999677,"[13, 13]","[0, 0]","[0, 0]",40
15,"[2, 3]",74.6499999999979,"[12, 0]","[0, 0]","[0, 0]",40
16,"[2, 3]",77.09999999999776,"[15, 15]","[0, 0]","[0, 0]",40
17,"[0, 1]",92.89999999999687,"[14, 14]","[0, 0]","[0, 0]",40
18,"[0, 3]",129.34999999999516,"[17, 29]","[0, 0]","[0, 0]",40
19,"[2, 1]",41.64999999999977,"[16, 1]","[0, 0]","[0, 0]",40
20,"[0, 3]",130.09999999999533,"[18, 18]","[0, 0]","[0, 0]",40
21,"[2, 3]",74.99999999999788,"[19, 2]","[0, 0]","[0, 0]",40
22,"[0, 1]",100.19999999999645,"[20, -999]","[0, 0]","[0, 0]",40
23,"[2, 3]",80.19999999999759,"[21, 4]","[3.5499999999999954, 0]","[3.5499999999999954, 0]",40
24,"[2, 1]",62.2499999999986,"[23, 9]","[6.5999999999999845, 0]","[6.5999999999999845, 0]",40
25,"[2, 3]",95.6999999999967,"[24, 11]","[14.050000000000065, 0]","[0.05, 0]",40
26,"[0, 3]",132.29999999999583,"[22, 34]","[3.049999999999997, 0]","[3.049999999999997, 0]",40
27,"[2, 3]",97.29999999999661,"[25, 25]","[16.250000000000096, 0]","[0, 0]",40
28,"[0, 1]",101.69999999999636,"[26, 22]","[0, 0]","[0, 0]",40
29,"[2, 3]",98.84999999999653,"[27, 27]","[18.300000000000125, 0]","[0, 0]",40
30,"[0, 3]",133.8499999999962,"[28, 36]","[0, 0]","[0, 0]",40
31,"[0, 3]",136.79999999999686,"[30, 30]","[0, 0]","[0, 0]",40
32,"[0, 1]",109.9999999999959,"[31, 41]","[0, 0]","[0, 0]",40
33,"[2, 3]",106.19999999999611,"[29, 20]","[13.950000000000063, 0]","[2.8999999999999977, 0]",40
34,"[2, 3]",109.04999999999595,"[33, 33]","[9.650000000000002, 0]","[0, 0]",40
35,"[0, 3]",139.5999999999975,"[32, 43]","[0, 0]","[0, 0]",40
36,"[2, 3]",115.1499999999956,"[34, 26]","[11.350000000000026, 0]","[3.1999999999999966, 0]",40
37,"[0, 3]",140.34999999999766,"[35, 35]","[0, 0]","[0, 0]",40
38,"[0, 3]",148.19999999999945,"[37, 46]","[2.3999999999999995, 0]","[2.3999999999999995, 0]",40
39,"[0, 3]",150.65,"[38, 38]","[0, 0]","[0, 0]",40
40,"[2, 1]",79.59999999999762,"[36, 28]","[1.2500000000000004, 0]","[0, 0]",40
41,"[2, 1]",83.24999999999741,"[40, 40]","[0, 0]","[0, 0]",40
42,"[0, 1]",119.34999999999536,"[39, 51]","[0, 0]","[0, 0]",40
43,"[2, 3]",115.74999999999557,"[41, 31]","[0, 0]","[0, 0]",40
44,"[2, 1]",88.14999999999714,"[43, 32]","[0, 0]","[0, 0]",40
45,"[0, 1]",116.9999999999955,"[42, 42]","[0.2, 0]","[0, 0]",40
46,"[2, 3]",125.29999999999502,"[44, 37]","[0, 0]","[0, 0]",40
47,"[0, 1]",121.89999999999522,"[45, 56]","[3.7999999999999945, 0]","[2.3999999999999995, 0]",40
48,"[0, 1]",128.99999999999508,"[47, 57]","[4.6499999999999915, 0]","[2.5999999999999988, 0]",40
49,"[2, 1]",90.599999999997,"[46, 44]","[0, 0]","[0, 0]",40
50,"[0, 1]",128.79999999999504,"[48, 48]","[2.549999999999999, 0]","[0, 0]",40
51,"[2, 1]",92.3499999999969,"[49, 49]","[1.3500000000000005, 0]","[0, 0]",40
52,"[0, 3]",158.6000000000018,"[50, 61]","[2.9499999999999975, 0]","[0, 0]",40
53,"[0, 3]",162.4500000000027,"[52, 52]","[3.2499999999999964, 0]","[0, 0]",40
54,"[0, 3]",165.75000000000344,"[53, 53]","[3.4999999999999956, 0]","[0, 0]",40
55,"[2, 3]",120.3999999999953,"[51, 39]","[1.0000000000000002, 0]","[0, 0]",40
56,"[2, 1]",97.39999999999661,"[55, 45]","[0.8000000000000002, 0]","[0, 0]",40
57,"[2, 1]",104.39999999999621,"[56, 47]","[0, 0]","[0, 0]",40
58,"[0, 1]",131.6999999999957,"[54, 62]","[4.3499999999999925, 0]","[0, 0]",40
59,"[0, 1]",134.54999999999634,"[58, 58]","[4.99999999999999, 0]","[0, 0]",40
60,"[0, 1]",137.34999999999698,"[59, 59]","[5.599999999999988, 0]","[0, 0]",40
61,"[2, 3]",129.0499999999951,"[57, 55]","[0.9500000000000003, 0]","[0, 0]",40
62,"[2, 1]",106.74999999999608,"[61, 50]","[0, 0]","[0, 0]",40
63,"[0, 3]",165.65000000000342,"[60, 67]","[6.099999999999986, 0]","[0, 0]",40
64,"[0, 1]",138.94999999999735,"[63, 68]","[6.199999999999986, 0]","[0, 0]",40
65,"[0, 1]",141.69999999999797,"[64, 64]","[5.999999999999987, 0]","[0, 0]",40
66,"[2, 3]",144.29999999999856,"[62, 54]","[6.399999999999985, 0]","[6.399999999999985, 0]",40
67,"[2, 3]",147.74999999999935,"[66, 66]","[0.8000000000000002, 0]","[0, 0]",40
68,"[2, 1]",124.79999999999505,"[67, 60]","[3.149999999999997, 0]","[0, 0]",40
69,"[0, 1]",137.79999999999708,"[65, 65]","[4.99999999999999, 0]","[0, 0]",40
70,"[2, 3]",156.3500000000013,"[68, 63]","[4.149999999999993, 0]","[0, 0]",40
71,"[0, 1]",142.7499999999982,"[69, 75]","[6.549999999999985, 0]","[2.499999999999999, 0]",40
72,"[0, 3]",176.90000000000597,"[71, 77]","[3.4499999999999957, 0]","[0, 0]",40
73,"[0, 1]",150.54999999999998,"[72, 78]","[3.399999999999996, 0]","[0, 0]",40
74,"[2, 3]",153.3000000000006,"[70, 70]","[5.549999999999988, 0]","[0, 0]",40
75,"[2, 1]",129.4999999999952,"[74, 69]","[8.14999999999998, 0]","[0, 0]",40
76,"[0, 3]",178.15000000000626,"[73, 72]","[3.599999999999995, 0]","[0, 0]",40
77,"[2, 3]",158.9500000000019,"[75, 74]","[9.900000000000006, 0]","[0, 0]",40
78,"[2, 1]",132.34999999999584,"[77, 71]","[10.750000000000018, 0]","[0, 0]",40
79,"[0, 3]",177.60000000000613,"[76, 76]","[3.8499999999999943, 0]","[0, 0]",40
