Vehicle_label,Utilities,Probabilities,Routes_taken,Gamma,Eta
0,"[-10.511399283097528, -9.903750615868141, -8.521545147650363, -7.282374637879194]","[0.028244129038504442, 0.05185929997083173, 0.2065907431039772, 0.7133058278866866]","[0, 2, 1, 3, 3, 2, 3, 3, 1, 3, 0, 2, 2, 1, 1, 3, 3, 3, 3, 2, 3, 3, 3, 1, 3, 1, 2, 0, 2, 3, 3, 2, 3, 0, 3, 2, 1, 3, 3, 2, 2, 3, 2, 1, 3, 3, 3, 0, 3, 2, 2, 3, 3, 3, 3, 3, 3, 3, 3, 3, 2, 3, 2, 3, 3, 3, 3, 3, 3, 3, 3, 3, 3, 2, 3, 3]",4.8192137842036225,1.1259992209700314
1,"[-7.063314795226299, -7.358241483141513, -5.7751878074860015, -5.152102467571786]","[0.08242762163301068, 0.06137446731068648, 0.2988816221566041, 0.5573162888996988]","[0, 1, 3, 2, 2, 3, 0, 3, 3, 2, 3, 3, 2, 2, 3, 3, 2, 0, 2, 3, 2, 3, 3, 3, 3, 3, 2, 0, 2, 2, 3, 3, 3, 1, 2, 3, 0, 2, 3, 2, 3, 3, 3, 3, 1, 1, 2, 3, 3, 2, 3, 3, 3, 2, 3, 3, 3, 2, 3, 3, 3, 3, 3, 3, 2, 3, 3, 2, 3, 2, 0, 3, 2, 3, 2, 2]",4.346089149619469,1.0044175389664471
2,"[-8.623591885113605, -7.5319375929008485, -5.982317725283654, -5.382916970003193]","[0.02295619336368781, 0.06839105598697448, 0.3220999571395432, 0.5865527935097945]","[0, 2, 3, 1, 3, 3, 2, 3, 0, 2, 2, 2, 3, 2, 0, 0, 3, 3, 2, 3, 2, 3, 2, 3, 2, 0, 0, 2, 2, 3, 3, 1, 3, 3, 2, 3, 3, 3, 2, 2, 2, 3, 0, 2, 3, 3, 3, 3, 2, 3, 3, 3, 2, 3, 2, 2, 2, 3, 3, 3, 2, 3, 3, 3, 3, 3, 3, 3, 3, 2, 3, 2, 3, 3, 2, 3]",5.426309498673086,1.0025785955783053
3,"[-3.076040879976002, -2.921285187629497, -1.748656855044648, -1.7197501192419054]","[0.10182981990023204, 0.1188733546662254, 0.38401707297879323, 0.39527975245474944]","[1, 0, 3, 2, 0, 3, 2, 3, 3, 1, 2, 3, 3, 1, 1, 3, 2, 3, 2, 1, 3, 2, 0, 1, 1, 2, 0, 3, 1, 3, 2, 3, 3, 3, 1, 0, 2, 2, 2, 3, 0, 3, 2, 2, 2, 2, 3, 3, 2, 3, 3, 3, 1, 1, 3, 2, 3, 2, 2, 1, 2, 3, 3, 0, 2, 3, 2, 0, 0, 2, 1, 2, 2, 3, 3, 1]",4.451445720656381,0.45277461570394895
4,"[-5.687553437879442, -5.3663820169121035, -3.9093614396714242, -3.664374794027825]","[0.06305086147947181, 0.08693086492540283, 0.373207186029865, 0.4768110875652603]","[1, 0, 3, 2, 2, 1, 0, 2, 2, 1, 3, 2, 1, 3, 1, 3, 3, 1, 2, 3, 1, 1, 3, 1, 2, 1, 3, 3, 2, 0, 3, 1, 2, 0, 2, 2, 2, 1, 2, 2, 0, 3, 3, 2, 2, 1, 2, 1, 3, 3, 1, 2, 2, 3, 3, 3, 2, 3, 2, 3, 3, 3, 2, 2, 3, 2, 0, 2, 3, 2, 3, 3, 3, 1, 3, 3]",5.201513431017066,0.8487478639495522
5,"[-3.8895719438626366, -4.280604413584316, -2.774084921301672, -2.6619603413744874]","[0.12284287942956454, 0.08308578814066954, 0.37480022787200273, 0.4192711045577631]","[0, 3, 2, 1, 1, 3, 0, 3, 3, 2, 3, 1, 0, 3, 0, 0, 0, 2, 3, 3, 2, 0, 1, 1, 2, 0, 3, 3, 3, 3, 2, 2, 1, 3, 2, 0, 3, 1, 2, 3, 2, 2, 2, 2, 2, 3, 2, 2, 3, 2, 2, 2, 0, 3, 3, 2, 1, 3, 2, 3, 2, 2, 2, 2, 3, 3, 3, 1, 0, 3, 3, 2, 3, 2, 3, 1]",4.682041869899021,0.7038451126925874
6,"[-4.188412338756067, -4.347253704627666, -2.869620830517006, -2.76302897074872]","[0.10254849375923897, 0.08748736917621266, 0.3834185854476291, 0.4265455516169193]","[3, 0, 2, 1, 2, 1, 0, 0, 3, 1, 2, 2, 3, 3, 0, 3, 1, 0, 1, 2, 3, 2, 2, 2, 3, 0, 2, 1, 0, 3, 2, 3, 1, 0, 3, 3, 1, 2, 2, 2, 3, 3, 3, 2, 0, 2, 0, 3, 3, 2, 0, 0, 3, 3, 3, 2, 3, 2, 2, 2, 3, 2, 3, 3, 0, 2, 2, 3, 3, 2, 3, 2, 1, 3, 3, 2]",6.08763557774678,0.7118455103097155
7,"[-13.127303235769709, -11.38544233726746, -10.391922601543488, -8.8349072064694]","[0.010497026498665992, 0.05991655983674795, 0.16181806695849077, 0.7677683467060953]","[0, 3, 1, 2, 3, 3, 3, 3, 2, 0, 2, 2, 3, 3, 3, 1, 1, 3, 3, 3, 3, 3, 3, 3, 3, 2, 3, 2, 3, 1, 3, 3, 2, 1, 3, 3, 1, 3, 2, 3, 2, 3, 3, 3, 3, 3, 3, 3, 3, 1, 3, 3, 3, 3, 3, 1, 2, 3, 3, 2, 3, 2, 3, 2, 3, 3, 3, 3, 3, 3, 3, 3, 3, 3, 3, 2]",4.513560540752627,1.185066491070215
8,"[-5.931156991855594, -6.110403717871746, -4.9645476908621315, -4.270606028071746]","[0.1028053091357153, 0.08593492046132917, 0.2702767132222158, 0.5409830571807397]","[0, 1, 2, 3, 3, 3, 2, 0, 3, 1, 3, 0, 2, 2, 2, 1, 0, 2, 2, 0, 2, 0, 2, 2, 0, 1, 0, 1, 3, 3, 0, 0, 2, 1, 2, 2, 3, 2, 3, 1, 2, 0, 3, 0, 2, 3, 3, 2, 3, 2, 2, 1, 3, 3, 2, 3, 3, 3, 3, 2, 3, 3, 3, 0, 3, 3, 3, 2, 3, 3, 3, 3, 2, 3, 3, 3]",5.347892259195887,0.9368118446356779
9,"[-5.312186956095064, -4.906150867474343, -4.662397152985876, -4.229033199289766]","[0.13568565290622792, 0.2036447233381715, 0.2598567812248242, 0.40081284253077637]","[3, 1, 0, 2, 3, 1, 2, 1, 3, 1, 3, 2, 2, 1, 0, 1, 0, 1, 2, 0, 3, 0, 2, 0, 2, 2, 0, 0, 0, 2, 0, 1, 0, 0, 1, 1, 1, 1, 3, 1, 3, 3, 1, 0, 1, 1, 2, 3, 0, 2, 3, 2, 2, 3, 3, 3, 2, 1, 0, 3, 0, 2, 3, 2, 2, 3, 2, 3, 2, 1, 2, 0, 1, 3, 1, 2]",5.622582885678817,0.8403788169590074
10,"[-6.363637574135797, -5.625478445161426, -6.090725081709168, -6.349422244571009]","[0.18449562124660346, 0.38597973152846793, 0.24238763024358903, 0.1871370169813397]","[2, 0, 1, 3, 0, 3, 1, 2, 3, 2, 1, 1, 0, 0, 3, 2, 1, 0, 2, 2, 3, 0, 0, 3, 1, 1, 1, 1, 2, 3, 1, 3, 2, 3, 2, 1, 1, 3, 2, 1, 3, 1, 1, 1, 1, 3, 3, 1, 3, 1, 3, 3, 1, 1, 2, 0, 0, 2, 1, 3, 2, 3, 1, 2, 3, 1, 1, 1, 0, 1, 1, 1, 1, 3, 2, 0]",5.385950645014278,0.935846749851344
11,"[-5.21564286326144, -5.091891432919612, -3.4777900147448975, -4.030890107378696]","[0.09019787027565755, 0.10208004352697869, 0.5127860307825555, 0.2949360554148084]","[1, 2, 0, 3, 3, 2, 3, 3, 1, 1, 3, 2, 3, 0, 1, 2, 1, 2, 0, 3, 0, 0, 2, 3, 1, 2, 2, 0, 1, 1, 1, 2, 1, 2, 1, 1, 2, 3, 0, 3, 2, 2, 2, 0, 3, 1, 1, 2, 3, 2, 2, 3, 2, 2, 2, 2, 2, 0, 2, 3, 2, 2, 2, 3, 1, 0, 3, 3, 3, 1, 2, 3, 2, 1, 3, 0]",4.506197600500545,0.8812299028584175
12,"[-11.96045700065306, -11.887151786229394, -11.463235050713829, -13.995461236053762]","[0.2596804832380625, 0.2794314991699092, 0.42695299047434204, 0.03393502711768633]","[0, 3, 2, 1, 3, 1, 1, 2, 3, 2, 2, 1, 1, 0, 0, 0, 2, 2, 1, 3, 1, 1, 1, 0, 0, 0, 2, 1, 3, 1, 1, 1, 1, 1, 1, 1, 0, 1, 0, 1, 0, 1, 0, 2, 1, 1, 0, 0, 2, 2, 2, 0, 2, 2, 2, 2, 2, 0, 2, 0, 1, 2, 1, 2, 0, 1, 2, 2, 2, 2, 1, 0, 0, 1, 0, 2]",5.859366784104704,1.17796040802715
13,"[-9.923042715074569, -9.751902861426089, -9.135950299441607, -9.900818267534222]","[0.18497523431896803, 0.21950210034063525, 0.40639043627682736, 0.18913222906356947]","[1, 2, 0, 3, 2, 2, 3, 3, 1, 3, 1, 0, 3, 1, 1, 1, 0, 0, 0, 1, 2, 2, 2, 1, 3, 0, 0, 1, 2, 3, 2, 2, 3, 3, 2, 1, 0, 1, 3, 3, 1, 3, 3, 2, 2, 2, 2, 2, 3, 0, 3, 1, 2, 2, 2, 0, 2, 1, 2, 2, 3, 2, 3, 2, 0, 3, 3, 2, 1, 0, 3, 3, 2, 3, 2, 3]",6.151012842225921,1.0838684255077906
14,"[-3.9993540127431255, -4.370968133436141, -5.53484665703424, -5.199248035892287]","[0.4532688827122102, 0.31258342350742774, 0.09761126093305515, 0.1365364328473068]","[2, 1, 0, 3, 2, 2, 0, 2, 2, 0, 1, 0, 3, 1, 0, 1, 1, 0, 2, 1, 3, 0, 1, 1, 0, 1, 0, 0, 1, 0, 0, 0, 3, 0, 0, 0, 0, 3, 1, 0, 0, 0, 0, 0, 0, 3, 1, 0, 1, 2, 3, 0, 0, 0, 3, 0, 0, 1, 0, 0, 0, 1, 2, 1, 0, 2, 0, 0, 0, 1, 2, 3, 1, 2, 1, 0]",5.288716879965802,0.7742385555731887
15,"[-11.06046141105735, -8.909329112875392, -12.882661328924934, -13.063995598259737]","[0.10110086662389928, 0.8689199434597984, 0.01634494671364609, 0.013634243202656247]","[0, 2, 1, 3, 2, 0, 2, 2, 2, 1, 1, 1, 1, 1, 0, 1, 1, 1, 1, 1, 1, 1, 0, 1, 1, 1, 1, 1, 1, 1, 0, 1, 0, 1, 1, 1, 1, 1, 1, 1, 1, 1, 1, 1, 1, 1, 1, 1, 1, 1, 1, 1, 1, 1, 1, 1, 1, 1, 0, 0, 1, 1, 1, 1, 0, 1, 1, 1, 1, 1, 1, 1, 1, 1, 1, 1]",5.543962410872257,1.117090813861212
16,"[-8.65234844999726, -9.021945394447906, -11.207153428845272, -12.60872068990368]","[0.5593302352612958, 0.38650434699002156, 0.04346409003060077, 0.010701327718081882]","[2, 1, 0, 3, 2, 0, 1, 1, 1, 0, 1, 0, 0, 1, 1, 1, 1, 1, 1, 1, 1, 1, 0, 0, 1, 0, 1, 1, 0, 1, 1, 1, 0, 1, 1, 1, 1, 1, 3, 0, 1, 0, 0, 0, 0, 1, 1, 1, 0, 1, 0, 1, 1, 0, 1, 1, 0, 0, 1, 0, 1, 0, 0, 1, 0, 0, 1, 0, 1, 0, 0, 1, 0, 0, 1, 0]",5.036382219002452,1.0949803635864046
17,"[-11.53446114278991, -11.367363957200167, -15.499285006797074, -12.051913236571945]","[0.3575415465871191, 0.42256731316229423, 0.006783055781181582, 0.21310808446940502]","[2, 0, 3, 1, 3, 2, 2, 2, 1, 1, 0, 1, 1, 0, 3, 0, 0, 1, 1, 2, 1, 1, 1, 1, 0, 1, 1, 1, 0, 0, 3, 1, 1, 0, 1, 1, 1, 0, 1, 1, 0, 0, 0, 3, 3, 0, 1, 1, 1, 1, 0, 3, 1, 0, 3, 0, 1, 3, 0, 1, 0, 1, 1, 0, 0, 3, 1, 1, 3, 3, 1, 3, 1, 2, 3, 0]",5.2681395191929825,1.1613777020658294
18,"[-10.123721991915051, -9.621149499667894, -14.724509912962299, -13.181584143418778]","[0.36900368819917856, 0.6099513081994193, 0.0037062430852526944, 0.01733876051614946]","[3, 1, 0, 2, 3, 1, 0, 1, 1, 0, 1, 0, 1, 0, 0, 0, 3, 1, 1, 3, 1, 1, 0, 0, 0, 1, 0, 1, 1, 0, 1, 0, 0, 0, 0, 1, 1, 1, 0, 1, 0, 1, 0, 1, 0, 1, 0, 1, 0, 1, 1, 0, 0, 1, 1, 1, 1, 1, 1, 1, 1, 0, 3, 0, 1, 1, 1, 1, 1, 1, 1, 0, 1, 1, 0, 1]",5.454797715540589,1.1171074680241655
19,"[-8.687499496951508, -8.869563396889328, -15.103576027382774, -9.700987091332983]","[0.45493130291697925, 0.3792071118235984, 0.0007438394165027374, 0.16511774584291977]","[3, 0, 1, 2, 3, 1, 0, 0, 1, 0, 1, 0, 1, 3, 0, 0, 3, 0, 3, 1, 0, 0, 1, 0, 1, 1, 1, 0, 0, 1, 3, 1, 0, 3, 1, 3, 1, 1, 1, 1, 1, 1, 0, 1, 0, 1, 1, 1, 0, 0, 1, 3, 3, 1, 1, 0, 0, 0, 0, 3, 3, 3, 1, 1, 1, 3, 3, 1, 0, 3, 0, 1, 1, 0, 1, 3]",4.945933327990962,1.1130577620453845
20,"[-5.473343159578943, -6.308689606291832, -8.103641498385501, -7.8186364140803555]","[0.62437552560774, 0.2708067710231479, 0.04499060330001542, 0.059827100069096646]","[0, 1, 2, 3, 2, 1, 1, 0, 0, 1, 0, 0, 2, 0, 1, 2, 0, 0, 0, 1, 2, 1, 1, 0, 0, 0, 0, 0, 2, 0, 1, 1, 1, 3, 1, 0, 0, 0, 1, 0, 0, 0, 0, 1, 2, 1, 0, 0, 0, 1, 0, 3, 1, 1, 0, 1, 0, 1, 1, 1, 1, 1, 1, 0, 0, 0, 0, 0, 1, 0, 1, 0, 0, 1, 0, 0]",5.58545154049564,0.9399057182715262
21,"[-13.075145933720945, -12.003261403855356, -16.47671378915871, -13.002924566825698]","[0.19884301007741184, 0.5807963326402613, 0.006625645253357106, 0.2137350120289696]","[0, 2, 3, 1, 3, 2, 1, 2, 0, 1, 1, 1, 1, 0, 1, 3, 0, 3, 3, 2, 0, 1, 1, 1, 1, 0, 3, 1, 1, 0, 1, 1, 3, 1, 1, 1, 3, 3, 0, 0, 1, 1, 1, 0, 3, 0, 1, 0, 1, 1, 1, 1, 3, 1, 1, 1, 0, 1, 1, 0, 1, 1, 0, 1, 1, 3, 1, 1, 1, 1, 1, 1, 3, 1, 1, 1]",4.1916711420963475,1.1906610831134428
22,"[-12.027554395616198, -11.316061911225203, -15.395906954979022, -14.04478569493119]","[0.3120612787486768, 0.6356779449101225, 0.010749368572505753, 0.04151140776869489]","[3, 2, 1, 0, 1, 0, 1, 3, 0, 1, 1, 2, 0, 1, 0, 1, 2, 2, 1, 2, 1, 1, 1, 0, 1, 1, 1, 1, 1, 1, 3, 1, 3, 1, 3, 1, 1, 3, 0, 1, 0, 1, 1, 0, 1, 1, 0, 1, 1, 1, 0, 0, 0, 1, 1, 1, 0, 1, 1, 0, 0, 1, 1, 1, 1, 1, 0, 1, 1, 0, 1, 1, 1, 1, 1, 1]",5.0814231235755685,1.1656826354348933
23,"[-20.304143209543533, -18.9635438490799, -22.106569251919883, -19.98207212320139]","[0.15707922126484897, 0.6002520393464983, 0.025902104746589716, 0.21676663464206294]","[1, 2, 3, 0, 3, 0, 0, 2, 0, 3, 3, 3, 0, 1, 0, 2, 3, 3, 3, 3, 0, 0, 1, 0, 1, 2, 1, 0, 2, 3, 1, 0, 3, 2, 3, 1, 1, 1, 0, 2, 1, 3, 3, 1, 0, 3, 3, 3, 2, 2, 1, 3, 3, 3, 1, 3, 1, 1, 3, 1, 1, 1, 3, 1, 3, 1, 1, 3, 1, 1, 3, 1, 2, 0, 0, 1]",5.072629620764599,1.297988214121173
24,"[-7.206965298989392, -7.369168490918379, -8.636653090929686, -10.112381003827347]","[0.46633567019845396, 0.3965104931657691, 0.11163313396307369, 0.02552070267270329]","[2, 3, 0, 1, 0, 0, 2, 1, 0, 1, 0, 1, 1, 2, 1, 2, 1, 1, 1, 3, 1, 1, 1, 0, 1, 2, 1, 0, 1, 1, 0, 0, 0, 1, 2, 0, 3, 1, 0, 0, 2, 0, 0, 3, 0, 1, 0, 0, 0, 0, 0, 0, 3, 0, 0, 1, 0, 1, 1, 0, 1, 2, 0, 1, 0, 0, 1, 0, 2, 0, 0, 2, 1, 0, 0, 2]",3.9660303382792046,1.018088517884161
25,"[-8.512174350212701, -7.620551854404991, -9.999956602451176, -11.095409227473693]","[0.2673449274309892, 0.6520766937815615, 0.06038600878422015, 0.02019237000322921]","[1, 0, 2, 3, 1, 0, 1, 1, 1, 0, 0, 1, 1, 1, 3, 1, 2, 0, 1, 1, 0, 1, 0, 1, 0, 2, 2, 1, 1, 1, 1, 1, 2, 1, 2, 1, 0, 1, 1, 1, 1, 1, 2, 1, 1, 1, 0, 1, 1, 1, 2, 1, 1, 1, 1, 1, 0, 1, 0, 0, 0, 1, 1, 0, 1, 1, 1, 0, 2, 0, 1, 1, 0, 3, 1, 0]",5.757565764880479,1.0494677846950173
26,"[-7.235734375763491, -7.0251875483910124, -9.136938190185852, -8.81282856812337]","[0.3860532815301085, 0.4765259696094231, 0.05767198808879119, 0.0797487607716772]","[1, 3, 2, 0, 2, 1, 1, 1, 2, 1, 0, 1, 1, 0, 0, 1, 0, 1, 0, 0, 1, 1, 1, 0, 3, 0, 0, 1, 0, 0, 3, 3, 1, 0, 1, 0, 3, 0, 0, 1, 1, 1, 1, 0, 1, 1, 0, 3, 0, 3, 1, 1, 0, 0, 0, 3, 0, 1, 1, 0, 0, 1, 1, 0, 3, 3, 3, 1, 1, 2, 1, 1, 1, 1, 0, 0]",4.722190174409719,1.009956006610236
27,"[-9.429653183476585, -7.911986468004256, -11.524599865494217, -10.15420938009849]","[0.16209594737447613, 0.7394119019399769, 0.01995025141749397, 0.07854189926805288]","[0, 2, 3, 1, 3, 0, 3, 0, 0, 1, 1, 1, 0, 1, 1, 1, 1, 1, 3, 1, 1, 1, 2, 0, 1, 1, 1, 0, 3, 1, 1, 2, 1, 1, 1, 3, 1, 1, 1, 1, 1, 2, 3, 1, 1, 0, 1, 1, 2, 1, 3, 1, 1, 1, 1, 1, 0, 1, 1, 1, 3, 1, 1, 0, 1, 1, 1, 1, 1, 1, 1, 1, 1, 1, 1, 1]",5.23286595578092,1.069170609898703
28,"[-5.272844743360929, -6.12393073782148, -8.190505772875646, -8.026005506879494]","[0.6473593395481075, 0.27639072621729527, 0.03499623569873521, 0.041253698535862034]","[3, 0, 1, 2, 0, 0, 1, 1, 1, 0, 3, 0, 1, 3, 0, 0, 1, 0, 0, 0, 3, 0, 0, 1, 1, 0, 1, 0, 0, 1, 0, 1, 3, 0, 0, 0, 1, 0, 1, 1, 1, 0, 0, 1, 1, 0, 1, 0, 0, 0, 0, 1, 0, 1, 1, 2, 1, 0, 0, 0, 0, 0, 0, 0, 0, 0, 0, 1, 0, 0, 0, 1, 0, 0, 0, 1]",5.47732743817304,0.93592576819565
29,"[-12.445300931713938, -11.697525641942876, -16.46274807680003, -15.363215878939934]","[0.3140367531778857, 0.6633384331368688, 0.005652301923703136, 0.01697251176154237]","[2, 3, 1, 0, 1, 1, 0, 1, 1, 1, 3, 1, 0, 0, 1, 1, 1, 1, 1, 1, 1, 1, 1, 1, 1, 1, 1, 0, 1, 1, 1, 1, 3, 1, 1, 1, 1, 1, 1, 1, 1, 1, 0, 1, 0, 1, 1, 1, 0, 1, 0, 1, 0, 0, 1, 1, 1, 0, 1, 0, 0, 0, 1, 1, 1, 1, 1, 1, 1, 1, 0, 1, 1, 1, 0, 1]",5.762836667409312,1.1625973494889563
30,"[-5.857486870947978, -4.33982684579673, -7.121733724280714, -7.086283398584685]","[0.1629557484583908, 0.7433289710675018, 0.04602716790434274, 0.047688112569764594]","[1, 3, 2, 0, 3, 1, 1, 1, 1, 0, 0, 0, 1, 3, 1, 1, 1, 1, 1, 1, 3, 1, 1, 1, 1, 0, 1, 3, 0, 1, 1, 1, 1, 1, 1, 1, 1, 1, 0, 1, 1, 1, 1, 1, 1, 2, 1, 1, 3, 1, 1, 1, 1, 0, 1, 3, 0, 3, 1, 3, 1, 2, 1, 1, 1, 1, 0, 1, 2, 1, 0, 1, 1, 0, 2, 1]",5.068828339792582,0.8743399110594899
31,"[-7.234318609421571, -7.575807705872338, -10.343718139123075, -10.215038112699204]","[0.5536806503981689, 0.39350704879208587, 0.024709518839539032, 0.028102781970206173]","[3, 2, 0, 1, 0, 1, 0, 0, 0, 2, 1, 1, 0, 2, 1, 0, 1, 0, 0, 1, 0, 0, 1, 1, 1, 1, 2, 0, 0, 0, 1, 0, 0, 1, 0, 2, 0, 0, 1, 1, 1, 1, 0, 1, 1, 1, 0, 1, 3, 1, 0, 0, 1, 0, 1, 0, 0, 1, 1, 0, 1, 0, 0, 0, 1, 1, 1, 0, 0, 1, 0, 3, 0, 3, 1, 0]",5.051229628832897,1.0250922957740944
32,"[-3.965294947418167, -3.737624206777657, -6.046234233759479, -6.133693068560275]","[0.40082644000267403, 0.5033064636836315, 0.0500283192115477, 0.045838777102146795]","[3, 2, 1, 0, 3, 1, 0, 1, 2, 1, 1, 1, 0, 0, 0, 1, 1, 3, 1, 0, 3, 0, 1, 3, 0, 2, 1, 0, 1, 0, 0, 2, 2, 1, 1, 0, 0, 1, 1, 0, 0, 1, 1, 1, 1, 1, 2, 1, 0, 1, 1, 0, 1, 0, 1, 1, 1, 1, 1, 1, 0, 1, 1, 1, 0, 0, 1, 1, 1, 1, 0, 1, 1, 0, 1, 0]",4.670787121597712,0.7996767418892932
33,"[-5.2179744866442785, -5.013469069870901, -7.923948480157206, -7.870404660393458]","[0.42297551337404826, 0.518956313961993, 0.028256974041559836, 0.029811198622398664]","[3, 1, 2, 0, 0, 0, 0, 1, 1, 0, 0, 1, 1, 3, 2, 0, 0, 0, 0, 0, 2, 1, 0, 0, 0, 0, 0, 3, 0, 0, 0, 1, 0, 2, 2, 1, 1, 0, 1, 0, 2, 1, 1, 0, 1, 0, 1, 0, 0, 0, 1, 0, 0, 0, 0, 0, 0, 1, 0, 2, 3, 0, 0, 0, 1, 0, 0, 1, 3, 1, 0, 0, 1, 0, 0, 2]",5.222923364979984,0.9087925667354965
34,"[-3.082025801911838, -3.1729692259975044, -4.66707166899248, -4.7332741947706385]","[0.43293453078187266, 0.39529925804804084, 0.08872490700200586, 0.08304130416808059]","[3, 0, 2, 1, 1, 0, 0, 0, 0, 1, 1, 3, 1, 3, 2, 3, 1, 2, 1, 3, 0, 0, 1, 2, 1, 1, 1, 1, 2, 1, 1, 0, 0, 1, 1, 1, 0, 0, 3, 0, 1, 1, 0, 2, 3, 0, 1, 0, 1, 1, 0, 1, 2, 0, 3, 1, 3, 1, 3, 1, 1, 1, 1, 3, 3, 2, 1, 0, 1, 0, 1, 3, 3, 3, 0, 0]",4.956293568202867,0.6623573566748798
35,"[-3.7629329279943406, -4.300012732799786, -5.940457110115241, -5.742243138064115]","[0.5446804847556502, 0.3183398591127087, 0.06172414442868661, 0.07525551170295448]","[0, 3, 1, 2, 0, 1, 1, 0, 1, 2, 3, 1, 0, 0, 1, 3, 1, 1, 0, 2, 0, 1, 1, 3, 1, 0, 1, 0, 1, 3, 1, 0, 0, 0, 0, 1, 2, 2, 0, 3, 1, 0, 2, 1, 0, 0, 0, 0, 3, 0, 2, 3, 0, 0, 3, 0, 1, 0, 0, 0, 0, 0, 0, 0, 0, 1, 0, 2, 1, 1, 0, 1, 0, 2, 3, 0]",5.527830995362904,0.7682445153782924
36,"[-6.919217356895853, -6.236679895843218, -9.631876390357522, -8.75613613275253]","[0.31205528405696986, 0.6175239330060943, 0.020708025514377944, 0.049712757422557825]","[0, 1, 3, 2, 1, 1, 1, 1, 0, 1, 1, 0, 3, 1, 0, 1, 0, 1, 1, 1, 0, 1, 1, 1, 1, 1, 1, 1, 1, 0, 0, 0, 0, 3, 0, 1, 1, 0, 1, 1, 1, 3, 3, 0, 0, 0, 0, 0, 0, 0, 0, 1, 0, 1, 1, 1, 1, 0, 0, 1, 0, 1, 0, 0, 1, 1, 1, 0, 0, 1, 1, 1, 0, 1, 1, 0]",5.203244694408205,0.9867932610124902
37,"[-10.164885129189305, -9.05760673885159, -12.931895988236752, -11.997790909784992]","[0.23535453501935666, 0.7122090139532103, 0.014791936154686216, 0.03764451487274671]","[0, 3, 2, 1, 0, 0, 0, 1, 0, 1, 0, 1, 0, 1, 1, 1, 0, 1, 1, 1, 1, 3, 1, 3, 3, 1, 1, 1, 1, 1, 3, 1, 0, 1, 1, 1, 1, 3, 1, 0, 1, 1, 1, 1, 1, 1, 1, 3, 1, 1, 1, 1, 1, 1, 1, 1, 1, 1, 1, 1, 1, 1, 1, 1, 1, 1, 1, 1, 1, 0, 1, 0, 0, 2, 1, 1]",4.9222651895717595,1.097565624538371
38,"[-7.595658663996712, -6.050599836201922, -9.683800262297723, -7.595511662571917]","[0.14679304952548122, 0.6882021354426807, 0.018190185132792563, 0.1468146298990455]","[3, 2, 1, 0, 1, 2, 0, 1, 1, 1, 0, 0, 0, 1, 0, 1, 2, 0, 0, 2, 2, 1, 1, 1, 0, 1, 1, 1, 0, 1, 1, 0, 1, 1, 0, 1, 1, 1, 1, 1, 1, 3, 1, 1, 1, 1, 1, 1, 1, 1, 1, 1, 1, 1, 1, 1, 1, 1, 1, 1, 1, 3, 1, 1, 1, 1, 1, 1, 1, 1, 1, 1, 1, 1, 1, 3]",5.113824815048612,0.972168177188564
39,"[-13.62604602082764, -13.353727638264992, -16.955951473741003, -15.171273157285896]","[0.3903101770550506, 0.5124792033523637, 0.013971734100615306, 0.08323888549197042]","[2, 0, 3, 1, 0, 1, 1, 1, 0, 0, 1, 0, 0, 1, 1, 1, 1, 1, 1, 1, 1, 1, 1, 1, 1, 1, 1, 3, 3, 1, 1, 3, 1, 3, 1, 1, 1, 0, 1, 0, 3, 3, 0, 0, 0, 1, 0, 0, 0, 1, 1, 0, 1, 1, 1, 0, 0, 1, 0, 0, 0, 3, 1, 1, 1, 1, 1, 3, 1, 0, 3, 1, 1, 1, 0, 1]",5.531558266389654,1.181837315684275
40,"[-12.166101603163918, -11.836264663625464, -13.933051613590864, -15.05490536249812]","[0.3820822723638007, 0.5313776095660857, 0.06528001547230958, 0.02126010259780393]","[3, 2, 0, 1, 1, 1, 2, 1, 1, 0, 0, 0, 0, 0, 0, 0, 3, 0, 1, 1, 3, 1, 0, 1, 3, 1, 0, 1, 1, 1, 0, 1, 0, 0, 0, 1, 1, 3, 1, 2, 2, 1, 1, 0, 0, 1, 2, 0, 0, 0, 0, 1, 1, 0, 1, 1, 0, 0, 0, 1, 0, 1, 1, 2, 1, 0, 1, 0, 0, 0, 1, 0, 1, 1, 1, 1]",5.808029116596844,1.1385471508932952
41,"[-12.553438001430695, -11.94569556799469, -14.796248092846703, -14.902006493891587]","[0.32916969475637137, 0.6044481184182128, 0.034944577831292824, 0.031437608994123005]","[0, 3, 2, 1, 1, 1, 0, 1, 1, 1, 3, 0, 1, 0, 0, 1, 0, 2, 1, 0, 1, 1, 1, 1, 1, 0, 1, 1, 0, 1, 3, 0, 2, 1, 3, 1, 1, 1, 1, 1, 1, 1, 1, 1, 1, 1, 0, 1, 1, 1, 1, 1, 0, 1, 1, 1, 1, 1, 2, 0, 1, 0, 1, 1, 2, 0, 1, 0, 1, 1, 1, 1, 1, 0, 0, 2]",4.753780366286324,1.148506914198999
42,"[-15.141884043689378, -14.252855213756183, -17.85021364825793, -17.279974259008796]","[0.2764497691622291, 0.6725375643661107, 0.018424835928543704, 0.03258783054311662]","[3, 2, 0, 1, 1, 1, 1, 3, 0, 1, 0, 1, 1, 2, 0, 0, 1, 2, 0, 1, 1, 1, 1, 1, 1, 1, 2, 1, 3, 1, 1, 0, 0, 0, 1, 1, 3, 1, 1, 1, 3, 1, 0, 0, 0, 3, 0, 0, 0, 3, 1, 1, 1, 1, 1, 1, 0, 0, 1, 0, 0, 0, 1, 1, 1, 0, 1, 0, 0, 1, 1, 1, 1, 1, 1, 0]",5.250743022650206,1.1959371928771656
43,"[-15.732014173533702, -14.925476902761522, -18.403255777704178, -20.89238818504663]","[0.3016551760399348, 0.675749087364173, 0.020864370838284952, 0.0017313657576072097]","[2, 1, 0, 3, 1, 1, 0, 1, 0, 1, 1, 0, 1, 1, 1, 2, 1, 0, 1, 1, 1, 0, 0, 1, 1, 2, 0, 2, 2, 1, 2, 1, 1, 1, 1, 0, 1, 0, 0, 1, 1, 1, 1, 1, 1, 1, 0, 1, 1, 1, 2, 1, 0, 0, 1, 1, 0, 1, 1, 0, 0, 0, 1, 1, 0, 0, 0, 0, 1, 0, 2, 1, 0, 2, 1, 1]",4.7476702198836005,1.2150828447710038
44,"[-6.135955919777533, -5.7749015467683495, -7.740142443498586, -7.85304902808342]","[0.3551789778442864, 0.5096255286034024, 0.07140981334075665, 0.06378568021155455]","[2, 1, 3, 0, 0, 0, 2, 1, 1, 3, 2, 1, 2, 0, 1, 3, 0, 3, 3, 3, 1, 0, 1, 1, 3, 1, 0, 1, 1, 0, 0, 1, 0, 2, 0, 1, 1, 3, 0, 1, 3, 0, 0, 0, 1, 3, 1, 1, 3, 0, 1, 0, 0, 1, 1, 1, 0, 1, 1, 1, 1, 0, 1, 0, 0, 1, 0, 1, 0, 1, 1, 2, 0, 1, 1, 1]",5.785273056817134,0.8861912991425472
45,"[-11.929351735470828, -11.633231075879696, -14.462208861300212, -13.117608755964877]","[0.3664592838550505, 0.4927530226286143, 0.02910850195175676, 0.11167919156457834]","[0, 3, 1, 2, 1, 0, 1, 1, 1, 1, 1, 1, 1, 0, 1, 3, 1, 0, 0, 0, 0, 0, 1, 3, 0, 3, 0, 1, 1, 1, 0, 1, 3, 1, 0, 1, 1, 1, 1, 3, 0, 1, 1, 1, 1, 0, 1, 3, 0, 1, 1, 1, 1, 2, 1, 1, 1, 0, 0, 3, 3, 0, 0, 0, 1, 1, 0, 1, 1, 0, 1, 1, 0, 0, 0, 1]",5.276913136874147,1.1231385380091772
46,"[-8.835461752432277, -7.114450411228395, -9.172081290135136, -9.933461071680128]","[0.1309260842593808, 0.7319002709922177, 0.09350485723276818, 0.04366878751563336]","[3, 1, 2, 0, 1, 1, 0, 3, 2, 1, 1, 0, 0, 1, 1, 1, 3, 1, 3, 3, 0, 1, 1, 0, 0, 2, 1, 1, 0, 1, 1, 2, 1, 1, 1, 2, 1, 1, 1, 0, 1, 0, 1, 2, 1, 1, 1, 1, 1, 2, 1, 1, 1, 1, 1, 1, 3, 1, 1, 2, 3, 1, 1, 1, 1, 1, 1, 1, 1, 1, 1, 1, 0, 1, 1, 1]",5.476213717713427,0.9840415182998836
47,"[-6.050759426594652, -5.763648472317505, -7.675352026438574, -7.516358842151233]","[0.36225275642674715, 0.482727901815423, 0.07136086362105323, 0.08365847813677671]","[1, 0, 3, 2, 0, 1, 0, 3, 1, 0, 0, 1, 1, 3, 0, 2, 0, 0, 2, 1, 3, 1, 3, 0, 0, 0, 2, 2, 2, 0, 2, 0, 1, 1, 0, 1, 2, 1, 0, 1, 1, 1, 3, 3, 1, 3, 2, 1, 1, 0, 0, 2, 0, 1, 1, 1, 1, 1, 2, 1, 0, 3, 1, 3, 0, 1, 0, 0, 1, 1, 1, 1, 1, 0, 0, 1]",5.85638888634075,0.8758711482287929
48,"[-6.712104372205593, -6.810793218804896, -8.639269378824359, -8.36606368079422]","[0.4458561477894657, 0.4039566276134008, 0.06489894415541163, 0.08528828044172178]","[1, 0, 2, 3, 0, 2, 1, 1, 0, 0, 0, 1, 1, 0, 2, 0, 1, 2, 0, 1, 0, 0, 0, 0, 0, 0, 2, 1, 1, 0, 0, 0, 0, 3, 2, 1, 0, 1, 1, 2, 0, 0, 1, 3, 0, 2, 0, 1, 3, 2, 0, 1, 1, 1, 2, 2, 1, 1, 3, 0, 1, 2, 1, 1, 2, 1, 3, 0, 1, 0, 0, 1, 1, 1, 0, 0]",4.042479192388106,0.943777426087767
49,"[-5.491499052237093, -5.229358559459287, -6.857588710738096, -6.808122491468506]","[0.3542518452504152, 0.46042435736066956, 0.09037054900263063, 0.09495324838628462]","[0, 2, 1, 3, 3, 1, 0, 0, 2, 1, 1, 0, 2, 0, 0, 1, 1, 2, 1, 3, 0, 0, 3, 0, 3, 0, 2, 0, 0, 1, 1, 1, 0, 2, 1, 1, 0, 3, 0, 3, 1, 0, 2, 2, 3, 1, 3, 0, 2, 1, 1, 0, 1, 0, 0, 1, 0, 1, 1, 1, 1, 0, 1, 0, 1, 0, 0, 1, 0, 1, 0, 0, 2, 0, 3, 2]",4.934908640626038,0.8343099857424124
50,"[-6.744680973495116, -6.394965831534835, -8.713019296584557, -8.101567585832829]","[0.35513718676082195, 0.5038201193764523, 0.049608680738984355, 0.09143401312374139]","[1, 3, 0, 2, 1, 1, 1, 3, 3, 0, 2, 0, 1, 0, 0, 2, 0, 0, 0, 0, 0, 0, 1, 0, 0, 1, 1, 0, 0, 1, 1, 1, 1, 1, 1, 2, 3, 0, 1, 3, 0, 0, 0, 1, 2, 1, 0, 1, 1, 3, 0, 0, 0, 0, 1, 3, 0, 2, 2, 1, 1, 1, 0, 2, 1, 1, 1, 1, 1, 1, 0, 3, 0, 1, 0, 1]",5.240449529904214,0.9212096398293229
51,"[-22.79402037090577, -21.63627071438142, -26.32942945422291, -26.617776565596422]","[0.23619692772423975, 0.7517588190111828, 0.006884391951130286, 0.005159861313447162]","[2, 3, 0, 1, 1, 1, 1, 1, 0, 0, 0, 0, 1, 1, 1, 0, 1, 1, 1, 1, 1, 1, 1, 1, 1, 1, 1, 0, 1, 1, 1, 0, 1, 0, 1, 1, 1, 3, 1, 1, 0, 0, 1, 1, 1, 1, 1, 0, 1, 1, 1, 1, 1, 1, 0, 1, 1, 1, 1, 0, 1, 1, 1, 1, 0, 1, 1, 1, 1, 1, 1, 1, 1, 0, 1, 1]",4.324447072110154,1.306958845420686
52,"[-8.327209130323617, -8.14099507543028, -10.418607351501688, -10.07556173622142]","[0.3996395461188292, 0.48143780856265844, 0.04936120466346165, 0.0695614406550507]","[1, 0, 3, 2, 0, 0, 1, 0, 1, 3, 0, 1, 3, 1, 2, 2, 3, 3, 0, 1, 1, 1, 0, 0, 1, 2, 0, 1, 1, 1, 0, 3, 0, 1, 1, 0, 2, 1, 0, 1, 3, 1, 3, 0, 0, 0, 0, 0, 3, 3, 1, 1, 1, 1, 0, 1, 3, 1, 2, 3, 3, 1, 1, 1, 0, 1, 0, 1, 3, 1, 1, 2, 0, 2, 1, 0]",5.227550982294214,1.0028841463152451
53,"[-11.01473477174067, -11.06592386286637, -12.735255466840758, -12.838198083892596]","[0.43657874922079426, 0.4147930322948131, 0.0781357793714679, 0.07049243911292466]","[1, 3, 2, 0, 0, 0, 0, 0, 1, 0, 1, 0, 0, 1, 2, 1, 2, 2, 3, 2, 1, 0, 0, 3, 0, 3, 3, 0, 0, 2, 0, 2, 0, 3, 0, 1, 1, 0, 3, 0, 2, 1, 0, 1, 1, 0, 0, 1, 1, 1, 1, 1, 1, 1, 3, 0, 0, 0, 2, 1, 1, 0, 0, 0, 0, 1, 1, 1, 1, 2, 0, 0, 1, 0, 0, 0]",5.337660219227209,1.0908548601176922
54,"[-15.355326753712664, -14.50330654758389, -17.221369576209334, -17.727010068100782]","[0.27836261264785084, 0.6525872403339982, 0.0430723734045526, 0.025977773613598446]","[3, 2, 0, 1, 1, 0, 0, 0, 1, 1, 1, 0, 0, 3, 0, 1, 0, 1, 1, 1, 1, 0, 3, 2, 3, 0, 1, 1, 0, 3, 1, 1, 3, 1, 0, 1, 2, 1, 1, 0, 1, 1, 2, 1, 1, 1, 1, 1, 1, 1, 1, 1, 0, 1, 0, 1, 1, 1, 1, 1, 0, 1, 1, 0, 1, 1, 0, 1, 1, 1, 0, 0, 1, 3, 1, 1]",4.396785950971464,1.1953033889928613
55,"[-9.11770327161624, -8.544107915101947, -11.495135131105865, -10.566278298795845]","[0.3223384345567238, 0.5720334044713008, 0.029909321064290728, 0.07571883990768473]","[1, 3, 2, 0, 1, 0, 0, 1, 0, 0, 1, 0, 0, 1, 3, 0, 3, 1, 0, 1, 2, 3, 0, 3, 1, 1, 3, 0, 0, 1, 2, 2, 0, 0, 1, 1, 1, 3, 1, 0, 1, 0, 1, 1, 1, 1, 0, 1, 3, 1, 0, 0, 0, 1, 0, 3, 2, 0, 0, 1, 1, 3, 0, 1, 1, 1, 1, 0, 1, 0, 1, 1, 0, 1, 0, 1]",4.891232531210072,1.0219647074425957
56,"[-5.785188239745894, -5.30094131554181, -7.313327971710583, -6.998727395455222]","[0.3187723462685668, 0.5173523260672488, 0.06915410831527088, 0.09472121934891356]","[3, 2, 1, 0, 0, 1, 0, 0, 1, 1, 0, 3, 3, 1, 2, 0, 1, 2, 1, 1, 1, 3, 0, 3, 3, 1, 1, 1, 1, 0, 1, 1, 0, 3, 1, 1, 0, 1, 1, 1, 1, 2, 3, 0, 3, 2, 0, 0, 1, 3, 1, 3, 1, 0, 0, 3, 3, 1, 0, 1, 1, 1, 3, 1, 1, 0, 1, 1, 2, 1, 0, 0, 0, 2, 0, 0]",4.871589431126662,0.8500324096809049
57,"[-5.8117432491524, -6.1458202895842895, -7.261024599223193, -7.308846322064465]","[0.45987265470523364, 0.3292681858041418, 0.10795001149965634, 0.10290914799096813]","[1, 0, 2, 3, 3, 1, 2, 1, 1, 0, 2, 0, 0, 1, 1, 1, 0, 3, 2, 0, 1, 0, 0, 2, 1, 2, 1, 0, 1, 0, 1, 0, 0, 0, 0, 3, 2, 1, 3, 3, 1, 2, 1, 0, 0, 2, 1, 0, 0, 0, 0, 1, 1, 3, 1, 0, 3, 3, 0, 0, 0, 0, 0, 3, 0, 0, 0, 1, 0, 0, 1, 0, 2, 0, 0, 0]",5.097952768651376,0.8666443334421144
58,"[-5.104337445845939, -5.164255247304322, -6.552453831787105, -6.498409786776307]","[0.41238515674621523, 0.388401639536397, 0.09691568494963822, 0.10229751876774945]","[0, 1, 3, 2, 0, 1, 1, 1, 1, 0, 3, 3, 0, 2, 0, 3, 1, 2, 1, 2, 1, 2, 1, 3, 1, 3, 0, 0, 3, 2, 0, 1, 1, 0, 1, 0, 0, 3, 1, 0, 1, 0, 0, 1, 3, 0, 0, 2, 1, 0, 1, 2, 1, 1, 0, 0, 1, 1, 0, 3, 1, 0, 1, 0, 1, 3, 0, 1, 3, 1, 1, 0, 0, 1, 0, 3]",4.824994402640465,0.8136099236835037
59,"[-10.69106324291365, -10.352237502298866, -12.874100523649616, -12.85477296693423]","[0.3800987027495508, 0.5333920480986903, 0.04283663448279017, 0.04367261466896882]","[2, 0, 1, 3, 1, 0, 0, 0, 1, 0, 0, 1, 1, 0, 1, 2, 0, 1, 3, 0, 1, 0, 0, 2, 0, 0, 1, 1, 0, 1, 0, 1, 0, 0, 3, 0, 3, 1, 1, 3, 1, 0, 1, 1, 1, 1, 2, 1, 0, 1, 1, 0, 0, 1, 3, 1, 0, 0, 0, 1, 1, 0, 1, 0, 0, 1, 1, 1, 1, 1, 0, 1, 2, 1, 0, 0]",5.0429356284671085,1.0868842448481886
60,"[-11.42862890644459, -11.199773041329975, -14.86436241696303, -14.135821555880275]","[0.4244326401822468, 0.5335800881814288, 0.01366748702248615, 0.028319784613838276]","[3, 1, 0, 2, 0, 1, 1, 0, 1, 1, 0, 1, 1, 1, 1, 1, 1, 1, 1, 0, 3, 1, 0, 1, 1, 1, 3, 0, 1, 0, 1, 1, 1, 0, 0, 0, 1, 0, 1, 1, 1, 0, 1, 1, 1, 0, 0, 0, 0, 1, 1, 0, 0, 0, 0, 0, 1, 1, 0, 1, 3, 1, 0, 2, 1, 0, 0, 1, 0, 1, 1, 1, 1, 1, 1, 1]",4.988975235656933,1.1132209248436353
61,"[-14.122534609053933, -13.77627246362735, -18.993244647556068, -15.701103586280293]","[0.3805593299229946, 0.5380245745836293, 0.0029180980544836676, 0.07849799743889235]","[3, 0, 1, 2, 1, 0, 0, 0, 0, 0, 0, 0, 0, 0, 0, 0, 1, 1, 0, 0, 0, 1, 1, 1, 1, 3, 0, 0, 3, 1, 0, 1, 1, 1, 1, 1, 1, 0, 0, 1, 3, 1, 0, 1, 0, 0, 3, 0, 1, 1, 1, 0, 1, 0, 1, 1, 2, 0, 0, 1, 1, 1, 1, 3, 1, 0, 1, 1, 0, 0, 0, 0, 0, 1, 1, 1]",5.427489660588455,1.1652301878971747
62,"[-6.52800314496743, -7.053573347535323, -8.393441432289492, -8.235075006508616]","[0.5188221789640015, 0.3067370909673544, 0.08032837450110904, 0.09411235556753507]","[2, 3, 0, 1, 1, 0, 0, 0, 1, 0, 0, 0, 0, 1, 2, 1, 2, 2, 0, 0, 0, 0, 0, 3, 0, 0, 0, 0, 3, 2, 1, 1, 0, 2, 0, 3, 0, 0, 0, 0, 0, 3, 1, 0, 0, 0, 0, 0, 0, 0, 3, 1, 0, 3, 0, 1, 1, 1, 0, 0, 3, 0, 1, 0, 1, 0, 2, 0, 3, 0, 0, 0, 3, 0, 1, 0]",5.469244324361302,0.9329794372445728
63,"[-3.298130052450034, -2.986553628447959, -3.894974415751693, -3.8480200978355565]","[0.2862757445050851, 0.39093132765415717, 0.15760802948870792, 0.16518489835204975]","[0, 3, 1, 2, 0, 1, 1, 0, 2, 1, 3, 1, 2, 0, 1, 0, 3, 1, 2, 1, 2, 3, 3, 1, 2, 1, 0, 2, 3, 0, 1, 1, 0, 1, 2, 2, 0, 2, 0, 0, 3, 1, 0, 3, 1, 2, 1, 1, 1, 1, 2, 1, 0, 0, 1, 0, 0, 1, 2, 0, 1, 0, 1, 1, 1, 0, 0, 1, 1, 1, 2, 0, 1, 1, 3, 1]",5.00349726363667,0.5462025650700142
64,"[-6.720316596123417, -5.513841299812909, -8.407268766924743, -8.273575462133703]","[0.21104501568554276, 0.7052460517613263, 0.03906079522878962, 0.04464813732434141]","[3, 2, 1, 0, 0, 1, 1, 1, 1, 0, 1, 0, 1, 0, 0, 0, 2, 0, 3, 2, 3, 1, 1, 2, 3, 0, 1, 2, 1, 1, 1, 1, 1, 1, 1, 0, 1, 1, 1, 3, 0, 1, 3, 0, 1, 0, 1, 1, 3, 1, 1, 1, 1, 1, 0, 1, 0, 1, 1, 1, 1, 1, 1, 1, 0, 1, 1, 0, 0, 1, 1, 0, 3, 1, 1, 1]",5.11736518455612,0.9159985416209386
65,"[-4.179891324600697, -3.711250685966206, -5.884755165638204, -5.864969743493317]","[0.33726269914004847, 0.5388853222065504, 0.06131339339033588, 0.06253858526306519]","[2, 3, 0, 1, 1, 2, 0, 0, 0, 0, 0, 2, 0, 0, 3, 2, 1, 0, 3, 3, 2, 1, 0, 3, 1, 1, 0, 0, 1, 0, 1, 0, 0, 0, 1, 0, 3, 0, 1, 0, 1, 0, 1, 1, 1, 0, 1, 0, 0, 0, 1, 2, 3, 0, 1, 1, 1, 0, 1, 2, 1, 1, 1, 0, 1, 3, 1, 1, 0, 1, 1, 0, 2, 1, 1, 3]",4.485182161772919,0.7622771298572333
66,"[-9.512422830427871, -10.486826537785403, -13.323991318624856, -13.00848001246234]","[0.6993752899115003, 0.2639563599435167, 0.015465612414704418, 0.02120273773027869]","[2, 0, 3, 1, 1, 1, 0, 0, 0, 1, 0, 3, 1, 0, 0, 0, 3, 1, 0, 3, 2, 0, 0, 3, 0, 2, 0, 0, 0, 3, 2, 0, 0, 0, 0, 0, 0, 0, 0, 2, 1, 1, 0, 0, 0, 0, 0, 2, 1, 1, 0, 0, 0, 0, 0, 0, 0, 1, 0, 0, 0, 0, 0, 0, 0, 0, 1, 0, 1, 1, 0, 0, 2, 0, 0, 0]",5.232713844396131,1.076245887032092
67,"[-4.894777786310407, -4.448694154883548, -6.70287499983743, -6.07610174255372]","[0.32970437346855996, 0.5150582733563057, 0.05406025195308251, 0.1011771012220518]","[0, 3, 1, 2, 0, 1, 3, 1, 1, 1, 0, 1, 3, 0, 1, 2, 3, 0, 2, 2, 1, 2, 1, 3, 3, 3, 0, 1, 1, 2, 0, 1, 2, 1, 1, 1, 1, 1, 1, 3, 1, 0, 1, 0, 1, 0, 0, 3, 0, 0, 1, 1, 3, 1, 2, 0, 3, 3, 1, 0, 1, 1, 0, 1, 3, 0, 1, 1, 3, 1, 0, 1, 0, 0, 0, 0]",4.622377737231831,0.8108836180236803
68,"[-5.569457678945194, -5.420728071842132, -7.625399507157572, -7.223976959542448]","[0.4033046160316657, 0.4679782191558863, 0.05161179952205909, 0.07710536529038892]","[2, 1, 3, 0, 0, 3, 0, 0, 0, 3, 1, 1, 1, 1, 3, 1, 1, 0, 0, 3, 0, 0, 1, 1, 3, 0, 3, 1, 2, 1, 0, 1, 0, 1, 0, 3, 3, 2, 0, 1, 1, 1, 1, 0, 1, 1, 1, 0, 1, 0, 1, 1, 1, 0, 0, 2, 1, 0, 1, 2, 1, 1, 0, 0, 0, 1, 1, 0, 0, 1, 0, 1, 1, 1, 3, 3]",4.586973994070672,0.8681091457383023
69,"[-9.985257136558422, -9.988990432629949, -13.098144659103838, -13.91256505671635]","[0.4853326067752962, 0.4835240944175894, 0.021583883901004998, 0.009559414906109297]","[3, 2, 0, 1, 1, 0, 3, 0, 0, 0, 1, 1, 1, 0, 1, 3, 1, 0, 1, 3, 1, 2, 0, 0, 2, 1, 0, 1, 0, 0, 1, 0, 3, 0, 1, 2, 0, 0, 0, 1, 0, 0, 0, 0, 0, 0, 1, 0, 1, 0, 1, 1, 1, 0, 1, 0, 0, 0, 0, 0, 2, 0, 1, 1, 1, 2, 1, 1, 0, 1, 1, 0, 1, 2, 0, 0]",6.090868062903832,1.072713817108001
70,"[-2.978362860933426, -2.9196054801117026, -3.828723793891765, -3.807714994763961]","[0.3419843426949925, 0.3626805195267329, 0.14611646679325732, 0.14921867098501723]","[0, 3, 1, 2, 1, 3, 1, 3, 3, 2, 0, 1, 0, 0, 2, 3, 1, 1, 1, 0, 2, 0, 2, 2, 1, 1, 2, 2, 2, 3, 3, 0, 1, 2, 2, 1, 1, 0, 1, 0, 1, 0, 1, 3, 1, 1, 2, 0, 1, 2, 0, 3, 1, 0, 1, 3, 1, 0, 1, 2, 2, 1, 3, 1, 1, 3, 3, 3, 1, 0, 0, 1, 1, 0, 0, 2]",4.9366052846965,0.54695738900971
71,"[-12.394314281585086, -11.526853421839094, -15.312504827698332, -16.494422302611568]","[0.28973245336131603, 0.6898117831081557, 0.01565464027788932, 0.004801123252638938]","[0, 2, 1, 3, 1, 1, 0, 0, 0, 1, 0, 1, 0, 0, 0, 0, 0, 0, 1, 1, 0, 1, 0, 0, 0, 1, 0, 1, 0, 1, 1, 1, 0, 1, 0, 1, 1, 0, 0, 1, 0, 1, 1, 1, 1, 2, 0, 1, 1, 1, 0, 2, 1, 0, 1, 1, 1, 1, 1, 1, 0, 1, 0, 0, 1, 0, 0, 1, 1, 1, 1, 0, 0, 1, 1, 1]",5.611718924438867,1.125947162014242
72,"[-7.9442021489011205, -7.9937773271961134, -10.646036442046569, -9.96792382754252]","[0.4649262764582535, 0.4424394723630131, 0.03118834772237275, 0.061445903456360654]","[0, 1, 3, 2, 1, 0, 0, 0, 0, 0, 0, 1, 0, 1, 3, 0, 1, 0, 0, 1, 3, 0, 3, 0, 0, 0, 1, 1, 3, 0, 0, 1, 0, 0, 1, 0, 0, 1, 0, 1, 0, 0, 0, 0, 1, 1, 0, 1, 1, 0, 0, 1, 0, 1, 1, 0, 0, 3, 1, 0, 2, 0, 1, 1, 1, 0, 0, 1, 0, 0, 1, 1, 1, 0, 0, 0]",4.716075161773929,1.0098454631688072
73,"[-14.621206373120236, -13.496126805447252, -19.721211650247376, -20.66532005609563]","[0.2445627321072174, 0.7533661892639393, 0.0014910291286567552, 0.0005800495001866032]","[0, 2, 1, 3, 0, 1, 1, 1, 1, 1, 0, 1, 1, 1, 1, 1, 1, 1, 1, 1, 0, 1, 1, 1, 1, 1, 1, 1, 0, 1, 1, 0, 1, 1, 1, 1, 1, 1, 1, 1, 1, 1, 1, 1, 0, 1, 1, 0, 1, 0, 1, 1, 1, 0, 0, 1, 1, 1, 1, 1, 0, 0, 0, 1, 1, 1, 0, 1, 1, 0, 0, 1, 1, 1, 1, 1]",4.842397918115219,1.1858118517478446
74,"[-20.422420541927078, -18.235776936128318, -28.13569913302282, -28.904759827321293]","[0.10094966134706346, 0.8989843228535126, 4.510976211571353e-05, 2.0906037308264835e-05]","[2, 0, 1, 3, 0, 0, 0, 0, 1, 0, 0, 0, 0, 0, 1, 1, 1, 1, 1, 0, 1, 0, 1, 0, 1, 1, 1, 1, 1, 1, 1, 1, 1, 1, 1, 1, 1, 1, 0, 1, 1, 1, 1, 1, 1, 1, 1, 1, 1, 1, 1, 1, 1, 1, 1, 1, 1, 1, 1, 1, 1, 1, 1, 1, 1, 1, 0, 1, 1, 1, 1, 1, 1, 1, 1, 1]",5.2619231686730865,1.262622753261238
75,"[-3.370057347250807, -3.7752891374764865, -5.690485607691152, -5.486396882548888]","[0.5303561140379058, 0.3536532466933858, 0.05209768081974994, 0.06389295844895838]","[1, 0, 2, 3, 0, 0, 1, 2, 3, 0, 2, 1, 1, 2, 1, 3, 3, 0, 0, 2, 3, 0, 1, 1, 3, 0, 1, 0, 0, 0, 1, 0, 3, 0, 0, 0, 1, 2, 0, 1, 1, 1, 1, 1, 0, 1, 0, 0, 1, 1, 0, 0, 0, 0, 1, 0, 0, 0, 1, 1, 1, 0, 1, 1, 0, 0, 0, 0, 2, 0, 1, 1, 1, 1, 1, 1]",4.58699840752843,0.7307390739497108
76,"[-10.81557110032436, -11.498098194102269, -16.39913722306884, -14.80464822902933]","[0.6546155132388591, 0.3308023168206648, 0.0024607887726730794, 0.012121381167802849]","[2, 0, 3, 1, 1, 0, 0, 1, 1, 1, 0, 0, 1, 1, 1, 0, 1, 1, 1, 1, 1, 0, 0, 0, 1, 0, 0, 1, 0, 0, 0, 0, 0, 0, 0, 0, 0, 1, 0, 0, 0, 0, 0, 1, 1, 1, 0, 0, 0, 1, 0, 0, 0, 1, 0, 0, 0, 1, 0, 0, 1, 0, 0, 0, 0, 1, 0, 0, 1, 0, 0, 1, 0, 0, 0, 0]",5.4439518753475316,1.1262287575925096
77,"[-7.094905177873796, -5.692717540372183, -8.386953903313008, -8.743891308094435]","[0.18079804979008313, 0.7347779162861918, 0.049666563291769446, 0.03475747063195565]","[0, 1, 3, 2, 0, 3, 0, 3, 1, 0, 1, 1, 1, 1, 3, 1, 1, 1, 3, 3, 0, 0, 0, 1, 1, 1, 1, 1, 1, 1, 1, 1, 1, 1, 1, 1, 1, 1, 1, 1, 1, 1, 1, 1, 1, 1, 1, 1, 1, 3, 1, 1, 1, 1, 1, 2, 1, 1, 1, 1, 0, 3, 0, 2, 1, 1, 1, 0, 1, 0, 1, 1, 1, 1, 0, 0]",4.993974221943721,0.9483539228128713
78,"[-8.820694246518348, -6.402490604127266, -11.315209911324152, -9.607202487530005]","[0.07834752801964912, 0.8795039542713838, 0.006466524243873726, 0.03568199346509331]","[1, 3, 0, 2, 1, 3, 3, 3, 1, 1, 1, 3, 3, 1, 1, 1, 1, 1, 1, 1, 1, 1, 1, 1, 1, 1, 1, 1, 1, 3, 1, 1, 3, 1, 1, 1, 1, 1, 1, 1, 1, 1, 1, 1, 1, 3, 1, 1, 1, 1, 1, 1, 1, 1, 1, 1, 1, 0, 1, 1, 1, 1, 1, 1, 1, 1, 1, 1, 1, 3, 3, 1, 1, 1, 1, 0]",4.748110936879418,1.0277026748649831
79,"[-9.19969073404124, -8.828154061902552, -8.810367795083296, -8.073350921748172]","[0.1426474781331118, 0.20683328265152823, 0.21054498542214017, 0.4399742537932198]","[2, 1, 0, 3, 3, 3, 3, 1, 1, 1, 3, 1, 3, 3, 1, 3, 2, 0, 2, 2, 3, 3, 0, 3, 1, 1, 3, 1, 2, 0, 3, 1, 3, 0, 0, 2, 1, 2, 3, 2, 3, 3, 1, 0, 3, 2, 1, 2, 3, 1, 1, 2, 3, 3, 3, 3, 1, 1, 2, 1, 3, 1, 0, 2, 1, 1, 3, 3, 3, 3, 3, 0, 2, 3, 3, 3]",5.084958142232248,1.0875737023781766
