Vehicle_label,Utilities,Probabilities,Routes_taken,Gamma,Eta
0,"[-7.330161935126881, -6.856100065355917, -6.8474716675938865, -6.048901977504859]","[0.1277447802120804, 0.20522280418408992, 0.20700120952938217, 0.46003120607444753]","[1, 2, 0, 3, 2, 0, 3, 0, 3, 3, 3, 3, 3, 2, 1, 1, 0, 0, 2, 1, 2, 1, 3, 2, 2, 0, 3, 3, 3, 0, 3, 3, 3, 2, 2, 2, 3, 1]",5.841593262472666,1.044274977745893
1,"[-7.69269599004899, -8.013703423079331, -7.843591930715654, -6.807995436848789]","[0.1996959037728588, 0.14486297494943168, 0.17172593204704656, 0.48371518923066287]","[3, 2, 1, 0, 3, 3, 1, 1, 1, 1, 2, 3, 0, 3, 2, 1, 2, 3, 3, 1, 3, 2, 0, 3, 3, 2, 3, 3, 3, 2, 3, 3, 2, 1, 0, 3, 3, 3]",4.949067687813256,1.097659621398881
2,"[-21.415236976125524, -19.06126353402965, -18.36182532236579, -15.275638899050318]","[0.002013766443009826, 0.02119955652738494, 0.04266668797235502, 0.9341199890572504]","[3, 0, 1, 2, 3, 3, 3, 3, 2, 3, 3, 3, 3, 3, 3, 3, 3, 3, 3, 3, 3, 3, 2, 3, 3, 3, 3, 3, 3, 3, 3, 3, 3, 3, 3, 3, 3, 3]",5.274498702340537,1.346454465650004
3,"[-8.567518115254376, -8.01014551851485, -7.864378399224533, -6.917158568060968]","[0.10025046185488395, 0.17504520764231024, 0.20251447981250853, 0.5221898506902973]","[3, 1, 0, 2, 3, 0, 1, 3, 3, 1, 0, 3, 2, 1, 0, 2, 3, 1, 2, 2, 0, 0, 3, 3, 1, 3, 0, 1, 3, 1, 3, 3, 0, 1, 3, 3, 3, 3]",4.804342932731776,1.0996838998153804
4,"[-45.48261759849528, -38.28873596752653, -35.3027681484635, -26.86478300073117]","[8.208776119475204e-09, 1.0928020649379174e-05, 0.00021643667522568225, 0.9997726270953489]","[3, 0, 1, 2, 3, 3, 3, 3, 3, 3, 3, 3, 3, 3, 3, 3, 3, 3, 3, 3, 3, 3, 3, 3, 3, 3, 3, 3, 3, 3, 3, 3, 3, 3, 3, 3, 3, 3]",4.635524346362221,1.5143669701413085
5,"[-3.3416411541161715, -3.2778978329825175, -3.246496442660962, -3.0964266141067607]","[0.22504619014115324, 0.23985845818049234, 0.24750985072031118, 0.28758550095804336]","[0, 3, 1, 2, 2, 1, 2, 1, 1, 2, 0, 0, 0, 2, 1, 3, 0, 3, 3, 1, 3, 2, 3, 0, 2, 1, 2, 2, 2, 1, 3, 3, 0, 0, 0, 2, 0, 3]",4.778734833043176,0.7749425147553679
6,"[-9.413767214835907, -8.837413387832852, -8.573459864299322, -7.555518675080884]","[0.08688767039834296, 0.15461991846472156, 0.20132559842279332, 0.5571668127141421]","[3, 1, 2, 0, 3, 0, 1, 2, 3, 3, 3, 1, 3, 1, 1, 3, 3, 2, 0, 1, 0, 3, 3, 3, 2, 3, 3, 2, 3, 0, 3, 2, 2, 3, 1, 3, 2, 2]",5.372947968101919,1.1167124040253122
7,"[-13.75771381066292, -13.42333332360924, -13.009655758905762, -10.997647656650765]","[0.0492347547470383, 0.06878462584881899, 0.10402776380441406, 0.7779528555997287]","[3, 0, 2, 1, 3, 3, 3, 2, 3, 3, 0, 3, 3, 1, 3, 1, 2, 1, 3, 2, 1, 2, 3, 3, 3, 3, 3, 3, 2, 3, 3, 3, 3, 3, 3, 1, 2, 3]",5.172127722749142,1.2392278694864354
8,"[-9.24667750138078, -9.304167027793286, -9.132399562189104, -8.041528988016877]","[0.15619020560399258, 0.14746413664513483, 0.175099164974548, 0.5212464927763245]","[2, 1, 3, 0, 3, 1, 3, 3, 3, 2, 2, 0, 2, 0, 1, 3, 3, 3, 3, 2, 3, 3, 3, 2, 3, 3, 3, 3, 3, 3, 1, 1, 3, 3, 2, 0, 2, 3]",5.558987222155609,1.1322732827537128
9,"[-2.838678871501716, -2.7882755101025163, -2.780235232030609, -2.691626348264332]","[0.2341758447525065, 0.24628161752322283, 0.24826977215965135, 0.2712727655646194]","[1, 3, 0, 2, 3, 1, 0, 1, 1, 2, 2, 0, 3, 0, 3, 2, 3, 3, 2, 1, 0, 1, 3, 1, 3, 2, 0, 3, 0, 0, 0, 2, 0, 1, 2, 3, 3, 2]",5.912162767219718,0.6975183037530062
10,"[-7.044587444114804, -6.627159494351054, -6.561840186164481, -5.964032447380954]","[0.14114551961860392, 0.2142662417286569, 0.22872917692120864, 0.4158590617315307]","[3, 1, 0, 2, 3, 2, 0, 3, 3, 1, 1, 3, 3, 1, 1, 0, 0, 2, 3, 2, 1, 3, 2, 1, 3, 1, 3, 3, 0, 2, 1, 1, 0, 2, 3, 2, 1, 0]",4.733695211957599,1.0376829467579642
11,"[-3.2603280955032687, -3.2063385112015492, -3.183440093628403, -3.051494752469953]","[0.22895689520975124, 0.24165796040161566, 0.24725538681619824, 0.2821297575724348]","[0, 2, 3, 1, 0, 3, 2, 3, 0, 2, 3, 1, 2, 1, 2, 3, 1, 3, 3, 1, 0, 1, 2, 2, 1, 0, 2, 0, 0, 1, 1, 2, 3, 0, 2, 0, 3, 3]",5.713941692794429,0.758783718028345
12,"[-15.725363241099254, -14.219050831596082, -14.658564154973272, -12.393551612904961]","[0.02746865408221767, 0.12388551989246223, 0.07982562666998567, 0.7688201993553344]","[3, 0, 1, 2, 3, 3, 1, 3, 3, 3, 3, 2, 3, 3, 2, 3, 2, 3, 3, 3, 2, 0, 3, 3, 3, 3, 3, 2, 1, 3, 3, 3, 3, 2, 3, 0, 3, 3]",5.213229492069826,1.2655643262637928
13,"[-2.983361782440857, -2.9220661181356835, -2.9120722446040954, -2.7953888416433035]","[0.2302075494050186, 0.2447597103129013, 0.24721807171867177, 0.2778146685634083]","[2, 1, 3, 0, 0, 2, 3, 1, 1, 0, 2, 2, 3, 0, 0, 0, 1, 3, 3, 1, 2, 1, 1, 0, 1, 3, 1, 1, 0, 1, 0, 1, 0, 2, 1, 3, 0, 3]",4.17315394841137,0.7281008612596565
14,"[-10.552762012243079, -9.788122195248112, -9.593736962471585, -8.576145584857747]","[0.07706743030185449, 0.16555783232991614, 0.2010805967639436, 0.5562941406042857]","[3, 2, 0, 1, 3, 3, 1, 1, 3, 2, 3, 0, 2, 1, 3, 3, 2, 2, 2, 2, 0, 1, 2, 3, 2, 0, 2, 1, 2, 2, 0, 3, 3, 0, 3, 3, 1, 2]",5.378309691648034,1.1437894501607275
15,"[-6.186857743954473, -5.938702423970932, -5.886764787981397, -5.488456902192]","[0.17723651332772988, 0.2271567695971156, 0.23926650875694733, 0.3563402083182072]","[2, 1, 3, 0, 2, 2, 1, 0, 3, 3, 3, 3, 0, 1, 1, 0, 1, 2, 3, 3, 3, 2, 0, 2, 3, 1, 3, 1, 1, 3, 0, 3, 2, 0, 3, 2, 0, 2]",5.751437086552838,0.9858869952014944
16,"[-10.48644186790218, -10.433517610167033, -10.462407958713866, -9.216145547849498]","[0.1505891944091919, 0.15877368448578666, 0.15425228429335847, 0.5363848368116629]","[2, 0, 3, 1, 3, 3, 3, 3, 2, 3, 1, 0, 3, 1, 3, 0, 3, 3, 3, 2, 3, 1, 1, 2, 3, 3, 2, 3, 3, 3, 1, 2, 2, 2, 3, 3, 3, 3]",5.767749466623019,1.1562114419141023
17,"[-17.566180485029147, -16.375897424208084, -16.31170902175225, -13.970577947851044]","[0.022608247989185565, 0.07433618578113688, 0.07926417477270808, 0.8237913914569696]","[3, 0, 2, 1, 2, 3, 3, 3, 3, 3, 2, 3, 3, 1, 3, 0, 3, 3, 1, 3, 1, 3, 3, 3, 2, 3, 2, 2, 3, 1, 0, 3, 3, 1, 3, 3, 3, 3]",4.663733218445767,1.2912857770371116
18,"[-4.622690064498912, -4.5009709286583215, -4.511908239827335, -4.303670506780921]","[0.2163394143291904, 0.24434170424947166, 0.24168382452297338, 0.29763505689836456]","[0, 2, 3, 1, 0, 0, 1, 2, 3, 1, 2, 3, 1, 2, 3, 0, 2, 0, 3, 1, 3, 2, 1, 2, 3, 3, 2, 2, 3, 3, 3, 3, 2, 2, 2, 3, 1, 0]",5.342621790810715,0.8935388274276401
19,"[-12.459311324552967, -12.11223739341332, -12.254056013205155, -11.177535949313025]","[0.13801116440116387, 0.19527494004782178, 0.1694554219169349, 0.49725847363407943]","[3, 0, 1, 2, 0, 3, 3, 2, 3, 1, 3, 1, 1, 1, 1, 0, 2, 2, 3, 1, 1, 2, 3, 3, 1, 1, 3, 3, 3, 2, 3, 3, 3, 0, 2, 3, 1, 3]",5.469756926837857,1.1987020643509363
20,"[-2.4694875463619095, -2.4347923486195304, -2.4512609043805336, -2.40328610102501]","[0.24259245239478827, 0.251156960029662, 0.24705463998839444, 0.25919594758715514]","[1, 2, 0, 3, 0, 3, 3, 3, 2, 0, 0, 1, 0, 3, 2, 0, 0, 2, 1, 0, 2, 1, 1, 3, 1, 2, 1, 0, 1, 1, 3, 2, 3, 3, 3, 3, 3, 0]",4.955335271702575,0.6347996775820022
21,"[-4.54226168622523, -4.367192569394877, -4.419011112983297, -4.259799882430329]","[0.21510522718276087, 0.2562609993909439, 0.24332011215665955, 0.2853136612696357]","[1, 2, 0, 3, 2, 3, 3, 0, 1, 2, 3, 0, 1, 2, 3, 2, 1, 1, 3, 0, 2, 1, 0, 2, 3, 1, 2, 3, 3, 3, 2, 0, 3, 1, 2, 0, 3, 2]",4.587072286659626,0.889248082532185
22,"[-5.01550549311223, -4.840728652538295, -4.914385202343779, -4.675474869271525]","[0.2126582370367139, 0.2532717940062975, 0.23528714148114255, 0.298782827475846]","[3, 0, 2, 1, 3, 3, 1, 3, 2, 0, 0, 1, 3, 2, 0, 0, 2, 0, 2, 3, 3, 1, 3, 3, 3, 1, 1, 2, 3, 0, 3, 1, 3, 1, 0, 1, 1, 2]",4.609689355946254,0.9242244625384456
23,"[-21.494300815409424, -20.762615075439268, -20.57056094813842, -18.409204338976956]","[0.03640752316219247, 0.07567600789401106, 0.09169935091080408, 0.7962171180329923]","[3, 2, 0, 1, 2, 3, 1, 1, 0, 2, 3, 3, 3, 3, 3, 3, 3, 3, 3, 2, 3, 3, 3, 3, 3, 3, 3, 0, 3, 1, 3, 1, 3, 3, 3, 3, 2, 3]",5.336141833535856,1.3291376167910454
24,"[-4.107837286500644, -3.9492923215814995, -4.022028559612875, -3.917783943119437]","[0.22367778725159973, 0.26210666295843854, 0.24371884672719826, 0.27049670306276336]","[1, 2, 3, 0, 0, 1, 0, 2, 1, 2, 3, 0, 0, 3, 3, 0, 2, 3, 1, 3, 1, 2, 3, 3, 3, 3, 3, 2, 0, 3, 0, 3, 3, 3, 0, 2, 0, 0]",5.160123940443351,0.8478918204053101
25,"[-8.138452538926265, -7.642474223874357, -7.916240662408626, -7.381563959056466]","[0.16604197850705302, 0.27265818852214246, 0.20735919177729675, 0.35394064119350777]","[0, 3, 2, 1, 0, 2, 3, 1, 1, 3, 3, 0, 2, 3, 2, 0, 3, 0, 1, 3, 2, 3, 2, 1, 0, 3, 1, 3, 3, 3, 0, 0, 3, 0, 3, 2, 1, 1]",4.736502942936173,1.0762924020333295
26,"[-8.759539158379635, -8.164489913081281, -8.532805764593192, -7.96418983819529]","[0.15916393658497227, 0.28858335337365154, 0.19967042105405422, 0.35258228898732197]","[2, 3, 0, 1, 0, 3, 2, 2, 1, 3, 1, 0, 1, 0, 2, 3, 2, 1, 1, 2, 2, 0, 2, 3, 0, 2, 3, 2, 3, 3, 1, 1, 2, 3, 3, 3, 1, 3]",4.953389167960454,1.091408092467675
27,"[-4.278405467366991, -4.124084805647713, -4.237803953695972, -4.085553278639756]","[0.22619288505198792, 0.2639365598502809, 0.23556564515626924, 0.27430490994146195]","[2, 1, 3, 0, 3, 3, 0, 2, 3, 1, 3, 0, 0, 2, 0, 1, 1, 1, 1, 2, 1, 3, 3, 2, 1, 3, 0, 3, 3, 3, 1, 1, 1, 3, 2, 1, 3, 1]",5.198435559666266,0.8607033667037359
28,"[-15.03750969406613, -13.552872771791254, -14.639876392745757, -13.182478468532452]","[0.07522440150443532, 0.33199256984685205, 0.11195633931323633, 0.4808266893354764]","[1, 2, 0, 3, 3, 1, 3, 1, 1, 2, 3, 3, 2, 2, 0, 1, 3, 3, 2, 2, 1, 3, 3, 1, 2, 3, 3, 2, 0, 3, 3, 0, 3, 0, 1, 1, 3, 1]",4.839143669125896,1.237209870873763
29,"[-3.688316118033211, -3.577433958017652, -3.6388243832437155, -3.575716525382181]","[0.2332533504805824, 0.26060539428864404, 0.24508790417532003, 0.2610533510554536]","[1, 3, 0, 2, 2, 3, 1, 2, 0, 1, 1, 0, 0, 2, 1, 0, 2, 3, 1, 0, 2, 2, 3, 3, 2, 3, 2, 1, 0, 1, 1, 3, 1, 0, 2, 0, 1, 2]",4.318569948902653,0.8102079157872634
30,"[-5.414774977842765, -5.212525941224761, -5.368593854501934, -5.199436986856488]","[0.22164604413357064, 0.2713286319704074, 0.23212193999611883, 0.27490338389990315]","[3, 0, 1, 2, 2, 0, 2, 3, 3, 1, 0, 3, 1, 0, 1, 0, 1, 2, 3, 1, 2, 2, 1, 2, 0, 0, 0, 2, 2, 2, 3, 1, 3, 3, 1, 3, 1, 0]",5.290390073076673,0.9422093046990192
31,"[-3.1826787273498587, -3.1077477616508116, -3.183600586675665, -3.08927736639119]","[0.23953297145699226, 0.25817097028013186, 0.23931225750265575, 0.2629838007602201]","[1, 3, 0, 2, 0, 2, 3, 1, 1, 1, 2, 0, 2, 0, 1, 0, 0, 3, 2, 2, 3, 3, 2, 3, 2, 2, 1, 2, 3, 3, 3, 0, 2, 1, 0, 1, 2, 0]",4.538587473189516,0.7491803475920756
32,"[-11.348670423701119, -10.65812059979007, -11.085231068584937, -10.496515396511999]","[0.15058189313323503, 0.3003825714896911, 0.19596703018408546, 0.35306850519298844]","[3, 2, 1, 0, 2, 1, 1, 1, 2, 3, 1, 2, 3, 3, 3, 2, 3, 2, 3, 0, 0, 3, 0, 3, 0, 1, 2, 1, 3, 0, 3, 0, 3, 0, 3, 2, 3, 3]",4.388963313143967,1.1692048050652506
33,"[-2.35801117747572, -2.3337348158627846, -2.3546760227860344, -2.3327716292019245]","[0.24670190900681035, 0.25276422147711053, 0.24752607162655443, 0.2530077978895246]","[0, 3, 1, 2, 0, 1, 2, 2, 1, 3, 0, 0, 0, 0, 0, 2, 3, 1, 1, 0, 3, 3, 2, 2, 2, 1, 2, 3, 0, 2, 1, 0, 1, 2, 3, 2, 1, 2]",5.156025392318674,0.60926229240909
34,"[-7.556150284274359, -7.2400545741434, -7.596300705962301, -7.110959621020866]","[0.20436548297893367, 0.280340709821605, 0.19632266436569132, 0.31897114283376987]","[1, 2, 3, 0, 3, 1, 1, 1, 0, 3, 3, 2, 3, 3, 3, 1, 1, 2, 0, 0, 0, 1, 2, 2, 1, 2, 0, 2, 3, 1, 2, 3, 1, 3, 0, 1, 1, 2]",4.90540080403859,1.048429110581894
35,"[-5.853629721849378, -5.660169677603701, -5.830940411227965, -5.669760726967035]","[0.2253141362281454, 0.27340538861609154, 0.23048479618588644, 0.2707956789698766]","[1, 3, 2, 0, 1, 2, 1, 0, 3, 1, 1, 3, 2, 2, 3, 3, 2, 0, 3, 0, 3, 2, 2, 0, 0, 2, 1, 0, 3, 0, 3, 3, 3, 2, 3, 0, 1, 2]",5.046694239005046,0.9687546652446728
36,"[-17.142748444888202, -16.315964467154487, -17.702978886741175, -16.160144834771376]","[0.15317606376890855, 0.3501536230258231, 0.08747539567441492, 0.40919491753085346]","[1, 0, 2, 3, 3, 1, 1, 3, 2, 1, 3, 1, 2, 3, 1, 1, 2, 0, 1, 1, 0, 0, 2, 2, 3, 3, 3, 0, 2, 3, 2, 1, 0, 1, 0, 1, 2, 0]",4.545377024172232,1.2762065899908268
37,"[-8.171987756288404, -7.816865798046426, -8.220449988876283, -7.845495314345316]","[0.2098571721784604, 0.29933074274828914, 0.19992952595999505, 0.29088255911325545]","[3, 1, 2, 0, 2, 0, 1, 3, 3, 0, 0, 2, 3, 2, 1, 0, 3, 2, 1, 0, 1, 2, 0, 2, 2, 0, 0, 2, 3, 0, 3, 0, 0, 1, 2, 2, 0, 3]",4.762043345313466,1.0701814461601136
38,"[-5.081607900800176, -4.969516474860859, -5.099764432066771, -5.030872099071103]","[0.24080907959233172, 0.2693726790085553, 0.2364762753855244, 0.25334196601358844]","[0, 3, 2, 1, 3, 2, 2, 0, 0, 3, 3, 1, 3, 0, 0, 2, 0, 1, 2, 1, 1, 3, 2, 3, 0, 2, 3, 0, 0, 3, 1, 2, 1, 1, 3, 0, 1, 2]",5.29524624568168,0.9200077190849236
39,"[-2.7933272432147636, -2.7664274045411426, -2.8043585183789506, -2.75579020427679]","[0.24663681697445267, 0.25336134645617026, 0.2439310498500873, 0.25607078671928984]","[1, 0, 3, 2, 1, 0, 1, 3, 1, 2, 3, 0, 2, 1, 0, 3, 0, 2, 0, 1, 2, 1, 1, 0, 2, 1, 3, 2, 1, 1, 1, 3, 1, 3, 0, 3, 1, 2]",4.46693733225897,0.6927140720592417
40,"[-7.110341852660204, -6.885813778165995, -7.217186330336255, -6.849541416290545]","[0.2248016518511716, 0.28139138813771875, 0.20202147192466804, 0.29178548808644156]","[2, 3, 1, 0, 2, 1, 3, 3, 1, 1, 0, 3, 0, 0, 0, 2, 3, 2, 1, 1, 0, 0, 0, 3, 2, 0, 0, 3, 0, 1, 0, 3, 1, 3, 2, 3, 3, 2]",5.533433660999984,1.022145804391839
41,"[-3.513653744342222, -3.468405954520866, -3.537031330134288, -3.4698809996939333]","[0.24582554158242279, 0.25720408983234755, 0.2401453867346459, 0.2568249818505837]","[3, 2, 1, 0, 2, 1, 1, 2, 3, 3, 0, 3, 2, 0, 3, 1, 2, 2, 0, 0, 0, 2, 2, 0, 1, 2, 3, 2, 1, 3, 2, 2, 1, 1, 3, 3, 2, 3]",5.448755909575214,0.7831507763194954
42,"[-6.087730295463195, -5.945846498033375, -6.200778908703176, -5.933029265287102]","[0.23736850136836493, 0.2735536022967588, 0.21199552764794094, 0.2770823686869353]","[1, 0, 2, 3, 1, 3, 1, 0, 3, 2, 2, 2, 2, 1, 3, 3, 3, 0, 0, 1, 3, 0, 2, 0, 2, 0, 1, 2, 3, 0, 1, 1, 3, 1, 0, 3, 2, 3]",4.9742279288664015,0.980247523555768
43,"[-13.840780485999005, -12.80187443544221, -14.06616696923407, -13.192068510451337]","[0.15296585873609508, 0.432300436562379, 0.12209852096578855, 0.29263518373573744]","[1, 0, 2, 3, 2, 1, 0, 0, 1, 3, 1, 0, 2, 2, 3, 3, 3, 0, 1, 3, 0, 1, 2, 2, 1, 1, 3, 3, 1, 1, 1, 1, 1, 3, 3, 2, 1, 2]",5.549863222660473,1.1968009105852604
44,"[-6.716239291572944, -6.38481700013864, -6.757797789786805, -6.58522652669777]","[0.22260691428640894, 0.3100798333553833, 0.21354530287889825, 0.2537679494793096]","[1, 2, 3, 0, 3, 1, 0, 2, 3, 3, 0, 1, 3, 3, 2, 0, 2, 1, 3, 1, 2, 0, 1, 1, 1, 3, 0, 3, 1, 0, 3, 3, 2, 0, 0, 2, 1, 1]",5.436457018827998,1.0020148921913057
45,"[-4.5636641031156655, -4.456487387906283, -4.604595254820239, -4.524228207147272]","[0.24311675840075403, 0.2706207868459242, 0.23336661303196518, 0.2528958417213565]","[0, 1, 2, 3, 2, 3, 1, 3, 0, 1, 0, 0, 3, 2, 1, 3, 2, 0, 1, 2, 1, 0, 3, 1, 3, 0, 3, 2, 2, 1, 1, 0, 1, 3, 0, 1, 0, 3]",5.634922096300976,0.8783051893274347
46,"[-18.695217007459153, -16.795463452584144, -19.16375218123298, -17.417479530349873]","[0.08404295815641873, 0.5617638858188305, 0.05260403884754232, 0.3015891171772084]","[1, 3, 2, 0, 1, 1, 3, 3, 2, 1, 1, 2, 0, 3, 3, 3, 1, 2, 1, 3, 1, 1, 1, 2, 3, 3, 2, 1, 0, 0, 1, 0, 1, 1, 1, 1, 0, 1]",4.449301041804665,1.2854589689955385
47,"[-7.706876122783812, -7.482615696421302, -7.918779990471433, -7.612407058799037]","[0.24041267291409185, 0.3008516672902189, 0.1945040624616755, 0.2642315973340137]","[1, 2, 0, 3, 2, 1, 1, 3, 1, 2, 3, 1, 3, 2, 2, 3, 0, 0, 0, 2, 2, 2, 3, 0, 2, 2, 2, 2, 1, 3, 1, 2, 3, 3, 1, 1, 0, 3]",5.496839411807973,1.0444888947161013
48,"[-25.004062853470014, -23.04137186984857, -25.32738392292315, -24.2090725693007]","[0.09044357050801737, 0.6438186644758691, 0.06545776048188702, 0.20028000453422642]","[1, 0, 3, 2, 2, 3, 1, 3, 1, 3, 1, 3, 3, 1, 0, 0, 3, 3, 1, 1, 1, 1, 0, 3, 0, 1, 1, 1, 3, 0, 1, 0, 0, 1, 1, 1, 1, 1]",4.5508747151323385,1.3539301526058112
49,"[-2.583032046492392, -2.557017596711227, -2.5999250328389714, -2.5724518976450756]","[0.24874130707575168, 0.2552970779889072, 0.24457461658223761, 0.2513869983531035]","[1, 2, 0, 3, 0, 1, 3, 2, 3, 0, 3, 2, 2, 2, 3, 1, 2, 1, 3, 3, 0, 1, 3, 3, 1, 0, 2, 0, 1, 3, 2, 1, 3, 0, 1, 3, 1, 1]",4.085659200671706,0.656400111270524
50,"[-3.587457715789909, -3.525644464073638, -3.6181210734501033, -3.5526296650838627]","[0.24576018735201524, 0.26143075887134537, 0.23833871987297317, 0.25447033390366613]","[0, 2, 3, 1, 3, 1, 0, 1, 1, 1, 1, 2, 0, 3, 2, 3, 3, 2, 0, 2, 3, 0, 2, 1, 1, 2, 0, 0, 3, 0, 1, 0, 1, 0, 1, 0, 2, 3]",4.934725433389492,0.7927357503704782
51,"[-11.528094182536995, -10.950264518980063, -12.007999394976364, -11.291256797226698]","[0.21421333737979437, 0.3817637972843215, 0.13256422031754825, 0.2714586450183357]","[1, 0, 2, 3, 2, 3, 3, 0, 1, 1, 2, 3, 1, 1, 0, 2, 3, 0, 3, 2, 3, 3, 0, 2, 2, 3, 0, 2, 0, 0, 3, 3, 1, 3, 1, 1, 2, 1]",4.933577911176243,1.15998418665794
52,"[-3.7318932182136253, -3.6643978467006053, -3.769879753733886, -3.704723578843217]","[0.24629975801700568, 0.2634977144596706, 0.23711915704593434, 0.25308337047738944]","[3, 0, 1, 2, 0, 3, 2, 2, 1, 0, 1, 3, 1, 2, 1, 2, 0, 0, 3, 3, 3, 3, 2, 2, 1, 1, 1, 0, 3, 0, 0, 0, 2, 2, 2, 0, 2, 1]",5.021530183816591,0.8077915649381208
53,"[-3.3011591943289273, -3.2571185420923077, -3.3319426816624005, -3.2908655273994114]","[0.24844367644299573, 0.2596298123845811, 0.24091223049981017, 0.25101428067261294]","[1, 2, 3, 0, 3, 2, 3, 0, 1, 1, 3, 2, 2, 3, 0, 0, 0, 1, 1, 2, 1, 3, 2, 3, 2, 2, 2, 3, 3, 3, 3, 0, 3, 3, 0, 0, 0, 3]",5.681685977813965,0.7552649173518929
54,"[-15.20595239919938, -14.025453667719914, -15.701653259649401, -14.971235086878115]","[0.1631403141523028, 0.5311844822006504, 0.09937591625234336, 0.20629928739470343]","[1, 0, 2, 3, 0, 0, 3, 0, 1, 1, 3, 0, 3, 3, 1, 1, 2, 3, 1, 1, 1, 1, 1, 3, 1, 3, 2, 1, 2, 1, 0, 1, 1, 3, 3, 1, 2, 1]",4.639213723863876,1.227333004691043
55,"[-2.697407173417602, -2.661340939376103, -2.7103796847311314, -2.683305266083543]","[0.24764504495334752, 0.2567396880494086, 0.24445321459525107, 0.25116205240199274]","[3, 0, 1, 2, 2, 1, 0, 2, 3, 0, 3, 0, 1, 0, 1, 3, 3, 1, 1, 2, 2, 3, 1, 1, 2, 2, 0, 0, 3, 0, 0, 3, 2, 1, 1, 2, 3, 0]",4.808411187113946,0.6716613246079249
56,"[-11.637491636312431, -11.126553636486552, -12.083933918193406, -11.663896520665515]","[0.23360690742167683, 0.38938860120098195, 0.14948522194492367, 0.22751926943241754]","[1, 3, 0, 2, 2, 1, 3, 1, 0, 1, 3, 2, 3, 1, 0, 0, 3, 2, 1, 0, 0, 1, 2, 0, 0, 0, 3, 0, 1, 2, 2, 1, 3, 1, 3, 3, 0, 1]",5.394529846819539,1.1522382808281046
57,"[-8.513847504150517, -8.09641957932647, -8.753799385259144, -8.524910306591716]","[0.2328985036337931, 0.3535520359989884, 0.1832132675662665, 0.23033619280095194]","[3, 1, 0, 2, 3, 1, 3, 0, 3, 0, 0, 1, 1, 2, 3, 1, 0, 1, 2, 2, 1, 1, 0, 1, 2, 0, 1, 1, 0, 0, 2, 3, 2, 1, 3, 1, 2, 3]",5.19502341610764,1.070465363879039
58,"[-7.848333867151645, -7.520152993386326, -8.085037650251047, -7.778835987958871]","[0.23531433226023726, 0.3267198507708717, 0.18571596215874225, 0.25224985481014867]","[1, 2, 0, 3, 1, 2, 1, 3, 3, 0, 1, 3, 2, 2, 0, 0, 1, 3, 2, 0, 1, 3, 1, 2, 2, 3, 2, 0, 0, 0, 1, 0, 1, 0, 2, 1, 1, 1]",5.132417176770552,1.0461233193741426
59,"[-7.8682543507827845, -7.58755363112308, -8.090267887749622, -7.793352047626416]","[0.23793997359967486, 0.3150461543235263, 0.19056720092602275, 0.2564466711507762]","[2, 1, 0, 3, 1, 1, 1, 0, 1, 0, 0, 0, 1, 3, 2, 3, 1, 3, 2, 2, 3, 2, 0, 3, 2, 1, 3, 0, 1, 0, 1, 2, 3, 2, 1, 1, 1, 2]",4.259368331046173,1.0572810548839815
60,"[-5.372268403708216, -5.237859016111211, -5.488911789314899, -5.379620195917166]","[0.2483584338873264, 0.28408752811240023, 0.22101478838611646, 0.24653924961415685]","[3, 1, 0, 2, 3, 1, 2, 3, 3, 2, 1, 0, 0, 2, 3, 1, 0, 2, 0, 0, 1, 0, 1, 1, 1, 2, 0, 2, 1, 3, 3, 2, 1, 2, 2, 3, 2, 0]",5.532912683188378,0.929909844402693
61,"[-10.851102311703878, -10.371882962899047, -11.37367148218075, -10.75843050494949]","[0.2322928933190251, 0.3751096545753223, 0.13774854373018472, 0.25484890837546775]","[0, 2, 3, 1, 3, 0, 3, 3, 1, 1, 3, 1, 1, 2, 0, 1, 0, 3, 0, 1, 3, 0, 0, 1, 2, 0, 2, 1, 1, 0, 2, 2, 1, 3, 2, 1, 3, 0]",5.89064438821391,1.126480057609783
62,"[-4.82341647488174, -4.746975724187969, -4.9260312044227, -4.81782866828312]","[0.25078267496680356, 0.2707044074017856, 0.22632499510923026, 0.25218792252218064]","[0, 1, 3, 2, 2, 1, 3, 1, 0, 1, 0, 1, 3, 3, 0, 0, 3, 3, 3, 2, 1, 0, 3, 0, 2, 2, 2, 2, 2, 0, 1, 2, 0, 1, 0, 0, 3, 0]",4.883680459118361,0.8979322605433961
63,"[-12.451547374243425, -11.937338500624, -13.03315713056736, -12.583833413796667]","[0.24346283301698238, 0.40714653927970285, 0.13609518601182105, 0.21329544169149375]","[3, 0, 2, 1, 0, 3, 1, 2, 1, 3, 3, 0, 0, 1, 2, 1, 1, 0, 2, 3, 2, 1, 1, 3, 1, 3, 0, 0, 3, 2, 3, 0, 3, 3, 1, 0, 0, 1]",5.442022964385091,1.1681191127290709
64,"[-6.1635679117312305, -5.971207541924946, -6.349474315233091, -6.158998929226817]","[0.24709429521234805, 0.2995047854550713, 0.20517507155501624, 0.24822584777756435]","[1, 2, 3, 0, 0, 0, 3, 0, 2, 1, 0, 1, 3, 1, 0, 3, 1, 3, 3, 2, 0, 2, 3, 1, 0, 0, 1, 1, 1, 1, 3, 2, 3, 1, 2, 3, 0, 1]",5.260077004020008,0.9731794550452152
65,"[-6.0893780571440725, -5.900561384853385, -6.247368881345512, -6.1072234098919855]","[0.24728052899660075, 0.2986702462281303, 0.21114236315970175, 0.24290686161556713]","[3, 2, 1, 0, 2, 1, 0, 3, 3, 2, 0, 1, 2, 3, 0, 0, 0, 1, 1, 2, 0, 0, 1, 3, 0, 0, 2, 2, 0, 2, 3, 0, 0, 3, 2, 3, 0, 1]",5.399869088947289,0.9673273569856008
66,"[-4.337430728735869, -4.250190082473135, -4.423274918306303, -4.339712775821842]","[0.2495871205413364, 0.27233929064644263, 0.22905538843381323, 0.24901820037840766]","[0, 2, 1, 3, 3, 1, 3, 0, 1, 3, 3, 0, 2, 2, 3, 3, 0, 0, 2, 3, 2, 3, 1, 3, 3, 0, 1, 0, 1, 0, 0, 2, 3, 3, 1, 2, 3, 2]",4.171471195059288,0.8655222443195079
67,"[-5.17746438556415, -5.023977964902556, -5.290521959654908, -5.151259825640601]","[0.2447655592542466, 0.28537019638904604, 0.21859993476680034, 0.2512643095899071]","[3, 0, 2, 1, 1, 0, 0, 3, 2, 0, 3, 1, 2, 3, 1, 3, 3, 0, 2, 1, 3, 3, 1, 3, 2, 2, 0, 2, 0, 0, 3, 1, 2, 0, 1, 3, 3, 1]",4.618484452751463,0.9209056852274744
68,"[-18.679132862074866, -17.565057830913638, -19.67562701916417, -18.80704818333177]","[0.18882717009696168, 0.5753089402667247, 0.06970959681119193, 0.16615429282512167]","[0, 1, 3, 2, 1, 1, 1, 3, 3, 0, 1, 2, 1, 2, 1, 3, 3, 2, 2, 1, 1, 1, 1, 3, 0, 1, 1, 0, 0, 2, 3, 1, 3, 1, 1, 0, 1, 1]",5.809822198388863,1.25600513795133
69,"[-4.491609989839509, -4.408006828157, -4.577534068422575, -4.512178057644246]","[0.2509723120587343, 0.2728564367641559, 0.2303082304045235, 0.24586302077258618]","[2, 0, 1, 3, 3, 2, 3, 0, 3, 0, 2, 1, 0, 0, 0, 3, 1, 1, 1, 2, 2, 0, 2, 0, 2, 1, 3, 2, 2, 0, 0, 3, 3, 0, 0, 3, 1, 3]",4.43566376705523,0.8754987768399485
70,"[-24.680884152608666, -22.689522057074722, -26.206419651066337, -25.100402123359626]","[0.10869124342320952, 0.7962182479711959, 0.023640840242055247, 0.07144966836353935]","[3, 2, 0, 1, 3, 1, 1, 0, 0, 1, 1, 0, 3, 1, 1, 3, 1, 1, 1, 2, 3, 1, 0, 1, 2, 1, 1, 1, 1, 1, 3, 3, 1, 1, 1, 1, 1, 1]",4.643037777531293,1.3337044839378294
71,"[-7.11148546386633, -6.895664157128563, -7.31607262988068, -7.109947297201]","[0.2464630292541888, 0.3058311970857043, 0.20086335148010936, 0.24684242217999747]","[0, 1, 3, 2, 3, 1, 3, 2, 3, 0, 1, 1, 3, 1, 2, 0, 1, 2, 2, 1, 1, 3, 3, 3, 3, 0, 3, 0, 1, 1, 2, 2, 1, 0, 0, 1, 1, 3]",5.1298610082451965,1.0141977583732216
72,"[-10.687765039593069, -10.111974763910506, -10.984430839588942, -10.660146367076871]","[0.21978835978182792, 0.3909014014667285, 0.16336701285692462, 0.22594322589451893]","[1, 0, 2, 3, 2, 2, 1, 0, 0, 1, 0, 3, 3, 1, 2, 0, 3, 1, 0, 3, 1, 0, 1, 2, 2, 1, 1, 3, 3, 1, 1, 1, 3, 0, 3, 1, 2, 3]",4.680957857315391,1.130449373799253
73,"[-19.661961916303206, -18.485564057218728, -20.942633165984148, -20.17214173616114]","[0.19527775754510326, 0.6332218291968753, 0.05425806760939182, 0.1172423456486297]","[1, 3, 0, 2, 1, 1, 0, 1, 1, 2, 0, 1, 2, 1, 0, 2, 3, 1, 3, 2, 0, 0, 0, 0, 1, 3, 0, 1, 0, 1, 3, 1, 1, 1, 1, 1, 1, 1]",6.232204307943093,1.2615147299975915
74,"[-7.043790414717874, -6.828588761468794, -7.2554551366588464, -7.043127608967982]","[0.24691291321842354, 0.3061996528980474, 0.1998108111186808, 0.2470766227648483]","[3, 2, 0, 1, 1, 0, 1, 3, 3, 1, 0, 3, 2, 1, 1, 3, 2, 3, 3, 0, 0, 3, 0, 0, 2, 2, 1, 2, 0, 0, 1, 0, 3, 0, 3, 2, 3, 3]",4.3112784895661065,1.0195430088884652
75,"[-13.761580350952764, -12.92603629219589, -14.281179065600387, -13.5648920950525]","[0.19538149457444604, 0.4505630795882412, 0.11620493520102013, 0.23785049063629257]","[1, 0, 2, 3, 1, 1, 0, 1, 1, 3, 3, 0, 0, 1, 2, 0, 3, 3, 3, 1, 1, 0, 3, 3, 3, 2, 1, 2, 0, 1, 0, 1, 2, 0, 3, 1, 1, 3]",5.20093201514591,1.1860137112281373
76,"[-16.245866977004802, -15.322634232595957, -16.316736709371746, -16.191538412741025]","[0.18165864907967763, 0.4573102826248622, 0.16923015276871525, 0.1918009155267448]","[1, 0, 2, 3, 1, 1, 1, 1, 3, 0, 1, 3, 0, 3, 3, 1, 1, 2, 1, 0, 1, 0, 3, 3, 1, 2, 0, 1, 1, 1, 0, 0, 2, 1, 1, 1, 1, 3]",5.124031208087751,1.2286229457794084
77,"[-31.71506556432952, -30.205850441229106, -34.5824992447034, -33.347278769204756]","[0.17314457353316548, 0.7831639443024672, 0.00984233766367645, 0.033849144500690986]","[1, 3, 0, 2, 1, 1, 1, 1, 1, 1, 1, 1, 1, 1, 1, 1, 1, 1, 1, 1, 0, 1, 1, 1, 0, 2, 1, 1, 1, 0, 1, 1, 1, 1, 1, 1, 1, 1]",5.566777322220335,1.377920884140814
78,"[-13.399310037522296, -12.502373704251855, -13.843054697244982, -13.16735273960631]","[0.18674923250800957, 0.4579239157718526, 0.11982376694796877, 0.23550308477216905]","[1, 3, 0, 2, 1, 3, 2, 3, 3, 0, 0, 3, 0, 0, 1, 2, 3, 1, 1, 1, 2, 1, 1, 3, 2, 2, 1, 2, 0, 3, 1, 1, 3, 0, 1, 3, 0, 1]",4.319883370053179,1.190442086796062
79,"[-4.932767020078663, -4.826290024253629, -5.016925900922166, -4.945971007950965]","[0.24884781424857358, 0.2768064478371691, 0.2287621096266655, 0.24558362828759184]","[1, 3, 0, 2, 0, 2, 0, 1, 3, 1, 3, 3, 1, 0, 2, 1, 0, 2, 3, 2, 3, 1, 2, 1, 1, 3, 3, 2, 1, 0, 3, 0, 1, 2, 2, 3, 2, 1]",5.14310770610565,0.899969279873742
