Vehicle_label,Utilities,Probabilities,Routes_taken,Gamma,Eta
0,"[-7.353940947745223, -6.882174084501438, -6.8474716675938865, -6.048901977504859]","[0.12578492378104547, 0.20161105229178725, 0.20873025542726525, 0.463873768499902]","[3, 0, 1, 2, 1, 2, 3, 1, 3, 3, 3, 2, 1, 1, 3, 1, 2, 0, 2, 2, 3, 2, 1, 2, 3, 0, 1, 3, 2, 0, 0, 3, 1, 3, 3, 2, 2, 1, 3, 3, 3, 1, 2, 2, 3, 0, 3, 3, 0]",5.841593262472666,1.044274977745893
1,"[-8.565611808681291, -7.921750868390715, -7.836471041385577, -6.805083617150594]","[0.09265587385958791, 0.17639984932204517, 0.1921032746835239, 0.5388410021348431]","[3, 2, 0, 1, 2, 0, 1, 3, 3, 3, 2, 3, 2, 3, 0, 1, 1, 2, 1, 3, 3, 3, 3, 3, 2, 3, 1, 2, 3, 2, 3, 3, 3, 1, 0, 1, 3, 0, 2, 3, 1, 1, 3, 3, 3, 2, 3, 3, 3]",4.949067687813256,1.097659621398881
2,"[-21.238444200654815, -19.628717644565487, -18.11201923180734, -15.26392360072838]","[0.0023692566501887263, 0.011849703098977017, 0.05400092764818187, 0.9317801126026524]","[2, 0, 1, 3, 3, 3, 3, 3, 3, 3, 3, 3, 3, 3, 3, 3, 3, 3, 3, 3, 3, 3, 3, 3, 3, 3, 2, 3, 3, 3, 3, 3, 3, 3, 3, 3, 3, 3, 3, 3, 3, 3, 3, 3, 3, 3, 3, 3, 3]",5.274498702340537,1.346454465650004
3,"[-8.596769447200213, -7.9579857111006875, -7.8725305949320505, -6.912847289075236]","[0.09667460953012828, 0.18311869233469705, 0.19945520020929494, 0.5207514979258797]","[2, 1, 0, 3, 0, 3, 2, 3, 3, 1, 2, 2, 1, 3, 2, 2, 2, 0, 1, 3, 3, 0, 3, 1, 2, 2, 3, 0, 3, 3, 1, 0, 0, 3, 1, 3, 0, 2, 3, 2, 3, 3, 2, 2, 3, 3, 3, 3, 3]",4.804342932731776,1.0996838998153804
4,"[-43.49896589671597, -35.4257962284147, -34.668131802350544, -26.73907048642802]","[5.2606599504375116e-08, 0.0001687226035189615, 0.0003599338962707093, 0.9994712908936109]","[1, 0, 3, 2, 3, 3, 3, 3, 3, 3, 3, 3, 3, 3, 3, 3, 3, 3, 3, 3, 3, 3, 3, 3, 3, 3, 3, 3, 3, 3, 3, 3, 3, 3, 3, 3, 3, 3, 3, 3, 3, 3, 3, 3, 3, 3, 3, 3, 3]",4.635524346362221,1.5143669701413085
5,"[-3.34785957671606, -3.2566383075678322, -3.242516186762492, -3.09548735484729]","[0.2225348347255509, 0.243789444180342, 0.24725669299157518, 0.28641902810253184]","[1, 3, 0, 2, 0, 1, 3, 3, 3, 2, 1, 1, 0, 0, 3, 0, 3, 3, 1, 1, 3, 0, 1, 3, 3, 2, 3, 1, 3, 3, 2, 3, 3, 2, 2, 1, 2, 3, 0, 2, 3, 2, 0, 3, 1, 1, 3, 1, 0]",4.778734833043176,0.7749425147553679
6,"[-9.383862993039221, -8.774131033686057, -8.585756207930986, -7.589835278038277]","[0.09029431335249605, 0.1661359522686355, 0.2005736013659226, 0.5429961330129459]","[1, 3, 2, 0, 1, 2, 0, 0, 3, 2, 1, 3, 2, 3, 2, 0, 2, 0, 1, 3, 1, 3, 3, 2, 2, 1, 3, 3, 2, 3, 1, 2, 3, 1, 3, 2, 2, 2, 1, 3, 0, 0, 3, 3, 3, 0, 2, 1, 3]",5.372947968101919,1.1167124040253122
7,"[-13.974734240605152, -13.320032599558537, -13.05068018535174, -10.949470393453803]","[0.038397309867442865, 0.073898242286997, 0.09674140172079705, 0.7909630461247631]","[3, 2, 0, 1, 3, 3, 1, 0, 2, 3, 3, 2, 1, 2, 3, 1, 3, 3, 3, 3, 3, 3, 3, 3, 3, 2, 3, 3, 3, 1, 3, 3, 3, 3, 1, 3, 2, 3, 1, 3, 0, 3, 3, 2, 0, 3, 3, 3, 1]",5.172127722749142,1.2392278694864354
8,"[-9.98915873876403, -8.577984156598776, -9.129319043711687, -8.060342822379116]","[0.06971114535520918, 0.2858693224277208, 0.16471223231438795, 0.479707299902682]","[2, 0, 1, 3, 3, 3, 3, 2, 2, 0, 2, 0, 3, 3, 2, 1, 3, 2, 1, 3, 3, 0, 3, 2, 2, 0, 3, 0, 2, 3, 2, 0, 2, 2, 3, 3, 3, 2, 2, 0, 3, 3, 3, 3, 2, 2, 0, 3, 1]",5.558987222155609,1.1322732827537128
9,"[-2.8393190145685394, -2.7911145522578704, -2.7787748945569697, -2.693679692647902]","[0.23427002407441688, 0.2458394944538355, 0.24889186352833914, 0.2709986179434085]","[3, 2, 1, 0, 2, 3, 1, 1, 1, 3, 2, 0, 2, 3, 2, 3, 1, 1, 1, 0, 3, 0, 2, 2, 3, 2, 1, 0, 2, 1, 0, 2, 3, 2, 2, 2, 3, 2, 0, 3, 3, 1, 0, 1, 1, 1, 1, 1, 1]",5.912162767219718,0.6975183037530062
10,"[-7.054699390927493, -6.63935503332554, -6.550477438047681, -5.928902048604836]","[0.13786898506870895, 0.20885666603571398, 0.2282692386455785, 0.4250051102499985]","[3, 0, 2, 1, 2, 1, 3, 1, 0, 3, 3, 3, 3, 1, 0, 1, 3, 0, 0, 3, 3, 2, 2, 0, 0, 1, 1, 3, 3, 3, 1, 1, 2, 3, 0, 2, 1, 3, 3, 1, 2, 2, 2, 3, 3, 2, 2, 3, 3]",4.733695211957599,1.0376829467579642
11,"[-3.26626223041271, -3.199284014705563, -3.1890637307322702, -3.0687508055110593]","[0.22894319805556657, 0.244802593530174, 0.24731737455161967, 0.2789368338626398]","[0, 1, 3, 2, 2, 3, 3, 2, 1, 1, 3, 0, 1, 1, 0, 1, 1, 3, 1, 2, 2, 1, 1, 2, 0, 2, 0, 0, 1, 3, 1, 2, 3, 1, 1, 3, 0, 0, 1, 0, 3, 0, 3, 3, 2, 2, 3, 3, 1]",5.713941692794429,0.758783718028345
12,"[-15.704284166995631, -15.005623482210616, -14.984328794980113, -12.509545989328949]","[0.03393375448075439, 0.06824273020033556, 0.0697115210129979, 0.8281119943059121]","[1, 2, 3, 0, 3, 3, 3, 3, 3, 2, 3, 1, 0, 3, 3, 3, 3, 3, 3, 3, 2, 3, 3, 2, 2, 3, 2, 3, 3, 3, 3, 1, 3, 1, 3, 0, 3, 3, 3, 3, 3, 3, 3, 3, 3, 1, 3, 3, 0]",5.213229492069826,1.2655643262637928
13,"[-2.9829014101879, -2.929169242620904, -2.9257343287706745, -2.8151684447965404]","[0.23273916613176399, 0.2455868212453671, 0.24643184127375634, 0.2752421713491125]","[3, 0, 1, 2, 3, 1, 2, 2, 3, 0, 3, 0, 1, 2, 3, 0, 1, 2, 1, 3, 0, 3, 1, 2, 3, 3, 2, 0, 3, 2, 1, 1, 2, 0, 1, 1, 0, 0, 2, 1, 3, 0, 1, 1, 0, 1, 3, 2, 3]",4.17315394841137,0.7281008612596565
14,"[-10.42514852791155, -9.862018096133662, -9.680375438101098, -8.678100031699977]","[0.09434168793036886, 0.16567923528533898, 0.1986801528361784, 0.5412989239481137]","[0, 3, 1, 2, 3, 2, 3, 3, 2, 0, 0, 3, 1, 0, 3, 1, 3, 2, 1, 3, 2, 0, 1, 2, 2, 1, 3, 1, 3, 3, 3, 3, 0, 2, 3, 2, 3, 3, 2, 3, 3, 1, 3, 3, 3, 3, 1, 2, 1]",5.378309691648034,1.1437894501607275
15,"[-6.223179089856233, -5.896877192335888, -5.833927067715122, -5.545589292549685]","[0.17150198920862852, 0.2376732337718861, 0.25311574837518996, 0.33770902864429536]","[3, 2, 0, 1, 3, 1, 0, 2, 1, 0, 2, 2, 2, 0, 3, 3, 1, 3, 0, 3, 3, 2, 1, 1, 1, 2, 1, 2, 3, 3, 0, 3, 3, 2, 0, 3, 2, 3, 3, 2, 3, 1, 1, 2, 3, 2, 1, 1, 0]",5.751437086552838,0.9858869952014944
16,"[-11.263829402675173, -10.398771434841196, -10.297623295676999, -9.398395448401915]","[0.08024499000886594, 0.1905933876058625, 0.21088025009313088, 0.5182813722921408]","[1, 3, 2, 0, 2, 0, 2, 3, 1, 3, 3, 2, 2, 3, 1, 1, 2, 2, 3, 3, 3, 3, 3, 3, 2, 3, 0, 0, 1, 1, 0, 3, 3, 3, 3, 2, 0, 2, 1, 3, 3, 3, 1, 3, 3, 3, 3, 1, 2]",5.767749466623019,1.1562114419141023
17,"[-17.128775250573664, -16.269898610983656, -16.138727049501398, -14.367479114249834]","[0.045720123939179236, 0.10792269559943551, 0.12304950460032264, 0.7233076758610626]","[2, 0, 3, 1, 3, 3, 3, 2, 3, 3, 3, 3, 2, 3, 2, 1, 3, 2, 3, 1, 3, 0, 3, 3, 2, 1, 3, 2, 3, 1, 1, 3, 3, 3, 2, 3, 2, 3, 3, 3, 3, 3, 3, 3, 2, 1, 3, 2, 0]",4.663733218445767,1.2912857770371116
18,"[-4.639572793097429, -4.496138045745863, -4.521889549157776, -4.318960124607301]","[0.21472631840044742, 0.24784387879202288, 0.2415430030068397, 0.29588679980069005]","[0, 3, 1, 2, 0, 3, 2, 0, 1, 3, 1, 2, 3, 0, 2, 2, 1, 1, 3, 2, 0, 0, 0, 1, 1, 3, 0, 1, 1, 1, 0, 2, 1, 3, 1, 2, 2, 1, 1, 1, 3, 3, 1, 3, 3, 3, 2, 2, 3]",5.342621790810715,0.8935388274276401
19,"[-12.213727119450978, -12.086905680961959, -12.167158789504821, -11.148034247181402]","[0.16431872869394445, 0.18653696960220834, 0.17215174725250276, 0.4769925544513445]","[2, 0, 1, 3, 3, 3, 2, 3, 3, 1, 3, 3, 2, 1, 3, 2, 3, 3, 2, 0, 3, 1, 1, 1, 3, 3, 2, 2, 3, 1, 3, 2, 3, 3, 3, 3, 3, 3, 1, 2, 1, 1, 3, 1, 2, 3, 0, 0, 1]",5.469756926837857,1.1987020643509363
20,"[-2.4731876304849685, -2.4411053262397777, -2.453212365675919, -2.414975258497245]","[0.2431481656464557, 0.2510754011338028, 0.24805394867989103, 0.25772248453985036]","[3, 2, 0, 1, 2, 0, 3, 2, 1, 3, 1, 3, 2, 0, 3, 3, 3, 0, 0, 1, 1, 0, 0, 2, 2, 3, 3, 3, 3, 3, 1, 2, 2, 3, 0, 3, 2, 2, 1, 0, 2, 0, 2, 1, 3, 3, 2, 0, 2]",4.955335271702575,0.6347996775820022
21,"[-4.513636183288496, -4.378248366021417, -4.455401611783476, -4.236217421890134]","[0.2210109228423096, 0.2530532503289946, 0.23426353425703703, 0.2916722925716588]","[1, 0, 3, 2, 0, 1, 2, 0, 1, 3, 2, 2, 3, 3, 1, 3, 3, 1, 1, 0, 3, 1, 0, 2, 3, 1, 1, 3, 2, 0, 2, 3, 2, 0, 2, 3, 2, 1, 3, 2, 1, 1, 2, 2, 0, 1, 3, 3, 2]",4.587072286659626,0.889248082532185
22,"[-4.9914732943692215, -4.8195380053975, -4.880183571899942, -4.72053823078343]","[0.21661386814968311, 0.2572508420629502, 0.24211336854707105, 0.2840219212402956]","[0, 3, 2, 1, 3, 0, 1, 2, 3, 2, 2, 0, 0, 3, 3, 1, 3, 3, 2, 3, 2, 3, 3, 3, 1, 0, 0, 3, 3, 1, 3, 0, 0, 3, 3, 1, 3, 0, 2, 0, 3, 2, 0, 3, 3, 0, 2, 3, 3]",4.609689355946254,0.9242244625384456
23,"[-22.081646677568646, -20.058874717259926, -22.015357031321432, -18.93807130322904]","[0.03047442056031216, 0.2303637593329541, 0.03256302062359506, 0.7065987994831386]","[2, 1, 0, 3, 2, 3, 3, 3, 3, 3, 1, 3, 3, 1, 3, 1, 3, 3, 3, 3, 3, 1, 2, 3, 1, 1, 2, 2, 2, 3, 3, 1, 3, 3, 3, 1, 3, 3, 3, 3, 3, 3, 3, 1, 1, 3, 1, 3, 3]",5.336141833535856,1.3291376167910454
24,"[-4.105769779983988, -3.9749999520189885, -4.0778590345212375, -3.9418443341591365]","[0.23008945096024233, 0.26223419498912665, 0.2366018796646691, 0.27107447438596205]","[1, 2, 3, 0, 2, 2, 1, 1, 3, 0, 0, 3, 0, 1, 2, 3, 1, 2, 0, 2, 3, 3, 2, 1, 1, 3, 1, 1, 3, 3, 1, 0, 3, 2, 2, 1, 1, 1, 0, 3, 2, 3, 0, 2, 0, 2, 3, 0, 2]",5.160123940443351,0.8478918204053101
25,"[-8.133356089311874, -7.7822638977823, -8.05324221210345, -7.713821841391319]","[0.1989938239791925, 0.28269426571269135, 0.21559198567948668, 0.30271992462862957]","[2, 0, 1, 3, 3, 0, 2, 0, 3, 3, 2, 3, 0, 1, 2, 1, 1, 1, 2, 3, 0, 0, 3, 2, 1, 3, 0, 3, 3, 3, 0, 1, 3, 1, 3, 2, 3, 2, 1, 1, 0, 1, 3, 3, 1, 1, 2, 1, 1]",4.736502942936173,1.0762924020333295
26,"[-8.659331795747805, -8.171698633330378, -8.618924368525787, -8.021978778925504]","[0.1798186041519046, 0.2928269295807573, 0.18723340905128075, 0.3401210572160574]","[1, 2, 3, 0, 1, 3, 3, 0, 3, 1, 3, 2, 0, 2, 2, 1, 2, 1, 3, 2, 3, 1, 1, 0, 3, 3, 1, 2, 1, 1, 2, 0, 1, 3, 3, 3, 0, 1, 1, 1, 1, 2, 1, 3, 0, 0, 3, 1, 3]",4.953389167960454,1.091408092467675
27,"[-4.244660524749356, -4.145362767902246, -4.260960721737614, -4.054546120290821]","[0.23268720120855468, 0.2569786029410078, 0.22892509879514986, 0.2814090970552876]","[2, 0, 3, 1, 3, 2, 3, 0, 0, 2, 2, 1, 3, 0, 1, 1, 1, 2, 1, 2, 1, 3, 2, 2, 2, 1, 3, 3, 2, 2, 2, 3, 0, 0, 1, 1, 2, 0, 3, 1, 0, 3, 3, 2, 2, 0, 0, 1, 1]",5.198435559666266,0.8607033667037359
28,"[-14.916207167138452, -13.835172911200452, -14.972357124579625, -13.729036830967752]","[0.12238528347530435, 0.36075836520001164, 0.11570272339762087, 0.40115362792706316]","[0, 2, 3, 1, 3, 0, 1, 3, 1, 3, 2, 0, 3, 0, 3, 1, 2, 3, 3, 3, 2, 1, 2, 0, 2, 3, 1, 2, 3, 1, 2, 1, 3, 3, 2, 3, 1, 1, 1, 1, 1, 3, 2, 1, 1, 3, 3, 1, 3]",4.839143669125896,1.237209870873763
29,"[-3.67435508241547, -3.5946102626828322, -3.6643950946233037, -3.616831611129924]","[0.24083441102282027, 0.26082623671048843, 0.24324510412483852, 0.25509424814185283]","[3, 2, 1, 0, 2, 1, 3, 3, 0, 1, 2, 2, 1, 0, 3, 1, 2, 0, 0, 2, 3, 2, 1, 3, 3, 1, 0, 2, 3, 1, 2, 0, 3, 2, 2, 1, 3, 3, 2, 0, 1, 2, 2, 2, 0, 0, 3, 3, 3]",4.318569948902653,0.8102079157872634
30,"[-5.421400258432365, -5.2260340255326, -5.461979346742912, -5.202331529406599]","[0.22619796773889211, 0.27500157149744153, 0.21720280253150123, 0.2815976582321651]","[0, 2, 1, 3, 3, 3, 1, 3, 2, 3, 2, 1, 3, 0, 2, 3, 2, 0, 2, 0, 2, 0, 1, 2, 0, 0, 1, 3, 3, 1, 1, 3, 1, 1, 1, 3, 1, 2, 3, 3, 0, 3, 0, 3, 1, 1, 2, 0, 0]",5.290390073076673,0.9422093046990192
31,"[-3.1724372176800446, -3.112798861763019, -3.180180983951073, -3.1136518868819087]","[0.2430555210768629, 0.2579919169958458, 0.24118062467964915, 0.2577719372476422]","[0, 1, 3, 2, 1, 2, 0, 2, 1, 0, 2, 0, 1, 3, 3, 3, 2, 0, 2, 3, 1, 0, 0, 0, 3, 3, 2, 2, 3, 1, 0, 1, 1, 0, 3, 2, 1, 3, 3, 3, 1, 0, 3, 1, 3, 3, 2, 1, 3]",4.538587473189516,0.7491803475920756
32,"[-11.5008265482588, -10.505119312446785, -11.419521104541491, -10.54313322366453]","[0.13518959210850573, 0.3659092731162751, 0.14664044276336338, 0.3522606920118557]","[0, 3, 1, 2, 2, 3, 3, 3, 1, 0, 2, 3, 3, 1, 1, 0, 1, 0, 2, 1, 1, 1, 3, 0, 0, 1, 3, 1, 1, 1, 3, 3, 3, 2, 3, 1, 2, 3, 0, 1, 2, 3, 3, 1, 3, 0, 1, 0, 3]",4.388963313143967,1.1692048050652506
33,"[-2.3557913777794584, -2.334841728001642, -2.3619430039007074, -2.3348318723833046]","[0.24775665091845758, 0.2530018163394212, 0.246237222901072, 0.25300430984104916]","[3, 1, 2, 0, 3, 1, 0, 0, 0, 2, 1, 1, 2, 1, 0, 1, 0, 3, 1, 2, 2, 3, 3, 2, 3, 1, 0, 1, 1, 3, 2, 3, 2, 0, 0, 3, 1, 3, 3, 3, 1, 3, 1, 0, 2, 2, 3, 3, 3]",5.156025392318674,0.60926229240909
34,"[-7.540844132996878, -7.264157822080753, -7.567803036412375, -7.407644674384257]","[0.2254978681630605, 0.29737590621264826, 0.21949990542734227, 0.2576263201969489]","[1, 0, 3, 2, 3, 0, 1, 0, 2, 2, 2, 0, 1, 2, 3, 1, 2, 3, 1, 3, 0, 2, 1, 1, 3, 0, 3, 3, 2, 2, 2, 2, 3, 1, 1, 2, 3, 2, 1, 3, 0, 0, 0, 1, 2, 0, 1, 1, 0]",4.90540080403859,1.048429110581894
35,"[-5.865405279786583, -5.68155104089564, -5.987987670877979, -5.7088164301594935]","[0.2349630512021729, 0.2823881411793582, 0.20785607264790845, 0.27479273497056045]","[1, 2, 3, 0, 1, 2, 2, 1, 0, 3, 3, 3, 3, 0, 1, 1, 1, 2, 3, 0, 3, 2, 2, 3, 3, 3, 3, 2, 1, 1, 3, 1, 2, 0, 1, 3, 0, 3, 1, 3, 3, 1, 1, 0, 2, 3, 2, 3, 0]",5.046694239005046,0.9687546652446728
36,"[-17.44295161313422, -16.29802420324818, -18.085866241536877, -16.68302629517437]","[0.14692728923635076, 0.46167687575116356, 0.07724816836107866, 0.31414766665140703]","[2, 1, 0, 3, 3, 2, 3, 3, 1, 3, 3, 1, 1, 3, 3, 1, 1, 1, 3, 0, 0, 2, 3, 1, 0, 3, 3, 0, 2, 1, 3, 1, 3, 1, 1, 1, 1, 2, 1, 3, 1, 1, 3, 0, 3, 3, 0, 1, 1]",4.545377024172232,1.2762065899908268
37,"[-8.088269529423817, -7.899758477628265, -8.284648297575794, -7.87739768387898]","[0.23452677502829108, 0.28317945474656225, 0.19271087186666283, 0.2895828983584838]","[3, 2, 1, 0, 0, 3, 3, 2, 1, 2, 2, 3, 3, 2, 3, 1, 1, 1, 0, 2, 0, 3, 0, 2, 3, 3, 2, 0, 2, 1, 2, 2, 1, 3, 3, 2, 3, 3, 1, 0, 0, 0, 2, 3, 3, 1, 0, 0, 1]",4.762043345313466,1.0701814461601136
38,"[-5.11563990048363, -4.956131210525799, -5.1635055130875385, -5.041704240027304]","[0.2379290352463048, 0.27907516326802495, 0.22680868060001683, 0.25618712088565343]","[1, 2, 3, 0, 0, 3, 2, 3, 3, 0, 2, 3, 1, 1, 2, 1, 0, 0, 1, 1, 1, 2, 0, 2, 1, 3, 0, 0, 1, 3, 3, 1, 3, 3, 3, 2, 1, 2, 0, 1, 2, 2, 3, 0, 3, 2, 3, 3, 1]",5.29524624568168,0.9200077190849236
39,"[-2.79282922784003, -2.7634957534697535, -2.803612910627762, -2.7850084995413456]","[0.24833037671279248, 0.2557226600791995, 0.24566684784027168, 0.25028011536773626]","[3, 0, 1, 2, 1, 0, 1, 0, 2, 1, 3, 2, 1, 0, 2, 2, 1, 3, 3, 0, 3, 1, 0, 2, 1, 3, 3, 3, 3, 3, 1, 1, 0, 0, 2, 1, 0, 2, 1, 1, 3, 0, 0, 2, 2, 3, 1, 0, 2]",4.46693733225897,0.6927140720592417
40,"[-7.0992375043553215, -6.8492283584850675, -7.315130909220647, -6.902048399219926]","[0.2321352916956112, 0.2980703407475843, 0.18705953790379018, 0.28273482965301433]","[2, 1, 0, 3, 2, 3, 1, 3, 0, 2, 0, 0, 1, 3, 0, 1, 0, 3, 3, 2, 0, 1, 2, 0, 2, 1, 1, 1, 2, 0, 1, 2, 1, 3, 1, 0, 1, 2, 3, 0, 2, 0, 1, 1, 0, 0, 3, 0, 3]",5.533433660999984,1.022145804391839
41,"[-3.5126177628162383, -3.4376690810388166, -3.535987250192627, -3.479406953216422]","[0.2445885548946328, 0.2636245977157762, 0.23893891743303633, 0.2528479299565548]","[0, 1, 2, 3, 0, 3, 2, 3, 0, 1, 0, 3, 0, 3, 3, 2, 3, 2, 1, 3, 2, 2, 0, 1, 3, 1, 0, 2, 0, 2, 3, 1, 2, 2, 3, 0, 2, 1, 0, 2, 1, 0, 2, 0, 2, 0, 0, 3, 2]",5.448755909575214,0.7831507763194954
42,"[-6.118524080936926, -5.879357914833644, -6.234674506307521, -5.97787529020565]","[0.2319350867670129, 0.2946015307962878, 0.2065013827958867, 0.2669619996408127]","[0, 3, 2, 1, 0, 1, 0, 3, 2, 0, 3, 1, 0, 2, 1, 1, 2, 3, 2, 1, 3, 3, 3, 3, 1, 1, 0, 0, 2, 3, 0, 0, 1, 1, 1, 3, 3, 2, 3, 1, 3, 3, 2, 3, 1, 1, 1, 0, 3]",4.9742279288664015,0.980247523555768
43,"[-13.518843138799864, -13.010425752014791, -14.087740101598083, -13.157621837918168]","[0.21441336575546963, 0.3564960480274909, 0.12139003663830177, 0.30770054957873766]","[3, 2, 0, 1, 3, 1, 1, 2, 1, 3, 3, 2, 1, 3, 0, 1, 2, 0, 0, 0, 0, 2, 1, 0, 1, 1, 2, 0, 0, 3, 3, 0, 0, 3, 1, 1, 3, 2, 3, 1, 0, 0, 0, 3, 0, 3, 2, 1, 0]",5.549863222660473,1.1968009105852604
44,"[-6.687469029838841, -6.449936414380545, -6.80098083677823, -6.616446985306075]","[0.23616013601384286, 0.29947853118810797, 0.21081865530681396, 0.25354267749123544]","[1, 3, 2, 0, 3, 1, 0, 3, 3, 1, 1, 3, 0, 2, 2, 1, 2, 2, 0, 3, 3, 0, 3, 0, 0, 1, 3, 1, 1, 1, 3, 3, 3, 0, 0, 2, 1, 0, 0, 1, 2, 1, 3, 2, 2, 0, 2, 3, 0]",5.436457018827998,1.0020148921913057
45,"[-4.577462080030232, -4.459594035621846, -4.643032498703031, -4.552448013425648]","[0.24468074596313652, 0.2752892402086194, 0.22915161630864753, 0.2508783975195965]","[3, 2, 1, 0, 3, 3, 3, 3, 2, 1, 1, 0, 0, 3, 0, 0, 0, 3, 1, 0, 1, 0, 3, 2, 1, 3, 0, 2, 1, 0, 2, 1, 0, 0, 1, 1, 3, 2, 0, 2, 3, 1, 1, 2, 2, 0, 2, 1, 1]",5.634922096300976,0.8783051893274347
46,"[-18.449748625010567, -17.190692965464283, -19.70701366948766, -18.242295907624143]","[0.16564342477024452, 0.583411689447275, 0.04711410333061585, 0.20383078245186464]","[2, 3, 0, 1, 3, 1, 2, 1, 1, 0, 0, 1, 3, 3, 2, 1, 1, 3, 1, 0, 0, 1, 1, 1, 1, 3, 3, 1, 1, 2, 3, 1, 3, 0, 1, 1, 3, 2, 0, 1, 1, 1, 3, 0, 0, 3, 1, 1, 0]",4.449301041804665,1.2854589689955385
47,"[-7.784130375605373, -7.42327570773146, -7.8986377813415025, -7.769987190422723]","[0.23038268587705185, 0.3304966244479111, 0.20545650810766836, 0.23366418156736862]","[0, 3, 2, 1, 1, 0, 2, 0, 0, 2, 1, 1, 1, 3, 0, 0, 0, 3, 3, 3, 2, 0, 0, 2, 2, 1, 2, 0, 2, 3, 2, 2, 3, 2, 3, 2, 1, 1, 2, 1, 3, 1, 3, 3, 3, 3, 1, 1, 1]",5.496839411807973,1.0444888947161013
48,"[-25.470772906891725, -22.880192646125064, -25.895923678770185, -24.437355798308143]","[0.05617398883421971, 0.7492210586785955, 0.036719319951813656, 0.15788563253537127]","[3, 2, 1, 0, 3, 0, 1, 1, 1, 1, 1, 1, 0, 1, 1, 1, 3, 1, 1, 1, 1, 1, 1, 3, 1, 1, 3, 1, 1, 0, 1, 1, 1, 1, 1, 1, 1, 1, 1, 1, 1, 1, 1, 1, 1, 1, 0, 1, 1]",4.5508747151323385,1.3539301526058112
49,"[-2.587126607955839, -2.562533382835458, -2.609720053728877, -2.5764856050372256]","[0.2491742472970687, 0.255378220822899, 0.2436076634013648, 0.2518398684786676]","[1, 2, 0, 3, 3, 0, 3, 1, 2, 2, 1, 1, 0, 3, 3, 1, 0, 3, 3, 2, 0, 0, 3, 2, 3, 1, 2, 1, 1, 0, 0, 0, 2, 0, 2, 0, 1, 2, 3, 0, 2, 0, 0, 1, 2, 1, 2, 2, 0]",4.085659200671706,0.656400111270524
50,"[-3.5963548567104975, -3.5349568375905873, -3.6310655673361705, -3.591015379460211]","[0.24785846529700953, 0.26355337204429613, 0.23940272320344563, 0.24918543945524885]","[1, 3, 2, 0, 0, 0, 2, 3, 1, 1, 3, 3, 0, 0, 2, 1, 1, 2, 3, 1, 1, 1, 3, 2, 0, 2, 3, 2, 3, 3, 0, 2, 2, 3, 0, 2, 0, 2, 2, 1, 3, 2, 1, 0, 2, 0, 2, 1, 2]",4.934725433389492,0.7927357503704782
51,"[-11.659725986488148, -10.97629654906977, -12.168564636968757, -11.548835171287564]","[0.21280557898205346, 0.42149520930932133, 0.12793730300744444, 0.23776190870118083]","[1, 3, 2, 0, 0, 2, 1, 1, 1, 2, 2, 1, 0, 0, 0, 1, 3, 3, 2, 1, 2, 3, 1, 2, 2, 0, 0, 0, 0, 3, 0, 1, 0, 3, 2, 1, 1, 1, 0, 2, 1, 0, 1, 1, 0, 3, 1, 3, 3]",4.933577911176243,1.15998418665794
52,"[-3.7440563032497067, -3.6750718518382834, -3.781049424502793, -3.7459602483865373]","[0.24794206963795135, 0.2656499806669153, 0.23893749904407807, 0.24747045065105525]","[2, 3, 1, 0, 2, 3, 1, 0, 1, 3, 1, 2, 1, 0, 0, 3, 2, 2, 1, 1, 1, 0, 1, 0, 0, 1, 3, 2, 1, 0, 0, 2, 1, 3, 3, 0, 0, 0, 0, 2, 3, 1, 0, 0, 3, 0, 3, 0, 1]",5.021530183816591,0.8077915649381208
53,"[-3.299982899572072, -3.2570192331966195, -3.320233892070118, -3.298835398615469]","[0.2484471551717791, 0.259353976710443, 0.24346645596274455, 0.24873241215503336]","[0, 3, 1, 2, 2, 1, 1, 0, 1, 1, 3, 2, 2, 1, 0, 2, 0, 2, 1, 0, 3, 3, 1, 1, 3, 0, 1, 1, 0, 1, 3, 1, 3, 3, 2, 0, 2, 1, 1, 0, 1, 0, 1, 1, 3, 2, 2, 3, 3]",5.681685977813965,0.7552649173518929
54,"[-15.011651200471608, -14.15865029331964, -15.827663123083608, -15.066464147388086]","[0.21116950231165432, 0.4955469225305445, 0.09337738794738507, 0.1999061872104162]","[0, 3, 1, 2, 2, 1, 1, 0, 1, 0, 1, 0, 0, 1, 2, 3, 1, 3, 1, 1, 1, 1, 0, 3, 3, 3, 3, 1, 1, 3, 1, 0, 0, 2, 1, 1, 2, 0, 1, 0, 3, 1, 3, 3, 0, 2, 1, 0, 2]",4.639213723863876,1.227333004691043
55,"[-2.6945749219616126, -2.6664092878657235, -2.709845114591635, -2.689096888002639]","[0.24882400132935184, 0.2559319166886983, 0.24505327403499844, 0.2501908079469514]","[2, 0, 1, 3, 3, 0, 3, 3, 3, 0, 2, 1, 0, 0, 1, 2, 1, 2, 1, 0, 3, 2, 0, 1, 3, 0, 1, 2, 0, 2, 3, 2, 1, 0, 1, 3, 2, 3, 3, 0, 3, 0, 2, 3, 2, 1, 2, 3, 3]",4.808411187113946,0.6716613246079249
56,"[-11.68152332095095, -10.985412785862568, -12.211430941256333, -11.377885497152967]","[0.20204578855555216, 0.40529081972896797, 0.11893614202337374, 0.27372724969210616]","[0, 2, 3, 1, 1, 3, 1, 1, 2, 2, 3, 0, 3, 1, 0, 3, 0, 1, 0, 3, 0, 0, 1, 1, 0, 2, 1, 2, 2, 3, 1, 2, 1, 0, 1, 0, 1, 1, 3, 0, 1, 1, 2, 1, 3, 2, 1, 1, 1]",5.394529846819539,1.1522382808281046
57,"[-8.505623107743872, -8.232633320433093, -8.855875649965643, -8.50510483027949]","[0.24882335250289656, 0.32692572496379174, 0.17529857707001611, 0.24895234546329553]","[2, 1, 0, 3, 0, 3, 0, 2, 3, 1, 2, 3, 1, 0, 0, 1, 0, 2, 1, 3, 1, 1, 3, 2, 2, 0, 1, 3, 2, 1, 1, 3, 2, 1, 1, 3, 1, 1, 1, 2, 3, 1, 2, 1, 2, 0, 0, 2, 1]",5.19502341610764,1.070465363879039
58,"[-7.836766257919016, -7.528769615352706, -8.086035960208863, -7.835027352855947]","[0.241440535511559, 0.3285272724297092, 0.18817144913302664, 0.24186074292570509]","[3, 1, 0, 2, 1, 3, 3, 1, 0, 2, 3, 2, 1, 3, 0, 0, 2, 0, 1, 2, 1, 3, 3, 1, 1, 0, 0, 3, 0, 3, 2, 0, 2, 3, 2, 0, 3, 3, 1, 0, 1, 1, 0, 3, 3, 3, 2, 2, 1]",5.132417176770552,1.0461233193741426
59,"[-7.8506975885213555, -7.593956776756783, -8.08522380723596, -7.916670387457137]","[0.2487678619504436, 0.3215847098131586, 0.19676181997051995, 0.23288560826587776]","[3, 2, 0, 1, 3, 0, 0, 1, 1, 0, 3, 0, 2, 1, 3, 1, 3, 2, 0, 0, 2, 2, 1, 1, 1, 1, 1, 3, 3, 1, 1, 1, 0, 2, 1, 2, 1, 1, 0, 1, 0, 2, 1, 3, 1, 1, 2, 1, 2]",4.259368331046173,1.0572810548839815
60,"[-5.371126459709701, -5.257116683548103, -5.488260216757774, -5.41652374820818]","[0.25215294202758115, 0.28260370833921833, 0.22428152239956078, 0.24096182723363962]","[2, 3, 1, 0, 1, 1, 2, 1, 2, 0, 1, 2, 2, 1, 3, 3, 0, 0, 1, 3, 0, 0, 0, 3, 3, 0, 3, 2, 3, 2, 1, 0, 2, 0, 0, 3, 0, 2, 1, 3, 1, 2, 0, 2, 1, 1, 3, 1, 1]",5.532912683188378,0.929909844402693
61,"[-10.801207327221789, -10.354770873796436, -11.254298432145788, -10.943461856742308]","[0.24595441592276435, 0.38436117524065005, 0.15634343794170982, 0.21334097089487564]","[1, 3, 2, 0, 3, 2, 0, 3, 0, 3, 1, 0, 1, 0, 0, 2, 3, 0, 1, 1, 0, 1, 2, 0, 1, 1, 3, 2, 3, 3, 0, 3, 3, 1, 1, 1, 1, 1, 0, 3, 1, 3, 1, 2, 0, 2, 1, 1, 0]",5.89064438821391,1.126480057609783
62,"[-4.845457419268351, -4.714774260327015, -4.923936758325718, -4.851282230262979]","[0.2464073845549523, 0.28080749402993405, 0.22780884130017867, 0.24497628011493508]","[3, 2, 1, 0, 3, 0, 0, 2, 1, 3, 2, 0, 1, 1, 1, 0, 0, 3, 0, 3, 2, 2, 3, 0, 2, 2, 0, 3, 2, 2, 3, 2, 1, 2, 2, 1, 2, 2, 0, 2, 1, 3, 1, 1, 1, 3, 3, 3, 1]",4.883680459118361,0.8979322605433961
63,"[-12.594481594857903, -12.010848371843565, -13.221683150210367, -12.535040115150155]","[0.22790115013738427, 0.40852177021046543, 0.12171843013048132, 0.24185864952166905]","[1, 2, 0, 3, 2, 0, 3, 1, 3, 3, 1, 0, 0, 3, 1, 3, 3, 3, 1, 0, 2, 2, 1, 2, 1, 1, 1, 1, 3, 1, 0, 1, 3, 0, 0, 0, 1, 1, 1, 3, 3, 3, 1, 1, 0, 1, 0, 0, 0]",5.442022964385091,1.1681191127290709
64,"[-6.178116783941659, -5.9943621534015294, -6.29872033850732, -6.218571840413691]","[0.24700759317777832, 0.2968341924427968, 0.21894389793820573, 0.23721431644121924]","[2, 1, 0, 3, 1, 3, 1, 2, 0, 2, 1, 3, 1, 0, 0, 1, 0, 3, 0, 3, 3, 2, 3, 2, 1, 2, 2, 2, 3, 2, 2, 0, 3, 0, 0, 0, 3, 2, 2, 0, 1, 1, 1, 1, 0, 3, 1, 3, 0]",5.260077004020008,0.9731794550452152
65,"[-6.0737508493693495, -5.873622345819881, -6.189075491882568, -6.0697484388059]","[0.2429161420605538, 0.2967365751676295, 0.21645694230775359, 0.24389034046406308]","[2, 0, 1, 3, 1, 3, 0, 3, 1, 0, 2, 3, 2, 3, 0, 0, 3, 1, 2, 1, 1, 1, 0, 2, 1, 1, 3, 1, 2, 2, 0, 0, 2, 0, 3, 3, 2, 1, 2, 0, 3, 2, 3, 2, 3, 3, 1, 0, 2]",5.399869088947289,0.9673273569856008
66,"[-4.3330272094268585, -4.245575807907699, -4.42139569605702, -4.352693351465572]","[0.2507938445517492, 0.27371369921271244, 0.22958257726473216, 0.24590987897080616]","[3, 1, 2, 0, 2, 3, 0, 2, 1, 1, 0, 3, 2, 1, 0, 3, 2, 1, 2, 1, 3, 0, 1, 3, 3, 3, 0, 0, 3, 2, 0, 1, 3, 2, 0, 1, 1, 0, 0, 2, 1, 1, 0, 2, 1, 0, 3, 1, 1]",4.171471195059288,0.8655222443195079
67,"[-5.141379724208424, -5.036634407129677, -5.281945696939499, -5.167545197240526]","[0.2529424807848762, 0.2808743542064168, 0.2197732079037592, 0.24640995710494779]","[1, 2, 3, 0, 0, 0, 1, 1, 3, 3, 3, 3, 2, 1, 3, 0, 2, 2, 1, 1, 2, 0, 3, 3, 3, 3, 2, 1, 0, 2, 2, 1, 0, 0, 0, 3, 1, 1, 1, 0, 3, 1, 0, 0, 1, 0, 1, 3, 1]",4.618484452751463,0.9209056852274744
68,"[-18.822791497990806, -17.47152151320808, -19.14524685840881, -18.40991719335235]","[0.14088771673990672, 0.5441545048175122, 0.10205459115755894, 0.21290318728502236]","[1, 2, 0, 3, 1, 3, 3, 1, 3, 1, 1, 1, 0, 3, 1, 1, 2, 1, 0, 0, 1, 1, 1, 3, 1, 0, 3, 1, 1, 1, 2, 1, 1, 0, 1, 1, 1, 3, 1, 1, 1, 3, 1, 1, 1, 1, 1, 1, 1]",5.809822198388863,1.25600513795133
69,"[-4.509009214590135, -4.399154090752378, -4.600271626357206, -4.473962686194962]","[0.24602894451241947, 0.27459693002605956, 0.22456984623090234, 0.25480427923061866]","[1, 2, 3, 0, 0, 0, 2, 1, 3, 2, 3, 3, 0, 1, 2, 3, 3, 2, 0, 2, 1, 1, 0, 3, 0, 1, 1, 0, 3, 0, 2, 1, 1, 2, 3, 2, 2, 0, 0, 0, 3, 3, 1, 0, 0, 3, 0, 0, 3]",4.43566376705523,0.8754987768399485
70,"[-24.56165805201904, -22.696019080644394, -25.746800497067227, -24.122720555274302]","[0.10733272108479697, 0.6933760717369534, 0.03281189518198504, 0.16647931199626465]","[1, 3, 0, 2, 1, 2, 1, 0, 1, 1, 3, 3, 1, 1, 1, 1, 1, 1, 3, 0, 1, 1, 3, 3, 1, 1, 1, 0, 0, 2, 0, 0, 1, 1, 0, 1, 1, 1, 3, 1, 1, 1, 1, 1, 1, 1, 2, 1, 1]",4.643037777531293,1.3337044839378294
71,"[-7.085450587492616, -6.839843425685989, -7.255084491875569, -7.0933656657401025]","[0.24304365492531688, 0.3107063453391126, 0.2051224612473085, 0.24112753848826202]","[0, 1, 2, 3, 1, 3, 1, 0, 0, 1, 2, 0, 2, 1, 3, 2, 3, 2, 3, 0, 1, 1, 2, 2, 0, 1, 0, 0, 0, 2, 1, 3, 0, 0, 0, 2, 0, 0, 1, 0, 0, 3, 1, 2, 1, 1, 1, 3, 1]",5.1298610082451965,1.0141977583732216
72,"[-10.645932497397268, -10.06680088928551, -11.022726186849521, -10.681957082824143]","[0.22547089198190287, 0.40235012875619347, 0.15468601907157922, 0.21749296019032427]","[2, 3, 1, 0, 0, 0, 0, 2, 3, 1, 3, 2, 3, 0, 1, 0, 1, 2, 2, 1, 0, 1, 3, 1, 0, 3, 3, 3, 1, 1, 3, 0, 0, 2, 1, 1, 1, 1, 2, 2, 3, 0, 1, 0, 2, 0, 2, 0, 2]",4.680957857315391,1.130449373799253
73,"[-19.661468145641198, -18.486391769100337, -20.574461830010396, -19.891203985925166]","[0.18401109960617917, 0.5958997548015756, 0.07384751767659276, 0.1462416279156524]","[2, 3, 0, 1, 1, 3, 1, 2, 1, 3, 2, 1, 2, 0, 2, 2, 0, 1, 1, 1, 1, 2, 1, 1, 3, 2, 0, 1, 2, 3, 1, 1, 0, 1, 1, 0, 1, 2, 1, 1, 1, 3, 1, 3, 1, 1, 1, 1, 3]",6.232204307943093,1.2615147299975915
74,"[-7.041316878159807, -6.798244592147539, -7.178473074475318, -7.015408790450843]","[0.23962188884551092, 0.30555643877710614, 0.20891051900092616, 0.24591115337645678]","[3, 1, 2, 0, 2, 1, 0, 3, 1, 0, 3, 1, 2, 0, 3, 2, 3, 1, 2, 1, 0, 3, 0, 3, 2, 0, 3, 2, 3, 1, 0, 2, 1, 1, 0, 2, 0, 0, 2, 1, 0, 1, 3, 2, 3, 3, 1, 1, 2]",4.3112784895661065,1.0195430088884652
75,"[-13.594840754280145, -12.89754321796328, -14.192058664636694, -13.504365518631646]","[0.21489880689553484, 0.4315851336475389, 0.11826753943103148, 0.2352485200258947]","[1, 0, 3, 2, 1, 2, 3, 3, 2, 0, 1, 0, 1, 3, 1, 3, 0, 0, 1, 0, 2, 1, 1, 1, 1, 0, 2, 1, 1, 1, 0, 3, 1, 2, 3, 0, 1, 3, 2, 3, 0, 3, 0, 0, 2, 2, 3, 1, 1]",5.20093201514591,1.1860137112281373
76,"[-16.138324186531595, -15.348773078842827, -17.07540327893572, -16.1828976077708]","[0.21975204183526367, 0.4839835583744649, 0.08609236536180233, 0.21017203442846913]","[2, 1, 0, 3, 2, 2, 1, 3, 1, 0, 2, 0, 1, 1, 0, 3, 2, 3, 3, 0, 3, 1, 2, 3, 3, 0, 3, 3, 1, 0, 1, 1, 0, 1, 2, 0, 1, 1, 2, 1, 2, 1, 0, 1, 3, 1, 1, 2, 2]",5.124031208087751,1.2286229457794084
77,"[-32.3029215343365, -30.40593824501776, -33.31912123145964, -32.825830755902075]","[0.11600232582492147, 0.7732431326996294, 0.04198912028936255, 0.06876542118608654]","[2, 0, 1, 3, 1, 1, 1, 1, 0, 3, 0, 0, 1, 1, 1, 1, 1, 1, 1, 0, 1, 3, 1, 1, 1, 1, 3, 3, 1, 1, 1, 0, 3, 1, 1, 1, 1, 1, 1, 1, 0, 1, 1, 1, 1, 0, 3, 1, 1]",5.566777322220335,1.377920884140814
78,"[-13.218543080587544, -12.575609626729838, -13.908694799846534, -13.444133614216904]","[0.23800473568566172, 0.45269745163583947, 0.11935936925544254, 0.1899384434230562]","[0, 2, 1, 3, 1, 2, 3, 1, 0, 3, 0, 2, 1, 1, 3, 0, 3, 2, 0, 1, 2, 1, 3, 3, 2, 3, 1, 0, 1, 3, 1, 0, 0, 1, 1, 1, 2, 1, 0, 1, 0, 1, 1, 1, 3, 1, 3, 3, 0]",4.319883370053179,1.190442086796062
79,"[-4.919638347492731, -4.820566418917435, -5.028381848716693, -4.9147579891590825]","[0.24962565760298058, 0.2756231005286337, 0.22390434398588915, 0.25084689788249664]","[2, 0, 1, 3, 1, 1, 2, 3, 0, 3, 1, 3, 1, 3, 2, 0, 1, 2, 2, 0, 1, 0, 1, 1, 3, 2, 1, 0, 2, 1, 0, 0, 1, 2, 3, 1, 1, 0, 2, 1, 3, 0, 1, 3, 1, 3, 1, 1, 0]",5.14310770610565,0.899969279873742
