Vehicle_label,Road_order,Total_time,Leading_vehicles,Stopped_time,Stop_while_front,Round_number
0,"[0, 3]",96.99999999999663,"[-999, 12]","[0, 0]","[0, 0]",1
1,"[0, 3]",114.44999999999564,"[0, 25]","[5.799999999999987, 0]","[5.799999999999987, 0]",1
2,"[0, 3]",119.79999999999534,"[1, 28]","[2.499999999999999, 0]","[2.499999999999999, 0]",1
3,"[2, 3]",67.7499999999983,"[-999, -999]","[0, 0]","[0, 0]",1
4,"[0, 3]",120.3499999999953,"[2, 2]","[0, 0]","[0, 0]",1
5,"[2, 1]",37.15000000000003,"[3, -999]","[0, 0]","[0, 0]",1
6,"[0, 3]",120.94999999999527,"[4, 4]","[0, 0]","[0, 0]",1
7,"[2, 1]",38.89999999999993,"[5, 5]","[0, 0]","[0, 0]",1
8,"[0, 1]",93.14999999999685,"[6, 36]","[0, 0]","[0, 0]",1
9,"[0, 3]",125.09999999999503,"[8, 38]","[0, 0]","[0, 0]",1
10,"[2, 1]",40.74999999999982,"[7, 7]","[0, 0]","[0, 0]",1
11,"[0, 3]",131.49999999999565,"[9, 39]","[2.6499999999999986, 0]","[2.6499999999999986, 0]",1
12,"[2, 3]",69.4499999999982,"[10, 3]","[0, 0]","[0, 0]",1
13,"[0, 3]",137.449999999997,"[11, 41]","[2.1000000000000005, 0]","[2.1000000000000005, 0]",1
14,"[0, 3]",138.2999999999972,"[13, 13]","[0, 0]","[0, 0]",1
15,"[0, 3]",143.74999999999844,"[14, 44]","[2.549999999999999, 0]","[2.549999999999999, 0]",1
16,"[0, 1]",114.89999999999561,"[15, 45]","[0, 0]","[0, 0]",1
17,"[2, 1]",40.39999999999984,"[12, 10]","[0, 0]","[0, 0]",1
18,"[0, 1]",114.94999999999561,"[16, 16]","[0, 0]","[0, 0]",1
19,"[0, 1]",115.89999999999556,"[18, 18]","[0, 0]","[0, 0]",1
20,"[2, 1]",42.299999999999734,"[17, 17]","[0, 0]","[0, 0]",1
21,"[2, 3]",75.34999999999786,"[20, 0]","[0, 0]","[0, 0]",1
22,"[0, 1]",123.19999999999514,"[19, 48]","[1.3000000000000005, 0]","[1.3000000000000005, 0]",1
23,"[2, 3]",76.89999999999777,"[21, 21]","[0, 0]","[0, 0]",1
24,"[0, 1]",122.54999999999518,"[22, 22]","[0, 0]","[0, 0]",1
25,"[2, 3]",78.1499999999977,"[23, 23]","[0, 0]","[0, 0]",1
26,"[0, 3]",156.45000000000132,"[24, 50]","[0, 0]","[0, 0]",1
27,"[0, 1]",128.04999999999487,"[26, 52]","[0, 0]","[0, 0]",1
28,"[2, 3]",83.84999999999738,"[25, 1]","[1.7500000000000009, 0]","[1.7500000000000009, 0]",1
29,"[2, 1]",52.34999999999916,"[28, -999]","[3.2499999999999964, 0]","[3.149999999999997, 0]",1
30,"[0, 1]",128.54999999999498,"[27, 27]","[0, 0]","[0, 0]",1
31,"[0, 3]",159.450000000002,"[30, 53]","[0, 0]","[0, 0]",1
32,"[0, 1]",130.99999999999554,"[31, 54]","[0, 0]","[0, 0]",1
33,"[2, 1]",54.34999999999905,"[29, 29]","[7.199999999999982, 0]","[2.1000000000000005, 0]",1
34,"[0, 1]",132.04999999999578,"[32, 32]","[0, 0]","[0, 0]",1
35,"[0, 1]",133.14999999999603,"[34, 34]","[0, 0]","[0, 0]",1
36,"[2, 1]",56.24999999999894,"[33, 33]","[7.84999999999998, 0]","[0, 0]",1
37,"[0, 3]",164.15000000000308,"[35, 57]","[0, 0]","[0, 0]",1
38,"[2, 3]",89.44999999999706,"[36, 6]","[8.399999999999984, 0]","[0, 0]",1
39,"[2, 3]",97.04999999999663,"[38, 9]","[11.850000000000033, 0]","[0, 0]",1
40,"[0, 1]",141.3999999999979,"[37, 62]","[3.2999999999999963, 0]","[3.2999999999999963, 0]",1
41,"[2, 3]",103.54999999999626,"[39, 11]","[9.45, 0]","[0, 0]",1
42,"[0, 1]",140.79999999999777,"[40, 40]","[0, 0]","[0, 0]",1
43,"[2, 1]",72.34999999999803,"[41, -999]","[7.79999999999998, 0]","[0, 0]",1
44,"[2, 3]",110.74999999999585,"[43, 14]","[6.199999999999986, 0]","[0, 0]",1
45,"[2, 1]",79.49999999999763,"[44, 43]","[4.699999999999991, 0]","[0, 0]",1
46,"[0, 3]",174.55000000000544,"[42, 65]","[0, 0]","[0, 0]",1
47,"[0, 3]",176.00000000000577,"[46, 46]","[0, 0]","[0, 0]",1
48,"[2, 1]",98.79999999999653,"[45, 19]","[13.00000000000005, 0]","[9.750000000000004, 0]",1
49,"[2, 3]",128.69999999999501,"[48, 15]","[1.7500000000000009, 0]","[0, 0]",1
50,"[2, 3]",131.94999999999575,"[49, 49]","[0, 0]","[0, 0]",1
51,"[0, 1]",146.59999999999908,"[47, 42]","[1.3000000000000005, 0]","[0, 0]",1
52,"[2, 1]",102.99999999999629,"[50, 24]","[1.3000000000000005, 0]","[0, 0]",1
53,"[2, 3]",136.89999999999688,"[52, 26]","[2.5999999999999988, 0]","[0, 0]",1
54,"[2, 1]",112.14999999999577,"[53, 30]","[3.7499999999999947, 0]","[0, 0]",1
55,"[2, 3]",144.9499999999987,"[54, 31]","[5.09999999999999, 0]","[0, 0]",1
56,"[0, 1]",147.69999999999933,"[51, 51]","[1.850000000000001, 0]","[0, 0]",1
57,"[2, 3]",147.39999999999927,"[55, 55]","[8.04999999999998, 0]","[0, 0]",1
58,"[2, 1]",122.1499999999952,"[57, 35]","[9.850000000000005, 0]","[0, 0]",1
59,"[0, 3]",179.10000000000647,"[56, 66]","[1.6000000000000008, 0]","[0, 0]",1
60,"[0, 3]",181.25000000000696,"[59, 59]","[1.2000000000000004, 0]","[0, 0]",1
61,"[0, 1]",152.55000000000044,"[60, 72]","[1.2000000000000004, 0]","[0, 0]",1
62,"[2, 1]",122.39999999999519,"[58, 58]","[11.55000000000003, 0]","[0, 0]",1
63,"[2, 3]",154.70000000000093,"[62, 37]","[11.700000000000031, 0]","[0, 0]",1
64,"[0, 3]",183.45000000000746,"[61, 60]","[0.9000000000000002, 0]","[0, 0]",1
65,"[2, 3]",157.80000000000163,"[63, 63]","[17.35000000000011, 0]","[0, 0]",1
66,"[2, 3]",170.8000000000046,"[65, 47]","[20.350000000000154, 0]","[2.549999999999999, 0]",1
67,"[0, 1]",154.90000000000097,"[64, 73]","[1.0500000000000003, 0]","[0, 0]",1
68,"[0, 3]",182.20000000000718,"[67, 78]","[1.2000000000000004, 0]","[0, 0]",1
69,"[0, 1]",150.29999999999993,"[68, 79]","[1.2000000000000004, 0]","[0, 0]",1
70,"[2, 1]",147.64999999999932,"[66, 56]","[20.950000000000163, 0]","[3.2499999999999964, 0]",1
71,"[0, 3]",174.45000000000542,"[69, 68]","[0, 0]","[0, 0]",1
72,"[2, 1]",148.54999999999953,"[70, 70]","[17.400000000000112, 0]","[0, 0]",1
73,"[2, 1]",156.8000000000014,"[72, 61]","[17.800000000000118, 0]","[0, 0]",1
74,"[0, 3]",175.45000000000564,"[71, 71]","[0, 0]","[0, 0]",1
75,"[0, 1]",146.6499999999991,"[74, 69]","[0.35, 0]","[0, 0]",1
76,"[0, 1]",147.34999999999926,"[75, 75]","[1.2000000000000004, 0]","[0, 0]",1
77,"[0, 1]",141.94999999999803,"[76, 76]","[1.6500000000000008, 0]","[0, 0]",1
78,"[2, 3]",189.10000000000875,"[73, 64]","[18.200000000000124, 0]","[0, 0]",1
79,"[2, 1]",160.10000000000215,"[78, 67]","[18.950000000000134, 0]","[0, 0]",1
0,"[2, 3]",67.7499999999983,"[-999, -999]","[0, 0]","[0, 0]",2
1,"[2, 1]",37.15000000000003,"[0, -999]","[0, 0]","[0, 0]",2
2,"[2, 1]",38.89999999999993,"[1, 1]","[0, 0]","[0, 0]",2
3,"[0, 3]",104.99999999999618,"[-999, 13]","[0, 0]","[2.3999999999999995, 0]",2
4,"[0, 1]",74.84999999999789,"[3, -999]","[0, 0]","[0, 0]",2
5,"[0, 3]",107.74999999999602,"[4, 15]","[0, 0]","[0, 0]",2
6,"[2, 3]",69.19999999999821,"[2, 0]","[0, 0]","[0, 0]",2
7,"[2, 3]",71.79999999999806,"[6, 6]","[0, 0]","[0, 0]",2
8,"[2, 1]",41.749999999999766,"[7, 2]","[0, 0]","[0, 0]",2
9,"[2, 3]",71.2999999999981,"[8, 7]","[0, 0]","[0, 0]",2
10,"[0, 1]",78.04999999999771,"[5, 16]","[0, 0]","[0, 0]",2
11,"[2, 3]",73.34999999999798,"[9, 9]","[0, 0]","[0, 0]",2
12,"[0, 3]",109.09999999999594,"[10, 5]","[0, 0]","[0, 0]",2
13,"[2, 3]",74.7499999999979,"[11, 11]","[0, 0]","[0, 0]",2
14,"[0, 1]",80.64999999999756,"[12, 18]","[0, 0]","[0, 0]",2
15,"[2, 3]",81.24999999999753,"[13, 3]","[1.6000000000000008, 0]","[1.6000000000000008, 0]",2
16,"[2, 1]",52.19999999999917,"[15, 4]","[3.4499999999999957, 0]","[3.4499999999999957, 0]",2
17,"[0, 3]",111.79999999999579,"[14, 12]","[0, 0]","[0, 0]",2
18,"[2, 1]",59.09999999999878,"[16, 10]","[5.4999999999999885, 0]","[2.549999999999999, 0]",2
19,"[2, 1]",65.9499999999984,"[18, 14]","[12.050000000000036, 0]","[0, 0]",2
20,"[2, 3]",109.09999999999594,"[19, 23]","[25.250000000000224, 0]","[6.649999999999984, 0]",2
21,"[0, 3]",113.99999999999567,"[17, 17]","[0, 0]","[0, 0]",2
22,"[2, 3]",115.84999999999556,"[20, 27]","[16.300000000000097, 0]","[0, 0]",2
23,"[0, 3]",115.54999999999558,"[21, 21]","[0, 0]","[0, 0]",2
24,"[2, 3]",121.54999999999524,"[22, 33]","[14.550000000000072, 0]","[0, 0]",2
25,"[2, 1]",89.64999999999705,"[24, 28]","[13.400000000000055, 0]","[0, 0]",2
26,"[2, 3]",128.34999999999494,"[25, 36]","[12.450000000000042, 0]","[0, 0]",2
27,"[0, 3]",122.49999999999518,"[23, 20]","[1.5000000000000007, 0]","[1.5000000000000007, 0]",2
28,"[0, 1]",91.44999999999695,"[27, -999]","[0, 0]","[0, 0]",2
29,"[2, 3]",134.54999999999634,"[26, 38]","[13.75000000000006, 0]","[2.3499999999999996, 0]",2
30,"[2, 1]",103.24999999999628,"[29, 37]","[10.300000000000011, 0]","[0, 0]",2
31,"[2, 1]",111.6499999999958,"[30, 43]","[11.050000000000022, 0]","[0, 0]",2
32,"[2, 1]",112.49999999999575,"[31, 31]","[11.400000000000027, 0]","[0, 0]",2
33,"[0, 3]",124.0499999999951,"[28, 22]","[0, 0]","[0, 0]",2
34,"[0, 3]",129.39999999999517,"[33, 24]","[2.3499999999999996, 0]","[2.3499999999999996, 0]",2
35,"[2, 3]",145.89999999999893,"[32, 45]","[11.400000000000027, 0]","[0, 0]",2
36,"[0, 3]",129.9999999999953,"[34, 34]","[0, 0]","[0, 0]",2
37,"[0, 1]",99.09999999999651,"[36, 25]","[0, 0]","[0, 0]",2
38,"[0, 3]",131.49999999999565,"[37, 26]","[0, 0]","[0, 0]",2
39,"[2, 1]",121.59999999999523,"[35, 49]","[10.550000000000015, 0]","[0, 0]",2
40,"[2, 3]",159.9000000000021,"[39, 52]","[14.350000000000069, 0]","[3.2499999999999964, 0]",2
41,"[0, 3]",137.449999999997,"[38, 29]","[2.25, 0]","[2.25, 0]",2
42,"[2, 3]",167.45000000000383,"[40, 58]","[13.900000000000063, 0]","[3.399999999999996, 0]",2
43,"[0, 1]",107.44999999999604,"[41, 30]","[0, 0]","[0, 0]",2
44,"[0, 3]",138.09999999999715,"[43, 41]","[0, 0]","[0, 0]",2
45,"[0, 3]",140.19999999999763,"[44, 44]","[0, 0]","[0, 0]",2
46,"[2, 1]",143.94999999999848,"[42, 63]","[9.45, 0]","[0, 0]",2
47,"[2, 1]",149.7499999999998,"[46, 64]","[8.449999999999985, 0]","[0, 0]",2
48,"[0, 1]",111.5999999999958,"[45, 32]","[0, 0]","[0, 0]",2
49,"[0, 1]",112.44999999999575,"[48, 48]","[0, 0]","[0, 0]",2
50,"[0, 3]",143.39999999999836,"[49, 35]","[0, 0]","[0, 0]",2
51,"[2, 3]",187.40000000000836,"[47, 66]","[14.45000000000007, 0]","[3.2499999999999964, 0]",2
52,"[0, 3]",145.54999999999885,"[50, 50]","[0, 0]","[0, 0]",2
53,"[2, 1]",157.90000000000165,"[51, 68]","[17.90000000000012, 0]","[0, 0]",2
54,"[2, 3]",191.60000000000932,"[53, 69]","[19.000000000000135, 0]","[0, 0]",2
55,"[0, 1]",116.8999999999955,"[52, 39]","[0, 0]","[0, 0]",2
56,"[2, 1]",162.5500000000027,"[54, 73]","[18.950000000000134, 0]","[0, 0]",2
57,"[2, 1]",164.85000000000323,"[56, 56]","[18.150000000000123, 0]","[0, 0]",2
58,"[0, 3]",148.94999999999962,"[55, 40]","[0, 0]","[0, 0]",2
59,"[0, 1]",119.84999999999533,"[58, 55]","[0, 0]","[0, 0]",2
60,"[2, 1]",167.05000000000373,"[57, 57]","[22.05000000000018, 0]","[0, 0]",2
61,"[2, 1]",169.25000000000423,"[60, 60]","[27.650000000000258, 0]","[0, 0]",2
62,"[2, 3]",201.95000000001167,"[61, 78]","[31.40000000000031, 0]","[0, 0]",2
63,"[0, 1]",120.94999999999527,"[59, 59]","[0, 0]","[0, 0]",2
64,"[0, 1]",127.59999999999489,"[63, 46]","[2.6999999999999984, 0]","[2.6999999999999984, 0]",2
65,"[0, 3]",157.05000000000146,"[64, 42]","[0, 0]","[0, 0]",2
66,"[0, 3]",159.35000000000198,"[65, 65]","[0.7500000000000001, 0]","[0, 0]",2
67,"[2, 3]",205.1000000000124,"[62, 62]","[35.30000000000013, 0]","[0, 0]",2
68,"[0, 1]",130.7999999999955,"[66, 47]","[1.3000000000000005, 0]","[0, 0]",2
69,"[0, 3]",162.9000000000028,"[68, 51]","[1.6500000000000008, 0]","[0, 0]",2
70,"[2, 3]",207.55000000001294,"[67, 67]","[38.44999999999995, 0]","[0, 0]",2
71,"[2, 3]",209.65000000001342,"[70, 70]","[44.34999999999962, 0]","[0, 0]",2
72,"[2, 3]",211.15000000001376,"[71, 71]","[46.24999999999951, 0]","[0, 0]",2
73,"[0, 1]",134.04999999999623,"[69, 53]","[1.900000000000001, 0]","[0, 0]",2
74,"[2, 1]",180.5000000000068,"[72, -999]","[46.349999999999504, 0]","[0, 0]",2
75,"[0, 3]",166.5000000000036,"[73, 54]","[2.1000000000000005, 0]","[0, 0]",2
76,"[2, 3]",203.350000000012,"[74, 72]","[41.89999999999976, 0]","[0, 0]",2
77,"[0, 3]",167.90000000000393,"[75, 75]","[2.3, 0]","[0, 0]",2
78,"[0, 3]",169.0500000000042,"[77, 77]","[2.499999999999999, 0]","[0, 0]",2
79,"[2, 3]",205.70000000001252,"[76, 76]","[41.399999999999785, 0]","[0, 0]",2
0,"[0, 1]",68.99999999999822,"[-999, 12]","[0, 0]","[0, 0]",3
1,"[2, 3]",67.7499999999983,"[-999, -999]","[0, 0]","[0, 0]",3
2,"[0, 1]",75.49999999999785,"[0, 15]","[2.6999999999999984, 0]","[2.6999999999999984, 0]",3
3,"[2, 1]",37.15000000000003,"[1, -999]","[0, 0]","[0, 0]",3
4,"[2, 1]",38.89999999999993,"[3, 3]","[0, 0]","[0, 0]",3
5,"[2, 3]",70.79999999999812,"[4, 1]","[0, 0]","[0, 0]",3
6,"[0, 1]",75.89999999999783,"[2, 2]","[0, 0]","[0, 0]",3
7,"[0, 1]",76.89999999999777,"[6, 6]","[0, 0]","[0, 0]",3
8,"[0, 3]",107.999999999996,"[7, 17]","[0, 0]","[0, 0]",3
9,"[0, 1]",79.09999999999765,"[8, 21]","[0, 0]","[0, 0]",3
10,"[2, 3]",73.49999999999797,"[5, 5]","[0, 0]","[0, 0]",3
11,"[2, 1]",39.49999999999989,"[10, 4]","[0, 0]","[0, 0]",3
12,"[2, 1]",41.79999999999976,"[11, 11]","[0, 0]","[0, 0]",3
13,"[0, 1]",84.84999999999732,"[9, 22]","[2.549999999999999, 0]","[2.549999999999999, 0]",3
14,"[2, 3]",72.34999999999803,"[12, 10]","[0, 0]","[0, 0]",3
15,"[2, 1]",44.549999999999606,"[14, 0]","[0, 0]","[0, 0]",3
16,"[2, 3]",74.24999999999793,"[15, 14]","[0, 0]","[0, 0]",3
17,"[2, 3]",76.4499999999978,"[16, 16]","[0, 0]","[0, 0]",3
18,"[0, 3]",114.89999999999561,"[13, 8]","[0, 0]","[0, 0]",3
19,"[0, 3]",117.24999999999548,"[18, 18]","[0, 0]","[0, 0]",3
20,"[0, 1]",86.8999999999972,"[19, 24]","[0, 0]","[0, 0]",3
21,"[2, 1]",54.249999999999055,"[17, 7]","[6.799999999999984, 0]","[6.799999999999984, 0]",3
22,"[2, 1]",60.249999999998714,"[21, 9]","[0, 0]","[0, 0]",3
23,"[2, 1]",65.54999999999842,"[22, 13]","[13.550000000000058, 0]","[1.3500000000000005, 0]",3
24,"[2, 1]",65.49999999999842,"[23, 23]","[13.850000000000062, 0]","[0, 0]",3
25,"[0, 3]",118.24999999999542,"[20, 19]","[0, 0]","[0, 0]",3
26,"[0, 1]",94.34999999999678,"[25, 28]","[2.499999999999999, 0]","[2.499999999999999, 0]",3
27,"[2, 1]",73.24999999999798,"[24, 20]","[18.60000000000013, 0]","[0, 0]",3
28,"[2, 1]",73.09999999999799,"[27, 27]","[16.200000000000095, 0]","[0, 0]",3
29,"[0, 3]",126.39999999999496,"[26, 31]","[0, 0]","[0, 0]",3
30,"[0, 3]",133.29999999999606,"[29, 32]","[2.1000000000000005, 0]","[2.1000000000000005, 0]",3
31,"[2, 3]",105.54999999999615,"[28, 25]","[14.550000000000072, 0]","[0, 0]",3
32,"[2, 3]",113.89999999999567,"[31, 29]","[12.950000000000049, 0]","[0, 0]",3
33,"[0, 1]",102.39999999999633,"[30, -999]","[0, 0]","[0, 0]",3
34,"[2, 3]",120.69999999999528,"[32, 30]","[11.450000000000028, 0]","[0, 0]",3
35,"[2, 1]",106.74999999999608,"[34, 39]","[19.600000000000144, 0]","[9.55, 0]",3
36,"[0, 1]",103.54999999999626,"[33, 33]","[0, 0]","[0, 0]",3
37,"[2, 1]",111.6999999999958,"[35, 41]","[8.549999999999986, 0]","[0, 0]",3
38,"[0, 1]",104.6999999999962,"[36, 36]","[0, 0]","[0, 0]",3
39,"[0, 1]",105.74999999999613,"[38, 38]","[0, 0]","[0, 0]",3
40,"[2, 1]",111.84999999999579,"[37, 37]","[7.149999999999983, 0]","[0, 0]",3
41,"[0, 1]",111.6999999999958,"[39, 35]","[2.499999999999999, 0]","[2.499999999999999, 0]",3
42,"[0, 3]",141.59999999999795,"[41, 34]","[0, 0]","[0, 0]",3
43,"[0, 3]",143.94999999999848,"[42, 42]","[0, 0]","[0, 0]",3
44,"[0, 1]",114.54999999999563,"[43, 40]","[0, 0]","[0, 0]",3
45,"[0, 1]",115.69999999999557,"[44, 44]","[0, 0]","[0, 0]",3
46,"[2, 3]",145.7499999999989,"[40, 43]","[5.699999999999988, 0]","[0, 0]",3
47,"[2, 3]",148.04999999999941,"[46, 46]","[4.299999999999993, 0]","[0, 0]",3
48,"[2, 3]",150.29999999999993,"[47, 47]","[2.849999999999998, 0]","[0, 0]",3
49,"[2, 1]",120.94999999999527,"[48, 52]","[1.4500000000000006, 0]","[0, 0]",3
50,"[2, 1]",129.34999999999516,"[49, 54]","[0.65, 0]","[0, 0]",3
51,"[2, 1]",129.64999999999523,"[50, 50]","[4.149999999999993, 0]","[0, 0]",3
52,"[0, 1]",116.74999999999551,"[45, 45]","[0, 0]","[0, 0]",3
53,"[0, 3]",151.25000000000014,"[52, 48]","[0, 0]","[0, 0]",3
54,"[0, 1]",122.59999999999518,"[53, 49]","[0, 0]","[0, 0]",3
55,"[0, 3]",153.10000000000056,"[54, 53]","[0, 0]","[0, 0]",3
56,"[2, 3]",163.50000000000293,"[51, 57]","[8.449999999999985, 0]","[0, 0]",3
57,"[0, 3]",155.35000000000107,"[55, 55]","[0, 0]","[0, 0]",3
58,"[0, 1]",125.99999999999498,"[57, 51]","[0, 0]","[0, 0]",3
59,"[2, 3]",165.75000000000344,"[56, 56]","[12.100000000000037, 0]","[0, 0]",3
60,"[0, 1]",127.09999999999492,"[58, 58]","[0, 0]","[0, 0]",3
61,"[0, 3]",160.60000000000227,"[60, 59]","[0, 0]","[0, 0]",3
62,"[0, 3]",161.90000000000256,"[61, 61]","[0, 0]","[0, 0]",3
63,"[0, 3]",163.05000000000283,"[62, 62]","[0, 0]","[0, 0]",3
64,"[2, 1]",136.44999999999678,"[59, 60]","[14.45000000000007, 0]","[0, 0]",3
65,"[0, 1]",136.24999999999673,"[63, 69]","[0, 0]","[0, 0]",3
66,"[0, 1]",136.24999999999673,"[65, 65]","[0, 0]","[0, 0]",3
67,"[0, 3]",169.75000000000435,"[66, 74]","[0, 0]","[0, 0]",3
68,"[2, 1]",138.6999999999973,"[64, 64]","[17.20000000000011, 0]","[0, 0]",3
69,"[2, 1]",140.8999999999978,"[68, 68]","[21.800000000000175, 0]","[0, 0]",3
70,"[0, 1]",141.19999999999786,"[67, 75]","[0.1, 0]","[0, 0]",3
71,"[0, 1]",141.799999999998,"[70, 70]","[0.8000000000000002, 0]","[0, 0]",3
72,"[0, 3]",172.50000000000497,"[71, 77]","[1.1500000000000004, 0]","[0, 0]",3
73,"[2, 3]",174.15000000000535,"[69, 63]","[21.700000000000173, 0]","[0, 0]",3
74,"[2, 3]",176.80000000000595,"[73, 73]","[22.15000000000018, 0]","[0, 0]",3
75,"[2, 1]",147.64999999999932,"[74, 66]","[23.5000000000002, 0]","[0, 0]",3
76,"[0, 3]",173.75000000000526,"[72, 72]","[1.4000000000000006, 0]","[0, 0]",3
77,"[2, 3]",181.50000000000702,"[75, 67]","[25.200000000000223, 0]","[0, 0]",3
78,"[0, 1]",141.3499999999979,"[76, 71]","[1.6500000000000008, 0]","[0, 0]",3
79,"[0, 1]",139.79999999999754,"[78, 78]","[1.850000000000001, 0]","[0, 0]",3
0,"[2, 1]",36.40000000000007,"[-999, -999]","[0, 0]","[0, 0]",4
1,"[0, 1]",71.69999999999807,"[-999, 14]","[0, 0]","[1.950000000000001, 0]",4
2,"[2, 3]",68.49999999999825,"[0, -999]","[0, 0]","[0, 0]",4
3,"[0, 1]",73.14999999999799,"[1, 1]","[0, 0]","[0, 0]",4
4,"[2, 3]",71.1999999999981,"[2, 2]","[0, 0]","[0, 0]",4
5,"[0, 1]",78.69999999999767,"[3, 26]","[2.3, 0]","[2.3, 0]",4
6,"[2, 1]",37.699999999999996,"[4, 0]","[0, 0]","[0, 0]",4
7,"[0, 3]",109.49999999999592,"[5, 27]","[0, 0]","[0, 0]",4
8,"[2, 3]",70.94999999999811,"[6, 4]","[0, 0]","[0, 0]",4
9,"[2, 1]",38.14999999999997,"[8, 6]","[0, 0]","[0, 0]",4
10,"[0, 3]",115.99999999999555,"[7, 30]","[2.3499999999999996, 0]","[2.3499999999999996, 0]",4
11,"[0, 1]",85.44999999999729,"[10, -999]","[0, 0]","[0, 0]",4
12,"[0, 1]",86.59999999999722,"[11, 11]","[0, 0]","[0, 0]",4
13,"[2, 1]",40.24999999999985,"[9, 9]","[0, 0]","[0, 0]",4
14,"[2, 1]",42.099999999999746,"[13, 13]","[0, 0]","[0, 0]",4
15,"[0, 1]",92.1999999999969,"[12, 34]","[2.4499999999999993, 0]","[2.4499999999999993, 0]",4
16,"[0, 3]",124.14999999999509,"[15, 36]","[0, 0]","[0, 0]",4
17,"[0, 1]",95.04999999999674,"[16, 15]","[0, 0]","[0, 0]",4
18,"[2, 3]",72.949999999998,"[14, 8]","[0, 0]","[0, 0]",4
19,"[2, 3]",75.59999999999785,"[18, 18]","[0, 0]","[0, 0]",4
20,"[0, 3]",127.04999999999492,"[17, 37]","[0, 0]","[0, 0]",4
21,"[0, 1]",98.34999999999656,"[20, 38]","[0, 0]","[0, 0]",4
22,"[0, 3]",129.0999999999951,"[21, 20]","[0, 0]","[0, 0]",4
23,"[0, 1]",101.0499999999964,"[22, 41]","[0, 0]","[0, 0]",4
24,"[0, 3]",132.0999999999958,"[23, 22]","[0, 0]","[0, 0]",4
25,"[0, 1]",103.74999999999625,"[24, 42]","[0, 0]","[0, 0]",4
26,"[2, 1]",47.399999999999444,"[19, 3]","[0, 0]","[0, 0]",4
27,"[2, 3]",76.94999999999777,"[26, 19]","[0, 0]","[0, 0]",4
28,"[0, 3]",136.4999999999968,"[25, 43]","[0, 0]","[0, 0]",4
29,"[0, 1]",108.149999999996,"[28, 44]","[0, 0]","[0, 0]",4
30,"[2, 3]",84.54999999999734,"[27, 7]","[2.799999999999998, 0]","[2.799999999999998, 0]",4
31,"[0, 1]",108.69999999999597,"[29, 29]","[0, 0]","[0, 0]",4
32,"[0, 3]",142.44999999999814,"[31, 52]","[0, 0]","[0, 0]",4
33,"[2, 3]",90.94999999999698,"[30, 10]","[3.399999999999996, 0]","[3.399999999999996, 0]",4
34,"[2, 1]",66.49999999999837,"[33, 12]","[0, 0]","[0, 0]",4
35,"[0, 3]",143.74999999999844,"[32, 32]","[0, 0]","[0, 0]",4
36,"[2, 3]",96.34999999999667,"[34, 33]","[18.70000000000013, 0]","[0.44999999999999996, 0]",4
37,"[2, 3]",104.79999999999619,"[36, 16]","[19.600000000000144, 0]","[0, 0]",4
38,"[2, 1]",75.24999999999787,"[37, 17]","[17.25000000000011, 0]","[0, 0]",4
39,"[0, 3]",149.64999999999978,"[35, 58]","[2.3499999999999996, 0]","[2.3499999999999996, 0]",4
40,"[0, 3]",150.44999999999996,"[39, 39]","[0, 0]","[0, 0]",4
41,"[2, 1]",83.99999999999737,"[38, 21]","[18.850000000000133, 0]","[3.2499999999999964, 0]",4
42,"[2, 1]",91.44999999999695,"[41, 23]","[17.400000000000112, 0]","[3.349999999999996, 0]",4
43,"[2, 3]",123.39999999999513,"[42, 24]","[12.650000000000045, 0]","[0, 0]",4
44,"[2, 1]",94.44999999999678,"[43, 25]","[11.350000000000026, 0]","[0, 0]",4
45,"[2, 3]",128.2499999999949,"[44, 28]","[9.950000000000006, 0]","[0, 0]",4
46,"[0, 1]",119.64999999999534,"[40, 59]","[0, 0]","[0, 0]",4
47,"[0, 1]",120.79999999999528,"[46, 46]","[0, 0]","[0, 0]",4
48,"[0, 3]",153.10000000000056,"[47, 61]","[0, 0]","[0, 0]",4
49,"[0, 3]",154.1500000000008,"[48, 48]","[0, 0]","[0, 0]",4
50,"[0, 1]",124.49999999999507,"[49, 63]","[0, 0]","[0, 0]",4
51,"[0, 3]",156.55000000000135,"[50, 64]","[0, 0]","[0, 0]",4
52,"[2, 3]",130.64999999999546,"[45, 45]","[8.649999999999988, 0]","[0, 0]",4
53,"[0, 1]",127.74999999999488,"[51, 65]","[0, 0]","[0, 0]",4
54,"[0, 3]",158.5500000000018,"[53, 51]","[0, 0]","[0, 0]",4
55,"[2, 1]",101.44999999999638,"[52, 31]","[7.299999999999982, 0]","[0, 0]",4
56,"[0, 3]",160.8000000000023,"[54, 54]","[0, 0]","[0, 0]",4
57,"[0, 1]",132.44999999999587,"[56, 67]","[0, 0]","[0, 0]",4
58,"[2, 3]",139.5999999999975,"[55, 35]","[5.949999999999987, 0]","[0, 0]",4
59,"[2, 1]",108.44999999999598,"[58, 55]","[4.599999999999992, 0]","[0, 0]",4
60,"[2, 3]",146.84999999999914,"[59, 40]","[3.2499999999999964, 0]","[0, 0]",4
61,"[2, 3]",148.09999999999943,"[60, 60]","[1.950000000000001, 0]","[0, 0]",4
62,"[0, 1]",133.24999999999605,"[57, 57]","[0, 0]","[0, 0]",4
63,"[2, 1]",117.99999999999544,"[61, 47]","[0.9000000000000002, 0]","[0, 0]",4
64,"[2, 3]",156.00000000000122,"[63, 49]","[2.000000000000001, 0]","[0, 0]",4
65,"[2, 1]",126.39999999999496,"[64, 50]","[3.149999999999997, 0]","[0, 0]",4
66,"[2, 1]",135.14999999999648,"[65, 53]","[7.549999999999981, 0]","[3.349999999999996, 0]",4
67,"[2, 1]",136.0999999999967,"[66, 66]","[6.349999999999985, 0]","[0, 0]",4
68,"[2, 3]",169.45000000000428,"[67, 56]","[10.90000000000002, 0]","[0, 0]",4
69,"[2, 3]",171.85000000000483,"[68, 68]","[13.200000000000053, 0]","[0, 0]",4
70,"[0, 3]",166.65000000000364,"[62, 69]","[0, 0]","[0, 0]",4
71,"[2, 1]",142.59999999999818,"[69, 62]","[14.700000000000074, 0]","[0, 0]",4
72,"[0, 1]",137.74999999999707,"[70, 71]","[0, 0]","[0, 0]",4
73,"[0, 3]",169.60000000000431,"[72, 75]","[0, 0]","[0, 0]",4
74,"[0, 1]",140.79999999999777,"[73, 76]","[0, 0]","[0, 0]",4
75,"[2, 3]",176.40000000000586,"[71, 70]","[17.050000000000107, 0]","[0, 0]",4
76,"[2, 1]",147.34999999999926,"[75, 72]","[21.000000000000163, 0]","[0, 0]",4
77,"[2, 1]",155.8500000000012,"[76, 74]","[23.050000000000193, 0]","[0, 0]",4
78,"[2, 1]",156.4000000000013,"[77, 77]","[23.6000000000002, 0]","[0, 0]",4
79,"[0, 3]",170.8000000000046,"[74, 73]","[0, 0]","[0, 0]",4
0,"[2, 1]",36.40000000000007,"[-999, -999]","[0, 0]","[0, 0]",5
1,"[2, 1]",38.09999999999997,"[0, 0]","[0, 0]","[0, 0]",5
2,"[0, 1]",73.69999999999796,"[-999, 11]","[0, 0]","[3.4999999999999956, 0]",5
3,"[2, 3]",68.64999999999824,"[1, -999]","[0, 0]","[0, 0]",5
4,"[0, 3]",103.44999999999627,"[2, 10]","[0, 0]","[0, 0]",5
5,"[2, 1]",37.40000000000001,"[3, 1]","[0, 0]","[0, 0]",5
6,"[2, 3]",70.24999999999815,"[5, 3]","[0, 0]","[0, 0]",5
7,"[2, 1]",37.79999999999999,"[6, 5]","[0, 0]","[0, 0]",5
8,"[0, 1]",79.74999999999761,"[4, 13]","[2.499999999999999, 0]","[2.499999999999999, 0]",5
9,"[2, 3]",70.74999999999812,"[7, 6]","[0, 0]","[0, 0]",5
10,"[2, 3]",73.049999999998,"[9, 9]","[0, 0]","[0, 0]",5
11,"[2, 1]",38.84999999999993,"[10, 7]","[0, 0]","[0, 0]",5
12,"[2, 1]",48.29999999999939,"[11, 2]","[1.2500000000000004, 0]","[1.2500000000000004, 0]",5
13,"[2, 1]",48.54999999999938,"[12, 12]","[2.9999999999999973, 0]","[2.9999999999999973, 0]",5
14,"[2, 1]",55.199999999999,"[13, 8]","[0, 0]","[0, 0]",5
15,"[0, 3]",107.94999999999601,"[8, 4]","[0, 0]","[0, 0]",5
16,"[2, 3]",98.04999999999657,"[14, 19]","[2.8999999999999977, 0]","[2.8999999999999977, 0]",5
17,"[0, 3]",110.94999999999584,"[15, 15]","[0, 0]","[0, 0]",5
18,"[2, 3]",99.69999999999648,"[16, 16]","[5.999999999999987, 0]","[0, 0]",5
19,"[0, 3]",112.49999999999575,"[17, 17]","[0, 0]","[0, 0]",5
20,"[2, 1]",70.04999999999816,"[18, 24]","[17.30000000000011, 0]","[0, 0]",5
21,"[2, 1]",72.24999999999804,"[20, 20]","[14.950000000000077, 0]","[0, 0]",5
22,"[2, 1]",74.49999999999791,"[21, 21]","[13.300000000000054, 0]","[0, 0]",5
23,"[0, 1]",83.5999999999974,"[19, 14]","[0, 0]","[0, 0]",5
24,"[0, 1]",84.74999999999733,"[23, 23]","[0, 0]","[0, 0]",5
25,"[0, 3]",116.64999999999552,"[24, 18]","[0, 0]","[0, 0]",5
26,"[0, 3]",117.84999999999545,"[25, 25]","[0, 0]","[0, 0]",5
27,"[2, 3]",107.74999999999602,"[22, 28]","[11.750000000000032, 0]","[0, 0]",5
28,"[0, 3]",119.09999999999538,"[26, 26]","[0, 0]","[0, 0]",5
29,"[0, 1]",92.14999999999691,"[28, 22]","[0, 0]","[0, 0]",5
30,"[0, 3]",123.69999999999511,"[29, 27]","[0, 0]","[0, 0]",5
31,"[0, 1]",95.39999999999672,"[30, 38]","[0, 0]","[0, 0]",5
32,"[0, 1]",101.94999999999635,"[31, 73]","[2.549999999999999, 0]","[2.549999999999999, 0]",5
33,"[0, 1]",101.34999999999638,"[32, 32]","[0, 0]","[0, 0]",5
34,"[0, 3]",131.39999999999563,"[33, 77]","[0, 0]","[0, 0]",5
35,"[0, 1]",103.44999999999627,"[34, 33]","[0, 0]","[0, 0]",5
36,"[0, 1]",104.5499999999962,"[35, 35]","[0, 0]","[0, 0]",5
37,"[0, 1]",105.64999999999614,"[36, 36]","[0, 0]","[0, 0]",5
38,"[2, 1]",79.09999999999765,"[27, 29]","[10.300000000000011, 0]","[0, 0]",5
39,"[0, 3]",136.74999999999685,"[37, 34]","[0, 0]","[0, 0]",5
40,"[0, 1]",109.49999999999592,"[39, 37]","[0, 0]","[0, 0]",5
41,"[0, 1]",110.59999999999586,"[40, 40]","[0, 0]","[0, 0]",5
42,"[0, 3]",141.74999999999798,"[41, 39]","[0, 0]","[0, 0]",5
43,"[0, 1]",114.49999999999564,"[42, 41]","[0, 0]","[0, 0]",5
44,"[0, 1]",115.64999999999557,"[43, 43]","[0, 0]","[0, 0]",5
45,"[0, 3]",146.79999999999913,"[44, 42]","[0, 0]","[0, 0]",5
46,"[0, 1]",119.49999999999535,"[45, 44]","[0, 0]","[0, 0]",5
47,"[0, 1]",120.59999999999529,"[46, 46]","[0, 0]","[0, 0]",5
48,"[0, 3]",151.85000000000028,"[47, 45]","[0, 0]","[0, 0]",5
49,"[0, 1]",124.59999999999506,"[48, 47]","[0, 0]","[0, 0]",5
50,"[0, 1]",125.749999999995,"[49, 49]","[0, 0]","[0, 0]",5
51,"[0, 3]",156.95000000000144,"[50, 48]","[0, 0]","[0, 0]",5
52,"[0, 1]",129.69999999999524,"[51, 50]","[0, 0]","[0, 0]",5
53,"[0, 1]",130.7999999999955,"[52, 52]","[0, 0]","[0, 0]",5
54,"[0, 1]",131.84999999999573,"[53, 53]","[0, 0]","[0, 0]",5
55,"[0, 3]",162.9500000000028,"[54, 51]","[0.1, 0]","[0, 0]",5
56,"[0, 3]",165.2000000000033,"[55, 55]","[1.0000000000000002, 0]","[0, 0]",5
57,"[0, 3]",166.80000000000368,"[56, 56]","[1.3500000000000005, 0]","[0, 0]",5
58,"[0, 1]",137.8499999999971,"[57, -999]","[1.6000000000000008, 0]","[0, 0]",5
59,"[0, 1]",138.7499999999973,"[58, 58]","[1.7500000000000009, 0]","[0, 0]",5
60,"[0, 3]",167.60000000000386,"[59, 57]","[1.900000000000001, 0]","[0, 0]",5
61,"[0, 1]",138.99999999999736,"[60, 59]","[1.4500000000000006, 0]","[0, 0]",5
62,"[0, 1]",138.2999999999972,"[61, 61]","[0, 0]","[0, 0]",5
63,"[0, 1]",134.19999999999627,"[62, 62]","[0, 0]","[0, 0]",5
64,"[0, 1]",134.99999999999645,"[63, 63]","[0, 0]","[0, 0]",5
65,"[0, 3]",165.80000000000345,"[64, 60]","[0, 0]","[0, 0]",5
66,"[0, 1]",137.8999999999971,"[65, 64]","[0, 0]","[0, 0]",5
67,"[0, 1]",136.19999999999672,"[66, 66]","[0, 0]","[0, 0]",5
68,"[0, 1]",136.4999999999968,"[67, 67]","[0, 0]","[0, 0]",5
69,"[0, 3]",166.75000000000367,"[68, 65]","[0, 0]","[0, 0]",5
70,"[0, 3]",165.1500000000033,"[69, 69]","[0, 0]","[0, 0]",5
71,"[0, 1]",135.6999999999966,"[70, 68]","[0, 0]","[0, 0]",5
72,"[0, 1]",136.24999999999673,"[71, 71]","[0, 0]","[0, 0]",5
73,"[2, 1]",79.54999999999762,"[38, 31]","[1.0000000000000002, 0]","[0, 0]",5
74,"[0, 3]",164.10000000000306,"[72, 70]","[0, 0]","[0, 0]",5
75,"[0, 1]",135.6499999999966,"[74, 72]","[0, 0]","[0, 0]",5
76,"[0, 1]",136.1499999999967,"[75, 75]","[0, 0]","[0, 0]",5
77,"[2, 3]",109.64999999999591,"[73, 30]","[0, 0]","[0, 0]",5
78,"[0, 3]",163.90000000000302,"[76, 74]","[0, 0]","[0, 0]",5
79,"[0, 1]",135.59999999999658,"[78, 76]","[0, 0]","[0, 0]",5
0,"[0, 1]",75.14999999999787,"[-999, 8]","[0, 0]","[2.9499999999999975, 0]",6
1,"[2, 3]",67.7499999999983,"[-999, -999]","[0, 0]","[0, 0]",6
2,"[2, 3]",70.84999999999812,"[1, 1]","[0, 0]","[0, 0]",6
3,"[2, 1]",37.550000000000004,"[2, -999]","[0, 0]","[0, 0]",6
4,"[2, 1]",39.49999999999989,"[3, 3]","[0, 0]","[0, 0]",6
5,"[2, 3]",71.39999999999809,"[4, 2]","[0, 0]","[0, 0]",6
6,"[2, 1]",39.19999999999991,"[5, 4]","[0, 0]","[0, 0]",6
7,"[2, 1]",41.49999999999978,"[6, 6]","[0, 0]","[0, 0]",6
8,"[2, 1]",42.799999999999706,"[7, 7]","[0, 0]","[0, 0]",6
9,"[2, 3]",73.19999999999798,"[8, 5]","[0, 0]","[0, 0]",6
10,"[2, 1]",45.54999999999955,"[9, 0]","[0, 0]","[0, 0]",6
11,"[2, 1]",46.499999999999496,"[10, 10]","[0, 0]","[0, 0]",6
12,"[2, 3]",76.14999999999782,"[11, 9]","[0, 0]","[0, 0]",6
13,"[0, 1]",75.09999999999788,"[0, 11]","[2.3999999999999995, 0]","[2.3999999999999995, 0]",6
14,"[0, 1]",75.24999999999787,"[13, 13]","[0, 0]","[0, 0]",6
15,"[0, 1]",80.94999999999754,"[14, 16]","[2.499999999999999, 0]","[2.499999999999999, 0]",6
16,"[2, 1]",54.19999999999906,"[12, 14]","[2.3, 0]","[2.3, 0]",6
17,"[0, 1]",81.34999999999752,"[15, 15]","[0, 0]","[0, 0]",6
18,"[0, 1]",82.29999999999747,"[17, 17]","[0, 0]","[0, 0]",6
19,"[2, 3]",83.29999999999741,"[16, 12]","[0, 0]","[0, 0]",6
20,"[0, 1]",89.29999999999707,"[18, 23]","[2.8999999999999977, 0]","[2.8999999999999977, 0]",6
21,"[2, 3]",86.69999999999722,"[19, 19]","[0, 0]","[0, 0]",6
22,"[0, 1]",88.7499999999971,"[20, 20]","[0, 0]","[0, 0]",6
23,"[2, 1]",61.19999999999866,"[21, 18]","[0, 0]","[0, 0]",6
24,"[0, 1]",89.39999999999706,"[22, 22]","[0, 0]","[0, 0]",6
25,"[0, 1]",94.74999999999676,"[24, 78]","[2.4499999999999993, 0]","[2.4499999999999993, 0]",6
26,"[0, 1]",95.29999999999673,"[25, 25]","[0, 0]","[0, 0]",6
27,"[0, 1]",96.29999999999667,"[26, 26]","[0, 0]","[0, 0]",6
28,"[0, 3]",127.14999999999492,"[27, 53]","[0, 0]","[0, 0]",6
29,"[0, 3]",129.4999999999952,"[28, 28]","[0, 0]","[0, 0]",6
30,"[0, 3]",131.04999999999555,"[29, 29]","[0, 0]","[0, 0]",6
31,"[0, 3]",132.34999999999584,"[30, 30]","[0.49999999999999994, 0]","[0, 0]",6
32,"[0, 3]",133.54999999999612,"[31, 31]","[1.0000000000000002, 0]","[0, 0]",6
33,"[2, 3]",92.64999999999688,"[23, 21]","[15.500000000000085, 0]","[0.05, 0]",6
34,"[0, 1]",104.19999999999622,"[32, -999]","[1.4500000000000006, 0]","[0, 0]",6
35,"[0, 3]",135.6999999999966,"[34, 32]","[1.850000000000001, 0]","[0, 0]",6
36,"[0, 1]",108.149999999996,"[35, 34]","[2.3499999999999996, 0]","[0, 0]",6
37,"[0, 1]",109.29999999999593,"[36, 36]","[2.7499999999999982, 0]","[0, 0]",6
38,"[0, 3]",140.4499999999977,"[37, 35]","[3.099999999999997, 0]","[0, 0]",6
39,"[0, 3]",142.7499999999982,"[38, 38]","[3.399999999999996, 0]","[0, 0]",6
40,"[0, 3]",144.34999999999857,"[39, 39]","[3.7499999999999947, 0]","[0, 0]",6
41,"[0, 1]",115.34999999999559,"[40, -999]","[4.149999999999993, 0]","[0, 0]",6
42,"[0, 1]",116.49999999999552,"[41, 41]","[4.3499999999999925, 0]","[0, 0]",6
43,"[0, 1]",117.54999999999546,"[42, 42]","[3.999999999999994, 0]","[0, 0]",6
44,"[0, 3]",148.54999999999953,"[43, 40]","[3.4999999999999956, 0]","[0, 0]",6
45,"[0, 1]",121.24999999999525,"[44, 43]","[2.9499999999999975, 0]","[0, 0]",6
46,"[0, 3]",152.65000000000046,"[45, 44]","[2.3499999999999996, 0]","[0, 0]",6
47,"[0, 1]",125.19999999999503,"[46, 45]","[1.7000000000000008, 0]","[0, 0]",6
48,"[0, 1]",126.29999999999497,"[47, 47]","[1.0500000000000003, 0]","[0, 0]",6
49,"[0, 3]",157.40000000000154,"[48, 46]","[0.35, 0]","[0, 0]",6
50,"[0, 3]",159.75000000000207,"[49, 49]","[0, 0]","[0, 0]",6
51,"[0, 3]",161.30000000000243,"[50, 50]","[0, 0]","[0, 0]",6
52,"[0, 3]",162.5500000000027,"[51, 51]","[0, 0]","[0, 0]",6
53,"[2, 3]",95.7499999999967,"[33, 33]","[15.200000000000081, 0]","[0, 0]",6
54,"[0, 1]",132.84999999999596,"[52, -999]","[0, 0]","[0, 0]",6
55,"[0, 1]",131.19999999999558,"[54, 54]","[0.8000000000000002, 0]","[0, 0]",6
56,"[0, 1]",131.79999999999572,"[55, 55]","[1.4000000000000006, 0]","[0, 0]",6
57,"[0, 1]",132.69999999999592,"[56, 56]","[1.4500000000000006, 0]","[0, 0]",6
58,"[0, 3]",163.65000000000296,"[57, 52]","[0.9500000000000003, 0]","[0, 0]",6
59,"[0, 1]",136.29999999999674,"[58, 57]","[0, 0]","[0, 0]",6
60,"[0, 1]",133.29999999999606,"[59, 59]","[0.49999999999999994, 0]","[0, 0]",6
61,"[0, 3]",162.80000000000277,"[60, 58]","[0.44999999999999996, 0]","[0, 0]",6
62,"[0, 3]",164.80000000000322,"[61, 61]","[0, 0]","[0, 0]",6
63,"[0, 3]",164.45000000000314,"[62, 62]","[0, 0]","[0, 0]",6
64,"[0, 1]",131.94999999999575,"[63, -999]","[0, 0]","[0, 0]",6
65,"[0, 3]",163.10000000000284,"[64, 63]","[0, 0]","[0, 0]",6
66,"[0, 1]",135.39999999999654,"[65, 64]","[0, 0]","[0, 0]",6
67,"[0, 3]",166.4000000000036,"[66, 65]","[0, 0]","[0, 0]",6
68,"[0, 1]",136.74999999999685,"[67, 66]","[0, 0]","[0, 0]",6
69,"[0, 1]",136.29999999999674,"[68, 68]","[0, 0]","[0, 0]",6
70,"[0, 1]",136.89999999999688,"[69, 69]","[0, 0]","[0, 0]",6
71,"[0, 1]",137.399999999997,"[70, 70]","[0, 0]","[0, 0]",6
72,"[0, 1]",137.34999999999698,"[71, 71]","[0, 0]","[0, 0]",6
73,"[0, 3]",166.80000000000368,"[72, 67]","[0, 0]","[0, 0]",6
74,"[0, 3]",164.00000000000304,"[73, 73]","[0, 0]","[0, 0]",6
75,"[0, 1]",134.19999999999627,"[74, 72]","[0, 0]","[0, 0]",6
76,"[0, 3]",164.95000000000326,"[75, 74]","[0, 0]","[0, 0]",6
77,"[0, 1]",136.84999999999687,"[76, 75]","[0, 0]","[0, 0]",6
78,"[2, 1]",53.99999999999907,"[53, 24]","[0, 0]","[0, 0]",6
79,"[0, 3]",167.65000000000387,"[77, 76]","[0.8500000000000002, 0]","[0, 0]",6
0,"[2, 3]",67.7499999999983,"[-999, -999]","[0, 0]","[0, 0]",7
1,"[2, 1]",37.15000000000003,"[0, -999]","[0, 0]","[0, 0]",7
2,"[0, 3]",96.64999999999665,"[-999, 0]","[0, 0]","[0, 0]",7
3,"[2, 1]",38.84999999999993,"[1, 1]","[0, 0]","[0, 0]",7
4,"[2, 1]",40.74999999999982,"[3, 3]","[0, 0]","[0, 0]",7
5,"[2, 1]",42.54999999999972,"[4, 4]","[0, 0]","[0, 0]",7
6,"[2, 1]",44.09999999999963,"[5, 5]","[0, 0]","[0, 0]",7
7,"[2, 1]",45.59999999999955,"[6, 6]","[0, 0]","[0, 0]",7
8,"[2, 1]",46.849999999999476,"[7, 7]","[0, 0]","[0, 0]",7
9,"[2, 1]",47.69999999999943,"[8, 8]","[0, 0]","[0, 0]",7
10,"[2, 1]",49.04999999999935,"[9, 9]","[0, 0]","[0, 0]",7
11,"[2, 1]",61.39999999999865,"[10, 15]","[6.499999999999985, 0]","[6.499999999999985, 0]",7
12,"[2, 3]",93.54999999999683,"[11, 17]","[0, 0]","[0, 0]",7
13,"[0, 1]",73.54999999999797,"[2, 10]","[3.049999999999997, 0]","[3.049999999999997, 0]",7
14,"[2, 3]",95.99999999999669,"[12, 12]","[10.450000000000014, 0]","[0, 0]",7
15,"[0, 1]",74.24999999999793,"[13, 13]","[0, 0]","[0, 0]",7
16,"[2, 1]",66.79999999999835,"[14, 20]","[17.20000000000011, 0]","[0, 0]",7
17,"[0, 3]",105.19999999999617,"[15, 2]","[0, 0]","[0, 0]",7
18,"[0, 1]",77.19999999999776,"[17, 11]","[0, 0]","[0, 0]",7
19,"[2, 3]",100.69999999999642,"[16, 22]","[14.850000000000076, 0]","[0, 0]",7
20,"[0, 1]",78.34999999999769,"[18, 18]","[0, 0]","[0, 0]",7
21,"[2, 3]",103.09999999999629,"[19, 19]","[13.200000000000053, 0]","[0, 0]",7
22,"[0, 3]",111.89999999999579,"[20, 14]","[0, 0]","[0, 0]",7
23,"[2, 3]",105.44999999999615,"[21, 21]","[11.65000000000003, 0]","[0, 0]",7
24,"[0, 1]",83.4999999999974,"[22, 16]","[0, 0]","[0, 0]",7
25,"[0, 1]",83.99999999999737,"[24, 24]","[0, 0]","[0, 0]",7
26,"[2, 3]",107.79999999999602,"[23, 23]","[10.20000000000001, 0]","[0, 0]",7
27,"[0, 1]",84.99999999999731,"[25, 25]","[0, 0]","[0, 0]",7
28,"[0, 1]",85.99999999999726,"[27, 27]","[0, 0]","[0, 0]",7
29,"[0, 1]",87.0499999999972,"[28, 28]","[0, 0]","[0, 0]",7
30,"[0, 1]",88.09999999999714,"[29, 29]","[0, 0]","[0, 0]",7
31,"[0, 3]",119.59999999999535,"[30, 33]","[0, 0]","[0, 0]",7
32,"[0, 1]",91.24999999999696,"[31, 43]","[0, 0]","[0, 0]",7
33,"[2, 3]",110.04999999999589,"[26, 26]","[8.74999999999999, 0]","[0, 0]",7
34,"[0, 1]",91.94999999999692,"[32, 32]","[0, 0]","[0, 0]",7
35,"[0, 1]",97.34999999999661,"[34, 49]","[2.4499999999999993, 0]","[2.4499999999999993, 0]",7
36,"[0, 3]",127.4999999999949,"[35, 47]","[0, 0]","[0, 0]",7
37,"[0, 3]",129.8999999999953,"[36, 36]","[0, 0]","[0, 0]",7
38,"[0, 1]",100.9999999999964,"[37, 56]","[0, 0]","[0, 0]",7
39,"[0, 1]",101.99999999999635,"[38, 38]","[0, 0]","[0, 0]",7
40,"[0, 1]",102.99999999999629,"[39, 39]","[0, 0]","[0, 0]",7
41,"[0, 3]",137.449999999997,"[40, 61]","[0, 0]","[0, 0]",7
42,"[0, 3]",138.6999999999973,"[41, 41]","[0, 0]","[0, 0]",7
43,"[2, 1]",81.29999999999752,"[33, 30]","[7.349999999999982, 0]","[0, 0]",7
44,"[0, 1]",108.99999999999595,"[42, 63]","[0, 0]","[0, 0]",7
45,"[0, 3]",141.04999999999782,"[44, 73]","[0, 0]","[0, 0]",7
46,"[0, 1]",112.34999999999576,"[45, 78]","[0, 0]","[0, 0]",7
47,"[2, 3]",114.84999999999562,"[43, 31]","[5.949999999999987, 0]","[0, 0]",7
48,"[0, 1]",113.24999999999571,"[46, 46]","[0, 0]","[0, 0]",7
49,"[2, 1]",90.549999999997,"[47, 34]","[4.499999999999992, 0]","[0, 0]",7
50,"[0, 3]",144.24999999999855,"[48, 45]","[0, 0]","[0, 0]",7
51,"[0, 3]",146.54999999999907,"[50, 50]","[0, 0]","[0, 0]",7
52,"[2, 1]",96.29999999999667,"[49, 35]","[3.099999999999997, 0]","[0, 0]",7
53,"[0, 1]",118.09999999999543,"[51, 48]","[0, 0]","[0, 0]",7
54,"[0, 1]",119.14999999999537,"[53, 53]","[0, 0]","[0, 0]",7
55,"[0, 3]",150.34999999999994,"[54, 51]","[0, 0]","[0, 0]",7
56,"[2, 1]",96.89999999999664,"[52, 52]","[1.7000000000000008, 0]","[0, 0]",7
57,"[2, 3]",130.54999999999544,"[56, 37]","[0, 0]","[0, 0]",7
58,"[0, 3]",152.70000000000047,"[55, 55]","[0, 0]","[0, 0]",7
59,"[0, 1]",124.14999999999509,"[58, 54]","[0, 0]","[0, 0]",7
60,"[2, 3]",132.89999999999597,"[57, 57]","[0, 0]","[0, 0]",7
61,"[2, 3]",135.1999999999965,"[60, 60]","[0, 0]","[0, 0]",7
62,"[0, 1]",125.19999999999503,"[59, 59]","[0, 0]","[0, 0]",7
63,"[2, 1]",105.79999999999613,"[61, 40]","[0, 0]","[0, 0]",7
64,"[0, 3]",156.4000000000013,"[62, 58]","[0, 0]","[0, 0]",7
65,"[0, 1]",129.14999999999512,"[64, 62]","[0, 0]","[0, 0]",7
66,"[0, 1]",130.24999999999537,"[65, 65]","[0, 0]","[0, 0]",7
67,"[0, 3]",161.40000000000245,"[66, 64]","[0, 0]","[0, 0]",7
68,"[0, 1]",134.14999999999625,"[67, 66]","[0, 0]","[0, 0]",7
69,"[0, 1]",135.1999999999965,"[68, 68]","[0, 0]","[0, 0]",7
70,"[0, 3]",166.15000000000353,"[69, 67]","[0, 0]","[0, 0]",7
71,"[0, 1]",138.3499999999972,"[70, 69]","[0, 0]","[0, 0]",7
72,"[0, 1]",138.39999999999722,"[71, 71]","[0, 0]","[0, 0]",7
73,"[2, 3]",144.0499999999985,"[63, 42]","[0, 0]","[0, 0]",7
74,"[0, 3]",168.50000000000406,"[72, 70]","[0, 0]","[0, 0]",7
75,"[0, 1]",140.5499999999977,"[74, 72]","[0, 0]","[0, 0]",7
76,"[0, 1]",141.3499999999979,"[75, 75]","[0.44999999999999996, 0]","[0, 0]",7
77,"[0, 3]",172.10000000000488,"[76, 74]","[1.0000000000000002, 0]","[0, 0]",7
78,"[2, 1]",114.39999999999564,"[73, 44]","[0, 0]","[0, 0]",7
79,"[0, 1]",142.49999999999815,"[77, 76]","[1.4000000000000006, 0]","[0, 0]",7
0,"[2, 1]",36.40000000000007,"[-999, -999]","[0, 0]","[0, 0]",8
1,"[2, 3]",68.49999999999825,"[0, -999]","[0, 0]","[0, 0]",8
2,"[0, 1]",67.44999999999831,"[-999, 9]","[0, 0]","[0, 0]",8
3,"[0, 3]",100.49999999999643,"[2, 10]","[0, 0]","[0, 0]",8
4,"[2, 3]",71.1999999999981,"[1, 1]","[0, 0]","[0, 0]",8
5,"[2, 1]",37.699999999999996,"[4, 0]","[0, 0]","[0, 0]",8
6,"[0, 1]",75.89999999999783,"[3, 12]","[0, 0]","[0, 0]",8
7,"[2, 1]",39.799999999999876,"[5, 5]","[0, 0]","[0, 0]",8
8,"[2, 3]",71.54999999999808,"[7, 4]","[0, 0]","[0, 0]",8
9,"[2, 1]",39.3499999999999,"[8, 7]","[0, 0]","[0, 0]",8
10,"[2, 3]",72.09999999999805,"[9, 8]","[0, 0]","[0, 0]",8
11,"[2, 1]",47.79999999999942,"[10, 2]","[2.6499999999999986, 0]","[2.6499999999999986, 0]",8
12,"[2, 1]",48.249999999999396,"[11, 11]","[3.2499999999999964, 0]","[3.2499999999999964, 0]",8
13,"[2, 1]",54.949999999999015,"[12, 6]","[0, 0]","[0, 0]",8
14,"[2, 1]",60.949999999998674,"[13, 16]","[0, 0]","[0, 0]",8
15,"[0, 3]",104.19999999999622,"[6, 3]","[0, 0]","[0, 0]",8
16,"[0, 1]",75.99999999999783,"[15, 13]","[0, 0]","[0, 0]",8
17,"[2, 1]",66.39999999999837,"[14, 18]","[9.349999999999998, 0]","[0, 0]",8
18,"[0, 1]",81.49999999999751,"[16, 14]","[2.3499999999999996, 0]","[2.3499999999999996, 0]",8
19,"[0, 1]",86.44999999999723,"[18, 17]","[2.499999999999999, 0]","[2.499999999999999, 0]",8
20,"[0, 1]",91.44999999999695,"[19, 22]","[2.5999999999999988, 0]","[2.5999999999999988, 0]",8
21,"[0, 1]",91.79999999999693,"[20, 20]","[0, 0]","[0, 0]",8
22,"[2, 1]",71.74999999999807,"[17, 19]","[14.250000000000068, 0]","[0, 0]",8
23,"[0, 1]",92.69999999999688,"[21, 21]","[0, 0]","[0, 0]",8
24,"[0, 1]",93.74999999999682,"[23, 23]","[0, 0]","[0, 0]",8
25,"[2, 3]",101.59999999999637,"[22, 15]","[11.900000000000034, 0]","[0, 0]",8
26,"[0, 3]",129.39999999999517,"[24, 49]","[2.6999999999999984, 0]","[2.6999999999999984, 0]",8
27,"[0, 3]",135.99999999999667,"[26, 50]","[2.25, 0]","[2.25, 0]",8
28,"[0, 1]",107.09999999999606,"[27, 59]","[0, 0]","[0, 0]",8
29,"[2, 3]",104.74999999999619,"[25, 25]","[10.20000000000001, 0]","[0, 0]",8
30,"[0, 3]",139.49999999999747,"[28, 64]","[0, 0]","[0, 0]",8
31,"[0, 1]",111.09999999999583,"[30, 66]","[0, 0]","[0, 0]",8
32,"[0, 1]",111.49999999999581,"[31, 31]","[0, 0]","[0, 0]",8
33,"[0, 1]",116.8999999999955,"[32, 78]","[2.4499999999999993, 0]","[2.4499999999999993, 0]",8
34,"[0, 1]",117.39999999999547,"[33, 33]","[0, 0]","[0, 0]",8
35,"[0, 1]",123.19999999999514,"[34, 79]","[2.3999999999999995, 0]","[2.3999999999999995, 0]",8
36,"[0, 1]",123.59999999999512,"[35, 35]","[0, 0]","[0, 0]",8
37,"[0, 1]",124.54999999999507,"[36, 36]","[0, 0]","[0, 0]",8
38,"[0, 1]",125.54999999999501,"[37, 37]","[0, 0]","[0, 0]",8
39,"[0, 3]",156.45000000000132,"[38, 77]","[0, 0]","[0, 0]",8
40,"[0, 1]",129.19999999999513,"[39, 38]","[0, 0]","[0, 0]",8
41,"[0, 1]",130.3999999999954,"[40, 40]","[0, 0]","[0, 0]",8
42,"[0, 3]",161.55000000000248,"[41, 39]","[0.6, 0]","[0, 0]",8
43,"[0, 3]",163.850000000003,"[42, 42]","[1.7500000000000009, 0]","[0, 0]",8
44,"[0, 1]",135.39999999999654,"[43, 41]","[2.499999999999999, 0]","[0, 0]",8
45,"[2, 3]",107.34999999999604,"[29, 29]","[8.699999999999989, 0]","[0, 0]",8
46,"[0, 1]",136.4999999999968,"[44, 44]","[3.049999999999997, 0]","[0, 0]",8
47,"[0, 1]",137.59999999999704,"[46, 46]","[3.649999999999995, 0]","[0, 0]",8
48,"[0, 1]",138.64999999999728,"[47, 47]","[4.049999999999994, 0]","[0, 0]",8
49,"[2, 3]",109.69999999999591,"[45, 45]","[7.249999999999982, 0]","[0, 0]",8
50,"[2, 3]",117.14999999999549,"[49, 26]","[5.799999999999987, 0]","[0, 0]",8
51,"[0, 1]",139.6499999999975,"[48, 48]","[3.899999999999994, 0]","[0, 0]",8
52,"[0, 3]",170.65000000000455,"[51, 43]","[3.4499999999999957, 0]","[0, 0]",8
53,"[0, 3]",173.0000000000051,"[52, 52]","[2.849999999999998, 0]","[0, 0]",8
54,"[0, 1]",144.4999999999986,"[53, 51]","[2.25, 0]","[0, 0]",8
55,"[0, 3]",175.95000000000576,"[54, 53]","[1.6500000000000008, 0]","[0, 0]",8
56,"[0, 3]",178.00000000000622,"[55, 55]","[0.8500000000000002, 0]","[0, 0]",8
57,"[0, 1]",143.5999999999984,"[56, 54]","[0, 0]","[0, 0]",8
58,"[0, 3]",174.30000000000538,"[57, 56]","[0.35, 0]","[0, 0]",8
59,"[2, 1]",86.49999999999723,"[50, -999]","[6.0499999999999865, 0]","[0, 0]",8
60,"[0, 1]",146.44999999999905,"[58, 57]","[1.0000000000000002, 0]","[0, 0]",8
61,"[0, 1]",144.29999999999856,"[60, 60]","[1.3000000000000005, 0]","[0, 0]",8
62,"[0, 3]",174.10000000000534,"[61, 58]","[1.5500000000000007, 0]","[0, 0]",8
63,"[0, 3]",175.95000000000576,"[62, 62]","[1.800000000000001, 0]","[0, 0]",8
64,"[2, 3]",120.99999999999527,"[59, 27]","[5.449999999999989, 0]","[0, 0]",8
65,"[0, 3]",176.50000000000588,"[63, 63]","[2.0500000000000007, 0]","[0, 0]",8
66,"[2, 1]",91.84999999999692,"[64, 28]","[4.299999999999993, 0]","[0, 0]",8
67,"[0, 3]",171.10000000000466,"[65, 65]","[2.25, 0]","[0, 0]",8
68,"[0, 1]",140.59999999999772,"[67, -999]","[1.6500000000000008, 0]","[0, 0]",8
69,"[0, 1]",134.44999999999632,"[68, 68]","[0, 0]","[0, 0]",8
70,"[0, 3]",165.00000000000327,"[69, 67]","[0, 0]","[0, 0]",8
71,"[0, 1]",136.84999999999687,"[70, 69]","[0, 0]","[0, 0]",8
72,"[0, 1]",136.4999999999968,"[71, 71]","[0, 0]","[0, 0]",8
73,"[0, 3]",164.2500000000031,"[72, 70]","[0.5499999999999999, 0]","[0, 0]",8
74,"[0, 1]",135.49999999999656,"[73, 72]","[1.1500000000000004, 0]","[0, 0]",8
75,"[0, 1]",135.99999999999667,"[74, 74]","[1.6000000000000008, 0]","[0, 0]",8
76,"[0, 1]",136.0499999999967,"[75, 75]","[1.950000000000001, 0]","[0, 0]",8
77,"[2, 3]",124.44999999999507,"[66, 30]","[2.799999999999998, 0]","[0, 0]",8
78,"[2, 1]",99.89999999999647,"[77, 32]","[2.849999999999998, 0]","[0, 0]",8
79,"[2, 1]",111.49999999999581,"[78, 34]","[6.8999999999999835, 0]","[2.6499999999999986, 0]",8
0,"[2, 1]",36.40000000000007,"[-999, -999]","[0, 0]","[0, 0]",9
1,"[0, 1]",76.14999999999782,"[-999, 26]","[0, 0]","[3.1999999999999966, 0]",9
2,"[2, 1]",38.09999999999997,"[0, 0]","[0, 0]","[0, 0]",9
3,"[2, 3]",68.64999999999824,"[2, -999]","[0, 0]","[0, 0]",9
4,"[0, 3]",111.5499999999958,"[1, 30]","[2.6499999999999986, 0]","[2.6499999999999986, 0]",9
5,"[0, 3]",112.74999999999574,"[4, 4]","[0, 0]","[0, 0]",9
6,"[0, 3]",118.89999999999539,"[5, 52]","[2.7499999999999982, 0]","[2.7499999999999982, 0]",9
7,"[2, 1]",37.40000000000001,"[3, 2]","[0, 0]","[0, 0]",9
8,"[2, 1]",39.19999999999991,"[7, 7]","[0, 0]","[0, 0]",9
9,"[2, 1]",41.0999999999998,"[8, 8]","[0, 0]","[0, 0]",9
10,"[0, 3]",119.89999999999533,"[6, 6]","[0, 0]","[0, 0]",9
11,"[2, 3]",72.29999999999804,"[9, 3]","[0, 0]","[0, 0]",9
12,"[0, 3]",125.649999999995,"[10, 53]","[2.549999999999999, 0]","[2.549999999999999, 0]",9
13,"[0, 1]",94.74999999999676,"[12, -999]","[0, 0]","[0, 0]",9
14,"[0, 1]",95.8999999999967,"[13, 13]","[0, 0]","[0, 0]",9
15,"[0, 1]",101.54999999999637,"[14, 57]","[3.099999999999997, 0]","[2.3999999999999995, 0]",9
16,"[2, 1]",40.39999999999984,"[11, 9]","[0, 0]","[0, 0]",9
17,"[0, 1]",101.99999999999635,"[15, 15]","[1.2500000000000004, 0]","[0, 0]",9
18,"[0, 3]",132.5999999999959,"[17, 61]","[2.0500000000000007, 0]","[0, 0]",9
19,"[0, 3]",134.7499999999964,"[18, 18]","[2.2, 0]","[0, 0]",9
20,"[0, 3]",136.34999999999675,"[19, 19]","[1.800000000000001, 0]","[0, 0]",9
21,"[0, 3]",137.59999999999704,"[20, 20]","[1.2500000000000004, 0]","[0, 0]",9
22,"[0, 1]",108.44999999999598,"[21, 65]","[0.65, 0]","[0, 0]",9
23,"[0, 1]",109.54999999999592,"[22, 22]","[0, 0]","[0, 0]",9
24,"[0, 3]",140.84999999999778,"[23, 77]","[0, 0]","[0, 0]",9
25,"[0, 1]",113.24999999999571,"[24, 23]","[0, 0]","[0, 0]",9
26,"[2, 1]",42.649999999999714,"[16, 16]","[0, 0]","[0, 0]",9
27,"[0, 3]",144.59999999999863,"[25, 24]","[0, 0]","[0, 0]",9
28,"[2, 3]",72.69999999999801,"[26, 11]","[0, 0]","[0, 0]",9
29,"[0, 3]",146.89999999999915,"[27, 27]","[0, 0]","[0, 0]",9
30,"[2, 3]",74.99999999999788,"[28, 28]","[0, 0]","[0, 0]",9
31,"[0, 3]",148.4499999999995,"[29, 29]","[0, 0]","[0, 0]",9
32,"[0, 1]",119.44999999999536,"[31, -999]","[0.35, 0]","[0, 0]",9
33,"[0, 3]",150.80000000000004,"[32, 31]","[1.0500000000000003, 0]","[0, 0]",9
34,"[0, 3]",153.05000000000055,"[33, 33]","[1.5500000000000007, 0]","[0, 0]",9
35,"[0, 3]",154.5500000000009,"[34, 34]","[1.3500000000000005, 0]","[0, 0]",9
36,"[0, 3]",155.9000000000012,"[35, 35]","[0.8500000000000002, 0]","[0, 0]",9
37,"[0, 3]",157.10000000000147,"[36, 36]","[0, 0]","[0, 0]",9
38,"[0, 1]",127.84999999999488,"[37, -999]","[0, 0]","[0, 0]",9
39,"[0, 1]",128.89999999999506,"[38, 38]","[0, 0]","[0, 0]",9
40,"[0, 1]",129.9499999999953,"[39, 39]","[0, 0]","[0, 0]",9
41,"[0, 3]",160.95000000000235,"[40, 37]","[0, 0]","[0, 0]",9
42,"[0, 1]",133.54999999999612,"[41, 40]","[0, 0]","[0, 0]",9
43,"[2, 1]",37.6,"[30, 1]","[0, 0]","[0, 0]",9
44,"[0, 3]",164.40000000000313,"[42, 41]","[0, 0]","[0, 0]",9
45,"[0, 3]",165.6000000000034,"[44, 44]","[0, 0]","[0, 0]",9
46,"[0, 1]",136.64999999999682,"[45, 42]","[0, 0]","[0, 0]",9
47,"[0, 3]",167.70000000000388,"[46, 45]","[0, 0]","[0, 0]",9
48,"[0, 3]",166.8500000000037,"[47, 47]","[0, 0]","[0, 0]",9
49,"[0, 3]",166.9500000000037,"[48, 48]","[0, 0]","[0, 0]",9
50,"[0, 1]",137.09999999999692,"[49, -999]","[0, 0]","[0, 0]",9
51,"[0, 3]",167.55000000000385,"[50, 49]","[0, 0]","[0, 0]",9
52,"[2, 3]",72.44999999999803,"[43, 5]","[0, 0]","[0, 0]",9
53,"[2, 3]",84.34999999999735,"[52, 10]","[6.5999999999999845, 0]","[6.5999999999999845, 0]",9
54,"[0, 3]",164.60000000000318,"[51, 51]","[0, 0]","[0, 0]",9
55,"[0, 1]",135.34999999999653,"[54, 50]","[0, 0]","[0, 0]",9
56,"[2, 3]",90.449999999997,"[53, 12]","[3.399999999999996, 0]","[3.399999999999996, 0]",9
57,"[2, 1]",65.9499999999984,"[56, 14]","[0, 0]","[0, 0]",9
58,"[0, 1]",136.19999999999672,"[55, 55]","[0, 0]","[0, 0]",9
59,"[0, 1]",136.84999999999687,"[58, 58]","[0, 0]","[0, 0]",9
60,"[0, 1]",133.8999999999962,"[59, 59]","[0.8000000000000002, 0]","[0, 0]",9
61,"[2, 3]",95.6999999999967,"[57, 56]","[19.000000000000135, 0]","[0.49999999999999994, 0]",9
62,"[0, 3]",164.2000000000031,"[60, 54]","[1.3000000000000005, 0]","[0, 0]",9
63,"[2, 1]",71.99999999999805,"[61, 17]","[19.100000000000136, 0]","[0, 0]",9
64,"[0, 3]",166.20000000000354,"[62, 62]","[1.6000000000000008, 0]","[0, 0]",9
65,"[2, 1]",72.14999999999804,"[63, 63]","[16.700000000000102, 0]","[0, 0]",9
66,"[0, 1]",136.9999999999969,"[64, 60]","[1.950000000000001, 0]","[0, 0]",9
67,"[0, 1]",135.94999999999666,"[66, 66]","[2.25, 0]","[0, 0]",9
68,"[0, 1]",135.6499999999966,"[67, 67]","[2.549999999999999, 0]","[0, 0]",9
69,"[0, 1]",135.94999999999666,"[68, 68]","[2.849999999999998, 0]","[0, 0]",9
70,"[0, 1]",136.39999999999677,"[69, 69]","[2.499999999999999, 0]","[0, 0]",9
71,"[0, 1]",130.3999999999954,"[70, 70]","[0, 0]","[0, 0]",9
72,"[0, 1]",130.29999999999538,"[71, 71]","[0, 0]","[0, 0]",9
73,"[0, 1]",131.14999999999557,"[72, 72]","[0, 0]","[0, 0]",9
74,"[0, 3]",161.90000000000256,"[73, 64]","[0, 0]","[0, 0]",9
75,"[0, 1]",134.3999999999963,"[74, 73]","[0, 0]","[0, 0]",9
76,"[0, 3]",165.1000000000033,"[75, 74]","[0, 0]","[0, 0]",9
77,"[2, 3]",115.44999999999558,"[65, 21]","[20.250000000000153, 0]","[6.499999999999985, 0]",9
78,"[0, 1]",135.14999999999648,"[76, 75]","[0, 0]","[0, 0]",9
79,"[0, 1]",131.89999999999574,"[78, 78]","[0, 0]","[0, 0]",9
0,"[2, 3]",67.7499999999983,"[-999, -999]","[0, 0]","[0, 0]",10
1,"[2, 3]",70.84999999999812,"[0, 0]","[0, 0]","[0, 0]",10
2,"[2, 3]",72.74999999999801,"[1, 1]","[0, 0]","[0, 0]",10
3,"[0, 3]",97.14999999999662,"[-999, 10]","[0, 0]","[0, 0]",10
4,"[2, 1]",38.69999999999994,"[2, -999]","[0, 0]","[0, 0]",10
5,"[0, 1]",76.5499999999978,"[3, 18]","[2.000000000000001, 0]","[2.000000000000001, 0]",10
6,"[2, 1]",41.0999999999998,"[4, 4]","[0, 0]","[0, 0]",10
7,"[2, 1]",42.649999999999714,"[6, 6]","[0, 0]","[0, 0]",10
8,"[0, 3]",106.2499999999961,"[5, 23]","[0, 0]","[0, 0]",10
9,"[0, 1]",76.94999999999777,"[8, 26]","[0, 0]","[0, 0]",10
10,"[2, 3]",70.39999999999814,"[7, 2]","[0, 0]","[0, 0]",10
11,"[0, 1]",77.94999999999771,"[9, 9]","[0, 0]","[0, 0]",10
12,"[2, 1]",41.84999999999976,"[10, 7]","[0, 0]","[0, 0]",10
13,"[2, 1]",43.54999999999966,"[12, 12]","[0, 0]","[0, 0]",10
14,"[0, 3]",111.44999999999581,"[11, 31]","[0, 0]","[0, 0]",10
15,"[0, 3]",112.69999999999574,"[14, 14]","[0, 0]","[0, 0]",10
16,"[0, 3]",113.79999999999568,"[15, 15]","[0, 0]","[0, 0]",10
17,"[0, 1]",83.74999999999739,"[16, 37]","[0, 0]","[0, 0]",10
18,"[2, 1]",45.14999999999957,"[13, 13]","[0, 0]","[0, 0]",10
19,"[0, 1]",84.79999999999733,"[17, 17]","[0, 0]","[0, 0]",10
20,"[0, 1]",90.449999999997,"[19, 43]","[2.499999999999999, 0]","[2.499999999999999, 0]",10
21,"[0, 3]",120.4499999999953,"[20, 39]","[0, 0]","[0, 0]",10
22,"[0, 3]",122.84999999999516,"[21, 21]","[0, 0]","[0, 0]",10
23,"[2, 3]",75.19999999999787,"[18, 3]","[0, 0]","[0, 0]",10
24,"[0, 3]",124.49999999999507,"[22, 22]","[0, 0]","[0, 0]",10
25,"[0, 1]",95.44999999999672,"[24, 54]","[0, 0]","[0, 0]",10
26,"[2, 1]",47.59999999999943,"[23, 5]","[0, 0]","[0, 0]",10
27,"[2, 3]",79.64999999999762,"[26, 8]","[0, 0]","[0, 0]",10
28,"[0, 3]",127.4999999999949,"[25, 57]","[0, 0]","[0, 0]",10
29,"[0, 1]",98.74999999999653,"[28, 59]","[0, 0]","[0, 0]",10
30,"[0, 3]",131.09999999999556,"[29, 60]","[0, 0]","[0, 0]",10
31,"[2, 3]",81.89999999999749,"[27, 27]","[0, 0]","[0, 0]",10
32,"[0, 1]",102.64999999999631,"[30, 63]","[0, 0]","[0, 0]",10
33,"[0, 1]",103.24999999999628,"[32, 32]","[0, 0]","[0, 0]",10
34,"[0, 3]",134.09999999999624,"[33, 77]","[0, 0]","[0, 0]",10
35,"[0, 1]",106.3499999999961,"[34, 33]","[0, 0]","[0, 0]",10
36,"[2, 1]",53.04999999999912,"[31, 11]","[0, 0]","[0, 0]",10
37,"[2, 1]",55.149999999999004,"[36, 36]","[5.649999999999988, 0]","[0, 0]",10
38,"[0, 1]",107.39999999999604,"[35, 35]","[0, 0]","[0, 0]",10
39,"[2, 3]",91.99999999999692,"[37, 16]","[7.349999999999982, 0]","[0, 0]",10
40,"[0, 1]",108.54999999999598,"[38, 38]","[0, 0]","[0, 0]",10
41,"[0, 3]",139.5999999999975,"[40, 34]","[0, 0]","[0, 0]",10
42,"[0, 1]",112.29999999999576,"[41, 40]","[0, 0]","[0, 0]",10
43,"[2, 1]",68.09999999999827,"[39, 19]","[5.04999999999999, 0]","[0, 0]",10
44,"[0, 1]",113.3999999999957,"[42, 42]","[0, 0]","[0, 0]",10
45,"[0, 1]",114.54999999999563,"[44, 44]","[0, 0]","[0, 0]",10
46,"[0, 1]",115.59999999999557,"[45, 45]","[0, 0]","[0, 0]",10
47,"[0, 1]",116.59999999999552,"[46, 46]","[0, 0]","[0, 0]",10
48,"[0, 3]",147.5499999999993,"[47, 41]","[0, 0]","[0, 0]",10
49,"[0, 3]",149.89999999999984,"[48, 48]","[0, 0]","[0, 0]",10
50,"[0, 1]",121.44999999999524,"[49, 47]","[0, 0]","[0, 0]",10
51,"[0, 1]",122.49999999999518,"[50, 50]","[0, 0]","[0, 0]",10
52,"[0, 1]",123.64999999999512,"[51, 51]","[0, 0]","[0, 0]",10
53,"[0, 1]",124.69999999999506,"[52, 52]","[0, 0]","[0, 0]",10
54,"[2, 1]",73.44999999999797,"[43, 20]","[3.349999999999996, 0]","[0, 0]",10
55,"[0, 3]",155.65000000000114,"[53, 49]","[0, 0]","[0, 0]",10
56,"[0, 3]",158.00000000000168,"[55, 55]","[0, 0]","[0, 0]",10
57,"[2, 3]",116.54999999999552,"[54, 24]","[8.399999999999984, 0]","[6.5999999999999845, 0]",10
58,"[0, 3]",159.55000000000203,"[56, 56]","[0, 0]","[0, 0]",10
59,"[2, 1]",86.9999999999972,"[57, 25]","[0, 0]","[0, 0]",10
60,"[2, 3]",120.64999999999529,"[59, 28]","[0, 0]","[0, 0]",10
61,"[0, 3]",160.85000000000232,"[58, 58]","[0, 0]","[0, 0]",10
62,"[0, 1]",131.59999999999567,"[61, -999]","[0.5499999999999999, 0]","[0, 0]",10
63,"[2, 1]",91.49999999999694,"[60, 29]","[0, 0]","[0, 0]",10
64,"[0, 1]",132.5999999999959,"[62, 62]","[1.3500000000000005, 0]","[0, 0]",10
65,"[0, 1]",133.54999999999612,"[64, 64]","[1.900000000000001, 0]","[0, 0]",10
66,"[0, 1]",134.44999999999632,"[65, 65]","[2.3, 0]","[0, 0]",10
67,"[0, 1]",135.04999999999646,"[66, 66]","[2.6499999999999986, 0]","[0, 0]",10
68,"[0, 1]",133.74999999999616,"[67, 67]","[2.9499999999999975, 0]","[0, 0]",10
69,"[0, 3]",163.30000000000288,"[68, 61]","[2.6499999999999986, 0]","[0, 0]",10
70,"[0, 1]",128.29999999999492,"[69, 68]","[0, 0]","[0, 0]",10
71,"[0, 1]",128.54999999999498,"[70, 70]","[0.7000000000000001, 0]","[0, 0]",10
72,"[0, 1]",129.39999999999517,"[71, 71]","[1.2500000000000004, 0]","[0, 0]",10
73,"[0, 3]",160.15000000000217,"[72, 69]","[1.6500000000000008, 0]","[0, 0]",10
74,"[0, 1]",132.24999999999582,"[73, 72]","[2.000000000000001, 0]","[0, 0]",10
75,"[0, 1]",131.64999999999569,"[74, 74]","[2.3, 0]","[0, 0]",10
76,"[0, 3]",162.0000000000026,"[75, 73]","[2.4499999999999993, 0]","[0, 0]",10
77,"[2, 3]",125.29999999999502,"[63, 30]","[0, 0]","[0, 0]",10
78,"[0, 1]",134.2999999999963,"[76, 75]","[1.950000000000001, 0]","[0, 0]",10
79,"[0, 3]",159.70000000000206,"[78, 76]","[0, 0]","[0, 0]",10
0,"[2, 1]",36.40000000000007,"[-999, -999]","[0, 0]","[0, 0]",11
1,"[2, 1]",38.09999999999997,"[0, 0]","[0, 0]","[0, 0]",11
2,"[2, 1]",39.89999999999987,"[1, 1]","[0, 0]","[0, 0]",11
3,"[0, 1]",67.44999999999831,"[-999, 9]","[0, 0]","[0, 0]",11
4,"[2, 3]",69.24999999999821,"[2, -999]","[0, 0]","[0, 0]",11
5,"[2, 1]",37.74999999999999,"[4, 2]","[0, 0]","[0, 0]",11
6,"[0, 1]",79.9499999999976,"[3, 15]","[4.899999999999991, 0]","[4.899999999999991, 0]",11
7,"[2, 1]",39.54999999999989,"[5, 5]","[0, 0]","[0, 0]",11
8,"[2, 3]",71.2499999999981,"[7, 4]","[0, 0]","[0, 0]",11
9,"[2, 1]",39.19999999999991,"[8, 7]","[0, 0]","[0, 0]",11
10,"[0, 1]",83.79999999999738,"[6, 16]","[2.3999999999999995, 0]","[2.3999999999999995, 0]",11
11,"[2, 3]",71.89999999999806,"[9, 8]","[0, 0]","[0, 0]",11
12,"[0, 3]",113.74999999999568,"[10, 11]","[0, 0]","[0, 0]",11
13,"[2, 1]",43.39999999999967,"[11, 3]","[0, 0]","[0, 0]",11
14,"[0, 3]",116.19999999999554,"[12, 12]","[0, 0]","[0, 0]",11
15,"[2, 1]",44.84999999999959,"[13, 13]","[0, 0]","[0, 0]",11
16,"[2, 1]",51.6999999999992,"[15, 6]","[1.0000000000000002, 0]","[1.0000000000000002, 0]",11
17,"[0, 1]",87.64999999999716,"[14, 18]","[0, 0]","[0, 0]",11
18,"[2, 1]",56.9999999999989,"[16, 10]","[6.749999999999984, 0]","[6.749999999999984, 0]",11
19,"[0, 3]",119.69999999999534,"[17, 26]","[0, 0]","[0, 0]",11
20,"[0, 1]",91.14999999999696,"[19, 29]","[0, 0]","[0, 0]",11
21,"[0, 3]",123.49999999999513,"[20, 32]","[0, 0]","[0, 0]",11
22,"[0, 1]",94.24999999999679,"[21, 20]","[0, 0]","[0, 0]",11
23,"[0, 3]",126.24999999999497,"[22, 35]","[0, 0]","[0, 0]",11
24,"[0, 1]",97.29999999999661,"[23, 40]","[0, 0]","[0, 0]",11
25,"[0, 1]",104.44999999999621,"[24, 45]","[2.000000000000001, 0]","[2.000000000000001, 0]",11
26,"[2, 3]",94.24999999999679,"[18, 14]","[11.950000000000035, 0]","[3.4999999999999956, 0]",11
27,"[0, 1]",103.84999999999624,"[25, 25]","[0, 0]","[0, 0]",11
28,"[0, 1]",110.54999999999586,"[27, 79]","[2.849999999999998, 0]","[2.849999999999998, 0]",11
29,"[2, 1]",65.19999999999844,"[26, 17]","[17.000000000000107, 0]","[0, 0]",11
30,"[0, 1]",109.9999999999959,"[28, 28]","[0, 0]","[0, 0]",11
31,"[0, 3]",140.39999999999768,"[30, 64]","[0, 0]","[0, 0]",11
32,"[2, 3]",98.54999999999654,"[29, 19]","[18.850000000000133, 0]","[0, 0]",11
33,"[0, 3]",142.79999999999822,"[31, 31]","[0, 0]","[0, 0]",11
34,"[0, 3]",144.34999999999857,"[33, 33]","[0, 0]","[0, 0]",11
35,"[2, 3]",106.09999999999611,"[32, 21]","[20.85000000000016, 0]","[0, 0]",11
36,"[0, 3]",145.69999999999888,"[34, 34]","[0, 0]","[0, 0]",11
37,"[0, 1]",116.49999999999552,"[36, -999]","[0, 0]","[0, 0]",11
38,"[0, 1]",117.59999999999546,"[37, 37]","[0, 0]","[0, 0]",11
39,"[0, 1]",118.6499999999954,"[38, 38]","[0, 0]","[0, 0]",11
40,"[2, 1]",76.4999999999978,"[35, 22]","[18.450000000000127, 0]","[0, 0]",11
41,"[0, 1]",119.74999999999534,"[39, 39]","[0, 0]","[0, 0]",11
42,"[0, 3]",150.70000000000002,"[41, 36]","[0, 0]","[0, 0]",11
43,"[0, 1]",123.44999999999513,"[42, 41]","[0, 0]","[0, 0]",11
44,"[0, 1]",124.54999999999507,"[43, 43]","[0, 0]","[0, 0]",11
45,"[2, 1]",84.89999999999732,"[40, 24]","[16.800000000000104, 0]","[0, 0]",11
46,"[0, 1]",125.699999999995,"[44, 44]","[0, 0]","[0, 0]",11
47,"[0, 3]",156.70000000000138,"[46, 42]","[0, 0]","[0, 0]",11
48,"[0, 1]",129.44999999999519,"[47, 46]","[1.2000000000000004, 0]","[0, 0]",11
49,"[0, 3]",160.85000000000232,"[48, 47]","[2.5999999999999988, 0]","[0, 0]",11
50,"[0, 3]",163.10000000000284,"[49, 49]","[3.899999999999994, 0]","[0, 0]",11
51,"[0, 3]",164.7000000000032,"[50, 50]","[4.799999999999991, 0]","[0, 0]",11
52,"[0, 3]",166.0500000000035,"[51, 51]","[5.449999999999989, 0]","[0, 0]",11
53,"[0, 1]",136.79999999999686,"[52, -999]","[5.899999999999987, 0]","[0, 0]",11
54,"[0, 3]",168.15000000000398,"[53, 52]","[6.349999999999985, 0]","[0, 0]",11
55,"[0, 1]",140.29999999999765,"[54, 53]","[6.5999999999999845, 0]","[0, 0]",11
56,"[0, 1]",141.19999999999786,"[55, 55]","[6.5999999999999845, 0]","[0, 0]",11
57,"[0, 1]",142.09999999999806,"[56, 56]","[6.099999999999986, 0]","[0, 0]",11
58,"[0, 1]",142.84999999999823,"[57, 57]","[5.549999999999988, 0]","[0, 0]",11
59,"[0, 1]",136.64999999999682,"[58, 58]","[3.999999999999994, 0]","[0, 0]",11
60,"[0, 1]",129.39999999999517,"[59, 59]","[1.0000000000000002, 0]","[0, 0]",11
61,"[0, 3]",159.450000000002,"[60, 54]","[0.9500000000000003, 0]","[0, 0]",11
62,"[0, 1]",131.99999999999577,"[61, 60]","[0.39999999999999997, 0]","[0, 0]",11
63,"[0, 1]",132.94999999999598,"[62, 62]","[0, 0]","[0, 0]",11
64,"[2, 3]",115.29999999999559,"[45, 23]","[15.200000000000081, 0]","[0, 0]",11
65,"[0, 1]",133.09999999999602,"[63, 63]","[0, 0]","[0, 0]",11
66,"[0, 3]",159.9000000000021,"[65, 61]","[0, 0]","[0, 0]",11
67,"[0, 3]",161.95000000000258,"[66, 66]","[0, 0]","[0, 0]",11
68,"[0, 1]",133.29999999999606,"[67, 65]","[0, 0]","[0, 0]",11
69,"[0, 1]",134.04999999999623,"[68, 68]","[0, 0]","[0, 0]",11
70,"[0, 1]",132.6499999999959,"[69, 69]","[0, 0]","[0, 0]",11
71,"[0, 1]",132.74999999999594,"[70, 70]","[0, 0]","[0, 0]",11
72,"[0, 1]",133.39999999999608,"[71, 71]","[0, 0]","[0, 0]",11
73,"[0, 1]",133.8999999999962,"[72, 72]","[0, 0]","[0, 0]",11
74,"[0, 3]",163.850000000003,"[73, 67]","[0, 0]","[0, 0]",11
75,"[0, 1]",135.34999999999653,"[74, 73]","[0, 0]","[0, 0]",11
76,"[0, 3]",163.15000000000285,"[75, 74]","[0, 0]","[0, 0]",11
77,"[0, 1]",132.69999999999592,"[76, 75]","[0, 0]","[0, 0]",11
78,"[0, 1]",133.29999999999606,"[77, 77]","[0, 0]","[0, 0]",11
79,"[2, 1]",80.14999999999759,"[64, 27]","[3.049999999999997, 0]","[0, 0]",11
0,"[2, 1]",36.40000000000007,"[-999, -999]","[0, 0]","[0, 0]",12
1,"[2, 1]",38.09999999999997,"[0, 0]","[0, 0]","[0, 0]",12
2,"[2, 1]",39.89999999999987,"[1, 1]","[0, 0]","[0, 0]",12
3,"[2, 1]",41.79999999999976,"[2, 2]","[0, 0]","[0, 0]",12
4,"[0, 1]",67.5499999999983,"[-999, 10]","[0, 0]","[0, 0]",12
5,"[0, 1]",70.14999999999816,"[4, 4]","[0, 0]","[0, 0]",12
6,"[2, 1]",43.54999999999966,"[3, 3]","[0, 0]","[0, 0]",12
7,"[2, 1]",45.04999999999958,"[6, 6]","[0, 0]","[0, 0]",12
8,"[2, 3]",71.94999999999806,"[7, -999]","[0, 0]","[0, 0]",12
9,"[0, 1]",75.89999999999783,"[5, 20]","[2.3, 0]","[2.3, 0]",12
10,"[2, 1]",41.44999999999978,"[8, 7]","[0, 0]","[0, 0]",12
11,"[0, 1]",76.4499999999978,"[9, 9]","[0, 0]","[0, 0]",12
12,"[0, 3]",108.34999999999599,"[11, 25]","[0, 0]","[0, 0]",12
13,"[0, 3]",109.64999999999591,"[12, 12]","[0, 0]","[0, 0]",12
14,"[0, 3]",110.84999999999584,"[13, 13]","[0, 0]","[0, 0]",12
15,"[0, 3]",111.94999999999578,"[14, 14]","[0, 0]","[0, 0]",12
16,"[0, 3]",113.19999999999571,"[15, 15]","[0, 0]","[0, 0]",12
17,"[0, 3]",114.29999999999565,"[16, 16]","[0, 0]","[0, 0]",12
18,"[2, 3]",73.49999999999797,"[10, 8]","[0, 0]","[0, 0]",12
19,"[2, 3]",75.99999999999783,"[18, 18]","[0, 0]","[0, 0]",12
20,"[2, 1]",47.749999999999424,"[19, 5]","[0, 0]","[0, 0]",12
21,"[0, 1]",82.84999999999744,"[17, 43]","[0, 0]","[0, 0]",12
22,"[2, 3]",77.24999999999775,"[20, 19]","[0, 0]","[0, 0]",12
23,"[0, 1]",83.94999999999737,"[21, 21]","[0, 0]","[0, 0]",12
24,"[0, 3]",115.1499999999956,"[23, 17]","[0, 0]","[0, 0]",12
25,"[2, 3]",79.64999999999762,"[22, 22]","[0, 0]","[0, 0]",12
26,"[2, 1]",50.94999999999924,"[25, 11]","[0, 0]","[0, 0]",12
27,"[0, 3]",117.39999999999547,"[24, 24]","[0, 0]","[0, 0]",12
28,"[0, 3]",118.89999999999539,"[27, 27]","[0, 0]","[0, 0]",12
29,"[0, 1]",89.89999999999704,"[28, 48]","[0, 0]","[0, 0]",12
30,"[0, 3]",121.94999999999521,"[29, 53]","[0, 0]","[0, 0]",12
31,"[0, 1]",93.09999999999685,"[30, 59]","[0, 0]","[0, 0]",12
32,"[0, 3]",123.8999999999951,"[31, 30]","[0, 0]","[0, 0]",12
33,"[0, 1]",95.54999999999671,"[32, 63]","[0, 0]","[0, 0]",12
34,"[0, 3]",128.1999999999949,"[33, 77]","[0, 0]","[0, 0]",12
35,"[0, 3]",129.5499999999952,"[34, 34]","[0, 0]","[0, 0]",12
36,"[0, 1]",99.89999999999647,"[35, 79]","[0, 0]","[0, 0]",12
37,"[0, 3]",131.2999999999956,"[36, 35]","[0, 0]","[0, 0]",12
38,"[2, 1]",52.94999999999913,"[26, 26]","[0, 0]","[0, 0]",12
39,"[0, 1]",103.69999999999625,"[37, 36]","[0, 0]","[0, 0]",12
40,"[2, 1]",54.84999999999902,"[38, 38]","[0, 0]","[0, 0]",12
41,"[0, 3]",135.04999999999646,"[39, 37]","[0, 0]","[0, 0]",12
42,"[2, 1]",57.049999999998896,"[40, 40]","[8.449999999999985, 0]","[0, 0]",12
43,"[2, 1]",59.39999999999876,"[42, 42]","[6.299999999999986, 0]","[0, 0]",12
44,"[0, 1]",107.59999999999603,"[41, 39]","[0, 0]","[0, 0]",12
45,"[0, 1]",108.74999999999596,"[44, 44]","[0, 0]","[0, 0]",12
46,"[0, 1]",109.8499999999959,"[45, 45]","[0, 0]","[0, 0]",12
47,"[0, 3]",140.9499999999978,"[46, 41]","[0, 0]","[0, 0]",12
48,"[2, 1]",73.24999999999798,"[43, 23]","[11.150000000000023, 0]","[6.5999999999999845, 0]",12
49,"[0, 1]",113.64999999999569,"[47, 46]","[0, 0]","[0, 0]",12
50,"[0, 1]",114.84999999999562,"[49, 49]","[0, 0]","[0, 0]",12
51,"[0, 1]",115.94999999999555,"[50, 50]","[0, 0]","[0, 0]",12
52,"[0, 1]",116.9499999999955,"[51, 51]","[0, 0]","[0, 0]",12
53,"[2, 3]",115.99999999999555,"[48, 28]","[9.600000000000001, 0]","[6.549999999999985, 0]",12
54,"[0, 1]",118.04999999999544,"[52, 52]","[0, 0]","[0, 0]",12
55,"[0, 3]",149.04999999999964,"[54, 47]","[0, 0]","[0, 0]",12
56,"[0, 3]",151.40000000000018,"[55, 55]","[0, 0]","[0, 0]",12
57,"[0, 3]",152.95000000000053,"[56, 56]","[0, 0]","[0, 0]",12
58,"[0, 3]",154.30000000000084,"[57, 57]","[0, 0]","[0, 0]",12
59,"[2, 1]",86.49999999999723,"[53, 29]","[1.6000000000000008, 0]","[0, 0]",12
60,"[0, 3]",155.55000000000112,"[58, 58]","[0, 0]","[0, 0]",12
61,"[0, 1]",126.29999999999497,"[60, -999]","[0, 0]","[0, 0]",12
62,"[0, 3]",157.75000000000162,"[61, 60]","[0, 0]","[0, 0]",12
63,"[2, 1]",94.89999999999675,"[59, 31]","[0, 0]","[0, 0]",12
64,"[0, 3]",159.9000000000021,"[62, 62]","[0, 0]","[0, 0]",12
65,"[0, 3]",161.45000000000246,"[64, 64]","[0, 0]","[0, 0]",12
66,"[0, 3]",162.60000000000272,"[65, 65]","[0, 0]","[0, 0]",12
67,"[0, 3]",163.60000000000295,"[66, 66]","[0, 0]","[0, 0]",12
68,"[0, 1]",133.99999999999622,"[67, -999]","[0, 0]","[0, 0]",12
69,"[0, 3]",165.30000000000334,"[68, 67]","[0, 0]","[0, 0]",12
70,"[0, 3]",167.25000000000378,"[69, 69]","[0, 0]","[0, 0]",12
71,"[0, 3]",168.00000000000395,"[70, 70]","[0, 0]","[0, 0]",12
72,"[0, 1]",134.7999999999964,"[71, -999]","[0, 0]","[0, 0]",12
73,"[0, 1]",134.99999999999645,"[72, 72]","[0, 0]","[0, 0]",12
74,"[0, 3]",163.65000000000296,"[73, 71]","[0, 0]","[0, 0]",12
75,"[0, 1]",132.94999999999598,"[74, 73]","[0, 0]","[0, 0]",12
76,"[0, 1]",133.4499999999961,"[75, 75]","[0.9500000000000003, 0]","[0, 0]",12
77,"[2, 3]",125.799999999995,"[63, 32]","[0, 0]","[0, 0]",12
78,"[0, 3]",164.15000000000308,"[76, 74]","[1.4000000000000006, 0]","[0, 0]",12
79,"[2, 1]",97.09999999999663,"[77, 33]","[0, 0]","[0, 0]",12
0,"[2, 3]",67.7499999999983,"[-999, -999]","[0, 0]","[0, 0]",13
1,"[0, 1]",75.84999999999783,"[-999, 15]","[0, 0]","[3.049999999999997, 0]",13
2,"[0, 3]",105.19999999999617,"[1, 10]","[0, 0]","[0, 0]",13
3,"[0, 3]",107.59999999999603,"[2, 2]","[0, 0]","[0, 0]",13
4,"[0, 1]",79.14999999999765,"[3, 18]","[0, 0]","[0, 0]",13
5,"[0, 3]",111.19999999999582,"[4, 19]","[0, 0]","[0, 0]",13
6,"[2, 3]",69.14999999999822,"[0, 0]","[0, 0]","[0, 0]",13
7,"[2, 1]",37.30000000000002,"[6, -999]","[0, 0]","[0, 0]",13
8,"[2, 1]",39.14999999999991,"[7, 7]","[0, 0]","[0, 0]",13
9,"[0, 3]",112.54999999999575,"[5, 5]","[0, 0]","[0, 0]",13
10,"[2, 3]",71.04999999999811,"[8, 6]","[0, 0]","[0, 0]",13
11,"[0, 1]",84.89999999999732,"[9, 26]","[0, 0]","[0, 0]",13
12,"[2, 1]",38.949999999999925,"[10, 8]","[0, 0]","[0, 0]",13
13,"[2, 1]",41.29999999999979,"[12, 12]","[0, 0]","[0, 0]",13
14,"[0, 1]",85.09999999999731,"[11, 11]","[0, 0]","[0, 0]",13
15,"[2, 1]",42.74999999999971,"[13, 13]","[0, 0]","[0, 0]",13
16,"[0, 3]",116.09999999999555,"[14, 9]","[0, 0]","[0, 0]",13
17,"[0, 1]",88.19999999999713,"[16, 29]","[0, 0]","[0, 0]",13
18,"[2, 1]",50.24999999999928,"[15, 1]","[1.950000000000001, 0]","[1.950000000000001, 0]",13
19,"[2, 3]",87.19999999999719,"[18, 3]","[6.749999999999984, 0]","[6.749999999999984, 0]",13
20,"[2, 1]",58.7499999999988,"[19, 4]","[7.699999999999981, 0]","[0.05, 0]",13
21,"[0, 3]",120.5499999999953,"[17, 32]","[0, 0]","[0, 0]",13
22,"[0, 1]",92.04999999999691,"[21, 34]","[0, 0]","[0, 0]",13
23,"[0, 1]",92.79999999999687,"[22, 22]","[0, 0]","[0, 0]",13
24,"[0, 1]",93.79999999999681,"[23, 23]","[0, 0]","[0, 0]",13
25,"[0, 1]",99.79999999999647,"[24, 36]","[2.5999999999999988, 0]","[2.5999999999999988, 0]",13
26,"[2, 1]",60.5499999999987,"[20, 20]","[6.949999999999983, 0]","[0, 0]",13
27,"[0, 3]",129.64999999999523,"[25, 21]","[0, 0]","[0, 0]",13
28,"[0, 1]",101.34999999999638,"[27, 50]","[0, 0]","[0, 0]",13
29,"[2, 1]",74.09999999999793,"[26, 14]","[17.050000000000107, 0]","[2.799999999999998, 0]",13
30,"[0, 3]",132.49999999999588,"[28, 27]","[0, 0]","[0, 0]",13
31,"[0, 1]",104.5499999999962,"[30, 52]","[0, 0]","[0, 0]",13
32,"[2, 3]",105.89999999999613,"[29, 16]","[25.900000000000233, 0]","[0, 0]",13
33,"[0, 1]",105.44999999999615,"[31, 31]","[0, 0]","[0, 0]",13
34,"[2, 1]",76.99999999999777,"[32, 17]","[23.5500000000002, 0]","[0, 0]",13
35,"[0, 1]",106.49999999999609,"[33, 33]","[0, 0]","[0, 0]",13
36,"[2, 1]",96.04999999999669,"[34, 24]","[28.50000000000027, 0]","[6.699999999999984, 0]",13
37,"[0, 1]",111.94999999999578,"[35, 59]","[2.3499999999999996, 0]","[2.3499999999999996, 0]",13
38,"[0, 3]",142.04999999999805,"[37, 58]","[0, 0]","[0, 0]",13
39,"[0, 1]",113.24999999999571,"[38, 62]","[0, 0]","[0, 0]",13
40,"[0, 1]",118.7499999999954,"[39, 76]","[2.499999999999999, 0]","[2.499999999999999, 0]",13
41,"[0, 1]",119.19999999999537,"[40, 40]","[0, 0]","[0, 0]",13
42,"[0, 1]",124.49999999999507,"[41, 79]","[2.499999999999999, 0]","[2.499999999999999, 0]",13
43,"[0, 1]",125.09999999999503,"[42, 42]","[0, 0]","[0, 0]",13
44,"[0, 3]",155.8500000000012,"[43, 77]","[0, 0]","[0, 0]",13
45,"[0, 1]",128.599999999995,"[44, 43]","[0, 0]","[0, 0]",13
46,"[0, 3]",160.00000000000213,"[45, 44]","[0, 0]","[0, 0]",13
47,"[0, 1]",132.5499999999959,"[46, 45]","[0, 0]","[0, 0]",13
48,"[0, 3]",163.95000000000303,"[47, 46]","[0, 0]","[0, 0]",13
49,"[0, 1]",136.44999999999678,"[48, 47]","[0, 0]","[0, 0]",13
50,"[2, 1]",100.9999999999964,"[36, 25]","[20.250000000000153, 0]","[0, 0]",13
51,"[0, 3]",167.85000000000392,"[49, 48]","[0, 0]","[0, 0]",13
52,"[2, 1]",108.44999999999598,"[50, 28]","[21.45000000000017, 0]","[2.6499999999999986, 0]",13
53,"[0, 3]",170.05000000000442,"[51, 51]","[0, 0]","[0, 0]",13
54,"[0, 1]",141.49999999999793,"[53, 49]","[0, 0]","[0, 0]",13
55,"[0, 3]",172.95000000000508,"[54, 53]","[0, 0]","[0, 0]",13
56,"[2, 3]",140.19999999999763,"[52, 30]","[17.30000000000011, 0]","[0, 0]",13
57,"[0, 3]",175.15000000000558,"[55, 55]","[0, 0]","[0, 0]",13
58,"[2, 3]",142.59999999999818,"[56, 56]","[15.85000000000009, 0]","[0, 0]",13
59,"[2, 1]",117.49999999999547,"[58, 35]","[14.45000000000007, 0]","[0, 0]",13
60,"[0, 3]",176.6000000000059,"[57, 57]","[0, 0]","[0, 0]",13
61,"[0, 1]",147.39999999999927,"[60, -999]","[0, 0]","[0, 0]",13
62,"[2, 1]",123.49999999999513,"[59, 37]","[12.950000000000049, 0]","[0, 0]",13
63,"[0, 3]",178.20000000000627,"[61, 60]","[0, 0]","[0, 0]",13
64,"[0, 3]",175.00000000000554,"[63, 63]","[0, 0]","[0, 0]",13
65,"[0, 3]",175.7000000000057,"[64, 64]","[0, 0]","[0, 0]",13
66,"[0, 3]",176.75000000000594,"[65, 65]","[0.7000000000000001, 0]","[0, 0]",13
67,"[0, 3]",177.5000000000061,"[66, 66]","[1.2500000000000004, 0]","[0, 0]",13
68,"[0, 1]",147.0499999999992,"[67, -999]","[1.5500000000000007, 0]","[0, 0]",13
69,"[0, 3]",177.75000000000617,"[68, 67]","[1.850000000000001, 0]","[0, 0]",13
70,"[0, 1]",145.49999999999883,"[69, 68]","[2.3999999999999995, 0]","[0, 0]",13
71,"[0, 1]",144.74999999999866,"[70, 70]","[2.849999999999998, 0]","[0, 0]",13
72,"[0, 1]",144.99999999999872,"[71, 71]","[3.1999999999999966, 0]","[0, 0]",13
73,"[0, 1]",145.2999999999988,"[72, 72]","[3.1999999999999966, 0]","[0, 0]",13
74,"[0, 3]",174.75000000000549,"[73, 69]","[1.1500000000000004, 0]","[0, 0]",13
75,"[0, 1]",138.7999999999973,"[74, 73]","[0, 0]","[0, 0]",13
76,"[2, 1]",129.39999999999517,"[62, 39]","[11.55000000000003, 0]","[0, 0]",13
77,"[2, 3]",159.450000000002,"[76, 38]","[11.65000000000003, 0]","[0, 0]",13
78,"[0, 1]",135.6999999999966,"[75, 75]","[0, 0]","[0, 0]",13
79,"[2, 1]",135.59999999999658,"[77, 41]","[13.150000000000052, 0]","[0, 0]",13
0,"[2, 3]",67.7499999999983,"[-999, -999]","[0, 0]","[0, 0]",14
1,"[2, 1]",37.15000000000003,"[0, -999]","[0, 0]","[0, 0]",14
2,"[0, 3]",97.34999999999661,"[-999, 9]","[0, 0]","[0, 0]",14
3,"[2, 3]",69.4499999999982,"[1, 0]","[0, 0]","[0, 0]",14
4,"[2, 1]",39.49999999999989,"[3, 1]","[0, 0]","[0, 0]",14
5,"[2, 3]",70.04999999999816,"[4, 3]","[0, 0]","[0, 0]",14
6,"[0, 3]",99.69999999999648,"[2, 2]","[0, 0]","[0, 0]",14
7,"[2, 1]",40.349999999999845,"[5, 4]","[0, 0]","[0, 0]",14
8,"[0, 1]",77.24999999999775,"[6, 18]","[2.5999999999999988, 0]","[2.5999999999999988, 0]",14
9,"[2, 3]",70.39999999999814,"[7, 5]","[0, 0]","[0, 0]",14
10,"[0, 1]",76.74999999999778,"[8, 8]","[0, 0]","[0, 0]",14
11,"[0, 1]",82.39999999999746,"[10, 27]","[2.499999999999999, 0]","[2.499999999999999, 0]",14
12,"[0, 3]",113.74999999999568,"[11, 29]","[0, 0]","[0, 0]",14
13,"[2, 1]",40.99999999999981,"[9, 7]","[0, 0]","[0, 0]",14
14,"[0, 1]",84.84999999999732,"[12, 11]","[0, 0]","[0, 0]",14
15,"[0, 1]",85.99999999999726,"[14, 14]","[0, 0]","[0, 0]",14
16,"[2, 1]",42.8999999999997,"[13, 13]","[0, 0]","[0, 0]",14
17,"[2, 1]",44.549999999999606,"[16, 16]","[0, 0]","[0, 0]",14
18,"[2, 1]",45.94999999999953,"[17, 17]","[0, 0]","[0, 0]",14
19,"[0, 3]",117.24999999999548,"[15, 33]","[0, 0]","[0, 0]",14
20,"[0, 3]",119.44999999999536,"[19, 19]","[0, 0]","[0, 0]",14
21,"[0, 1]",90.69999999999699,"[20, 35]","[0, 0]","[0, 0]",14
22,"[0, 3]",122.39999999999519,"[21, 38]","[0, 0]","[0, 0]",14
23,"[0, 3]",128.34999999999494,"[22, 48]","[2.3999999999999995, 0]","[2.3999999999999995, 0]",14
24,"[0, 3]",129.0499999999951,"[23, 23]","[0, 0]","[0, 0]",14
25,"[0, 1]",98.54999999999654,"[24, 50]","[0, 0]","[0, 0]",14
26,"[2, 3]",75.94999999999783,"[18, 6]","[0, 0]","[0, 0]",14
27,"[2, 1]",53.84999999999908,"[26, 10]","[2.3999999999999995, 0]","[2.3999999999999995, 0]",14
28,"[0, 1]",99.69999999999648,"[25, 25]","[0, 0]","[0, 0]",14
29,"[2, 3]",82.89999999999743,"[27, 26]","[0, 0]","[0, 0]",14
30,"[0, 3]",131.64999999999569,"[28, 60]","[0, 0]","[0, 0]",14
31,"[0, 3]",132.69999999999592,"[30, 30]","[0, 0]","[0, 0]",14
32,"[0, 3]",133.74999999999616,"[31, 31]","[0, 0]","[0, 0]",14
33,"[2, 3]",91.14999999999696,"[29, 12]","[0, 0]","[0, 0]",14
34,"[0, 3]",140.0499999999976,"[32, 64]","[2.499999999999999, 0]","[2.499999999999999, 0]",14
35,"[2, 1]",68.34999999999826,"[33, 15]","[3.2999999999999963, 0]","[3.2999999999999963, 0]",14
36,"[0, 3]",140.84999999999778,"[34, 34]","[0, 0]","[0, 0]",14
37,"[0, 3]",146.34999999999903,"[36, 66]","[2.4499999999999993, 0]","[2.4499999999999993, 0]",14
38,"[2, 3]",105.84999999999613,"[35, 20]","[20.350000000000154, 0]","[0, 0]",14
39,"[0, 3]",147.0499999999992,"[37, 37]","[0, 0]","[0, 0]",14
40,"[0, 1]",116.49999999999552,"[39, 76]","[0, 0]","[0, 0]",14
41,"[0, 3]",148.8499999999996,"[40, 79]","[0, 0]","[0, 0]",14
42,"[0, 3]",149.94999999999985,"[41, 41]","[0, 0]","[0, 0]",14
43,"[0, 1]",120.74999999999528,"[42, 40]","[0, 0]","[0, 0]",14
44,"[0, 3]",152.30000000000038,"[43, 42]","[0, 0]","[0, 0]",14
45,"[0, 3]",154.45000000000087,"[44, 44]","[0, 0]","[0, 0]",14
46,"[0, 1]",125.89999999999499,"[45, 43]","[0, 0]","[0, 0]",14
47,"[0, 1]",126.99999999999493,"[46, 46]","[0, 0]","[0, 0]",14
48,"[2, 3]",112.54999999999575,"[38, 22]","[22.550000000000185, 0]","[0, 0]",14
49,"[0, 3]",158.25000000000173,"[47, 45]","[0, 0]","[0, 0]",14
50,"[2, 1]",81.19999999999753,"[48, 21]","[20.15000000000015, 0]","[0, 0]",14
51,"[0, 3]",160.50000000000225,"[49, 49]","[0, 0]","[0, 0]",14
52,"[0, 1]",131.99999999999577,"[51, 47]","[0, 0]","[0, 0]",14
53,"[2, 3]",119.74999999999534,"[50, 24]","[18.450000000000127, 0]","[0, 0]",14
54,"[0, 1]",133.09999999999602,"[52, 52]","[0, 0]","[0, 0]",14
55,"[0, 3]",164.35000000000312,"[54, 51]","[0, 0]","[0, 0]",14
56,"[0, 3]",166.60000000000363,"[55, 55]","[0, 0]","[0, 0]",14
57,"[0, 1]",138.09999999999715,"[56, 54]","[0, 0]","[0, 0]",14
58,"[0, 3]",169.5500000000043,"[57, 56]","[0, 0]","[0, 0]",14
59,"[0, 1]",141.89999999999802,"[58, 57]","[0, 0]","[0, 0]",14
60,"[2, 3]",120.99999999999527,"[53, 53]","[16.900000000000105, 0]","[0, 0]",14
61,"[0, 3]",172.80000000000504,"[59, 58]","[0, 0]","[0, 0]",14
62,"[0, 3]",172.50000000000497,"[61, 61]","[0, 0]","[0, 0]",14
63,"[0, 3]",172.45000000000496,"[62, 62]","[0.6, 0]","[0, 0]",14
64,"[2, 3]",137.74999999999707,"[60, 32]","[24.95000000000022, 0]","[9.55, 0]",14
65,"[2, 1]",106.2499999999961,"[64, -999]","[13.950000000000063, 0]","[0, 0]",14
66,"[2, 3]",145.14999999999876,"[65, 36]","[12.450000000000042, 0]","[0, 0]",14
67,"[0, 3]",173.40000000000518,"[63, 63]","[1.5000000000000007, 0]","[0, 0]",14
68,"[0, 1]",143.89999999999847,"[67, -999]","[1.7000000000000008, 0]","[0, 0]",14
69,"[0, 3]",175.2500000000056,"[68, 67]","[1.3000000000000005, 0]","[0, 0]",14
70,"[0, 3]",177.050000000006,"[69, 69]","[0.2, 0]","[0, 0]",14
71,"[0, 3]",172.25000000000492,"[70, 70]","[0, 0]","[0, 0]",14
72,"[0, 1]",141.849999999998,"[71, -999]","[0, 0]","[0, 0]",14
73,"[0, 3]",170.8500000000046,"[72, 71]","[0, 0]","[0, 0]",14
74,"[0, 3]",171.7000000000048,"[73, 73]","[0, 0]","[0, 0]",14
75,"[0, 1]",137.14999999999694,"[74, 72]","[0, 0]","[0, 0]",14
76,"[2, 1]",113.24999999999571,"[66, 65]","[12.250000000000039, 0]","[0, 0]",14
77,"[0, 1]",137.449999999997,"[75, 75]","[0, 0]","[0, 0]",14
78,"[0, 3]",168.00000000000395,"[77, 74]","[0, 0]","[0, 0]",14
79,"[2, 3]",152.0000000000003,"[76, 39]","[12.100000000000037, 0]","[0, 0]",14
0,"[0, 3]",100.19999999999645,"[-999, 6]","[0, 0]","[0, 0]",15
1,"[2, 3]",67.7499999999983,"[-999, -999]","[0, 0]","[0, 0]",15
2,"[2, 3]",70.84999999999812,"[1, 1]","[0, 0]","[0, 0]",15
3,"[2, 3]",72.69999999999801,"[2, 2]","[0, 0]","[0, 0]",15
4,"[2, 3]",74.24999999999793,"[3, 3]","[0, 0]","[0, 0]",15
5,"[2, 3]",75.69999999999784,"[4, 4]","[0, 0]","[0, 0]",15
6,"[2, 3]",76.99999999999777,"[5, 5]","[0, 0]","[0, 0]",15
7,"[2, 1]",42.39999999999973,"[6, -999]","[0, 0]","[0, 0]",15
8,"[0, 3]",106.4499999999961,"[0, 11]","[2.7499999999999982, 0]","[2.7499999999999982, 0]",15
9,"[2, 1]",44.6499999999996,"[7, 7]","[0, 0]","[0, 0]",15
10,"[2, 3]",75.69999999999784,"[9, 0]","[0, 0]","[0, 0]",15
11,"[2, 3]",76.84999999999778,"[10, 10]","[0, 0]","[0, 0]",15
12,"[2, 3]",83.34999999999741,"[11, 8]","[1.6000000000000008, 0]","[1.6000000000000008, 0]",15
13,"[2, 1]",59.59999999999875,"[12, 17]","[6.849999999999984, 0]","[6.749999999999984, 0]",15
14,"[2, 3]",89.59999999999705,"[13, 12]","[0, 0]","[0, 0]",15
15,"[2, 3]",92.74999999999687,"[14, 14]","[12.950000000000049, 0]","[0, 0]",15
16,"[0, 1]",71.79999999999806,"[8, 9]","[0, 0]","[0, 0]",15
17,"[0, 1]",73.59999999999796,"[16, 16]","[0, 0]","[0, 0]",15
18,"[0, 1]",80.99999999999754,"[17, 13]","[1.6500000000000008, 0]","[1.6500000000000008, 0]",15
19,"[0, 1]",80.34999999999758,"[18, 18]","[0, 0]","[0, 0]",15
20,"[0, 1]",80.89999999999755,"[19, 19]","[0, 0]","[0, 0]",15
21,"[0, 3]",116.34999999999553,"[20, 23]","[2.549999999999999, 0]","[2.549999999999999, 0]",15
22,"[0, 3]",122.99999999999515,"[21, 25]","[2.25, 0]","[2.25, 0]",15
23,"[2, 3]",95.29999999999673,"[15, 15]","[15.650000000000087, 0]","[0, 0]",15
24,"[0, 3]",128.69999999999501,"[22, 27]","[2.1500000000000004, 0]","[2.1500000000000004, 0]",15
25,"[2, 3]",102.7999999999963,"[23, 21]","[17.450000000000113, 0]","[0, 0]",15
26,"[0, 1]",99.3499999999965,"[24, 35]","[0, 0]","[0, 0]",15
27,"[2, 3]",109.34999999999593,"[25, 22]","[15.10000000000008, 0]","[0, 0]",15
28,"[0, 1]",99.49999999999649,"[26, 26]","[0, 0]","[0, 0]",15
29,"[0, 1]",104.79999999999619,"[28, 39]","[2.3999999999999995, 0]","[2.3999999999999995, 0]",15
30,"[0, 3]",134.89999999999642,"[29, 37]","[0, 0]","[0, 0]",15
31,"[0, 1]",106.3999999999961,"[30, 45]","[0, 0]","[0, 0]",15
32,"[0, 3]",137.59999999999704,"[31, 30]","[0, 0]","[0, 0]",15
33,"[0, 3]",139.69999999999752,"[32, 32]","[0, 0]","[0, 0]",15
34,"[0, 1]",111.14999999999583,"[33, 49]","[0, 0]","[0, 0]",15
35,"[2, 1]",77.74999999999773,"[27, -999]","[13.350000000000055, 0]","[0, 0]",15
36,"[0, 1]",112.29999999999576,"[34, 34]","[0, 0]","[0, 0]",15
37,"[2, 3]",112.39999999999576,"[35, 24]","[11.850000000000033, 0]","[0, 0]",15
38,"[0, 1]",119.54999999999535,"[36, 55]","[1.950000000000001, 0]","[1.950000000000001, 0]",15
39,"[2, 1]",86.9999999999972,"[37, 28]","[10.300000000000011, 0]","[0, 0]",15
40,"[0, 1]",118.89999999999539,"[38, 38]","[0, 0]","[0, 0]",15
41,"[0, 1]",125.699999999995,"[40, 59]","[2.849999999999998, 0]","[2.849999999999998, 0]",15
42,"[0, 3]",154.1500000000008,"[41, 56]","[0, 0]","[0, 0]",15
43,"[0, 3]",156.50000000000134,"[42, 42]","[0, 0]","[0, 0]",15
44,"[0, 1]",127.89999999999488,"[43, 79]","[0, 0]","[0, 0]",15
45,"[2, 1]",93.09999999999685,"[39, 29]","[8.84999999999999, 0]","[0, 0]",15
46,"[0, 1]",128.99999999999508,"[44, 44]","[0, 0]","[0, 0]",15
47,"[0, 1]",130.09999999999533,"[46, 46]","[0, 0]","[0, 0]",15
48,"[0, 3]",161.1500000000024,"[47, 43]","[0, 0]","[0, 0]",15
49,"[2, 1]",99.49999999999649,"[45, 31]","[7.399999999999982, 0]","[0, 0]",15
50,"[0, 3]",163.45000000000292,"[48, 48]","[0, 0]","[0, 0]",15
51,"[0, 1]",134.99999999999645,"[50, 47]","[0, 0]","[0, 0]",15
52,"[2, 3]",137.59999999999704,"[49, 33]","[9.149999999999995, 0]","[3.1999999999999966, 0]",15
53,"[0, 3]",166.4500000000036,"[51, 50]","[0, 0]","[0, 0]",15
54,"[0, 1]",138.89999999999733,"[53, 51]","[0, 0]","[0, 0]",15
55,"[2, 1]",114.29999999999565,"[52, 36]","[5.649999999999988, 0]","[0, 0]",15
56,"[2, 3]",144.59999999999863,"[55, 52]","[5.599999999999988, 0]","[0, 0]",15
57,"[0, 3]",170.30000000000447,"[54, 53]","[0, 0]","[0, 0]",15
58,"[0, 1]",142.89999999999824,"[57, 54]","[0, 0]","[0, 0]",15
59,"[2, 1]",120.04999999999532,"[56, 40]","[5.249999999999989, 0]","[0, 0]",15
60,"[0, 3]",174.20000000000536,"[58, 57]","[0, 0]","[0, 0]",15
61,"[0, 3]",176.40000000000586,"[60, 60]","[0.9500000000000003, 0]","[0, 0]",15
62,"[0, 1]",147.74999999999935,"[61, 58]","[1.1500000000000004, 0]","[0, 0]",15
63,"[0, 3]",179.05000000000646,"[62, 61]","[0.8500000000000002, 0]","[0, 0]",15
64,"[0, 1]",150.85000000000005,"[63, 62]","[1.5500000000000007, 0]","[0, 0]",15
65,"[0, 1]",146.04999999999896,"[64, 64]","[2.5999999999999988, 0]","[0, 0]",15
66,"[0, 3]",175.40000000000563,"[65, 63]","[3.2499999999999964, 0]","[0, 0]",15
67,"[0, 1]",145.84999999999891,"[66, 65]","[3.7999999999999945, 0]","[0, 0]",15
68,"[0, 1]",146.14999999999898,"[67, 67]","[4.249999999999993, 0]","[0, 0]",15
69,"[0, 1]",146.04999999999896,"[68, 68]","[4.699999999999991, 0]","[0, 0]",15
70,"[0, 3]",175.3000000000056,"[69, 66]","[4.99999999999999, 0]","[0, 0]",15
71,"[0, 1]",147.19999999999922,"[70, 69]","[5.09999999999999, 0]","[0, 0]",15
72,"[0, 1]",147.79999999999936,"[71, 71]","[4.449999999999992, 0]","[0, 0]",15
73,"[0, 3]",171.3000000000047,"[72, 70]","[1.850000000000001, 0]","[0, 0]",15
74,"[0, 3]",166.55000000000362,"[73, 73]","[0, 0]","[0, 0]",15
75,"[0, 1]",137.14999999999694,"[74, 72]","[0, 0]","[0, 0]",15
76,"[0, 3]",168.45000000000405,"[75, 74]","[0, 0]","[0, 0]",15
77,"[0, 1]",140.69999999999774,"[76, 75]","[0, 0]","[0, 0]",15
78,"[0, 1]",141.19999999999786,"[77, 77]","[0, 0]","[0, 0]",15
79,"[2, 1]",126.64999999999495,"[59, 41]","[4.849999999999991, 0]","[0, 0]",15
0,"[2, 3]",67.7499999999983,"[-999, -999]","[0, 0]","[0, 0]",16
1,"[0, 3]",101.59999999999637,"[-999, 11]","[0, 0]","[0, 0]",16
2,"[0, 1]",72.79999999999801,"[1, 13]","[0, 0]","[0, 0]",16
3,"[2, 3]",70.84999999999812,"[0, 0]","[0, 0]","[0, 0]",16
4,"[0, 3]",105.04999999999617,"[2, 15]","[0, 0]","[0, 0]",16
5,"[2, 3]",72.69999999999801,"[3, 3]","[0, 0]","[0, 0]",16
6,"[2, 1]",38.69999999999994,"[5, -999]","[0, 0]","[0, 0]",16
7,"[2, 1]",41.0999999999998,"[6, 6]","[0, 0]","[0, 0]",16
8,"[0, 1]",80.14999999999759,"[4, 33]","[2.849999999999998, 0]","[2.849999999999998, 0]",16
9,"[2, 1]",42.649999999999714,"[7, 7]","[0, 0]","[0, 0]",16
10,"[2, 1]",44.09999999999963,"[9, 9]","[0, 0]","[0, 0]",16
11,"[2, 3]",71.2499999999981,"[10, 5]","[0, 0]","[0, 0]",16
12,"[0, 3]",110.84999999999584,"[8, 38]","[0, 0]","[0, 0]",16
13,"[2, 1]",43.24999999999968,"[11, 10]","[0, 0]","[0, 0]",16
14,"[0, 1]",82.74999999999744,"[12, 39]","[0, 0]","[0, 0]",16
15,"[2, 3]",76.14999999999782,"[13, 1]","[0, 0]","[0, 0]",16
16,"[0, 1]",89.49999999999706,"[14, 45]","[1.800000000000001, 0]","[1.800000000000001, 0]",16
17,"[0, 3]",120.64999999999529,"[16, 47]","[0, 0]","[0, 0]",16
18,"[0, 1]",92.94999999999686,"[17, 48]","[0, 0]","[0, 0]",16
19,"[0, 1]",93.19999999999685,"[18, 18]","[0, 0]","[0, 0]",16
20,"[0, 1]",94.19999999999679,"[19, 19]","[0, 0]","[0, 0]",16
21,"[0, 1]",95.24999999999673,"[20, 20]","[0, 0]","[0, 0]",16
22,"[0, 1]",96.29999999999667,"[21, 21]","[0, 0]","[0, 0]",16
23,"[0, 3]",127.29999999999491,"[22, 52]","[0, 0]","[0, 0]",16
24,"[2, 1]",46.89999999999947,"[15, 2]","[0, 0]","[0, 0]",16
25,"[0, 3]",129.5499999999952,"[23, 23]","[0, 0]","[0, 0]",16
26,"[0, 1]",99.99999999999646,"[25, 62]","[0, 0]","[0, 0]",16
27,"[0, 3]",132.94999999999598,"[26, 63]","[0, 0]","[0, 0]",16
28,"[0, 1]",103.59999999999626,"[27, 26]","[0, 0]","[0, 0]",16
29,"[0, 3]",135.6499999999966,"[28, 64]","[0, 0]","[0, 0]",16
30,"[0, 1]",106.19999999999611,"[29, 28]","[0, 0]","[0, 0]",16
31,"[0, 3]",138.2499999999972,"[30, 65]","[0, 0]","[0, 0]",16
32,"[0, 1]",109.29999999999593,"[31, 66]","[0, 0]","[0, 0]",16
33,"[2, 1]",47.84999999999942,"[24, 24]","[0, 0]","[0, 0]",16
34,"[0, 3]",140.14999999999762,"[32, 31]","[0, 0]","[0, 0]",16
35,"[0, 3]",142.39999999999813,"[34, 34]","[0, 0]","[0, 0]",16
36,"[0, 3]",143.89999999999847,"[35, 35]","[0, 0]","[0, 0]",16
37,"[0, 3]",145.19999999999877,"[36, 36]","[0, 0]","[0, 0]",16
38,"[2, 3]",78.44999999999769,"[33, 4]","[0, 0]","[0, 0]",16
39,"[2, 1]",50.749999999999254,"[38, 8]","[0, 0]","[0, 0]",16
40,"[0, 1]",115.74999999999557,"[37, 78]","[0, 0]","[0, 0]",16
41,"[0, 1]",116.8999999999955,"[40, 40]","[0, 0]","[0, 0]",16
42,"[0, 3]",148.24999999999946,"[41, 79]","[0, 0]","[0, 0]",16
43,"[0, 1]",120.64999999999529,"[42, 41]","[0, 0]","[0, 0]",16
44,"[0, 3]",151.9500000000003,"[43, 42]","[0, 0]","[0, 0]",16
45,"[2, 1]",58.19999999999883,"[39, 14]","[0, 0]","[0, 0]",16
46,"[0, 1]",124.49999999999507,"[44, 43]","[0, 0]","[0, 0]",16
47,"[2, 3]",88.6499999999971,"[45, 12]","[10.85000000000002, 0]","[0.3, 0]",16
48,"[2, 1]",60.99999999999867,"[47, 16]","[12.000000000000036, 0]","[0, 0]",16
49,"[2, 3]",94.74999999999676,"[48, 17]","[9.700000000000003, 0]","[0, 0]",16
50,"[2, 3]",97.19999999999662,"[49, 49]","[8.14999999999998, 0]","[0, 0]",16
51,"[0, 3]",155.80000000000118,"[46, 44]","[0, 0]","[0, 0]",16
52,"[2, 3]",99.54999999999649,"[50, 50]","[6.849999999999984, 0]","[0, 0]",16
53,"[0, 1]",128.29999999999492,"[51, 46]","[0, 0]","[0, 0]",16
54,"[2, 1]",79.29999999999764,"[52, 22]","[7.99999999999998, 0]","[2.499999999999999, 0]",16
55,"[0, 3]",159.65000000000205,"[53, 51]","[0, 0]","[0, 0]",16
56,"[0, 3]",161.95000000000258,"[55, 55]","[0, 0]","[0, 0]",16
57,"[0, 3]",163.50000000000293,"[56, 56]","[0, 0]","[0, 0]",16
58,"[0, 3]",164.7000000000032,"[57, 57]","[0.7000000000000001, 0]","[0, 0]",16
59,"[0, 1]",135.34999999999653,"[58, -999]","[1.1000000000000003, 0]","[0, 0]",16
60,"[0, 1]",134.14999999999625,"[59, 59]","[1.3500000000000005, 0]","[0, 0]",16
61,"[0, 3]",163.3500000000029,"[60, 58]","[1.4500000000000006, 0]","[0, 0]",16
62,"[2, 1]",79.04999999999765,"[54, 54]","[4.199999999999993, 0]","[0, 0]",16
63,"[2, 3]",112.89999999999573,"[62, 25]","[2.849999999999998, 0]","[0, 0]",16
64,"[2, 3]",120.4499999999953,"[63, 27]","[1.4500000000000006, 0]","[0, 0]",16
65,"[2, 3]",127.24999999999491,"[64, 29]","[0, 0]","[0, 0]",16
66,"[2, 1]",97.5999999999966,"[65, 30]","[0, 0]","[0, 0]",16
67,"[0, 3]",165.35000000000335,"[61, 61]","[1.5000000000000007, 0]","[0, 0]",16
68,"[0, 1]",136.64999999999682,"[67, 60]","[1.4500000000000006, 0]","[0, 0]",16
69,"[0, 1]",137.399999999997,"[68, 68]","[1.1500000000000004, 0]","[0, 0]",16
70,"[0, 1]",133.19999999999604,"[69, 69]","[2.549999999999999, 0]","[0, 0]",16
71,"[0, 1]",133.8499999999962,"[70, 70]","[2.8999999999999977, 0]","[0, 0]",16
72,"[0, 1]",134.7499999999964,"[71, 71]","[2.6499999999999986, 0]","[0, 0]",16
73,"[2, 1]",105.99999999999612,"[66, 32]","[0, 0]","[0, 0]",16
74,"[0, 3]",165.5500000000034,"[72, 67]","[2.000000000000001, 0]","[0, 0]",16
75,"[0, 1]",133.59999999999613,"[74, 72]","[2.1000000000000005, 0]","[0, 0]",16
76,"[2, 1]",106.3999999999961,"[73, 73]","[0, 0]","[0, 0]",16
77,"[0, 1]",133.39999999999608,"[75, 75]","[2.2, 0]","[0, 0]",16
78,"[2, 1]",108.34999999999599,"[76, 76]","[0, 0]","[0, 0]",16
79,"[2, 3]",146.79999999999913,"[78, 37]","[0, 0]","[0, 0]",16
0,"[0, 3]",97.89999999999658,"[-999, 11]","[0, 0]","[0, 0]",17
1,"[0, 1]",77.99999999999771,"[0, 17]","[2.9499999999999975, 0]","[2.9499999999999975, 0]",17
2,"[2, 1]",36.40000000000007,"[-999, -999]","[0, 0]","[0, 0]",17
3,"[0, 3]",113.4999999999957,"[1, 21]","[2.9499999999999975, 0]","[2.9499999999999975, 0]",17
4,"[0, 3]",114.59999999999563,"[3, 3]","[0, 0]","[0, 0]",17
5,"[2, 3]",68.49999999999825,"[2, -999]","[0, 0]","[0, 0]",17
6,"[2, 1]",38.64999999999994,"[5, 2]","[0, 0]","[0, 0]",17
7,"[2, 1]",40.549999999999834,"[6, 6]","[0, 0]","[0, 0]",17
8,"[0, 1]",85.84999999999727,"[4, 27]","[0, 0]","[0, 0]",17
9,"[0, 3]",116.29999999999553,"[8, 4]","[0, 0]","[0, 0]",17
10,"[2, 3]",69.59999999999819,"[7, 5]","[0, 0]","[0, 0]",17
11,"[2, 3]",72.09999999999805,"[10, 10]","[0, 0]","[0, 0]",17
12,"[0, 1]",87.44999999999717,"[9, 42]","[0, 0]","[0, 0]",17
13,"[2, 1]",42.24999999999974,"[11, 7]","[0, 0]","[0, 0]",17
14,"[0, 1]",88.29999999999713,"[12, 12]","[0, 0]","[0, 0]",17
15,"[2, 1]",43.89999999999964,"[13, 13]","[0, 0]","[0, 0]",17
16,"[0, 3]",119.54999999999535,"[14, 9]","[0, 0]","[0, 0]",17
17,"[2, 1]",45.39999999999956,"[15, 15]","[0, 0]","[0, 0]",17
18,"[2, 3]",75.39999999999786,"[17, 0]","[0, 0]","[0, 0]",17
19,"[0, 3]",121.84999999999522,"[16, 16]","[0, 0]","[0, 0]",17
20,"[0, 1]",93.19999999999685,"[19, 45]","[0, 0]","[0, 0]",17
21,"[2, 3]",77.74999999999773,"[18, 18]","[0, 0]","[0, 0]",17
22,"[2, 1]",48.599999999999376,"[21, 1]","[0, 0]","[0, 0]",17
23,"[0, 3]",125.799999999995,"[20, 57]","[0, 0]","[0, 0]",17
24,"[0, 1]",97.6499999999966,"[23, 59]","[0, 0]","[0, 0]",17
25,"[0, 3]",129.84999999999528,"[24, 60]","[0, 0]","[0, 0]",17
26,"[0, 1]",101.49999999999638,"[25, 64]","[0, 0]","[0, 0]",17
27,"[2, 1]",50.44999999999927,"[22, 22]","[0, 0]","[0, 0]",17
28,"[0, 1]",101.99999999999635,"[26, 26]","[0, 0]","[0, 0]",17
29,"[0, 1]",107.39999999999604,"[28, 66]","[2.3999999999999995, 0]","[2.3999999999999995, 0]",17
30,"[0, 3]",137.54999999999703,"[29, 65]","[0, 0]","[0, 0]",17
31,"[0, 3]",139.89999999999756,"[30, 30]","[0, 0]","[0, 0]",17
32,"[0, 1]",111.29999999999582,"[31, 67]","[0, 0]","[0, 0]",17
33,"[0, 1]",112.34999999999576,"[32, 32]","[0, 0]","[0, 0]",17
34,"[0, 3]",143.6499999999984,"[33, 69]","[0, 0]","[0, 0]",17
35,"[0, 1]",119.64999999999534,"[34, 79]","[2.499999999999999, 0]","[2.499999999999999, 0]",17
36,"[0, 1]",120.29999999999531,"[35, 35]","[0, 0]","[0, 0]",17
37,"[0, 3]",151.20000000000013,"[36, 34]","[0, 0]","[0, 0]",17
38,"[0, 3]",153.55000000000067,"[37, 37]","[0, 0]","[0, 0]",17
39,"[0, 1]",124.99999999999504,"[38, 36]","[0, 0]","[0, 0]",17
40,"[0, 1]",126.14999999999498,"[39, 39]","[0, 0]","[0, 0]",17
41,"[0, 1]",127.19999999999492,"[40, 40]","[0, 0]","[0, 0]",17
42,"[2, 1]",57.79999999999885,"[27, 8]","[0, 0]","[0, 0]",17
43,"[2, 1]",69.84999999999818,"[42, 14]","[6.649999999999984, 0]","[6.649999999999984, 0]",17
44,"[0, 3]",158.25000000000173,"[41, 38]","[0, 0]","[0, 0]",17
45,"[2, 1]",70.79999999999812,"[43, 43]","[11.450000000000028, 0]","[0, 0]",17
46,"[0, 1]",130.94999999999553,"[44, 41]","[0, 0]","[0, 0]",17
47,"[0, 1]",132.0999999999958,"[46, 46]","[0, 0]","[0, 0]",17
48,"[0, 3]",163.30000000000288,"[47, 44]","[0, 0]","[0, 0]",17
49,"[0, 1]",136.0499999999967,"[48, 47]","[0, 0]","[0, 0]",17
50,"[0, 1]",137.14999999999694,"[49, 49]","[0.8500000000000002, 0]","[0, 0]",17
51,"[0, 1]",138.2499999999972,"[50, 50]","[1.4000000000000006, 0]","[0, 0]",17
52,"[0, 1]",139.29999999999742,"[51, 51]","[1.900000000000001, 0]","[0, 0]",17
53,"[0, 3]",170.30000000000447,"[52, 48]","[2.3, 0]","[0, 0]",17
54,"[0, 1]",142.94999999999825,"[53, 52]","[2.6499999999999986, 0]","[0, 0]",17
55,"[0, 3]",174.25000000000537,"[54, 53]","[2.9999999999999973, 0]","[0, 0]",17
56,"[0, 3]",176.1000000000058,"[55, 55]","[3.349999999999996, 0]","[0, 0]",17
57,"[2, 3]",104.09999999999623,"[45, 19]","[9.199999999999996, 0]","[0, 0]",17
58,"[0, 3]",177.050000000006,"[56, 56]","[3.7999999999999945, 0]","[0, 0]",17
59,"[2, 1]",75.09999999999788,"[57, 20]","[7.499999999999981, 0]","[0, 0]",17
60,"[2, 3]",108.89999999999596,"[59, 23]","[5.999999999999987, 0]","[0, 0]",17
61,"[0, 3]",176.75000000000594,"[58, 58]","[2.2, 0]","[0, 0]",17
62,"[0, 1]",138.84999999999732,"[61, -999]","[0, 0]","[0, 0]",17
63,"[0, 3]",169.5000000000043,"[62, 61]","[0, 0]","[0, 0]",17
64,"[2, 1]",79.9999999999976,"[60, 24]","[4.599999999999992, 0]","[0, 0]",17
65,"[2, 3]",113.79999999999568,"[64, 25]","[3.399999999999996, 0]","[0, 0]",17
66,"[2, 1]",89.14999999999708,"[65, 28]","[3.1999999999999966, 0]","[0, 0]",17
67,"[2, 1]",95.04999999999674,"[66, 29]","[2.0500000000000007, 0]","[0, 0]",17
68,"[0, 1]",140.69999999999774,"[63, 62]","[0, 0]","[0, 0]",17
69,"[2, 3]",132.79999999999595,"[67, 31]","[4.849999999999991, 0]","[3.2499999999999964, 0]",17
70,"[0, 3]",171.15000000000467,"[68, 63]","[0, 0]","[0, 0]",17
71,"[0, 1]",143.04999999999828,"[70, 68]","[0, 0]","[0, 0]",17
72,"[0, 1]",143.24999999999832,"[71, 71]","[0.9500000000000003, 0]","[0, 0]",17
73,"[0, 3]",165.95000000000348,"[72, 70]","[0, 0]","[0, 0]",17
74,"[0, 3]",166.75000000000367,"[73, 73]","[0, 0]","[0, 0]",17
75,"[0, 1]",137.54999999999703,"[74, 72]","[0, 0]","[0, 0]",17
76,"[0, 3]",168.30000000000402,"[75, 74]","[0, 0]","[0, 0]",17
77,"[0, 1]",139.6499999999975,"[76, 75]","[0, 0]","[0, 0]",17
78,"[2, 1]",109.34999999999593,"[69, 33]","[1.5500000000000007, 0]","[0, 0]",17
79,"[2, 1]",109.19999999999594,"[78, 78]","[2.3, 0]","[0, 0]",17
0,"[2, 3]",67.7499999999983,"[-999, -999]","[0, 0]","[0, 0]",18
1,"[2, 3]",70.79999999999812,"[0, 0]","[0, 0]","[0, 0]",18
2,"[2, 3]",72.69999999999801,"[1, 1]","[0, 0]","[0, 0]",18
3,"[0, 3]",99.14999999999651,"[-999, 9]","[0, 0]","[0, 0]",18
4,"[0, 1]",76.5499999999978,"[3, 12]","[2.4499999999999993, 0]","[2.4499999999999993, 0]",18
5,"[2, 1]",38.69999999999994,"[2, -999]","[0, 0]","[0, 0]",18
6,"[2, 1]",41.0999999999998,"[5, 5]","[0, 0]","[0, 0]",18
7,"[2, 1]",42.649999999999714,"[6, 6]","[0, 0]","[0, 0]",18
8,"[2, 1]",44.09999999999963,"[7, 7]","[0, 0]","[0, 0]",18
9,"[2, 3]",71.2499999999981,"[8, 2]","[0, 0]","[0, 0]",18
10,"[0, 1]",81.89999999999749,"[4, 17]","[2.4499999999999993, 0]","[2.4499999999999993, 0]",18
11,"[2, 1]",43.24999999999968,"[9, 8]","[0, 0]","[0, 0]",18
12,"[2, 1]",44.949999999999584,"[11, 11]","[0, 0]","[0, 0]",18
13,"[0, 1]",81.39999999999752,"[10, 10]","[0, 0]","[0, 0]",18
14,"[0, 3]",114.89999999999561,"[13, 28]","[0, 0]","[0, 0]",18
15,"[0, 1]",87.14999999999719,"[14, 29]","[0, 0]","[0, 0]",18
16,"[2, 3]",75.39999999999786,"[12, 3]","[0, 0]","[0, 0]",18
17,"[2, 1]",47.49999999999944,"[16, 4]","[0, 0]","[0, 0]",18
18,"[0, 3]",119.29999999999536,"[15, 31]","[0, 0]","[0, 0]",18
19,"[0, 3]",120.64999999999529,"[18, 18]","[0, 0]","[0, 0]",18
20,"[0, 1]",90.84999999999698,"[19, 37]","[0, 0]","[0, 0]",18
21,"[0, 3]",123.04999999999515,"[20, 38]","[0, 0]","[0, 0]",18
22,"[2, 3]",78.0999999999977,"[17, 16]","[0, 0]","[0, 0]",18
23,"[0, 3]",124.29999999999508,"[21, 21]","[0, 0]","[0, 0]",18
24,"[0, 1]",94.99999999999675,"[23, 43]","[0, 0]","[0, 0]",18
25,"[0, 1]",96.14999999999668,"[24, 24]","[0, 0]","[0, 0]",18
26,"[0, 3]",127.89999999999488,"[25, 52]","[0, 0]","[0, 0]",18
27,"[0, 3]",129.24999999999514,"[26, 26]","[0, 0]","[0, 0]",18
28,"[2, 3]",81.19999999999753,"[22, 22]","[0, 0]","[0, 0]",18
29,"[2, 1]",52.79999999999914,"[28, 13]","[0, 0]","[0, 0]",18
30,"[0, 3]",135.84999999999664,"[27, 60]","[2.3, 0]","[2.3, 0]",18
31,"[2, 3]",86.19999999999725,"[29, 14]","[0, 0]","[0, 0]",18
32,"[0, 1]",107.94999999999601,"[30, 64]","[2.9999999999999973, 0]","[2.9999999999999973, 0]",18
33,"[0, 3]",139.99999999999758,"[32, 65]","[0, 0]","[0, 0]",18
34,"[0, 3]",141.3499999999979,"[33, 33]","[0, 0]","[0, 0]",18
35,"[0, 1]",111.6499999999958,"[34, 67]","[0, 0]","[0, 0]",18
36,"[0, 3]",143.79999999999845,"[35, 73]","[0, 0]","[0, 0]",18
37,"[2, 1]",57.44999999999887,"[31, 15]","[8.599999999999987, 0]","[0, 0]",18
38,"[2, 3]",95.44999999999672,"[37, 19]","[6.299999999999986, 0]","[0, 0]",18
39,"[0, 1]",114.59999999999563,"[36, 35]","[0, 0]","[0, 0]",18
40,"[0, 1]",115.64999999999557,"[39, 39]","[0, 0]","[0, 0]",18
41,"[0, 1]",116.7999999999955,"[40, 40]","[0, 0]","[0, 0]",18
42,"[0, 3]",147.89999999999938,"[41, 36]","[0, 0]","[0, 0]",18
43,"[2, 1]",65.59999999999842,"[38, 20]","[4.599999999999992, 0]","[0, 0]",18
44,"[0, 3]",150.24999999999991,"[42, 42]","[0, 0]","[0, 0]",18
45,"[0, 3]",151.80000000000027,"[44, 44]","[0, 0]","[0, 0]",18
46,"[0, 1]",122.84999999999516,"[45, -999]","[0, 0]","[0, 0]",18
47,"[2, 3]",103.99999999999623,"[43, 23]","[3.099999999999997, 0]","[0, 0]",18
48,"[0, 3]",154.30000000000084,"[46, 45]","[0, 0]","[0, 0]",18
49,"[0, 1]",126.79999999999494,"[48, 46]","[0, 0]","[0, 0]",18
50,"[0, 1]",127.89999999999488,"[49, 49]","[0, 0]","[0, 0]",18
51,"[0, 1]",129.0499999999951,"[50, 50]","[0, 0]","[0, 0]",18
52,"[2, 3]",105.49999999999615,"[47, 47]","[1.6000000000000008, 0]","[0, 0]",18
53,"[0, 1]",130.09999999999533,"[51, 51]","[0, 0]","[0, 0]",18
54,"[0, 1]",131.14999999999557,"[53, 53]","[0, 0]","[0, 0]",18
55,"[0, 3]",162.0500000000026,"[54, 48]","[0.39999999999999997, 0]","[0, 0]",18
56,"[0, 1]",134.7999999999964,"[55, 54]","[0.9500000000000003, 0]","[0, 0]",18
57,"[0, 3]",166.20000000000354,"[56, 55]","[1.2500000000000004, 0]","[0, 0]",18
58,"[0, 3]",168.30000000000402,"[57, 57]","[1.5000000000000007, 0]","[0, 0]",18
59,"[2, 1]",76.14999999999782,"[52, 25]","[0, 0]","[0, 0]",18
60,"[2, 3]",114.24999999999565,"[59, 27]","[0, 0]","[0, 0]",18
61,"[0, 3]",169.65000000000433,"[58, 58]","[1.7500000000000009, 0]","[0, 0]",18
62,"[0, 1]",140.29999999999765,"[61, -999]","[1.850000000000001, 0]","[0, 0]",18
63,"[0, 1]",141.04999999999782,"[62, 62]","[1.4000000000000006, 0]","[0, 0]",18
64,"[2, 1]",84.19999999999736,"[60, 59]","[0, 0]","[0, 0]",18
65,"[2, 3]",118.5999999999954,"[64, 30]","[0, 0]","[0, 0]",18
66,"[0, 3]",171.50000000000475,"[63, 61]","[0, 0]","[0, 0]",18
67,"[2, 1]",89.79999999999704,"[65, 32]","[0.9500000000000003, 0]","[0, 0]",18
68,"[0, 1]",138.19999999999717,"[66, 63]","[0, 0]","[0, 0]",18
69,"[0, 3]",169.0500000000042,"[68, 66]","[0, 0]","[0, 0]",18
70,"[0, 1]",138.2499999999972,"[69, 68]","[0, 0]","[0, 0]",18
71,"[0, 1]",138.49999999999724,"[70, 70]","[0, 0]","[0, 0]",18
72,"[0, 1]",139.04999999999737,"[71, 71]","[0, 0]","[0, 0]",18
73,"[2, 3]",127.79999999999488,"[67, 34]","[2.6499999999999986, 0]","[0, 0]",18
74,"[0, 3]",166.20000000000354,"[72, 69]","[0, 0]","[0, 0]",18
75,"[0, 1]",136.9999999999969,"[74, 72]","[0, 0]","[0, 0]",18
76,"[0, 3]",167.55000000000385,"[75, 74]","[0, 0]","[0, 0]",18
77,"[0, 3]",168.80000000000413,"[76, 76]","[0, 0]","[0, 0]",18
78,"[0, 1]",138.09999999999715,"[77, 75]","[0, 0]","[0, 0]",18
79,"[0, 1]",138.19999999999717,"[78, 78]","[0, 0]","[0, 0]",18
0,"[0, 1]",67.5499999999983,"[-999, 7]","[0, 0]","[0, 0]",19
1,"[2, 1]",36.40000000000007,"[-999, -999]","[0, 0]","[0, 0]",19
2,"[2, 3]",68.49999999999825,"[1, -999]","[0, 0]","[0, 0]",19
3,"[2, 1]",37.30000000000002,"[2, 1]","[0, 0]","[0, 0]",19
4,"[2, 1]",39.04999999999992,"[3, 3]","[0, 0]","[0, 0]",19
5,"[0, 1]",72.64999999999802,"[0, 11]","[0, 0]","[0, 0]",19
6,"[2, 1]",40.94999999999981,"[4, 4]","[0, 0]","[0, 0]",19
7,"[2, 1]",42.74999999999971,"[6, 6]","[0, 0]","[0, 0]",19
8,"[2, 3]",73.29999999999798,"[7, 2]","[0, 0]","[0, 0]",19
9,"[0, 3]",103.14999999999628,"[5, 8]","[0, 0]","[0, 0]",19
10,"[0, 1]",75.04999999999788,"[9, 13]","[0, 0]","[0, 0]",19
11,"[2, 1]",47.84999999999942,"[8, 0]","[0, 0]","[0, 0]",19
12,"[0, 3]",106.3499999999961,"[10, 9]","[0, 0]","[0, 0]",19
13,"[2, 1]",54.29999999999905,"[11, 5]","[3.399999999999996, 0]","[3.399999999999996, 0]",19
14,"[0, 3]",108.44999999999598,"[12, 12]","[0, 0]","[0, 0]",19
15,"[2, 1]",60.79999999999868,"[13, 10]","[0, 0]","[0, 0]",19
16,"[0, 1]",79.24999999999764,"[14, 19]","[0, 0]","[0, 0]",19
17,"[0, 1]",80.34999999999758,"[16, 16]","[0, 0]","[0, 0]",19
18,"[0, 1]",81.39999999999752,"[17, 17]","[0, 0]","[0, 0]",19
19,"[2, 1]",61.39999999999865,"[15, 15]","[0, 0]","[0, 0]",19
20,"[2, 1]",80.44999999999757,"[19, 18]","[24.20000000000021, 0]","[9.800000000000004, 0]",19
21,"[0, 1]",87.39999999999718,"[18, 20]","[2.549999999999999, 0]","[2.549999999999999, 0]",19
22,"[2, 3]",109.9999999999959,"[20, 14]","[33.20000000000025, 0]","[0.05, 0]",19
23,"[0, 3]",119.44999999999536,"[21, 22]","[1.800000000000001, 0]","[1.800000000000001, 0]",19
24,"[2, 1]",82.19999999999747,"[22, 21]","[30.850000000000303, 0]","[0, 0]",19
25,"[0, 1]",91.44999999999695,"[23, 24]","[0, 0]","[0, 0]",19
26,"[2, 1]",90.94999999999698,"[24, 25]","[32.3500000000003, 0]","[3.2499999999999964, 0]",19
27,"[2, 1]",91.74999999999693,"[26, 26]","[27.550000000000257, 0]","[0, 0]",19
28,"[2, 3]",129.79999999999526,"[27, 34]","[26.050000000000235, 0]","[0, 0]",19
29,"[2, 1]",100.19999999999645,"[28, 35]","[24.550000000000214, 0]","[0, 0]",19
30,"[2, 3]",133.8999999999962,"[29, 36]","[23.100000000000193, 0]","[0, 0]",19
31,"[0, 3]",121.99999999999521,"[25, 23]","[0, 0]","[0, 0]",19
32,"[0, 3]",124.19999999999509,"[31, 31]","[0, 0]","[0, 0]",19
33,"[2, 3]",141.799999999998,"[30, 38]","[25.00000000000022, 0]","[3.349999999999996, 0]",19
34,"[0, 3]",125.749999999995,"[32, 32]","[0, 0]","[0, 0]",19
35,"[0, 1]",96.44999999999666,"[34, 27]","[0, 0]","[0, 0]",19
36,"[0, 3]",128.49999999999497,"[35, 28]","[0, 0]","[0, 0]",19
37,"[0, 1]",99.49999999999649,"[36, 29]","[0, 0]","[0, 0]",19
38,"[0, 3]",132.1499999999958,"[37, 30]","[0, 0]","[0, 0]",19
39,"[2, 3]",143.69999999999843,"[33, 33]","[20.15000000000015, 0]","[0, 0]",19
40,"[0, 1]",102.7999999999963,"[38, 37]","[0, 0]","[0, 0]",19
41,"[0, 1]",103.89999999999624,"[40, 40]","[0, 0]","[0, 0]",19
42,"[0, 3]",136.89999999999688,"[41, 39]","[0, 0]","[0, 0]",19
43,"[0, 1]",108.44999999999598,"[42, 58]","[0, 0]","[0, 0]",19
44,"[0, 1]",108.84999999999596,"[43, 43]","[0, 0]","[0, 0]",19
45,"[0, 1]",109.8499999999959,"[44, 44]","[0, 0]","[0, 0]",19
46,"[0, 1]",115.79999999999556,"[45, 59]","[2.549999999999999, 0]","[2.549999999999999, 0]",19
47,"[0, 1]",116.09999999999555,"[46, 46]","[0, 0]","[0, 0]",19
48,"[0, 1]",121.39999999999525,"[47, 63]","[2.499999999999999, 0]","[2.499999999999999, 0]",19
49,"[0, 1]",121.94999999999521,"[48, 48]","[0, 0]","[0, 0]",19
50,"[0, 1]",127.79999999999488,"[49, 64]","[2.4499999999999993, 0]","[2.4499999999999993, 0]",19
51,"[0, 1]",128.1999999999949,"[50, 50]","[0, 0]","[0, 0]",19
52,"[0, 1]",133.64999999999614,"[51, 70]","[2.549999999999999, 0]","[2.549999999999999, 0]",19
53,"[0, 3]",163.70000000000297,"[52, 69]","[0, 0]","[0, 0]",19
54,"[0, 1]",136.34999999999675,"[53, 52]","[0.9500000000000003, 0]","[0, 0]",19
55,"[0, 3]",167.70000000000388,"[54, 53]","[1.5000000000000007, 0]","[0, 0]",19
56,"[0, 1]",140.24999999999764,"[55, 54]","[1.800000000000001, 0]","[0, 0]",19
57,"[0, 3]",171.65000000000478,"[56, 55]","[2.1000000000000005, 0]","[0, 0]",19
58,"[2, 1]",114.19999999999565,"[39, 41]","[19.750000000000146, 0]","[0, 0]",19
59,"[2, 1]",133.24999999999605,"[58, 45]","[26.000000000000234, 0]","[6.399999999999985, 0]",19
60,"[0, 3]",173.80000000000527,"[57, 57]","[2.3, 0]","[0, 0]",19
61,"[2, 3]",162.1000000000026,"[59, 42]","[20.15000000000015, 0]","[0, 0]",19
62,"[0, 3]",175.40000000000563,"[60, 60]","[2.549999999999999, 0]","[0, 0]",19
63,"[2, 1]",139.1499999999974,"[61, 47]","[20.500000000000156, 0]","[0, 0]",19
64,"[2, 1]",150.44999999999996,"[63, 49]","[23.150000000000194, 0]","[2.6999999999999984, 0]",19
65,"[0, 1]",146.29999999999902,"[62, -999]","[2.7499999999999982, 0]","[0, 0]",19
66,"[0, 1]",147.34999999999926,"[65, 65]","[2.8999999999999977, 0]","[0, 0]",19
67,"[0, 1]",148.3999999999995,"[66, 66]","[3.099999999999997, 0]","[0, 0]",19
68,"[0, 1]",149.3499999999997,"[67, 67]","[3.2999999999999963, 0]","[0, 0]",19
69,"[2, 3]",179.30000000000652,"[64, 61]","[19.900000000000148, 0]","[0, 0]",19
70,"[2, 1]",156.70000000000138,"[69, 51]","[19.30000000000014, 0]","[0, 0]",19
71,"[0, 1]",150.04999999999987,"[68, 68]","[3.649999999999995, 0]","[0, 0]",19
72,"[0, 1]",150.44999999999996,"[71, 71]","[3.399999999999996, 0]","[0, 0]",19
73,"[0, 1]",143.04999999999828,"[72, 72]","[0, 0]","[0, 0]",19
74,"[0, 3]",173.25000000000514,"[73, 62]","[0, 0]","[0, 0]",19
75,"[0, 1]",145.7999999999989,"[74, 73]","[0, 0]","[0, 0]",19
76,"[0, 3]",177.10000000000602,"[75, 74]","[1.2000000000000004, 0]","[0, 0]",19
77,"[0, 3]",179.2500000000065,"[76, 76]","[2.1500000000000004, 0]","[0, 0]",19
78,"[0, 1]",150.6,"[77, 75]","[3.049999999999997, 0]","[0, 0]",19
79,"[0, 3]",181.60000000000704,"[78, 77]","[4.199999999999993, 0]","[0, 0]",19
0,"[2, 1]",36.40000000000007,"[-999, -999]","[0, 0]","[0, 0]",20
1,"[2, 1]",38.09999999999997,"[0, 0]","[0, 0]","[0, 0]",20
2,"[0, 3]",106.14999999999611,"[-999, 10]","[0, 0]","[3.099999999999997, 0]",20
3,"[2, 3]",68.64999999999824,"[1, -999]","[0, 0]","[0, 0]",20
4,"[2, 3]",71.34999999999809,"[3, 3]","[0, 0]","[0, 0]",20
5,"[2, 1]",41.44999999999978,"[4, 1]","[0, 0]","[0, 0]",20
6,"[0, 1]",79.9999999999976,"[2, 14]","[2.7499999999999982, 0]","[2.7499999999999982, 0]",20
7,"[2, 1]",43.349999999999675,"[5, 5]","[0, 0]","[0, 0]",20
8,"[2, 3]",70.89999999999812,"[7, 4]","[0, 0]","[0, 0]",20
9,"[2, 3]",73.29999999999798,"[8, 8]","[0, 0]","[0, 0]",20
10,"[2, 3]",74.84999999999789,"[9, 9]","[0, 0]","[0, 0]",20
11,"[0, 1]",79.24999999999764,"[6, 6]","[0, 0]","[0, 0]",20
12,"[2, 1]",44.24999999999962,"[10, 7]","[0, 0]","[0, 0]",20
13,"[0, 3]",111.39999999999581,"[11, 19]","[0, 0]","[0, 0]",20
14,"[2, 1]",45.649999999999544,"[12, 12]","[0, 0]","[0, 0]",20
15,"[0, 3]",112.84999999999573,"[13, 13]","[0, 0]","[0, 0]",20
16,"[0, 1]",83.34999999999741,"[15, 28]","[0, 0]","[0, 0]",20
17,"[0, 1]",90.19999999999702,"[16, 34]","[2.849999999999998, 0]","[2.849999999999998, 0]",20
18,"[2, 3]",76.04999999999782,"[14, 2]","[0, 0]","[0, 0]",20
19,"[2, 3]",78.0999999999977,"[18, 18]","[0, 0]","[0, 0]",20
20,"[0, 1]",95.34999999999673,"[17, 43]","[2.6499999999999986, 0]","[2.6499999999999986, 0]",20
21,"[0, 1]",94.74999999999676,"[20, 20]","[0, 0]","[0, 0]",20
22,"[2, 1]",49.8999999999993,"[19, 11]","[0, 0]","[0, 0]",20
23,"[0, 3]",124.69999999999506,"[21, 50]","[0, 0]","[0, 0]",20
24,"[0, 1]",96.34999999999667,"[23, 67]","[0, 0]","[0, 0]",20
25,"[0, 3]",127.4499999999949,"[24, 23]","[0.2, 0]","[0, 0]",20
26,"[0, 1]",99.89999999999647,"[25, 24]","[0.65, 0]","[0, 0]",20
27,"[0, 3]",131.2499999999956,"[26, 25]","[1.0000000000000002, 0]","[0, 0]",20
28,"[2, 1]",50.99999999999924,"[22, 22]","[0, 0]","[0, 0]",20
29,"[0, 1]",103.74999999999625,"[27, 26]","[1.4500000000000006, 0]","[0, 0]",20
30,"[0, 1]",104.84999999999619,"[29, 29]","[2.1500000000000004, 0]","[0, 0]",20
31,"[0, 3]",135.99999999999667,"[30, 27]","[2.3999999999999995, 0]","[0, 0]",20
32,"[0, 1]",108.69999999999597,"[31, 30]","[2.000000000000001, 0]","[0, 0]",20
33,"[0, 1]",109.7999999999959,"[32, 32]","[1.5000000000000007, 0]","[0, 0]",20
34,"[2, 1]",58.19999999999883,"[28, 16]","[0, 0]","[0, 0]",20
35,"[0, 1]",110.94999999999584,"[33, 33]","[0.9000000000000002, 0]","[0, 0]",20
36,"[0, 3]",141.99999999999804,"[35, 31]","[0, 0]","[0, 0]",20
37,"[0, 3]",144.29999999999856,"[36, 36]","[0, 0]","[0, 0]",20
38,"[0, 3]",145.89999999999893,"[37, 37]","[0, 0]","[0, 0]",20
39,"[0, 1]",116.9499999999955,"[38, -999]","[0, 0]","[0, 0]",20
40,"[0, 1]",117.99999999999544,"[39, 39]","[0, 0]","[0, 0]",20
41,"[0, 1]",119.09999999999538,"[40, 40]","[0, 0]","[0, 0]",20
42,"[0, 3]",150.1499999999999,"[41, 38]","[0, 0]","[0, 0]",20
43,"[2, 1]",63.399999999998535,"[34, 17]","[0, 0]","[0, 0]",20
44,"[0, 1]",122.89999999999516,"[42, 41]","[0, 0]","[0, 0]",20
45,"[0, 1]",123.9999999999951,"[44, 44]","[0, 0]","[0, 0]",20
46,"[0, 1]",125.09999999999503,"[45, 45]","[0, 0]","[0, 0]",20
47,"[0, 1]",126.14999999999498,"[46, 46]","[0, 0]","[0, 0]",20
48,"[0, 3]",157.15000000000148,"[47, 42]","[0, 0]","[0, 0]",20
49,"[0, 1]",129.8999999999953,"[48, 47]","[0, 0]","[0, 0]",20
50,"[2, 3]",93.89999999999681,"[43, 15]","[16.900000000000105, 0]","[0.05, 0]",20
51,"[0, 1]",130.99999999999554,"[49, 49]","[0, 0]","[0, 0]",20
52,"[0, 1]",132.04999999999578,"[51, 51]","[0, 0]","[0, 0]",20
53,"[0, 1]",133.09999999999602,"[52, 52]","[0, 0]","[0, 0]",20
54,"[0, 3]",164.00000000000304,"[53, 48]","[0, 0]","[0, 0]",20
55,"[0, 3]",166.15000000000353,"[54, 54]","[0, 0]","[0, 0]",20
56,"[0, 3]",165.65000000000342,"[55, 55]","[0, 0]","[0, 0]",20
57,"[0, 3]",164.85000000000323,"[56, 56]","[0, 0]","[0, 0]",20
58,"[0, 3]",164.7500000000032,"[57, 57]","[0, 0]","[0, 0]",20
59,"[0, 3]",161.25000000000242,"[58, 58]","[0, 0]","[0, 0]",20
60,"[0, 3]",161.95000000000258,"[59, 59]","[0, 0]","[0, 0]",20
61,"[0, 3]",162.75000000000276,"[60, 60]","[0, 0]","[0, 0]",20
62,"[0, 1]",132.24999999999582,"[61, -999]","[0, 0]","[0, 0]",20
63,"[0, 1]",131.7499999999957,"[62, 62]","[0, 0]","[0, 0]",20
64,"[0, 3]",161.85000000000255,"[63, 61]","[0, 0]","[0, 0]",20
65,"[0, 1]",132.5999999999959,"[64, 63]","[0, 0]","[0, 0]",20
66,"[0, 1]",132.6499999999959,"[65, 65]","[0, 0]","[0, 0]",20
67,"[2, 1]",64.1499999999985,"[50, 21]","[12.000000000000036, 0]","[0, 0]",20
68,"[0, 3]",162.4500000000027,"[66, 64]","[0, 0]","[0, 0]",20
69,"[0, 3]",162.1000000000026,"[68, 68]","[0, 0]","[0, 0]",20
70,"[0, 1]",133.049999999996,"[69, 66]","[0, 0]","[0, 0]",20
71,"[0, 1]",133.64999999999614,"[70, 70]","[0, 0]","[0, 0]",20
72,"[0, 1]",133.24999999999605,"[71, 71]","[0, 0]","[0, 0]",20
73,"[0, 3]",162.5000000000027,"[72, 69]","[0, 0]","[0, 0]",20
74,"[0, 3]",164.05000000000305,"[73, 73]","[0, 0]","[0, 0]",20
75,"[0, 1]",134.8499999999964,"[74, 72]","[0, 0]","[0, 0]",20
76,"[0, 3]",161.80000000000254,"[75, 74]","[0, 0]","[0, 0]",20
77,"[0, 1]",133.4499999999961,"[76, 75]","[0, 0]","[0, 0]",20
78,"[0, 3]",164.45000000000314,"[77, 76]","[0, 0]","[0, 0]",20
79,"[0, 3]",166.25000000000355,"[78, 78]","[0, 0]","[0, 0]",20
0,"[2, 1]",36.40000000000007,"[-999, -999]","[0, 0]","[0, 0]",21
1,"[0, 1]",70.64999999999813,"[-999, 18]","[0, 0]","[0, 0]",21
2,"[0, 1]",77.29999999999775,"[1, 29]","[2.9499999999999975, 0]","[2.9499999999999975, 0]",21
3,"[0, 3]",112.49999999999575,"[2, 33]","[2.7499999999999982, 0]","[2.7499999999999982, 0]",21
4,"[2, 1]",37.000000000000036,"[0, 0]","[0, 0]","[0, 0]",21
5,"[2, 3]",68.59999999999825,"[4, -999]","[0, 0]","[0, 0]",21
6,"[0, 3]",113.64999999999569,"[3, 3]","[0, 0]","[0, 0]",21
7,"[2, 3]",71.2499999999981,"[5, 5]","[0, 0]","[0, 0]",21
8,"[0, 1]",84.59999999999734,"[6, 54]","[0, 0]","[0, 0]",21
9,"[0, 1]",85.09999999999731,"[8, 8]","[0, 0]","[0, 0]",21
10,"[2, 3]",73.14999999999799,"[7, 7]","[0, 0]","[0, 0]",21
11,"[2, 1]",38.64999999999994,"[10, 4]","[0, 0]","[0, 0]",21
12,"[0, 1]",90.99999999999697,"[9, 59]","[2.4499999999999993, 0]","[2.4499999999999993, 0]",21
13,"[0, 1]",91.34999999999695,"[12, 12]","[0, 0]","[0, 0]",21
14,"[0, 1]",98.34999999999656,"[13, 60]","[1.7000000000000008, 0]","[1.7000000000000008, 0]",21
15,"[2, 3]",71.99999999999805,"[11, 10]","[0, 0]","[0, 0]",21
16,"[0, 3]",126.69999999999494,"[14, 6]","[0, 0]","[0, 0]",21
17,"[0, 1]",98.14999999999657,"[16, 66]","[0, 0]","[0, 0]",21
18,"[2, 1]",38.84999999999993,"[15, 11]","[0, 0]","[0, 0]",21
19,"[0, 3]",129.34999999999516,"[17, 16]","[0.44999999999999996, 0]","[0, 0]",21
20,"[0, 3]",131.54999999999566,"[19, 19]","[0.9500000000000003, 0]","[0, 0]",21
21,"[0, 3]",133.049999999996,"[20, 20]","[1.3000000000000005, 0]","[0, 0]",21
22,"[0, 3]",134.3999999999963,"[21, 21]","[1.5500000000000007, 0]","[0, 0]",21
23,"[0, 3]",135.6499999999966,"[22, 22]","[1.800000000000001, 0]","[0, 0]",21
24,"[0, 1]",106.3499999999961,"[23, -999]","[2.1500000000000004, 0]","[0, 0]",21
25,"[0, 1]",107.44999999999604,"[24, 24]","[2.799999999999998, 0]","[0, 0]",21
26,"[0, 1]",108.49999999999598,"[25, 25]","[2.9999999999999973, 0]","[0, 0]",21
27,"[0, 1]",109.59999999999592,"[26, 26]","[2.6999999999999984, 0]","[0, 0]",21
28,"[2, 3]",71.69999999999807,"[18, 15]","[0, 0]","[0, 0]",21
29,"[2, 1]",43.24999999999968,"[28, 1]","[0, 0]","[0, 0]",21
30,"[0, 1]",110.59999999999586,"[27, 27]","[2.1500000000000004, 0]","[0, 0]",21
31,"[2, 3]",73.34999999999798,"[29, 28]","[0, 0]","[0, 0]",21
32,"[0, 3]",141.59999999999795,"[30, 23]","[1.5500000000000007, 0]","[0, 0]",21
33,"[2, 3]",75.64999999999785,"[31, 31]","[0, 0]","[0, 0]",21
34,"[0, 1]",114.29999999999565,"[32, 30]","[1.0000000000000002, 0]","[0, 0]",21
35,"[0, 1]",115.44999999999558,"[34, 34]","[0, 0]","[0, 0]",21
36,"[0, 3]",146.59999999999908,"[35, 32]","[0, 0]","[0, 0]",21
37,"[0, 3]",148.8499999999996,"[36, 36]","[0, 0]","[0, 0]",21
38,"[0, 1]",120.3999999999953,"[37, 35]","[0, 0]","[0, 0]",21
39,"[0, 1]",121.49999999999524,"[38, 38]","[0, 0]","[0, 0]",21
40,"[0, 1]",122.54999999999518,"[39, 39]","[0, 0]","[0, 0]",21
41,"[0, 1]",123.59999999999512,"[40, 40]","[0, 0]","[0, 0]",21
42,"[0, 3]",154.5500000000009,"[41, 37]","[0.5499999999999999, 0]","[0, 0]",21
43,"[2, 1]",45.39999999999956,"[33, 2]","[0, 0]","[0, 0]",21
44,"[0, 1]",127.3499999999949,"[42, 41]","[1.0000000000000002, 0]","[0, 0]",21
45,"[0, 3]",158.70000000000184,"[44, 42]","[1.0500000000000003, 0]","[0, 0]",21
46,"[0, 1]",131.19999999999558,"[45, 44]","[0.5499999999999999, 0]","[0, 0]",21
47,"[0, 3]",162.4500000000027,"[46, 45]","[0.5499999999999999, 0]","[0, 0]",21
48,"[0, 3]",164.3000000000031,"[47, 47]","[1.3500000000000005, 0]","[0, 0]",21
49,"[0, 1]",131.2499999999956,"[48, 46]","[1.900000000000001, 0]","[0, 0]",21
50,"[0, 3]",162.25000000000264,"[49, 48]","[2.3499999999999996, 0]","[0, 0]",21
51,"[0, 3]",164.35000000000312,"[50, 50]","[2.2, 0]","[0, 0]",21
52,"[0, 1]",135.6999999999966,"[51, 49]","[1.7500000000000009, 0]","[0, 0]",21
53,"[0, 3]",167.00000000000372,"[52, 51]","[1.2500000000000004, 0]","[0, 0]",21
54,"[2, 1]",37.65,"[43, 43]","[0, 0]","[0, 0]",21
55,"[0, 1]",133.9499999999962,"[53, 52]","[0.9500000000000003, 0]","[0, 0]",21
56,"[0, 3]",164.3000000000031,"[55, 53]","[1.2000000000000004, 0]","[0, 0]",21
57,"[0, 3]",166.35000000000358,"[56, 56]","[1.0500000000000003, 0]","[0, 0]",21
58,"[0, 3]",167.8000000000039,"[57, 57]","[0.44999999999999996, 0]","[0, 0]",21
59,"[2, 1]",50.64999999999926,"[54, 9]","[6.849999999999984, 0]","[6.849999999999984, 0]",21
60,"[2, 1]",61.69999999999863,"[59, 13]","[10.800000000000018, 0]","[9.850000000000005, 0]",21
61,"[0, 3]",168.90000000000416,"[58, 58]","[0, 0]","[0, 0]",21
62,"[0, 1]",137.49999999999702,"[61, -999]","[0, 0]","[0, 0]",21
63,"[0, 3]",165.90000000000347,"[62, 61]","[0, 0]","[0, 0]",21
64,"[0, 1]",138.04999999999714,"[63, 62]","[0, 0]","[0, 0]",21
65,"[0, 1]",138.3499999999972,"[64, 64]","[0, 0]","[0, 0]",21
66,"[2, 1]",65.74999999999841,"[60, 14]","[15.15000000000008, 0]","[2.1500000000000004, 0]",21
67,"[2, 1]",72.09999999999805,"[66, 17]","[19.200000000000138, 0]","[0, 0]",21
68,"[0, 3]",167.3500000000038,"[65, 63]","[0, 0]","[0, 0]",21
69,"[0, 3]",168.95000000000417,"[68, 68]","[0, 0]","[0, 0]",21
70,"[0, 1]",139.74999999999753,"[69, 65]","[0, 0]","[0, 0]",21
71,"[0, 1]",139.6499999999975,"[70, 70]","[0, 0]","[0, 0]",21
72,"[0, 1]",139.94999999999757,"[71, 71]","[0, 0]","[0, 0]",21
73,"[0, 1]",140.29999999999765,"[72, 72]","[0, 0]","[0, 0]",21
74,"[0, 3]",167.05000000000373,"[73, 69]","[0, 0]","[0, 0]",21
75,"[0, 3]",168.6500000000041,"[74, 74]","[0, 0]","[0, 0]",21
76,"[0, 3]",169.75000000000435,"[75, 75]","[0, 0]","[0, 0]",21
77,"[0, 1]",139.39999999999745,"[76, -999]","[0, 0]","[0, 0]",21
78,"[0, 3]",167.8000000000039,"[77, 76]","[0, 0]","[0, 0]",21
79,"[2, 1]",65.29999999999843,"[67, 67]","[13.75000000000006, 0]","[0, 0]",21
0,"[0, 3]",101.89999999999635,"[-999, 10]","[0, 0]","[0, 0]",22
1,"[0, 3]",108.44999999999598,"[0, 16]","[2.3499999999999996, 0]","[2.3499999999999996, 0]",22
2,"[2, 1]",36.40000000000007,"[-999, -999]","[0, 0]","[0, 0]",22
3,"[2, 1]",38.09999999999997,"[2, 2]","[0, 0]","[0, 0]",22
4,"[2, 1]",39.89999999999987,"[3, 3]","[0, 0]","[0, 0]",22
5,"[0, 1]",77.34999999999775,"[1, 21]","[0, 0]","[0, 0]",22
6,"[2, 1]",41.79999999999976,"[4, 4]","[0, 0]","[0, 0]",22
7,"[2, 1]",43.54999999999966,"[6, 6]","[0, 0]","[0, 0]",22
8,"[0, 3]",110.19999999999588,"[5, 22]","[0, 0]","[0, 0]",22
9,"[2, 3]",70.74999999999812,"[7, -999]","[0, 0]","[0, 0]",22
10,"[2, 3]",73.34999999999798,"[9, 9]","[0, 0]","[0, 0]",22
11,"[0, 1]",80.19999999999759,"[8, 33]","[0, 0]","[0, 0]",22
12,"[0, 3]",113.04999999999572,"[11, 38]","[0, 0]","[0, 0]",22
13,"[0, 1]",85.1499999999973,"[12, 43]","[0, 0]","[0, 0]",22
14,"[0, 3]",117.09999999999549,"[13, 46]","[0, 0]","[0, 0]",22
15,"[2, 1]",43.39999999999967,"[10, 7]","[0, 0]","[0, 0]",22
16,"[2, 3]",76.64999999999779,"[15, 0]","[0, 0]","[0, 0]",22
17,"[0, 3]",123.59999999999512,"[14, 56]","[2.799999999999998, 0]","[2.799999999999998, 0]",22
18,"[0, 1]",94.0499999999968,"[17, 69]","[0, 0]","[0, 0]",22
19,"[0, 1]",100.69999999999642,"[18, 76]","[2.000000000000001, 0]","[2.000000000000001, 0]",22
20,"[0, 1]",105.69999999999614,"[19, 78]","[2.5999999999999988, 0]","[2.5999999999999988, 0]",22
21,"[2, 1]",45.84999999999953,"[16, 15]","[0, 0]","[0, 0]",22
22,"[2, 3]",79.04999999999765,"[21, 1]","[0, 0]","[0, 0]",22
23,"[0, 1]",110.74999999999585,"[20, 79]","[2.5999999999999988, 0]","[2.5999999999999988, 0]",22
24,"[0, 1]",110.14999999999588,"[23, 23]","[0, 0]","[0, 0]",22
25,"[0, 1]",110.69999999999585,"[24, 24]","[0, 0]","[0, 0]",22
26,"[0, 3]",141.54999999999794,"[25, 17]","[0, 0]","[0, 0]",22
27,"[0, 3]",143.89999999999847,"[26, 26]","[0.7000000000000001, 0]","[0, 0]",22
28,"[0, 3]",145.49999999999883,"[27, 27]","[1.2500000000000004, 0]","[0, 0]",22
29,"[0, 3]",146.79999999999913,"[28, 28]","[1.1500000000000004, 0]","[0, 0]",22
30,"[0, 3]",148.09999999999943,"[29, 29]","[1.0000000000000002, 0]","[0, 0]",22
31,"[0, 3]",149.2499999999997,"[30, 30]","[0.8500000000000002, 0]","[0, 0]",22
32,"[0, 1]",119.89999999999533,"[31, -999]","[0.6, 0]","[0, 0]",22
33,"[2, 1]",49.149999999999345,"[22, 5]","[0, 0]","[0, 0]",22
34,"[0, 1]",120.99999999999527,"[32, 32]","[0.15000000000000002, 0]","[0, 0]",22
35,"[0, 1]",122.0999999999952,"[34, 34]","[0, 0]","[0, 0]",22
36,"[0, 3]",153.15000000000057,"[35, 31]","[0, 0]","[0, 0]",22
37,"[0, 3]",155.4500000000011,"[36, 36]","[0, 0]","[0, 0]",22
38,"[2, 3]",82.09999999999748,"[33, 8]","[0, 0]","[0, 0]",22
39,"[0, 1]",126.94999999999493,"[37, 35]","[1.4500000000000006, 0]","[0, 0]",22
40,"[0, 1]",128.04999999999487,"[39, 39]","[3.1999999999999966, 0]","[0, 0]",22
41,"[0, 1]",129.14999999999512,"[40, 40]","[4.699999999999991, 0]","[0, 0]",22
42,"[0, 3]",160.20000000000218,"[41, 37]","[5.399999999999989, 0]","[0, 0]",22
43,"[2, 1]",53.09999999999912,"[38, 11]","[0, 0]","[0, 0]",22
44,"[0, 1]",132.89999999999597,"[42, 41]","[5.799999999999987, 0]","[0, 0]",22
45,"[0, 3]",164.35000000000312,"[44, 42]","[6.099999999999986, 0]","[0, 0]",22
46,"[2, 3]",86.59999999999722,"[43, 12]","[6.199999999999986, 0]","[0, 0]",22
47,"[0, 3]",166.60000000000363,"[45, 45]","[6.349999999999985, 0]","[0, 0]",22
48,"[0, 3]",168.15000000000398,"[47, 47]","[6.649999999999984, 0]","[0, 0]",22
49,"[0, 1]",139.1499999999974,"[48, -999]","[6.849999999999984, 0]","[0, 0]",22
50,"[0, 1]",140.24999999999764,"[49, 49]","[6.999999999999983, 0]","[0, 0]",22
51,"[0, 1]",141.29999999999788,"[50, 50]","[7.099999999999983, 0]","[0, 0]",22
52,"[0, 1]",142.14999999999807,"[51, 51]","[7.099999999999983, 0]","[0, 0]",22
53,"[0, 1]",141.24999999999787,"[52, 52]","[7.199999999999982, 0]","[0, 0]",22
54,"[0, 1]",128.69999999999501,"[53, 53]","[0, 0]","[0, 0]",22
55,"[0, 1]",128.89999999999506,"[54, 54]","[0.8000000000000002, 0]","[0, 0]",22
56,"[2, 3]",91.89999999999692,"[46, 14]","[6.949999999999983, 0]","[0, 0]",22
57,"[0, 3]",159.60000000000204,"[55, 48]","[1.3500000000000005, 0]","[0, 0]",22
58,"[0, 3]",161.80000000000254,"[57, 57]","[1.800000000000001, 0]","[0, 0]",22
59,"[0, 1]",133.14999999999603,"[58, 55]","[2.3, 0]","[0, 0]",22
60,"[0, 1]",134.04999999999623,"[59, 59]","[2.3499999999999996, 0]","[0, 0]",22
61,"[0, 3]",164.90000000000325,"[60, 58]","[1.6500000000000008, 0]","[0, 0]",22
62,"[0, 1]",130.7999999999955,"[61, 60]","[0, 0]","[0, 0]",22
63,"[0, 1]",131.14999999999557,"[62, 62]","[0, 0]","[0, 0]",22
64,"[0, 1]",131.99999999999577,"[63, 63]","[0, 0]","[0, 0]",22
65,"[0, 3]",162.80000000000277,"[64, 61]","[0, 0]","[0, 0]",22
66,"[0, 3]",163.05000000000283,"[65, 65]","[0, 0]","[0, 0]",22
67,"[0, 3]",162.80000000000277,"[66, 66]","[0, 0]","[0, 0]",22
68,"[0, 3]",163.55000000000294,"[67, 67]","[0, 0]","[0, 0]",22
69,"[2, 1]",51.6999999999992,"[56, 13]","[0, 0]","[0, 0]",22
70,"[0, 1]",133.99999999999622,"[68, -999]","[0, 0]","[0, 0]",22
71,"[0, 3]",164.80000000000322,"[70, 68]","[0, 0]","[0, 0]",22
72,"[0, 1]",136.19999999999672,"[71, 70]","[0, 0]","[0, 0]",22
73,"[0, 3]",165.95000000000348,"[72, 71]","[0, 0]","[0, 0]",22
74,"[0, 3]",165.65000000000342,"[73, 73]","[0, 0]","[0, 0]",22
75,"[0, 1]",133.049999999996,"[74, 72]","[0, 0]","[0, 0]",22
76,"[2, 1]",55.59999999999898,"[69, 18]","[0, 0]","[0, 0]",22
77,"[0, 1]",133.54999999999612,"[75, 75]","[0, 0]","[0, 0]",22
78,"[2, 1]",61.24999999999866,"[76, 19]","[0, 0]","[0, 0]",22
79,"[2, 1]",66.69999999999835,"[78, 20]","[0, 0]","[0, 0]",22
0,"[2, 3]",67.7499999999983,"[-999, -999]","[0, 0]","[0, 0]",23
1,"[2, 3]",70.84999999999812,"[0, 0]","[0, 0]","[0, 0]",23
2,"[0, 1]",67.49999999999831,"[-999, 7]","[0, 0]","[0, 0]",23
3,"[2, 1]",37.550000000000004,"[1, -999]","[0, 0]","[0, 0]",23
4,"[2, 1]",39.49999999999989,"[3, 3]","[0, 0]","[0, 0]",23
5,"[2, 3]",71.39999999999809,"[4, 1]","[0, 0]","[0, 0]",23
6,"[2, 1]",39.19999999999991,"[5, 4]","[0, 0]","[0, 0]",23
7,"[2, 1]",41.49999999999978,"[6, 6]","[0, 0]","[0, 0]",23
8,"[0, 3]",99.99999999999646,"[2, 11]","[0, 0]","[0, 0]",23
9,"[0, 3]",106.64999999999608,"[8, 13]","[1.7000000000000008, 0]","[1.7000000000000008, 0]",23
10,"[2, 3]",72.24999999999804,"[7, 5]","[0, 0]","[0, 0]",23
11,"[2, 3]",74.6999999999979,"[10, 10]","[0, 0]","[0, 0]",23
12,"[2, 1]",45.49999999999955,"[11, 2]","[0, 0]","[0, 0]",23
13,"[2, 3]",77.99999999999771,"[12, 8]","[0, 0]","[0, 0]",23
14,"[0, 3]",107.49999999999604,"[9, 9]","[0, 0]","[0, 0]",23
15,"[0, 1]",76.84999999999778,"[14, 22]","[0, 0]","[0, 0]",23
16,"[0, 1]",77.94999999999771,"[15, 15]","[0, 0]","[0, 0]",23
17,"[0, 3]",111.04999999999583,"[16, 27]","[0, 0]","[0, 0]",23
18,"[0, 1]",81.54999999999751,"[17, 16]","[0, 0]","[0, 0]",23
19,"[2, 1]",47.549999999999436,"[13, 12]","[0, 0]","[0, 0]",23
20,"[0, 3]",113.64999999999569,"[18, 28]","[0, 0]","[0, 0]",23
21,"[0, 1]",84.79999999999733,"[20, 34]","[0, 0]","[0, 0]",23
22,"[2, 1]",48.34999999999939,"[19, 19]","[0, 0]","[0, 0]",23
23,"[0, 3]",115.59999999999557,"[21, 20]","[0, 0]","[0, 0]",23
24,"[0, 1]",93.19999999999685,"[23, 53]","[3.1999999999999966, 0]","[3.1999999999999966, 0]",23
25,"[0, 1]",92.69999999999688,"[24, 24]","[0, 0]","[0, 0]",23
26,"[2, 3]",81.7499999999975,"[22, 14]","[0, 0]","[0, 0]",23
27,"[2, 3]",83.3999999999974,"[26, 26]","[0, 0]","[0, 0]",23
28,"[2, 3]",90.449999999997,"[27, 17]","[0, 0]","[0, 0]",23
29,"[0, 1]",98.24999999999656,"[25, 67]","[2.5999999999999988, 0]","[2.5999999999999988, 0]",23
30,"[0, 1]",98.49999999999655,"[29, 29]","[0, 0]","[0, 0]",23
31,"[0, 3]",129.19999999999513,"[30, 23]","[0, 0]","[0, 0]",23
32,"[0, 1]",106.64999999999608,"[31, 79]","[3.099999999999997, 0]","[3.099999999999997, 0]",23
33,"[0, 1]",106.74999999999608,"[32, 32]","[0, 0]","[0, 0]",23
34,"[2, 1]",60.79999999999868,"[28, 18]","[0, 0]","[0, 0]",23
35,"[0, 1]",107.59999999999603,"[33, 33]","[0, 0]","[0, 0]",23
36,"[0, 3]",138.44999999999723,"[35, 31]","[0, 0]","[0, 0]",23
37,"[0, 3]",140.84999999999778,"[36, 36]","[0, 0]","[0, 0]",23
38,"[0, 1]",112.29999999999576,"[37, 35]","[0, 0]","[0, 0]",23
39,"[0, 1]",113.3499999999957,"[38, 38]","[0, 0]","[0, 0]",23
40,"[0, 1]",114.49999999999564,"[39, 39]","[0, 0]","[0, 0]",23
41,"[0, 1]",115.54999999999558,"[40, 40]","[0, 0]","[0, 0]",23
42,"[2, 1]",69.04999999999822,"[34, 21]","[10.100000000000009, 0]","[0, 0]",23
43,"[0, 1]",116.54999999999552,"[41, 41]","[0, 0]","[0, 0]",23
44,"[0, 3]",147.4999999999993,"[43, 37]","[0, 0]","[0, 0]",23
45,"[0, 1]",120.24999999999531,"[44, 43]","[0.8500000000000002, 0]","[0, 0]",23
46,"[0, 1]",121.34999999999525,"[45, 45]","[1.5500000000000007, 0]","[0, 0]",23
47,"[0, 1]",122.39999999999519,"[46, 46]","[2.0500000000000007, 0]","[0, 0]",23
48,"[0, 3]",153.45000000000064,"[47, 44]","[2.4499999999999993, 0]","[0, 0]",23
49,"[0, 3]",155.80000000000118,"[48, 48]","[2.849999999999998, 0]","[0, 0]",23
50,"[0, 1]",127.3499999999949,"[49, 47]","[3.149999999999997, 0]","[0, 0]",23
51,"[0, 3]",158.80000000000186,"[50, 49]","[3.399999999999996, 0]","[0, 0]",23
52,"[0, 1]",131.2999999999956,"[51, 50]","[3.649999999999995, 0]","[0, 0]",23
53,"[2, 1]",69.09999999999822,"[42, 42]","[8.649999999999988, 0]","[0, 0]",23
54,"[0, 3]",162.70000000000275,"[52, 51]","[3.8499999999999943, 0]","[0, 0]",23
55,"[0, 1]",135.1999999999965,"[54, 52]","[3.999999999999994, 0]","[0, 0]",23
56,"[0, 3]",166.55000000000362,"[55, 54]","[4.199999999999993, 0]","[0, 0]",23
57,"[0, 1]",139.04999999999737,"[56, 55]","[4.3499999999999925, 0]","[0, 0]",23
58,"[0, 3]",170.25000000000446,"[57, 56]","[4.499999999999992, 0]","[0, 0]",23
59,"[0, 3]",169.65000000000433,"[58, 58]","[4.6499999999999915, 0]","[0, 0]",23
60,"[0, 1]",138.7999999999973,"[59, 57]","[4.6499999999999915, 0]","[0, 0]",23
61,"[0, 1]",139.54999999999748,"[60, 60]","[4.099999999999993, 0]","[0, 0]",23
62,"[0, 1]",140.24999999999764,"[61, 61]","[3.1999999999999966, 0]","[0, 0]",23
63,"[0, 1]",132.5499999999959,"[62, 62]","[0, 0]","[0, 0]",23
64,"[0, 3]",163.10000000000284,"[63, 59]","[0, 0]","[0, 0]",23
65,"[0, 1]",135.6499999999966,"[64, 63]","[0.7000000000000001, 0]","[0, 0]",23
66,"[0, 1]",136.34999999999675,"[65, 65]","[1.2500000000000004, 0]","[0, 0]",23
67,"[2, 1]",80.69999999999756,"[53, 25]","[9.249999999999996, 0]","[2.4499999999999993, 0]",23
68,"[0, 3]",166.9000000000037,"[66, 64]","[1.6500000000000008, 0]","[0, 0]",23
69,"[0, 3]",168.75000000000412,"[68, 68]","[1.850000000000001, 0]","[0, 0]",23
70,"[0, 1]",139.89999999999756,"[69, 66]","[1.3000000000000005, 0]","[0, 0]",23
71,"[0, 1]",136.0999999999967,"[70, 70]","[0, 0]","[0, 0]",23
72,"[0, 1]",135.1999999999965,"[71, 71]","[0, 0]","[0, 0]",23
73,"[0, 1]",135.99999999999667,"[72, 72]","[0, 0]","[0, 0]",23
74,"[0, 3]",166.75000000000367,"[73, 69]","[0, 0]","[0, 0]",23
75,"[0, 1]",138.99999999999736,"[74, 73]","[0, 0]","[0, 0]",23
76,"[0, 3]",168.6500000000041,"[75, 74]","[0, 0]","[0, 0]",23
77,"[0, 3]",168.75000000000412,"[76, 76]","[0, 0]","[0, 0]",23
78,"[2, 1]",83.24999999999741,"[67, 30]","[3.099999999999997, 0]","[3.099999999999997, 0]",23
79,"[2, 1]",83.3999999999974,"[78, 78]","[0, 0]","[0, 0]",23
0,"[2, 1]",36.40000000000007,"[-999, -999]","[0, 0]","[0, 0]",24
1,"[2, 1]",38.09999999999997,"[0, 0]","[0, 0]","[0, 0]",24
2,"[0, 3]",106.09999999999611,"[-999, 10]","[0, 0]","[3.149999999999997, 0]",24
3,"[2, 1]",39.89999999999987,"[1, 1]","[0, 0]","[0, 0]",24
4,"[0, 3]",116.8999999999955,"[2, 14]","[5.299999999999989, 0]","[5.299999999999989, 0]",24
5,"[2, 3]",69.04999999999822,"[3, -999]","[0, 0]","[0, 0]",24
6,"[2, 3]",71.79999999999806,"[5, 5]","[0, 0]","[0, 0]",24
7,"[2, 1]",41.89999999999976,"[6, 3]","[0, 0]","[0, 0]",24
8,"[2, 3]",71.34999999999809,"[7, 6]","[0, 0]","[0, 0]",24
9,"[2, 3]",73.39999999999797,"[8, 8]","[0, 0]","[0, 0]",24
10,"[2, 3]",74.84999999999789,"[9, 9]","[0, 0]","[0, 0]",24
11,"[0, 1]",83.09999999999742,"[4, -999]","[0, 0]","[0, 0]",24
12,"[2, 1]",44.14999999999963,"[10, 7]","[0, 0]","[0, 0]",24
13,"[2, 3]",77.64999999999773,"[12, 2]","[0, 0]","[0, 0]",24
14,"[2, 3]",78.69999999999767,"[13, 13]","[0, 0]","[0, 0]",24
15,"[0, 1]",84.29999999999735,"[11, 11]","[0, 0]","[0, 0]",24
16,"[0, 1]",85.84999999999727,"[15, 15]","[0, 0]","[0, 0]",24
17,"[2, 3]",84.39999999999735,"[14, 4]","[2.849999999999998, 0]","[2.849999999999998, 0]",24
18,"[0, 1]",86.8999999999972,"[16, 16]","[0.05, 0]","[0, 0]",24
19,"[0, 3]",117.99999999999544,"[18, 17]","[0.9500000000000003, 0]","[0, 0]",24
20,"[0, 3]",120.29999999999531,"[19, 19]","[0, 0]","[0, 0]",24
21,"[0, 3]",121.89999999999522,"[20, 20]","[0, 0]","[0, 0]",24
22,"[2, 1]",69.84999999999818,"[17, 18]","[12.650000000000045, 0]","[9.700000000000003, 0]",24
23,"[0, 1]",92.09999999999691,"[21, 30]","[0, 0]","[0, 0]",24
24,"[0, 3]",123.24999999999514,"[23, 21]","[0, 0]","[0, 0]",24
25,"[0, 1]",94.84999999999675,"[24, 39]","[0, 0]","[0, 0]",24
26,"[0, 3]",127.59999999999489,"[25, 40]","[0, 0]","[0, 0]",24
27,"[2, 1]",69.74999999999818,"[22, 22]","[22.600000000000186, 0]","[1.7000000000000008, 0]",24
28,"[0, 3]",128.99999999999508,"[26, 26]","[0, 0]","[0, 0]",24
29,"[0, 3]",135.04999999999646,"[28, 49]","[2.3999999999999995, 0]","[2.3999999999999995, 0]",24
30,"[2, 1]",71.2499999999981,"[27, 27]","[22.80000000000019, 0]","[0, 0]",24
31,"[0, 3]",140.69999999999774,"[29, 50]","[2.1500000000000004, 0]","[2.1500000000000004, 0]",24
32,"[0, 1]",109.49999999999592,"[31, -999]","[0, 0]","[0, 0]",24
33,"[0, 1]",110.64999999999586,"[32, 32]","[0, 0]","[0, 0]",24
34,"[0, 3]",142.04999999999805,"[33, 52]","[0, 0]","[0, 0]",24
35,"[0, 1]",119.39999999999536,"[34, 56]","[3.2999999999999963, 0]","[3.2999999999999963, 0]",24
36,"[0, 3]",150.54999999999998,"[35, 57]","[0, 0]","[0, 0]",24
37,"[0, 1]",122.74999999999517,"[36, 64]","[0, 0]","[0, 0]",24
38,"[0, 1]",123.09999999999515,"[37, 37]","[0, 0]","[0, 0]",24
39,"[2, 1]",79.74999999999761,"[30, 23]","[25.200000000000223, 0]","[0, 0]",24
40,"[2, 3]",111.99999999999578,"[39, 24]","[22.85000000000019, 0]","[0, 0]",24
41,"[0, 3]",154.00000000000077,"[38, 36]","[0, 0]","[0, 0]",24
42,"[0, 3]",156.3500000000013,"[41, 41]","[0, 0]","[0, 0]",24
43,"[0, 1]",127.79999999999488,"[42, 65]","[0, 0]","[0, 0]",24
44,"[0, 3]",159.65000000000205,"[43, 69]","[0, 0]","[0, 0]",24
45,"[0, 3]",166.20000000000354,"[44, 70]","[1.900000000000001, 0]","[1.900000000000001, 0]",24
46,"[0, 1]",135.1999999999965,"[45, -999]","[0, 0]","[0, 0]",24
47,"[0, 1]",136.34999999999675,"[46, 46]","[0, 0]","[0, 0]",24
48,"[2, 1]",83.04999999999742,"[40, 25]","[22.20000000000018, 0]","[0, 0]",24
49,"[2, 3]",121.19999999999526,"[48, 28]","[22.75000000000019, 0]","[0, 0]",24
50,"[2, 3]",127.29999999999491,"[49, 29]","[24.550000000000214, 0]","[0, 0]",24
51,"[0, 1]",137.49999999999702,"[47, 47]","[0, 0]","[0, 0]",24
52,"[2, 3]",133.39999999999608,"[50, 31]","[23.700000000000202, 0]","[0, 0]",24
53,"[0, 3]",168.7000000000041,"[51, 79]","[0, 0]","[0, 0]",24
54,"[0, 1]",141.29999999999788,"[53, 51]","[0, 0]","[0, 0]",24
55,"[2, 1]",108.64999999999597,"[52, 33]","[22.400000000000183, 0]","[0, 0]",24
56,"[2, 1]",108.79999999999596,"[55, 55]","[21.000000000000163, 0]","[0, 0]",24
57,"[2, 3]",141.14999999999785,"[56, 34]","[19.500000000000142, 0]","[0, 0]",24
58,"[0, 3]",172.70000000000502,"[54, 53]","[1.0000000000000002, 0]","[0, 0]",24
59,"[0, 1]",145.24999999999878,"[58, 54]","[2.4499999999999993, 0]","[0, 0]",24
60,"[0, 3]",176.65000000000592,"[59, 58]","[3.4499999999999957, 0]","[0, 0]",24
61,"[0, 3]",178.85000000000642,"[60, 60]","[4.199999999999993, 0]","[0, 0]",24
62,"[0, 1]",150.24999999999991,"[61, 59]","[4.799999999999991, 0]","[0, 0]",24
63,"[0, 3]",181.55000000000703,"[62, 61]","[4.799999999999991, 0]","[0, 0]",24
64,"[2, 1]",113.14999999999571,"[57, 35]","[18.100000000000122, 0]","[0, 0]",24
65,"[2, 1]",127.19999999999492,"[64, 38]","[19.600000000000144, 0]","[2.9499999999999975, 0]",24
66,"[0, 3]",183.6000000000075,"[63, 63]","[4.399999999999992, 0]","[0, 0]",24
67,"[0, 3]",184.9000000000078,"[66, 66]","[3.699999999999995, 0]","[0, 0]",24
68,"[0, 1]",146.6499999999991,"[67, -999]","[0.9500000000000003, 0]","[0, 0]",24
69,"[2, 3]",164.50000000000315,"[65, 42]","[20.80000000000016, 0]","[3.4499999999999957, 0]",24
70,"[2, 3]",171.55000000000476,"[69, 44]","[17.650000000000116, 0]","[0, 0]",24
71,"[0, 1]",146.54999999999907,"[68, 68]","[2.4499999999999993, 0]","[0, 0]",24
72,"[0, 1]",142.6499999999982,"[71, 71]","[3.1999999999999966, 0]","[0, 0]",24
73,"[0, 1]",143.1999999999983,"[72, 72]","[3.4499999999999957, 0]","[0, 0]",24
74,"[0, 3]",174.00000000000531,"[73, 67]","[3.1999999999999966, 0]","[0, 0]",24
75,"[0, 3]",176.00000000000577,"[74, 74]","[2.25, 0]","[0, 0]",24
76,"[0, 1]",141.59999999999795,"[75, 73]","[1.950000000000001, 0]","[0, 0]",24
77,"[0, 3]",167.3000000000038,"[76, 75]","[0, 0]","[0, 0]",24
78,"[0, 1]",137.79999999999708,"[77, 76]","[0, 0]","[0, 0]",24
79,"[2, 3]",178.25000000000628,"[70, 45]","[18.150000000000123, 0]","[0, 0]",24
0,"[2, 1]",36.40000000000007,"[-999, -999]","[0, 0]","[0, 0]",25
1,"[0, 3]",96.99999999999663,"[-999, 8]","[0, 0]","[0, 0]",25
2,"[0, 1]",73.99999999999794,"[1, 16]","[0, 0]","[0, 0]",25
3,"[0, 3]",104.94999999999618,"[2, 17]","[0, 0]","[0, 0]",25
4,"[2, 1]",37.000000000000036,"[0, 0]","[0, 0]","[0, 0]",25
5,"[2, 1]",38.79999999999993,"[4, 4]","[0, 0]","[0, 0]",25
6,"[2, 3]",68.79999999999824,"[5, -999]","[0, 0]","[0, 0]",25
7,"[2, 1]",39.3499999999999,"[6, 5]","[0, 0]","[0, 0]",25
8,"[2, 3]",69.89999999999817,"[7, 6]","[0, 0]","[0, 0]",25
9,"[0, 1]",80.59999999999756,"[3, 23]","[2.8999999999999977, 0]","[2.8999999999999977, 0]",25
10,"[0, 3]",109.24999999999594,"[9, 3]","[0, 0]","[0, 0]",25
11,"[2, 1]",40.29999999999985,"[8, 7]","[0, 0]","[0, 0]",25
12,"[2, 1]",42.299999999999734,"[11, 11]","[0, 0]","[0, 0]",25
13,"[0, 1]",81.14999999999753,"[10, 24]","[0, 0]","[0, 0]",25
14,"[0, 1]",82.24999999999747,"[13, 13]","[0, 0]","[0, 0]",25
15,"[0, 3]",113.3499999999957,"[14, 10]","[0, 0]","[0, 0]",25
16,"[2, 1]",43.849999999999646,"[12, 12]","[0, 0]","[0, 0]",25
17,"[2, 3]",74.54999999999791,"[16, 1]","[0, 0]","[0, 0]",25
18,"[2, 1]",46.89999999999947,"[17, 2]","[0, 0]","[0, 0]",25
19,"[0, 3]",115.64999999999557,"[15, 15]","[0, 0]","[0, 0]",25
20,"[0, 1]",87.0999999999972,"[19, 28]","[0, 0]","[0, 0]",25
21,"[0, 1]",88.09999999999714,"[20, 20]","[0, 0]","[0, 0]",25
22,"[0, 3]",119.29999999999536,"[21, 37]","[0, 0]","[0, 0]",25
23,"[2, 1]",47.59999999999943,"[18, 18]","[0, 0]","[0, 0]",25
24,"[2, 1]",53.59999999999909,"[23, 9]","[3.4999999999999956, 0]","[3.4999999999999956, 0]",25
25,"[0, 3]",121.49999999999524,"[22, 22]","[0, 0]","[0, 0]",25
26,"[0, 3]",122.99999999999515,"[25, 25]","[0, 0]","[0, 0]",25
27,"[0, 3]",129.5499999999952,"[26, 45]","[2.4499999999999993, 0]","[2.4499999999999993, 0]",25
28,"[2, 1]",65.7999999999984,"[24, 14]","[8.599999999999987, 0]","[5.349999999999989, 0]",25
29,"[0, 1]",98.94999999999652,"[27, -999]","[0, 0]","[0, 0]",25
30,"[0, 3]",131.59999999999567,"[29, 47]","[0, 0]","[0, 0]",25
31,"[0, 3]",132.5999999999959,"[30, 30]","[0, 0]","[0, 0]",25
32,"[0, 3]",133.69999999999615,"[31, 31]","[0, 0]","[0, 0]",25
33,"[0, 3]",139.99999999999758,"[32, 48]","[2.3999999999999995, 0]","[2.3999999999999995, 0]",25
34,"[0, 3]",140.79999999999777,"[33, 33]","[0, 0]","[0, 0]",25
35,"[0, 1]",111.49999999999581,"[34, 54]","[0, 0]","[0, 0]",25
36,"[0, 3]",142.39999999999813,"[35, 34]","[0, 0]","[0, 0]",25
37,"[2, 3]",103.19999999999628,"[28, 19]","[19.900000000000148, 0]","[3.2999999999999963, 0]",25
38,"[0, 3]",144.54999999999862,"[36, 36]","[0, 0]","[0, 0]",25
39,"[0, 1]",116.39999999999553,"[38, 67]","[0, 0]","[0, 0]",25
40,"[0, 3]",148.69999999999956,"[39, 69]","[0, 0]","[0, 0]",25
41,"[0, 1]",120.64999999999529,"[40, 78]","[0, 0]","[0, 0]",25
42,"[0, 3]",151.00000000000009,"[41, 40]","[0, 0]","[0, 0]",25
43,"[0, 1]",122.79999999999517,"[42, 79]","[0, 0]","[0, 0]",25
44,"[2, 1]",80.14999999999759,"[37, 21]","[28.700000000000273, 0]","[3.1999999999999966, 0]",25
45,"[2, 3]",122.89999999999516,"[44, 26]","[35.35000000000013, 0]","[3.049999999999997, 0]",25
46,"[0, 1]",123.8999999999951,"[43, 43]","[0, 0]","[0, 0]",25
47,"[2, 3]",129.34999999999516,"[45, 27]","[29.95000000000029, 0]","[0, 0]",25
48,"[2, 3]",146.14999999999898,"[47, 32]","[37.79999999999999, 0]","[9.55, 0]",25
49,"[2, 1]",114.99999999999561,"[48, -999]","[26.650000000000244, 0]","[0, 0]",25
50,"[0, 1]",124.94999999999504,"[46, 46]","[0, 0]","[0, 0]",25
51,"[0, 1]",125.99999999999498,"[50, 50]","[0, 0]","[0, 0]",25
52,"[0, 1]",126.99999999999493,"[51, 51]","[0, 0]","[0, 0]",25
53,"[0, 1]",128.04999999999487,"[52, 52]","[0, 0]","[0, 0]",25
54,"[2, 1]",117.79999999999545,"[49, 49]","[25.200000000000223, 0]","[0, 0]",25
55,"[0, 3]",159.10000000000193,"[53, 42]","[0, 0]","[0, 0]",25
56,"[0, 1]",131.84999999999573,"[55, 53]","[1.1500000000000004, 0]","[0, 0]",25
57,"[0, 3]",163.25000000000287,"[56, 55]","[1.6500000000000008, 0]","[0, 0]",25
58,"[0, 1]",135.74999999999662,"[57, 56]","[2.0500000000000007, 0]","[0, 0]",25
59,"[0, 1]",136.84999999999687,"[58, 58]","[2.3499999999999996, 0]","[0, 0]",25
60,"[0, 1]",137.8999999999971,"[59, 59]","[3.349999999999996, 0]","[0, 0]",25
61,"[0, 3]",168.85000000000414,"[60, 57]","[3.8499999999999943, 0]","[0, 0]",25
62,"[2, 1]",125.699999999995,"[54, 35]","[26.900000000000247, 0]","[3.149999999999997, 0]",25
63,"[0, 1]",141.14999999999785,"[61, 60]","[4.199999999999993, 0]","[0, 0]",25
64,"[0, 1]",137.94999999999712,"[63, 63]","[4.449999999999992, 0]","[0, 0]",25
65,"[0, 3]",167.90000000000393,"[64, 61]","[4.499999999999992, 0]","[0, 0]",25
66,"[0, 3]",170.0000000000044,"[65, 65]","[4.199999999999993, 0]","[0, 0]",25
67,"[2, 1]",126.84999999999494,"[62, 62]","[22.300000000000182, 0]","[0, 0]",25
68,"[0, 1]",141.29999999999788,"[66, 64]","[3.1999999999999966, 0]","[0, 0]",25
69,"[2, 3]",160.10000000000215,"[67, 38]","[20.900000000000162, 0]","[0, 0]",25
70,"[0, 1]",137.49999999999702,"[68, 68]","[3.099999999999997, 0]","[0, 0]",25
71,"[0, 1]",137.449999999997,"[70, 70]","[2.549999999999999, 0]","[0, 0]",25
72,"[0, 1]",131.39999999999563,"[71, 71]","[0, 0]","[0, 0]",25
73,"[0, 3]",161.40000000000245,"[72, 66]","[0, 0]","[0, 0]",25
74,"[0, 1]",134.04999999999623,"[73, 72]","[0, 0]","[0, 0]",25
75,"[0, 1]",135.04999999999646,"[74, 74]","[0, 0]","[0, 0]",25
76,"[0, 3]",166.10000000000352,"[75, 73]","[0, 0]","[0, 0]",25
77,"[0, 1]",138.2499999999972,"[76, 75]","[0, 0]","[0, 0]",25
78,"[2, 1]",131.2999999999956,"[69, 39]","[19.900000000000148, 0]","[0, 0]",25
79,"[2, 1]",139.94999999999757,"[78, 41]","[23.400000000000198, 0]","[3.1999999999999966, 0]",25
0,"[0, 1]",67.49999999999831,"[-999, 7]","[0, 0]","[0, 0]",26
1,"[2, 1]",36.40000000000007,"[-999, -999]","[0, 0]","[0, 0]",26
2,"[2, 1]",38.09999999999997,"[1, 1]","[0, 0]","[0, 0]",26
3,"[2, 1]",39.89999999999987,"[2, 2]","[0, 0]","[0, 0]",26
4,"[2, 3]",69.24999999999821,"[3, -999]","[0, 0]","[0, 0]",26
5,"[2, 3]",71.94999999999806,"[4, 4]","[0, 0]","[0, 0]",26
6,"[2, 3]",73.74999999999795,"[5, 5]","[0, 0]","[0, 0]",26
7,"[2, 1]",39.19999999999991,"[6, 3]","[0, 0]","[0, 0]",26
8,"[0, 3]",100.59999999999643,"[0, 10]","[0, 0]","[0, 0]",26
9,"[2, 3]",72.54999999999802,"[7, 6]","[0, 0]","[0, 0]",26
10,"[2, 3]",74.44999999999791,"[9, 9]","[0, 0]","[0, 0]",26
11,"[2, 1]",44.6999999999996,"[10, 0]","[0, 0]","[0, 0]",26
12,"[0, 1]",80.29999999999758,"[8, 14]","[4.899999999999991, 0]","[4.899999999999991, 0]",26
13,"[2, 1]",46.09999999999952,"[11, 11]","[0, 0]","[0, 0]",26
14,"[2, 1]",47.199999999999456,"[13, 13]","[0, 0]","[0, 0]",26
15,"[0, 1]",80.19999999999759,"[12, 12]","[0, 0]","[0, 0]",26
16,"[0, 1]",80.89999999999755,"[15, 15]","[0, 0]","[0, 0]",26
17,"[2, 3]",77.09999999999776,"[14, 8]","[0, 0]","[0, 0]",26
18,"[2, 1]",59.699999999998745,"[17, 16]","[6.549999999999985, 0]","[6.549999999999985, 0]",26
19,"[0, 3]",111.89999999999579,"[16, 17]","[0, 0]","[0, 0]",26
20,"[0, 1]",88.89999999999709,"[19, 23]","[2.849999999999998, 0]","[2.849999999999998, 0]",26
21,"[0, 3]",120.89999999999527,"[20, 25]","[0, 0]","[0, 0]",26
22,"[0, 1]",91.74999999999693,"[21, 20]","[0, 0]","[0, 0]",26
23,"[2, 1]",59.79999999999874,"[18, 18]","[0, 0]","[0, 0]",26
24,"[0, 1]",92.84999999999687,"[22, 22]","[0, 0]","[0, 0]",26
25,"[2, 3]",91.79999999999693,"[23, 19]","[0, 0]","[0, 0]",26
26,"[2, 3]",100.34999999999644,"[25, 21]","[14.200000000000067, 0]","[0, 0]",26
27,"[0, 3]",124.09999999999509,"[24, 26]","[0, 0]","[0, 0]",26
28,"[0, 1]",100.29999999999644,"[27, 38]","[2.499999999999999, 0]","[2.499999999999999, 0]",26
29,"[0, 3]",130.54999999999544,"[28, 27]","[0, 0]","[0, 0]",26
30,"[2, 1]",76.74999999999778,"[26, 24]","[21.900000000000176, 0]","[0, 0]",26
31,"[0, 1]",102.29999999999633,"[29, 50]","[0, 0]","[0, 0]",26
32,"[0, 1]",103.44999999999627,"[31, 31]","[0, 0]","[0, 0]",26
33,"[0, 1]",104.44999999999621,"[32, 32]","[0, 0]","[0, 0]",26
34,"[0, 3]",135.34999999999653,"[33, 56]","[0, 0]","[0, 0]",26
35,"[0, 1]",106.79999999999607,"[34, 59]","[0, 0]","[0, 0]",26
36,"[0, 3]",139.49999999999747,"[35, 63]","[0, 0]","[0, 0]",26
37,"[0, 1]",110.29999999999588,"[36, 35]","[0, 0]","[0, 0]",26
38,"[2, 1]",76.59999999999779,"[30, 30]","[19.550000000000143, 0]","[0, 0]",26
39,"[0, 1]",111.39999999999581,"[37, 37]","[0, 0]","[0, 0]",26
40,"[0, 3]",142.6499999999982,"[39, 65]","[0, 0]","[0, 0]",26
41,"[0, 1]",114.34999999999565,"[40, 67]","[0, 0]","[0, 0]",26
42,"[0, 1]",115.44999999999558,"[41, 41]","[0, 0]","[0, 0]",26
43,"[0, 1]",116.49999999999552,"[42, 42]","[0.49999999999999994, 0]","[0, 0]",26
44,"[0, 1]",122.54999999999518,"[43, 79]","[3.649999999999995, 0]","[2.549999999999999, 0]",26
45,"[0, 3]",152.3500000000004,"[44, 40]","[1.5500000000000007, 0]","[0, 0]",26
46,"[0, 3]",154.70000000000093,"[45, 45]","[2.1000000000000005, 0]","[0, 0]",26
47,"[0, 3]",156.3000000000013,"[46, 46]","[2.7499999999999982, 0]","[0, 0]",26
48,"[0, 1]",127.3499999999949,"[47, -999]","[3.349999999999996, 0]","[0, 0]",26
49,"[0, 3]",158.75000000000185,"[48, 47]","[3.949999999999994, 0]","[0, 0]",26
50,"[2, 1]",84.54999999999734,"[38, 28]","[17.85000000000012, 0]","[0, 0]",26
51,"[0, 3]",160.95000000000235,"[49, 49]","[4.399999999999992, 0]","[0, 0]",26
52,"[0, 3]",162.4500000000027,"[51, 51]","[4.849999999999991, 0]","[0, 0]",26
53,"[0, 1]",133.39999999999608,"[52, -999]","[5.1999999999999895, 0]","[0, 0]",26
54,"[0, 3]",164.85000000000323,"[53, 52]","[5.04999999999999, 0]","[0, 0]",26
55,"[2, 3]",116.64999999999552,"[50, 29]","[16.300000000000097, 0]","[0, 0]",26
56,"[2, 3]",119.14999999999537,"[55, 55]","[14.800000000000075, 0]","[0, 0]",26
57,"[0, 1]",137.29999999999697,"[54, 53]","[4.6499999999999915, 0]","[0, 0]",26
58,"[0, 3]",168.6000000000041,"[57, 54]","[3.999999999999994, 0]","[0, 0]",26
59,"[2, 1]",93.69999999999682,"[56, 33]","[13.300000000000054, 0]","[0, 0]",26
60,"[0, 3]",170.8000000000046,"[58, 58]","[3.349999999999996, 0]","[0, 0]",26
61,"[0, 3]",171.7000000000048,"[60, 60]","[2.0500000000000007, 0]","[0, 0]",26
62,"[0, 1]",134.7499999999964,"[61, -999]","[0, 0]","[0, 0]",26
63,"[2, 3]",126.29999999999497,"[59, 34]","[11.850000000000033, 0]","[0, 0]",26
64,"[0, 1]",135.54999999999657,"[62, 62]","[0, 0]","[0, 0]",26
65,"[2, 3]",134.04999999999623,"[63, 36]","[10.400000000000013, 0]","[0, 0]",26
66,"[0, 1]",136.5499999999968,"[64, 64]","[0, 0]","[0, 0]",26
67,"[2, 1]",110.79999999999585,"[65, 39]","[13.200000000000053, 0]","[3.1999999999999966, 0]",26
68,"[0, 1]",137.54999999999703,"[66, 66]","[0, 0]","[0, 0]",26
69,"[0, 1]",138.49999999999724,"[68, 68]","[0, 0]","[0, 0]",26
70,"[0, 1]",139.2499999999974,"[69, 69]","[0.9500000000000003, 0]","[0, 0]",26
71,"[0, 1]",134.04999999999623,"[70, 70]","[0, 0]","[0, 0]",26
72,"[0, 1]",133.9499999999962,"[71, 71]","[0, 0]","[0, 0]",26
73,"[0, 1]",134.64999999999637,"[72, 72]","[0, 0]","[0, 0]",26
74,"[0, 1]",135.44999999999655,"[73, 73]","[0, 0]","[0, 0]",26
75,"[0, 1]",136.34999999999675,"[74, 74]","[1.0500000000000003, 0]","[0, 0]",26
76,"[0, 1]",137.09999999999692,"[75, 75]","[1.0000000000000002, 0]","[0, 0]",26
77,"[0, 1]",132.39999999999586,"[76, 76]","[0, 0]","[0, 0]",26
78,"[0, 3]",161.50000000000247,"[77, -999]","[0, 0]","[0, 0]",26
79,"[2, 1]",128.599999999995,"[67, 43]","[19.800000000000146, 0]","[9.850000000000005, 0]",26
0,"[2, 3]",67.7499999999983,"[-999, -999]","[0, 0]","[0, 0]",27
1,"[2, 1]",37.15000000000003,"[0, -999]","[0, 0]","[0, 0]",27
2,"[0, 1]",73.39999999999797,"[-999, 10]","[0, 0]","[3.099999999999997, 0]",27
3,"[2, 3]",69.99999999999817,"[1, 0]","[0, 0]","[0, 0]",27
4,"[0, 1]",79.9499999999976,"[2, 12]","[2.2, 0]","[2.2, 0]",27
5,"[2, 1]",37.65,"[3, 1]","[0, 0]","[0, 0]",27
6,"[0, 1]",79.44999999999763,"[4, 4]","[0, 0]","[0, 0]",27
7,"[2, 1]",39.649999999999885,"[5, 5]","[0, 0]","[0, 0]",27
8,"[2, 1]",41.54999999999978,"[7, 7]","[0, 0]","[0, 0]",27
9,"[2, 1]",43.349999999999675,"[8, 8]","[0, 0]","[0, 0]",27
10,"[2, 1]",44.949999999999584,"[9, 9]","[0, 0]","[0, 0]",27
11,"[2, 3]",74.7999999999979,"[10, 3]","[0, 0]","[0, 0]",27
12,"[2, 1]",47.84999999999942,"[11, 2]","[0, 0]","[0, 0]",27
13,"[2, 3]",78.34999999999769,"[12, 11]","[0, 0]","[0, 0]",27
14,"[2, 1]",55.249999999999,"[13, 6]","[3.2999999999999963, 0]","[3.2999999999999963, 0]",27
15,"[2, 3]",87.34999999999718,"[14, 19]","[0, 0]","[0, 0]",27
16,"[2, 3]",94.99999999999675,"[15, 21]","[0, 0]","[0, 0]",27
17,"[2, 1]",64.94999999999845,"[16, 20]","[18.70000000000013, 0]","[0.05, 0]",27
18,"[2, 1]",74.39999999999792,"[17, 23]","[19.000000000000135, 0]","[2.5999999999999988, 0]",27
19,"[0, 3]",103.99999999999623,"[6, 13]","[0, 0]","[0, 0]",27
20,"[0, 1]",76.4499999999978,"[19, 14]","[0, 0]","[0, 0]",27
21,"[0, 3]",109.24999999999594,"[20, 15]","[0, 0]","[0, 0]",27
22,"[0, 3]",115.99999999999555,"[21, 16]","[2.1000000000000005, 0]","[2.1000000000000005, 0]",27
23,"[0, 1]",87.44999999999717,"[22, 17]","[2.4499999999999993, 0]","[2.4499999999999993, 0]",27
24,"[0, 1]",93.04999999999686,"[23, 18]","[2.549999999999999, 0]","[2.549999999999999, 0]",27
25,"[0, 3]",122.89999999999516,"[24, 22]","[0, 0]","[0, 0]",27
26,"[0, 1]",94.74999999999676,"[25, 27]","[0, 0]","[0, 0]",27
27,"[2, 1]",79.44999999999763,"[18, 24]","[14.700000000000074, 0]","[0, 0]",27
28,"[2, 3]",111.44999999999581,"[27, 25]","[13.150000000000052, 0]","[0, 0]",27
29,"[0, 3]",127.4499999999949,"[26, 28]","[0, 0]","[0, 0]",27
30,"[0, 3]",128.79999999999504,"[29, 29]","[0, 0]","[0, 0]",27
31,"[0, 1]",99.1999999999965,"[30, 35]","[0, 0]","[0, 0]",27
32,"[0, 3]",131.34999999999562,"[31, 44]","[0, 0]","[0, 0]",27
33,"[0, 1]",102.39999999999633,"[32, 52]","[0, 0]","[0, 0]",27
34,"[0, 3]",134.89999999999642,"[33, 56]","[0, 0]","[0, 0]",27
35,"[2, 1]",82.49999999999746,"[28, 26]","[11.60000000000003, 0]","[0, 0]",27
36,"[0, 1]",106.4499999999961,"[34, 57]","[0, 0]","[0, 0]",27
37,"[0, 1]",107.09999999999606,"[36, 36]","[0, 0]","[0, 0]",27
38,"[0, 1]",112.99999999999572,"[37, 60]","[2.3999999999999995, 0]","[2.3999999999999995, 0]",27
39,"[0, 1]",119.49999999999535,"[38, 65]","[1.7000000000000008, 0]","[1.7000000000000008, 0]",27
40,"[0, 3]",147.89999999999938,"[39, 34]","[0, 0]","[0, 0]",27
41,"[0, 1]",119.09999999999538,"[40, 66]","[0, 0]","[0, 0]",27
42,"[0, 3]",150.24999999999991,"[41, 40]","[0, 0]","[0, 0]",27
43,"[0, 1]",126.24999999999497,"[42, 78]","[2.3499999999999996, 0]","[2.3499999999999996, 0]",27
44,"[2, 3]",120.69999999999528,"[35, 30]","[10.15000000000001, 0]","[0, 0]",27
45,"[0, 1]",126.94999999999493,"[43, 43]","[0, 0]","[0, 0]",27
46,"[0, 1]",127.99999999999487,"[45, 45]","[0, 0]","[0, 0]",27
47,"[0, 1]",128.99999999999508,"[46, 46]","[0, 0]","[0, 0]",27
48,"[0, 3]",159.95000000000212,"[47, 42]","[0, 0]","[0, 0]",27
49,"[0, 3]",162.35000000000267,"[48, 48]","[0, 0]","[0, 0]",27
50,"[0, 1]",133.8999999999962,"[49, 47]","[0, 0]","[0, 0]",27
51,"[0, 1]",134.99999999999645,"[50, 50]","[0, 0]","[0, 0]",27
52,"[2, 1]",90.94999999999698,"[44, 31]","[8.599999999999987, 0]","[0, 0]",27
53,"[0, 1]",136.0499999999967,"[51, 51]","[0, 0]","[0, 0]",27
54,"[0, 3]",167.10000000000375,"[53, 49]","[0, 0]","[0, 0]",27
55,"[0, 1]",139.74999999999753,"[54, 53]","[0, 0]","[0, 0]",27
56,"[2, 3]",124.74999999999505,"[52, 32]","[7.149999999999983, 0]","[0, 0]",27
57,"[2, 1]",95.59999999999671,"[56, 33]","[7.699999999999981, 0]","[0, 0]",27
58,"[0, 3]",171.10000000000466,"[55, 54]","[0, 0]","[0, 0]",27
59,"[0, 3]",173.15000000000512,"[58, 58]","[0, 0]","[0, 0]",27
60,"[2, 1]",109.59999999999592,"[57, 37]","[10.300000000000011, 0]","[2.6999999999999984, 0]",27
61,"[0, 1]",144.54999999999862,"[59, 55]","[0, 0]","[0, 0]",27
62,"[0, 1]",145.44999999999882,"[61, 61]","[0, 0]","[0, 0]",27
63,"[0, 1]",146.39999999999904,"[62, 62]","[1.3000000000000005, 0]","[0, 0]",27
64,"[0, 3]",177.15000000000603,"[63, 59]","[2.4499999999999993, 0]","[0, 0]",27
65,"[2, 1]",114.64999999999563,"[60, 38]","[7.649999999999981, 0]","[0, 0]",27
66,"[2, 1]",119.94999999999533,"[65, 39]","[10.000000000000007, 0]","[0, 0]",27
67,"[0, 3]",178.25000000000628,"[64, 64]","[3.2499999999999964, 0]","[0, 0]",27
68,"[0, 3]",178.70000000000638,"[67, 67]","[3.7999999999999945, 0]","[0, 0]",27
69,"[0, 1]",148.99999999999963,"[68, -999]","[4.249999999999993, 0]","[0, 0]",27
70,"[2, 1]",125.89999999999499,"[66, 41]","[9.600000000000001, 0]","[0, 0]",27
71,"[0, 1]",148.14999999999944,"[69, 69]","[5.09999999999999, 0]","[0, 0]",27
72,"[0, 3]",177.35000000000608,"[71, 68]","[5.549999999999988, 0]","[0, 0]",27
73,"[0, 3]",169.30000000000425,"[72, 72]","[1.3500000000000005, 0]","[0, 0]",27
74,"[0, 3]",169.85000000000437,"[73, 73]","[0.6, 0]","[0, 0]",27
75,"[0, 3]",164.85000000000323,"[74, 74]","[0, 0]","[0, 0]",27
76,"[0, 1]",135.2499999999965,"[75, -999]","[0, 0]","[0, 0]",27
77,"[0, 1]",136.1499999999967,"[76, 76]","[0, 0]","[0, 0]",27
78,"[2, 1]",125.799999999995,"[70, 70]","[9.900000000000006, 0]","[0, 0]",27
79,"[0, 1]",137.0499999999969,"[77, 77]","[0, 0]","[0, 0]",27
0,"[2, 3]",67.7499999999983,"[-999, -999]","[0, 0]","[0, 0]",28
1,"[0, 3]",96.99999999999663,"[-999, 6]","[0, 0]","[0, 0]",28
2,"[2, 1]",37.15000000000003,"[0, -999]","[0, 0]","[0, 0]",28
3,"[2, 1]",38.89999999999993,"[2, 2]","[0, 0]","[0, 0]",28
4,"[2, 1]",40.74999999999982,"[3, 3]","[0, 0]","[0, 0]",28
5,"[2, 1]",42.54999999999972,"[4, 4]","[0, 0]","[0, 0]",28
6,"[2, 3]",70.19999999999816,"[5, 0]","[0, 0]","[0, 0]",28
7,"[2, 1]",41.69999999999977,"[6, 5]","[0, 0]","[0, 0]",28
8,"[2, 1]",43.54999999999966,"[7, 7]","[0, 0]","[0, 0]",28
9,"[2, 1]",45.099999999999575,"[8, 8]","[0, 0]","[0, 0]",28
10,"[2, 3]",75.34999999999786,"[9, 1]","[0, 0]","[0, 0]",28
11,"[0, 1]",67.89999999999829,"[1, 9]","[0, 0]","[0, 0]",28
12,"[0, 1]",74.49999999999791,"[11, 18]","[0.7000000000000001, 0]","[0.7000000000000001, 0]",28
13,"[0, 1]",75.09999999999788,"[12, 12]","[0, 0]","[0, 0]",28
14,"[0, 3]",107.14999999999606,"[13, 40]","[0, 0]","[0, 0]",28
15,"[0, 1]",77.94999999999771,"[14, 13]","[0, 0]","[0, 0]",28
16,"[0, 1]",78.99999999999766,"[15, 15]","[0, 0]","[0, 0]",28
17,"[0, 1]",80.0499999999976,"[16, 16]","[0, 0]","[0, 0]",28
18,"[2, 1]",50.24999999999928,"[10, 11]","[2.3, 0]","[2.3, 0]",28
19,"[0, 3]",111.19999999999582,"[17, 42]","[0, 0]","[0, 0]",28
20,"[0, 3]",113.4499999999957,"[19, 19]","[0, 0]","[0, 0]",28
21,"[0, 1]",82.94999999999743,"[20, 45]","[0, 0]","[0, 0]",28
22,"[0, 3]",114.44999999999564,"[21, 20]","[0, 0]","[0, 0]",28
23,"[0, 1]",86.19999999999725,"[22, 59]","[0, 0]","[0, 0]",28
24,"[0, 3]",118.44999999999541,"[23, 79]","[0, 0]","[0, 0]",28
25,"[0, 3]",119.84999999999533,"[24, 24]","[0, 0]","[0, 0]",28
26,"[0, 1]",90.74999999999699,"[25, 23]","[0, 0]","[0, 0]",28
27,"[0, 3]",122.1999999999952,"[26, 25]","[0, 0]","[0, 0]",28
28,"[0, 1]",94.64999999999677,"[27, 26]","[0, 0]","[0, 0]",28
29,"[0, 3]",126.04999999999498,"[28, 27]","[0, 0]","[0, 0]",28
30,"[2, 3]",79.09999999999765,"[18, 10]","[0, 0]","[0, 0]",28
31,"[0, 1]",98.59999999999654,"[29, 28]","[0, 0]","[0, 0]",28
32,"[0, 3]",129.9499999999953,"[31, 29]","[0, 0]","[0, 0]",28
33,"[0, 1]",102.49999999999632,"[32, 31]","[0, 0]","[0, 0]",28
34,"[0, 3]",133.9499999999962,"[33, 32]","[0, 0]","[0, 0]",28
35,"[0, 1]",106.4499999999961,"[34, 33]","[0, 0]","[0, 0]",28
36,"[0, 1]",107.54999999999603,"[35, 35]","[0, 0]","[0, 0]",28
37,"[0, 3]",138.6999999999973,"[36, 34]","[0, 0]","[0, 0]",28
38,"[0, 3]",141.04999999999782,"[37, 37]","[0, 0]","[0, 0]",28
39,"[0, 1]",112.59999999999575,"[38, 36]","[0, 0]","[0, 0]",28
40,"[2, 3]",81.49999999999751,"[30, 30]","[2.8999999999999977, 0]","[2.8999999999999977, 0]",28
41,"[0, 1]",113.69999999999568,"[39, 39]","[0, 0]","[0, 0]",28
42,"[2, 3]",88.89999999999709,"[40, 14]","[3.899999999999994, 0]","[0, 0]",28
43,"[2, 1]",70.99999999999811,"[42, 17]","[14.500000000000071, 0]","[3.049999999999997, 0]",28
44,"[0, 1]",114.74999999999562,"[41, 41]","[0, 0]","[0, 0]",28
45,"[2, 1]",70.64999999999813,"[43, 43]","[9.099999999999994, 0]","[0, 0]",28
46,"[0, 1]",115.84999999999556,"[44, 44]","[0, 0]","[0, 0]",28
47,"[0, 1]",116.8999999999955,"[46, 46]","[0, 0]","[0, 0]",28
48,"[0, 1]",117.89999999999544,"[47, 47]","[0, 0]","[0, 0]",28
49,"[0, 1]",118.94999999999538,"[48, 48]","[0, 0]","[0, 0]",28
50,"[0, 1]",119.94999999999533,"[49, 49]","[0, 0]","[0, 0]",28
51,"[0, 1]",120.99999999999527,"[50, 50]","[0, 0]","[0, 0]",28
52,"[0, 3]",151.9500000000003,"[51, -999]","[0, 0]","[0, 0]",28
53,"[0, 3]",154.35000000000085,"[52, 52]","[0, 0]","[0, 0]",28
54,"[0, 1]",125.84999999999499,"[53, 51]","[0, 0]","[0, 0]",28
55,"[0, 1]",126.89999999999493,"[54, 54]","[0, 0]","[0, 0]",28
56,"[0, 3]",158.1000000000017,"[55, 53]","[0, 0]","[0, 0]",28
57,"[0, 3]",160.3500000000022,"[56, 56]","[0, 0]","[0, 0]",28
58,"[0, 3]",161.90000000000256,"[57, 57]","[0, 0]","[0, 0]",28
59,"[2, 1]",74.14999999999793,"[45, 21]","[19.45000000000014, 0]","[0, 0]",28
60,"[0, 1]",132.84999999999596,"[58, -999]","[0, 0]","[0, 0]",28
61,"[0, 1]",133.79999999999617,"[60, 60]","[0, 0]","[0, 0]",28
62,"[0, 3]",164.7000000000032,"[61, 58]","[0, 0]","[0, 0]",28
63,"[0, 3]",166.25000000000355,"[62, 62]","[0, 0]","[0, 0]",28
64,"[0, 3]",165.80000000000345,"[63, 63]","[0, 0]","[0, 0]",28
65,"[0, 3]",165.30000000000334,"[64, 64]","[0, 0]","[0, 0]",28
66,"[0, 3]",162.40000000000268,"[65, 65]","[0, 0]","[0, 0]",28
67,"[0, 3]",161.05000000000237,"[66, 66]","[0, 0]","[0, 0]",28
68,"[0, 1]",130.74999999999548,"[67, -999]","[0, 0]","[0, 0]",28
69,"[0, 1]",131.04999999999555,"[68, 68]","[0, 0]","[0, 0]",28
70,"[0, 1]",130.49999999999542,"[69, 69]","[0, 0]","[0, 0]",28
71,"[0, 1]",130.24999999999537,"[70, 70]","[0, 0]","[0, 0]",28
72,"[0, 1]",130.69999999999547,"[71, 71]","[0, 0]","[0, 0]",28
73,"[0, 3]",161.30000000000243,"[72, 67]","[0, 0]","[0, 0]",28
74,"[0, 3]",163.4000000000029,"[73, 73]","[0, 0]","[0, 0]",28
75,"[0, 1]",134.59999999999636,"[74, 72]","[0, 0]","[0, 0]",28
76,"[0, 3]",165.50000000000338,"[75, 74]","[0, 0]","[0, 0]",28
77,"[0, 1]",136.89999999999688,"[76, 75]","[0, 0]","[0, 0]",28
78,"[0, 1]",131.49999999999565,"[77, 77]","[0, 0]","[0, 0]",28
79,"[2, 3]",89.24999999999707,"[59, 22]","[0, 0]","[0, 0]",28
0,"[2, 3]",67.7499999999983,"[-999, -999]","[0, 0]","[0, 0]",29
1,"[2, 1]",37.15000000000003,"[0, -999]","[0, 0]","[0, 0]",29
2,"[2, 1]",38.89999999999993,"[1, 1]","[0, 0]","[0, 0]",29
3,"[0, 1]",73.49999999999797,"[-999, 13]","[0, 0]","[2.8999999999999977, 0]",29
4,"[2, 1]",40.74999999999982,"[2, 2]","[0, 0]","[0, 0]",29
5,"[0, 3]",103.64999999999625,"[3, 0]","[0, 0]","[0, 0]",29
6,"[2, 1]",42.54999999999972,"[4, 4]","[0, 0]","[0, 0]",29
7,"[2, 1]",44.09999999999963,"[6, 6]","[0, 0]","[0, 0]",29
8,"[2, 1]",45.54999999999955,"[7, 7]","[0, 0]","[0, 0]",29
9,"[0, 3]",106.04999999999612,"[5, 5]","[0, 0]","[0, 0]",29
10,"[0, 3]",107.74999999999602,"[9, 9]","[0, 0]","[0, 0]",29
11,"[0, 1]",78.59999999999768,"[10, 18]","[0, 0]","[0, 0]",29
12,"[0, 3]",110.79999999999585,"[11, 21]","[0, 0]","[0, 0]",29
13,"[2, 1]",46.849999999999476,"[8, 8]","[0, 0]","[0, 0]",29
14,"[0, 1]",82.04999999999748,"[12, 26]","[0, 0]","[0, 0]",29
15,"[0, 3]",112.69999999999574,"[14, 12]","[0, 0]","[0, 0]",29
16,"[2, 1]",53.29999999999911,"[13, 3]","[1.5500000000000007, 0]","[1.5500000000000007, 0]",29
17,"[0, 1]",84.39999999999735,"[15, 31]","[0, 0]","[0, 0]",29
18,"[2, 1]",53.699999999999086,"[16, 16]","[3.2999999999999963, 0]","[3.2999999999999963, 0]",29
19,"[0, 3]",117.09999999999549,"[17, 45]","[0, 0]","[0, 0]",29
20,"[0, 1]",88.6999999999971,"[19, 48]","[0, 0]","[0, 0]",29
21,"[2, 3]",92.1999999999969,"[18, 10]","[7.399999999999982, 0]","[3.4499999999999957, 0]",29
22,"[0, 1]",89.24999999999707,"[20, 20]","[0, 0]","[0, 0]",29
23,"[0, 1]",90.29999999999701,"[22, 22]","[0, 0]","[0, 0]",29
24,"[0, 1]",96.19999999999668,"[23, 49]","[2.3999999999999995, 0]","[2.3999999999999995, 0]",29
25,"[0, 1]",101.74999999999636,"[24, 52]","[2.6499999999999986, 0]","[2.6499999999999986, 0]",29
26,"[2, 1]",62.849999999998566,"[21, 11]","[14.350000000000069, 0]","[0, 0]",29
27,"[0, 1]",107.59999999999603,"[25, 56]","[2.3999999999999995, 0]","[2.3999999999999995, 0]",29
28,"[0, 1]",112.79999999999573,"[27, 57]","[2.1500000000000004, 0]","[2.1500000000000004, 0]",29
29,"[0, 1]",117.84999999999545,"[28, 59]","[2.3999999999999995, 0]","[2.3999999999999995, 0]",29
30,"[0, 3]",146.29999999999902,"[29, -999]","[0, 0]","[0, 0]",29
31,"[2, 1]",70.94999999999811,"[26, 14]","[12.450000000000042, 0]","[0, 0]",29
32,"[0, 1]",117.54999999999546,"[30, 60]","[1.0500000000000003, 0]","[0, 0]",29
33,"[0, 1]",123.09999999999515,"[32, 66]","[3.999999999999994, 0]","[2.499999999999999, 0]",29
34,"[0, 1]",123.49999999999513,"[33, 33]","[1.5500000000000007, 0]","[0, 0]",29
35,"[0, 1]",128.79999999999504,"[34, 79]","[4.099999999999993, 0]","[2.499999999999999, 0]",29
36,"[0, 3]",159.0000000000019,"[35, 76]","[1.6000000000000008, 0]","[0, 0]",29
37,"[0, 3]",161.35000000000244,"[36, 36]","[1.5500000000000007, 0]","[0, 0]",29
38,"[0, 1]",132.84999999999596,"[37, 35]","[1.5000000000000007, 0]","[0, 0]",29
39,"[0, 3]",164.2000000000031,"[38, 37]","[1.4500000000000006, 0]","[0, 0]",29
40,"[0, 1]",136.69999999999683,"[39, 38]","[1.3000000000000005, 0]","[0, 0]",29
41,"[0, 1]",137.79999999999708,"[40, 40]","[1.2000000000000004, 0]","[0, 0]",29
42,"[0, 3]",168.95000000000417,"[41, 39]","[1.0000000000000002, 0]","[0, 0]",29
43,"[0, 1]",141.64999999999796,"[42, 41]","[0.7500000000000001, 0]","[0, 0]",29
44,"[0, 1]",142.79999999999822,"[43, 43]","[0.39999999999999997, 0]","[0, 0]",29
45,"[2, 3]",103.24999999999628,"[31, 15]","[23.200000000000195, 0]","[0, 0]",29
46,"[0, 1]",143.84999999999846,"[44, 44]","[0, 0]","[0, 0]",29
47,"[0, 1]",144.8999999999987,"[46, 46]","[0.6, 0]","[0, 0]",29
48,"[2, 1]",74.29999999999792,"[45, 17]","[20.85000000000016, 0]","[0, 0]",29
49,"[2, 1]",93.34999999999684,"[48, 23]","[25.550000000000228, 0]","[6.449999999999985, 0]",29
50,"[0, 1]",145.94999999999894,"[47, 47]","[1.6500000000000008, 0]","[0, 0]",29
51,"[0, 3]",176.95000000000599,"[50, 42]","[2.3499999999999996, 0]","[0, 0]",29
52,"[2, 1]",98.24999999999656,"[49, 24]","[17.550000000000114, 0]","[0, 0]",29
53,"[0, 1]",149.64999999999978,"[51, 50]","[3.049999999999997, 0]","[0, 0]",29
54,"[0, 1]",150.75000000000003,"[53, 53]","[4.549999999999992, 0]","[0, 0]",29
55,"[0, 1]",151.85000000000028,"[54, 54]","[6.5999999999999845, 0]","[0, 0]",29
56,"[2, 1]",103.79999999999625,"[52, 25]","[16.100000000000094, 0]","[0, 0]",29
57,"[2, 1]",108.99999999999595,"[56, 27]","[14.600000000000072, 0]","[0, 0]",29
58,"[0, 1]",152.8500000000005,"[55, 55]","[8.549999999999986, 0]","[0, 0]",29
59,"[2, 1]",114.59999999999563,"[57, 28]","[13.150000000000052, 0]","[0, 0]",29
60,"[2, 1]",120.04999999999532,"[59, 29]","[11.700000000000031, 0]","[0, 0]",29
61,"[0, 3]",183.80000000000754,"[58, 51]","[9.850000000000005, 0]","[0, 0]",29
62,"[0, 1]",156.3000000000013,"[61, 58]","[9.850000000000005, 0]","[0, 0]",29
63,"[0, 1]",145.2999999999988,"[62, 62]","[3.599999999999995, 0]","[0, 0]",29
64,"[0, 1]",144.8999999999987,"[63, 63]","[2.3499999999999996, 0]","[0, 0]",29
65,"[0, 3]",169.70000000000434,"[64, 61]","[2.499999999999999, 0]","[0, 0]",29
66,"[2, 1]",126.24999999999497,"[60, 32]","[10.25000000000001, 0]","[0, 0]",29
67,"[0, 1]",141.4499999999979,"[65, 64]","[2.6999999999999984, 0]","[0, 0]",29
68,"[0, 3]",170.35000000000448,"[67, 65]","[2.6999999999999984, 0]","[0, 0]",29
69,"[0, 1]",142.2999999999981,"[68, 67]","[2.25, 0]","[0, 0]",29
70,"[0, 1]",142.49999999999815,"[69, 69]","[0.7000000000000001, 0]","[0, 0]",29
71,"[0, 1]",136.29999999999674,"[70, 70]","[0, 0]","[0, 0]",29
72,"[0, 1]",133.049999999996,"[71, 71]","[0.6, 0]","[0, 0]",29
73,"[0, 1]",133.64999999999614,"[72, 72]","[0.49999999999999994, 0]","[0, 0]",29
74,"[0, 3]",164.35000000000312,"[73, 68]","[0, 0]","[0, 0]",29
75,"[0, 3]",162.0000000000026,"[74, 74]","[0, 0]","[0, 0]",29
76,"[2, 3]",155.9500000000012,"[66, 30]","[8.74999999999999, 0]","[0, 0]",29
77,"[0, 1]",132.49999999999588,"[75, 73]","[0, 0]","[0, 0]",29
78,"[0, 1]",133.29999999999606,"[77, 77]","[0, 0]","[0, 0]",29
79,"[2, 1]",132.29999999999583,"[76, 34]","[9.299999999999997, 0]","[0, 0]",29
0,"[2, 3]",67.7499999999983,"[-999, -999]","[0, 0]","[0, 0]",30
1,"[2, 1]",37.15000000000003,"[0, -999]","[0, 0]","[0, 0]",30
2,"[2, 3]",69.99999999999817,"[1, 0]","[0, 0]","[0, 0]",30
3,"[2, 1]",37.65,"[2, 1]","[0, 0]","[0, 0]",30
4,"[2, 3]",70.69999999999813,"[3, 2]","[0, 0]","[0, 0]",30
5,"[2, 1]",38.14999999999997,"[4, 3]","[0, 0]","[0, 0]",30
6,"[2, 1]",40.29999999999985,"[5, 5]","[0, 0]","[0, 0]",30
7,"[2, 1]",42.19999999999974,"[6, 6]","[0, 0]","[0, 0]",30
8,"[2, 3]",72.949999999998,"[7, 4]","[0, 0]","[0, 0]",30
9,"[2, 1]",41.049999999999805,"[8, 7]","[0, 0]","[0, 0]",30
10,"[2, 1]",43.24999999999968,"[9, 9]","[0, 0]","[0, 0]",30
11,"[2, 3]",73.19999999999798,"[10, 8]","[0, 0]","[0, 0]",30
12,"[2, 1]",45.89999999999953,"[11, 14]","[0, 0]","[0, 0]",30
13,"[2, 1]",46.849999999999476,"[12, 12]","[0, 0]","[0, 0]",30
14,"[0, 1]",69.19999999999821,"[-999, 10]","[0, 0]","[0, 0]",30
15,"[0, 1]",80.59999999999756,"[14, 13]","[5.649999999999988, 0]","[5.649999999999988, 0]",30
16,"[0, 3]",110.69999999999585,"[15, 18]","[0, 0]","[0, 0]",30
17,"[0, 3]",112.19999999999577,"[16, 16]","[0, 0]","[0, 0]",30
18,"[2, 3]",76.29999999999781,"[13, 11]","[0, 0]","[0, 0]",30
19,"[0, 3]",113.4999999999957,"[17, 17]","[0, 0]","[0, 0]",30
20,"[0, 1]",86.39999999999723,"[19, 43]","[0, 0]","[0, 0]",30
21,"[0, 3]",116.44999999999553,"[20, 19]","[0, 0]","[0, 0]",30
22,"[0, 3]",118.6499999999954,"[21, 21]","[0, 0]","[0, 0]",30
23,"[0, 1]",89.74999999999704,"[22, 59]","[0, 0]","[0, 0]",30
24,"[0, 3]",120.74999999999528,"[23, 22]","[0, 0]","[0, 0]",30
25,"[0, 1]",92.54999999999688,"[24, 76]","[0, 0]","[0, 0]",30
26,"[2, 1]",48.949999999999356,"[18, 15]","[0, 0]","[0, 0]",30
27,"[0, 1]",93.54999999999683,"[25, 25]","[0, 0]","[0, 0]",30
28,"[2, 1]",50.69999999999926,"[26, 26]","[0, 0]","[0, 0]",30
29,"[0, 3]",124.64999999999506,"[27, 24]","[0, 0]","[0, 0]",30
30,"[0, 3]",126.89999999999493,"[29, 29]","[0, 0]","[0, 0]",30
31,"[0, 1]",98.29999999999656,"[30, 78]","[0, 0]","[0, 0]",30
32,"[0, 1]",99.3999999999965,"[31, 31]","[0, 0]","[0, 0]",30
33,"[0, 1]",100.54999999999643,"[32, 32]","[0, 0]","[0, 0]",30
34,"[0, 3]",131.59999999999567,"[33, 30]","[0, 0]","[0, 0]",30
35,"[0, 1]",104.29999999999622,"[34, 33]","[0, 0]","[0, 0]",30
36,"[0, 1]",105.44999999999615,"[35, 35]","[0, 0]","[0, 0]",30
37,"[0, 3]",136.5999999999968,"[36, 34]","[0, 0]","[0, 0]",30
38,"[0, 1]",109.29999999999593,"[37, 36]","[0, 0]","[0, 0]",30
39,"[0, 1]",110.39999999999587,"[38, 38]","[0, 0]","[0, 0]",30
40,"[0, 1]",111.49999999999581,"[39, 39]","[0, 0]","[0, 0]",30
41,"[0, 1]",112.54999999999575,"[40, 40]","[0, 0]","[0, 0]",30
42,"[0, 3]",143.5499999999984,"[41, 37]","[0, 0]","[0, 0]",30
43,"[2, 1]",52.649999999999146,"[28, 28]","[0, 0]","[0, 0]",30
44,"[0, 1]",116.34999999999553,"[42, 41]","[0, 0]","[0, 0]",30
45,"[0, 1]",117.49999999999547,"[44, 44]","[0, 0]","[0, 0]",30
46,"[0, 1]",118.5499999999954,"[45, 45]","[0, 0]","[0, 0]",30
47,"[0, 1]",119.59999999999535,"[46, 46]","[0, 0]","[0, 0]",30
48,"[0, 1]",120.64999999999529,"[47, 47]","[0, 0]","[0, 0]",30
49,"[0, 3]",151.70000000000024,"[48, 42]","[0, 0]","[0, 0]",30
50,"[0, 3]",154.05000000000078,"[49, 49]","[0, 0]","[0, 0]",30
51,"[0, 1]",125.49999999999501,"[50, 48]","[0, 0]","[0, 0]",30
52,"[0, 1]",126.54999999999495,"[51, 51]","[0, 0]","[0, 0]",30
53,"[0, 1]",127.59999999999489,"[52, 52]","[0, 0]","[0, 0]",30
54,"[0, 1]",128.649999999995,"[53, 53]","[0, 0]","[0, 0]",30
55,"[2, 1]",60.4999999999987,"[43, 20]","[0, 0]","[0, 0]",30
56,"[0, 1]",129.64999999999523,"[54, 54]","[0, 0]","[0, 0]",30
57,"[0, 3]",160.50000000000225,"[56, 50]","[0, 0]","[0, 0]",30
58,"[0, 3]",162.65000000000273,"[57, 57]","[0, 0]","[0, 0]",30
59,"[2, 1]",60.99999999999867,"[55, 55]","[8.249999999999982, 0]","[0, 0]",30
60,"[0, 1]",133.8999999999962,"[58, 56]","[0, 0]","[0, 0]",30
61,"[0, 1]",134.2999999999963,"[60, 60]","[0, 0]","[0, 0]",30
62,"[0, 3]",164.2500000000031,"[61, 58]","[0, 0]","[0, 0]",30
63,"[0, 3]",165.2000000000033,"[62, 62]","[0, 0]","[0, 0]",30
64,"[0, 1]",134.69999999999638,"[63, 61]","[0, 0]","[0, 0]",30
65,"[0, 3]",163.25000000000287,"[64, 63]","[0, 0]","[0, 0]",30
66,"[0, 1]",134.44999999999632,"[65, 64]","[0, 0]","[0, 0]",30
67,"[0, 3]",165.05000000000328,"[66, 65]","[0, 0]","[0, 0]",30
68,"[0, 3]",165.90000000000347,"[67, 67]","[0, 0]","[0, 0]",30
69,"[0, 1]",135.94999999999666,"[68, 66]","[0, 0]","[0, 0]",30
70,"[0, 1]",136.1499999999967,"[69, 69]","[0.49999999999999994, 0]","[0, 0]",30
71,"[0, 1]",133.8999999999962,"[70, 70]","[1.0500000000000003, 0]","[0, 0]",30
72,"[0, 1]",133.54999999999612,"[71, 71]","[1.4000000000000006, 0]","[0, 0]",30
73,"[0, 1]",134.09999999999624,"[72, 72]","[1.7500000000000009, 0]","[0, 0]",30
74,"[0, 3]",164.6500000000032,"[73, 68]","[2.2, 0]","[0, 0]",30
75,"[0, 1]",136.9499999999969,"[74, 73]","[2.000000000000001, 0]","[0, 0]",30
76,"[2, 1]",62.2999999999986,"[59, 23]","[3.2499999999999964, 0]","[3.2499999999999964, 0]",30
77,"[0, 1]",132.1999999999958,"[75, 75]","[0.65, 0]","[0, 0]",30
78,"[2, 1]",75.19999999999787,"[76, 27]","[6.699999999999984, 0]","[6.699999999999984, 0]",30
79,"[0, 1]",131.39999999999563,"[77, 77]","[1.1500000000000004, 0]","[0, 0]",30
0,"[0, 1]",67.5499999999983,"[-999, 9]","[0, 0]","[0, 0]",31
1,"[2, 1]",36.40000000000007,"[-999, -999]","[0, 0]","[0, 0]",31
2,"[2, 1]",38.09999999999997,"[1, 1]","[0, 0]","[0, 0]",31
3,"[2, 3]",68.64999999999824,"[2, -999]","[0, 0]","[0, 0]",31
4,"[0, 3]",99.69999999999648,"[0, 11]","[0, 0]","[0, 0]",31
5,"[0, 1]",80.44999999999757,"[4, 14]","[3.049999999999997, 0]","[3.049999999999997, 0]",31
6,"[2, 1]",37.40000000000001,"[3, 2]","[0, 0]","[0, 0]",31
7,"[2, 1]",39.19999999999991,"[6, 6]","[0, 0]","[0, 0]",31
8,"[2, 3]",71.0999999999981,"[7, 3]","[0, 0]","[0, 0]",31
9,"[2, 1]",38.99999999999992,"[8, 7]","[0, 0]","[0, 0]",31
10,"[0, 1]",84.19999999999736,"[5, 18]","[2.3999999999999995, 0]","[2.3999999999999995, 0]",31
11,"[2, 3]",71.74999999999807,"[9, 8]","[0, 0]","[0, 0]",31
12,"[2, 1]",43.149999999999686,"[11, 0]","[0, 0]","[0, 0]",31
13,"[2, 1]",44.6499999999996,"[12, 12]","[0, 0]","[0, 0]",31
14,"[2, 1]",45.999999999999524,"[13, 13]","[0, 0]","[0, 0]",31
15,"[0, 3]",114.09999999999566,"[10, 4]","[0, 0]","[0, 0]",31
16,"[0, 1]",85.59999999999728,"[15, 38]","[0, 0]","[0, 0]",31
17,"[0, 3]",116.74999999999551,"[16, 15]","[0, 0]","[0, 0]",31
18,"[2, 1]",52.39999999999916,"[14, 5]","[1.2000000000000004, 0]","[1.2000000000000004, 0]",31
19,"[0, 3]",118.89999999999539,"[17, 17]","[0, 0]","[0, 0]",31
20,"[0, 3]",120.4499999999953,"[19, 19]","[0, 0]","[0, 0]",31
21,"[0, 1]",91.24999999999696,"[20, 43]","[0, 0]","[0, 0]",31
22,"[0, 1]",92.2999999999969,"[21, 21]","[0, 0]","[0, 0]",31
23,"[0, 3]",123.54999999999512,"[22, 52]","[0, 0]","[0, 0]",31
24,"[0, 3]",125.649999999995,"[23, 23]","[0, 0]","[0, 0]",31
25,"[0, 3]",127.19999999999492,"[24, 24]","[0, 0]","[0, 0]",31
26,"[0, 3]",128.54999999999498,"[25, 25]","[0, 0]","[0, 0]",31
27,"[0, 3]",134.89999999999642,"[26, 69]","[2.6999999999999984, 0]","[2.6999999999999984, 0]",31
28,"[0, 3]",135.79999999999663,"[27, 27]","[0, 0]","[0, 0]",31
29,"[0, 1]",107.34999999999604,"[28, 73]","[0, 0]","[0, 0]",31
30,"[0, 3]",137.69999999999706,"[29, 28]","[0, 0]","[0, 0]",31
31,"[0, 3]",139.89999999999756,"[30, 30]","[0, 0]","[0, 0]",31
32,"[0, 1]",111.29999999999582,"[31, 79]","[0, 0]","[0, 0]",31
33,"[0, 1]",112.34999999999576,"[32, 32]","[0, 0]","[0, 0]",31
34,"[0, 3]",143.5499999999984,"[33, 31]","[0, 0]","[0, 0]",31
35,"[0, 3]",145.7999999999989,"[34, 34]","[0, 0]","[0, 0]",31
36,"[0, 3]",147.39999999999927,"[35, 35]","[0, 0]","[0, 0]",31
37,"[0, 3]",148.64999999999955,"[36, 36]","[0, 0]","[0, 0]",31
38,"[2, 1]",57.64999999999886,"[18, 10]","[6.749999999999984, 0]","[6.749999999999984, 0]",31
39,"[0, 1]",119.44999999999536,"[37, -999]","[0, 0]","[0, 0]",31
40,"[0, 1]",120.59999999999529,"[39, 39]","[0, 0]","[0, 0]",31
41,"[0, 1]",121.69999999999523,"[40, 40]","[0.49999999999999994, 0]","[0, 0]",31
42,"[2, 1]",63.549999999998526,"[38, 16]","[11.400000000000027, 0]","[2.3499999999999996, 0]",31
43,"[2, 1]",63.749999999998515,"[42, 42]","[17.000000000000107, 0]","[1.2500000000000004, 0]",31
44,"[0, 1]",122.74999999999517,"[41, 41]","[1.2500000000000004, 0]","[0, 0]",31
45,"[0, 1]",123.79999999999511,"[44, 44]","[1.7000000000000008, 0]","[0, 0]",31
46,"[0, 1]",124.84999999999505,"[45, 45]","[2.0500000000000007, 0]","[0, 0]",31
47,"[0, 1]",125.84999999999499,"[46, 46]","[2.3499999999999996, 0]","[0, 0]",31
48,"[0, 3]",156.8000000000014,"[47, 37]","[2.5999999999999988, 0]","[0, 0]",31
49,"[0, 1]",129.59999999999522,"[48, 47]","[2.8999999999999977, 0]","[0, 0]",31
50,"[0, 1]",130.69999999999547,"[49, 49]","[3.999999999999994, 0]","[0, 0]",31
51,"[0, 1]",131.6999999999957,"[50, 50]","[4.849999999999991, 0]","[0, 0]",31
52,"[2, 3]",103.04999999999629,"[43, 20]","[18.850000000000133, 0]","[0, 0]",31
53,"[0, 3]",162.70000000000275,"[51, 48]","[5.549999999999988, 0]","[0, 0]",31
54,"[0, 1]",135.39999999999654,"[53, 51]","[6.199999999999986, 0]","[0, 0]",31
55,"[0, 3]",166.75000000000367,"[54, 53]","[6.299999999999986, 0]","[0, 0]",31
56,"[2, 1]",79.64999999999762,"[52, 22]","[24.90000000000022, 0]","[0, 0]",31
57,"[2, 1]",79.44999999999763,"[56, 56]","[22.500000000000185, 0]","[0, 0]",31
58,"[0, 3]",168.95000000000417,"[55, 55]","[5.849999999999987, 0]","[0, 0]",31
59,"[2, 1]",81.19999999999753,"[57, 57]","[20.80000000000016, 0]","[0, 0]",31
60,"[0, 1]",140.14999999999762,"[58, 54]","[5.1999999999999895, 0]","[0, 0]",31
61,"[0, 3]",165.40000000000336,"[60, 58]","[3.999999999999994, 0]","[0, 0]",31
62,"[0, 3]",166.8500000000037,"[61, 61]","[3.349999999999996, 0]","[0, 0]",31
63,"[0, 3]",160.65000000000228,"[62, 62]","[0, 0]","[0, 0]",31
64,"[0, 1]",130.49999999999542,"[63, -999]","[0, 0]","[0, 0]",31
65,"[0, 1]",131.34999999999562,"[64, 64]","[0, 0]","[0, 0]",31
66,"[0, 3]",162.20000000000263,"[65, 63]","[0, 0]","[0, 0]",31
67,"[0, 3]",163.50000000000293,"[66, 66]","[0.8500000000000002, 0]","[0, 0]",31
68,"[0, 1]",134.19999999999627,"[67, 65]","[1.2000000000000004, 0]","[0, 0]",31
69,"[2, 3]",117.84999999999545,"[59, 26]","[16.850000000000104, 0]","[0, 0]",31
70,"[2, 1]",87.59999999999717,"[69, 59]","[15.550000000000086, 0]","[0, 0]",31
71,"[0, 1]",134.8499999999964,"[68, 68]","[0.8500000000000002, 0]","[0, 0]",31
72,"[0, 1]",135.04999999999646,"[71, 71]","[0, 0]","[0, 0]",31
73,"[2, 1]",90.29999999999701,"[70, 70]","[14.100000000000065, 0]","[0, 0]",31
74,"[0, 1]",130.64999999999546,"[72, 72]","[0, 0]","[0, 0]",31
75,"[0, 1]",131.34999999999562,"[74, 74]","[0, 0]","[0, 0]",31
76,"[0, 1]",132.29999999999583,"[75, 75]","[0, 0]","[0, 0]",31
77,"[0, 1]",133.29999999999606,"[76, 76]","[0, 0]","[0, 0]",31
78,"[0, 1]",134.14999999999625,"[77, 77]","[0, 0]","[0, 0]",31
79,"[2, 1]",97.94999999999658,"[73, 29]","[12.550000000000043, 0]","[0, 0]",31
0,"[2, 3]",67.7499999999983,"[-999, -999]","[0, 0]","[0, 0]",32
1,"[2, 1]",37.15000000000003,"[0, -999]","[0, 0]","[0, 0]",32
2,"[2, 1]",38.89999999999993,"[1, 1]","[0, 0]","[0, 0]",32
3,"[2, 3]",69.19999999999821,"[2, 0]","[0, 0]","[0, 0]",32
4,"[0, 3]",96.99999999999663,"[-999, 8]","[0, 0]","[0, 0]",32
5,"[2, 1]",39.69999999999988,"[3, 2]","[0, 0]","[0, 0]",32
6,"[0, 1]",79.49999999999763,"[4, 14]","[2.799999999999998, 0]","[2.799999999999998, 0]",32
7,"[2, 1]",41.599999999999774,"[5, 5]","[0, 0]","[0, 0]",32
8,"[2, 3]",69.94999999999817,"[7, 3]","[0, 0]","[0, 0]",32
9,"[2, 1]",41.0999999999998,"[8, 7]","[0, 0]","[0, 0]",32
10,"[2, 1]",42.8999999999997,"[9, 9]","[0, 0]","[0, 0]",32
11,"[0, 1]",83.3999999999974,"[6, 18]","[2.3, 0]","[2.3, 0]",32
12,"[0, 1]",83.74999999999739,"[11, 11]","[0, 0]","[0, 0]",32
13,"[2, 1]",44.44999999999961,"[10, 10]","[0, 0]","[0, 0]",32
14,"[2, 1]",45.84999999999953,"[13, 13]","[0, 0]","[0, 0]",32
15,"[0, 3]",114.54999999999563,"[12, 4]","[0, 0]","[0, 0]",32
16,"[0, 1]",91.39999999999695,"[15, 53]","[2.6499999999999986, 0]","[2.6499999999999986, 0]",32
17,"[0, 1]",91.79999999999693,"[16, 16]","[0, 0]","[0, 0]",32
18,"[2, 1]",52.299999999999166,"[14, 6]","[1.0000000000000002, 0]","[1.0000000000000002, 0]",32
19,"[0, 3]",126.39999999999496,"[17, 79]","[2.9499999999999975, 0]","[2.9499999999999975, 0]",32
20,"[0, 1]",96.34999999999667,"[19, 17]","[0, 0]","[0, 0]",32
21,"[0, 1]",97.4999999999966,"[20, 20]","[0, 0]","[0, 0]",32
22,"[0, 1]",98.59999999999654,"[21, 21]","[0, 0]","[0, 0]",32
23,"[0, 3]",129.59999999999522,"[22, 19]","[0, 0]","[0, 0]",32
24,"[0, 1]",102.34999999999633,"[23, 22]","[0, 0]","[0, 0]",32
25,"[2, 1]",62.64999999999858,"[18, 12]","[9.750000000000004, 0]","[9.750000000000004, 0]",32
26,"[0, 1]",103.44999999999627,"[24, 24]","[0, 0]","[0, 0]",32
27,"[0, 1]",104.5499999999962,"[26, 26]","[0, 0]","[0, 0]",32
28,"[0, 3]",135.54999999999657,"[27, 23]","[0, 0]","[0, 0]",32
29,"[0, 1]",108.34999999999599,"[28, 27]","[0, 0]","[0, 0]",32
30,"[0, 3]",139.6499999999975,"[29, 28]","[0, 0]","[0, 0]",32
31,"[0, 3]",141.849999999998,"[30, 30]","[0, 0]","[0, 0]",32
32,"[0, 3]",143.49999999999838,"[31, 31]","[0.3, 0]","[0, 0]",32
33,"[0, 1]",114.49999999999564,"[32, -999]","[1.1500000000000004, 0]","[0, 0]",32
34,"[0, 3]",145.89999999999893,"[33, 32]","[1.5000000000000007, 0]","[0, 0]",32
35,"[0, 1]",118.34999999999542,"[34, 33]","[1.7000000000000008, 0]","[0, 0]",32
36,"[0, 3]",149.7499999999998,"[35, 34]","[1.900000000000001, 0]","[0, 0]",32
37,"[0, 3]",151.9500000000003,"[36, 36]","[2.25, 0]","[0, 0]",32
38,"[0, 1]",123.44999999999513,"[37, 35]","[2.7499999999999982, 0]","[0, 0]",32
39,"[0, 3]",154.85000000000096,"[38, 37]","[2.849999999999998, 0]","[0, 0]",32
40,"[0, 1]",127.3999999999949,"[39, 38]","[2.499999999999999, 0]","[0, 0]",32
41,"[0, 3]",158.80000000000186,"[40, 39]","[1.950000000000001, 0]","[0, 0]",32
42,"[0, 1]",131.2999999999956,"[41, 40]","[1.3500000000000005, 0]","[0, 0]",32
43,"[0, 1]",132.39999999999586,"[42, 42]","[0.7000000000000001, 0]","[0, 0]",32
44,"[0, 1]",133.54999999999612,"[43, 43]","[0, 0]","[0, 0]",32
45,"[0, 3]",164.60000000000318,"[44, 41]","[0, 0]","[0, 0]",32
46,"[0, 1]",137.14999999999694,"[45, 44]","[0, 0]","[0, 0]",32
47,"[0, 1]",135.94999999999666,"[46, 46]","[0, 0]","[0, 0]",32
48,"[0, 1]",135.29999999999652,"[47, 47]","[0, 0]","[0, 0]",32
49,"[0, 3]",166.15000000000353,"[48, 45]","[0, 0]","[0, 0]",32
50,"[0, 1]",138.7499999999973,"[49, 48]","[0, 0]","[0, 0]",32
51,"[0, 1]",139.39999999999745,"[50, 50]","[0, 0]","[0, 0]",32
52,"[0, 1]",139.39999999999745,"[51, 51]","[0, 0]","[0, 0]",32
53,"[2, 1]",54.599999999999035,"[25, 25]","[0, 0]","[0, 0]",32
54,"[0, 3]",169.40000000000427,"[52, 49]","[0, 0]","[0, 0]",32
55,"[0, 3]",171.05000000000464,"[54, 54]","[0, 0]","[0, 0]",32
56,"[0, 3]",171.3500000000047,"[55, 55]","[0, 0]","[0, 0]",32
57,"[0, 3]",169.40000000000427,"[56, 56]","[0, 0]","[0, 0]",32
58,"[0, 3]",167.10000000000375,"[57, 57]","[0, 0]","[0, 0]",32
59,"[0, 1]",137.24999999999696,"[58, -999]","[0, 0]","[0, 0]",32
60,"[0, 1]",137.94999999999712,"[59, 59]","[0, 0]","[0, 0]",32
61,"[0, 1]",138.3499999999972,"[60, 60]","[0, 0]","[0, 0]",32
62,"[0, 1]",137.94999999999712,"[61, 61]","[0, 0]","[0, 0]",32
63,"[0, 3]",164.35000000000312,"[62, 58]","[0, 0]","[0, 0]",32
64,"[0, 1]",135.2499999999965,"[63, 62]","[0, 0]","[0, 0]",32
65,"[0, 1]",135.6999999999966,"[64, 64]","[0, 0]","[0, 0]",32
66,"[2, 3]",75.29999999999787,"[53, 15]","[0, 0]","[0, 0]",32
67,"[0, 1]",136.24999999999673,"[65, 65]","[0, 0]","[0, 0]",32
68,"[0, 1]",136.34999999999675,"[67, 67]","[0, 0]","[0, 0]",32
69,"[0, 3]",163.800000000003,"[68, 63]","[0, 0]","[0, 0]",32
70,"[0, 1]",134.64999999999637,"[69, 68]","[0, 0]","[0, 0]",32
71,"[0, 1]",132.94999999999598,"[70, 70]","[0, 0]","[0, 0]",32
72,"[0, 1]",133.14999999999603,"[71, 71]","[0, 0]","[0, 0]",32
73,"[0, 3]",163.55000000000294,"[72, 69]","[0, 0]","[0, 0]",32
74,"[0, 3]",164.2500000000031,"[73, 73]","[0, 0]","[0, 0]",32
75,"[0, 1]",133.64999999999614,"[74, 72]","[0, 0]","[0, 0]",32
76,"[0, 1]",133.8499999999962,"[75, 75]","[0, 0]","[0, 0]",32
77,"[0, 1]",133.99999999999622,"[76, 76]","[0.44999999999999996, 0]","[0, 0]",32
78,"[0, 1]",132.89999999999597,"[77, 77]","[1.1000000000000003, 0]","[0, 0]",32
79,"[2, 3]",69.2999999999982,"[66, 66]","[0, 0]","[0, 0]",32
0,"[2, 3]",67.7499999999983,"[-999, -999]","[0, 0]","[0, 0]",33
1,"[2, 1]",37.15000000000003,"[0, -999]","[0, 0]","[0, 0]",33
2,"[2, 1]",38.89999999999993,"[1, 1]","[0, 0]","[0, 0]",33
3,"[0, 1]",75.59999999999785,"[-999, 12]","[0, 0]","[3.099999999999997, 0]",33
4,"[2, 3]",70.79999999999812,"[2, 0]","[0, 0]","[0, 0]",33
5,"[0, 3]",104.89999999999618,"[3, 6]","[0, 0]","[0, 0]",33
6,"[2, 3]",73.44999999999797,"[4, 4]","[0, 0]","[0, 0]",33
7,"[2, 1]",39.49999999999989,"[6, 2]","[0, 0]","[0, 0]",33
8,"[0, 3]",107.34999999999604,"[5, 5]","[0, 0]","[0, 0]",33
9,"[2, 1]",41.79999999999976,"[7, 7]","[0, 0]","[0, 0]",33
10,"[2, 1]",42.8499999999997,"[9, 9]","[0, 0]","[0, 0]",33
11,"[0, 1]",77.14999999999776,"[8, 14]","[0, 0]","[0, 0]",33
12,"[2, 1]",44.14999999999963,"[10, 10]","[0, 0]","[0, 0]",33
13,"[2, 1]",51.249999999999226,"[12, 3]","[1.1500000000000004, 0]","[1.1500000000000004, 0]",33
14,"[2, 1]",51.49999999999921,"[13, 13]","[3.349999999999996, 0]","[3.349999999999996, 0]",33
15,"[0, 3]",108.49999999999598,"[11, 8]","[0, 0]","[0, 0]",33
16,"[0, 1]",79.69999999999762,"[15, 18]","[0, 0]","[0, 0]",33
17,"[0, 3]",110.94999999999584,"[16, 15]","[0, 0]","[0, 0]",33
18,"[2, 1]",58.19999999999883,"[14, 11]","[6.199999999999986, 0]","[2.3499999999999996, 0]",33
19,"[2, 1]",65.44999999999843,"[18, 16]","[15.750000000000089, 0]","[4.799999999999991, 0]",33
20,"[0, 1]",82.54999999999745,"[17, 19]","[0, 0]","[0, 0]",33
21,"[0, 1]",83.69999999999739,"[20, 20]","[0, 0]","[0, 0]",33
22,"[0, 3]",114.74999999999562,"[21, 29]","[0, 0]","[0, 0]",33
23,"[0, 1]",90.79999999999698,"[22, 45]","[2.549999999999999, 0]","[2.549999999999999, 0]",33
24,"[0, 3]",122.89999999999516,"[23, 52]","[0, 0]","[0, 0]",33
25,"[0, 1]",94.94999999999675,"[24, 59]","[0, 0]","[0, 0]",33
26,"[0, 3]",127.3499999999949,"[25, 61]","[0, 0]","[0, 0]",33
27,"[0, 1]",98.89999999999652,"[26, 70]","[0, 0]","[0, 0]",33
28,"[0, 3]",129.34999999999516,"[27, 26]","[0, 0]","[0, 0]",33
29,"[2, 3]",97.39999999999661,"[19, 17]","[17.95000000000012, 0]","[0, 0]",33
30,"[0, 1]",100.9999999999964,"[28, 79]","[0, 0]","[0, 0]",33
31,"[0, 3]",132.1499999999958,"[30, 28]","[0, 0]","[0, 0]",33
32,"[0, 1]",104.5999999999962,"[31, 30]","[0, 0]","[0, 0]",33
33,"[2, 1]",73.39999999999797,"[29, 21]","[19.800000000000146, 0]","[0, 0]",33
34,"[0, 3]",136.0499999999967,"[32, 31]","[0, 0]","[0, 0]",33
35,"[0, 3]",138.2999999999972,"[34, 34]","[0, 0]","[0, 0]",33
36,"[0, 1]",109.7999999999959,"[35, 32]","[0, 0]","[0, 0]",33
37,"[0, 1]",110.84999999999584,"[36, 36]","[0, 0]","[0, 0]",33
38,"[0, 3]",142.09999999999806,"[37, 35]","[0, 0]","[0, 0]",33
39,"[0, 3]",144.34999999999857,"[38, 38]","[0, 0]","[0, 0]",33
40,"[0, 1]",115.79999999999556,"[39, 37]","[0, 0]","[0, 0]",33
41,"[0, 1]",116.8499999999955,"[40, 40]","[0, 0]","[0, 0]",33
42,"[0, 1]",117.94999999999544,"[41, 41]","[0, 0]","[0, 0]",33
43,"[0, 1]",118.99999999999538,"[42, 42]","[0, 0]","[0, 0]",33
44,"[0, 3]",149.94999999999985,"[43, 39]","[0, 0]","[0, 0]",33
45,"[2, 1]",73.44999999999797,"[33, 33]","[17.400000000000112, 0]","[0, 0]",33
46,"[0, 1]",122.69999999999517,"[44, 43]","[0, 0]","[0, 0]",33
47,"[0, 1]",123.8499999999951,"[46, 46]","[0, 0]","[0, 0]",33
48,"[0, 3]",155.000000000001,"[47, 44]","[0, 0]","[0, 0]",33
49,"[0, 3]",157.30000000000152,"[48, 48]","[0, 0]","[0, 0]",33
50,"[0, 3]",158.90000000000188,"[49, 49]","[0, 0]","[0, 0]",33
51,"[0, 3]",160.20000000000218,"[50, 50]","[0, 0]","[0, 0]",33
52,"[2, 3]",105.79999999999613,"[45, 22]","[15.700000000000088, 0]","[0, 0]",33
53,"[0, 1]",130.94999999999553,"[51, -999]","[0, 0]","[0, 0]",33
54,"[0, 1]",132.04999999999578,"[53, 53]","[0, 0]","[0, 0]",33
55,"[0, 3]",163.25000000000287,"[54, 51]","[0, 0]","[0, 0]",33
56,"[0, 3]",165.5500000000034,"[55, 55]","[0, 0]","[0, 0]",33
57,"[0, 3]",166.9500000000037,"[56, 56]","[0, 0]","[0, 0]",33
58,"[0, 1]",137.34999999999698,"[57, -999]","[0, 0]","[0, 0]",33
59,"[2, 1]",77.29999999999775,"[52, 23]","[14.100000000000065, 0]","[0, 0]",33
60,"[0, 1]",133.99999999999622,"[58, 58]","[0, 0]","[0, 0]",33
61,"[2, 3]",111.29999999999582,"[59, 24]","[12.600000000000044, 0]","[0, 0]",33
62,"[0, 1]",134.49999999999633,"[60, 60]","[0, 0]","[0, 0]",33
63,"[0, 3]",165.1000000000033,"[62, 57]","[0, 0]","[0, 0]",33
64,"[0, 1]",132.6499999999959,"[63, 62]","[0, 0]","[0, 0]",33
65,"[0, 3]",163.3500000000029,"[64, 63]","[0, 0]","[0, 0]",33
66,"[0, 1]",135.2499999999965,"[65, 64]","[0, 0]","[0, 0]",33
67,"[0, 3]",165.45000000000337,"[66, 65]","[0, 0]","[0, 0]",33
68,"[0, 1]",136.39999999999677,"[67, 66]","[0, 0]","[0, 0]",33
69,"[0, 3]",166.30000000000356,"[68, 67]","[0, 0]","[0, 0]",33
70,"[2, 1]",77.84999999999772,"[61, 25]","[6.649999999999984, 0]","[0, 0]",33
71,"[0, 3]",167.15000000000376,"[69, 69]","[0, 0]","[0, 0]",33
72,"[0, 1]",137.59999999999704,"[71, 68]","[0, 0]","[0, 0]",33
73,"[0, 3]",168.30000000000402,"[72, 71]","[0, 0]","[0, 0]",33
74,"[0, 1]",140.0499999999976,"[73, 72]","[0, 0]","[0, 0]",33
75,"[0, 3]",166.80000000000368,"[74, 73]","[0, 0]","[0, 0]",33
76,"[0, 1]",138.44999999999723,"[75, 74]","[0, 0]","[0, 0]",33
77,"[0, 3]",168.85000000000414,"[76, 75]","[0, 0]","[0, 0]",33
78,"[0, 1]",139.09999999999738,"[77, 76]","[0.49999999999999994, 0]","[0, 0]",33
79,"[2, 1]",80.39999999999758,"[70, 27]","[0, 0]","[0, 0]",33
0,"[2, 1]",36.40000000000007,"[-999, -999]","[0, 0]","[0, 0]",34
1,"[2, 1]",38.09999999999997,"[0, 0]","[0, 0]","[0, 0]",34
2,"[2, 1]",39.89999999999987,"[1, 1]","[0, 0]","[0, 0]",34
3,"[2, 3]",69.04999999999822,"[2, -999]","[0, 0]","[0, 0]",34
4,"[2, 1]",39.89999999999987,"[3, 2]","[0, 0]","[0, 0]",34
5,"[0, 3]",96.64999999999665,"[-999, 3]","[0, 0]","[0, 0]",34
6,"[2, 1]",41.749999999999766,"[4, 4]","[0, 0]","[0, 0]",34
7,"[2, 1]",43.499999999999666,"[6, 6]","[0, 0]","[0, 0]",34
8,"[0, 1]",76.24999999999781,"[5, 11]","[2.9999999999999973, 0]","[2.9999999999999973, 0]",34
9,"[2, 1]",45.04999999999958,"[7, 7]","[0, 0]","[0, 0]",34
10,"[2, 1]",46.349999999999504,"[9, 9]","[0, 0]","[0, 0]",34
11,"[2, 1]",47.399999999999444,"[10, 10]","[0, 0]","[0, 0]",34
12,"[2, 1]",58.59999999999881,"[11, 15]","[6.5999999999999845, 0]","[6.5999999999999845, 0]",34
13,"[2, 1]",63.84999999999851,"[12, 16]","[12.500000000000043, 0]","[5.649999999999988, 0]",34
14,"[2, 3]",96.04999999999669,"[13, 19]","[16.400000000000098, 0]","[0, 0]",34
15,"[0, 1]",72.79999999999801,"[8, 8]","[0, 0]","[0, 0]",34
16,"[0, 1]",78.94999999999766,"[15, 12]","[2.3499999999999996, 0]","[2.3499999999999996, 0]",34
17,"[2, 1]",67.14999999999833,"[14, 20]","[18.950000000000134, 0]","[0, 0]",34
18,"[2, 1]",75.49999999999785,"[17, 22]","[20.950000000000163, 0]","[0, 0]",34
19,"[0, 3]",109.04999999999595,"[16, 5]","[0, 0]","[0, 0]",34
20,"[0, 1]",81.24999999999753,"[19, 13]","[0, 0]","[0, 0]",34
21,"[0, 3]",114.04999999999566,"[20, 14]","[0, 0]","[0, 0]",34
22,"[0, 1]",85.59999999999728,"[21, 17]","[0, 0]","[0, 0]",34
23,"[2, 1]",80.99999999999754,"[18, 24]","[18.55000000000013, 0]","[0, 0]",34
24,"[0, 1]",90.99999999999697,"[22, 18]","[2.549999999999999, 0]","[2.549999999999999, 0]",34
25,"[0, 1]",97.14999999999662,"[24, 23]","[2.799999999999998, 0]","[2.799999999999998, 0]",34
26,"[2, 1]",86.04999999999725,"[23, 25]","[16.900000000000105, 0]","[0, 0]",34
27,"[0, 3]",125.49999999999501,"[25, 21]","[0, 0]","[0, 0]",34
28,"[2, 1]",92.04999999999691,"[26, 29]","[15.350000000000083, 0]","[0, 0]",34
29,"[0, 1]",96.69999999999665,"[27, 26]","[0, 0]","[0, 0]",34
30,"[0, 3]",127.94999999999487,"[29, 27]","[0, 0]","[0, 0]",34
31,"[2, 3]",130.3499999999954,"[28, 32]","[17.050000000000107, 0]","[3.1999999999999966, 0]",34
32,"[0, 3]",130.09999999999533,"[30, 30]","[0, 0]","[0, 0]",34
33,"[0, 1]",101.49999999999638,"[32, 28]","[0, 0]","[0, 0]",34
34,"[0, 3]",133.59999999999613,"[33, 31]","[0, 0]","[0, 0]",34
35,"[0, 3]",134.89999999999642,"[34, 34]","[0, 0]","[0, 0]",34
36,"[0, 3]",136.0999999999967,"[35, 35]","[0, 0]","[0, 0]",34
37,"[0, 3]",142.09999999999806,"[36, 55]","[2.3999999999999995, 0]","[2.3999999999999995, 0]",34
38,"[2, 1]",100.9999999999964,"[31, 33]","[12.450000000000042, 0]","[0, 0]",34
39,"[0, 1]",111.49999999999581,"[37, -999]","[0, 0]","[0, 0]",34
40,"[0, 3]",143.9999999999985,"[39, 56]","[0, 0]","[0, 0]",34
41,"[0, 1]",114.79999999999562,"[40, 69]","[0, 0]","[0, 0]",34
42,"[0, 1]",121.29999999999525,"[41, 77]","[2.799999999999998, 0]","[2.799999999999998, 0]",34
43,"[0, 1]",120.94999999999527,"[42, 42]","[0, 0]","[0, 0]",34
44,"[0, 3]",151.4500000000002,"[43, 40]","[0, 0]","[0, 0]",34
45,"[0, 1]",123.64999999999512,"[44, 78]","[0, 0]","[0, 0]",34
46,"[0, 1]",124.59999999999506,"[45, 45]","[0, 0]","[0, 0]",34
47,"[0, 1]",125.699999999995,"[46, 46]","[0, 0]","[0, 0]",34
48,"[0, 3]",156.8000000000014,"[47, 79]","[0, 0]","[0, 0]",34
49,"[0, 1]",129.44999999999519,"[48, 47]","[0, 0]","[0, 0]",34
50,"[0, 1]",130.59999999999545,"[49, 49]","[0, 0]","[0, 0]",34
51,"[0, 1]",131.6999999999957,"[50, 50]","[0, 0]","[0, 0]",34
52,"[0, 1]",132.74999999999594,"[51, 51]","[0, 0]","[0, 0]",34
53,"[2, 1]",103.14999999999628,"[38, 38]","[11.000000000000021, 0]","[0, 0]",34
54,"[0, 1]",133.74999999999616,"[52, 52]","[0, 0]","[0, 0]",34
55,"[2, 3]",140.74999999999775,"[53, 36]","[9.600000000000001, 0]","[0, 0]",34
56,"[2, 3]",146.94999999999916,"[55, 37]","[8.199999999999982, 0]","[0, 0]",34
57,"[0, 3]",164.7000000000032,"[54, 48]","[0, 0]","[0, 0]",34
58,"[0, 3]",167.05000000000373,"[57, 57]","[0, 0]","[0, 0]",34
59,"[0, 1]",138.44999999999723,"[58, 54]","[0.9000000000000002, 0]","[0, 0]",34
60,"[0, 3]",169.25000000000423,"[59, 58]","[1.7000000000000008, 0]","[0, 0]",34
61,"[0, 1]",140.34999999999766,"[60, 59]","[2.3, 0]","[0, 0]",34
62,"[0, 1]",140.84999999999778,"[61, 61]","[3.7499999999999947, 0]","[0, 0]",34
63,"[0, 3]",171.60000000000477,"[62, 60]","[4.6499999999999915, 0]","[0, 0]",34
64,"[0, 3]",173.35000000000517,"[63, 63]","[5.349999999999989, 0]","[0, 0]",34
65,"[0, 1]",144.0499999999985,"[64, 62]","[6.099999999999986, 0]","[0, 0]",34
66,"[0, 1]",144.4499999999986,"[65, 65]","[6.349999999999985, 0]","[0, 0]",34
67,"[0, 3]",174.60000000000545,"[66, 64]","[5.299999999999989, 0]","[0, 0]",34
68,"[0, 1]",139.79999999999754,"[67, 66]","[4.099999999999993, 0]","[0, 0]",34
69,"[2, 1]",116.49999999999552,"[56, 39]","[8.949999999999992, 0]","[0, 0]",34
70,"[0, 1]",140.0499999999976,"[68, 68]","[4.299999999999993, 0]","[0, 0]",34
71,"[0, 1]",139.29999999999742,"[70, 70]","[4.449999999999992, 0]","[0, 0]",34
72,"[0, 1]",139.49999999999747,"[71, 71]","[3.899999999999994, 0]","[0, 0]",34
73,"[0, 3]",161.40000000000245,"[72, 67]","[0, 0]","[0, 0]",34
74,"[0, 3]",163.05000000000283,"[73, 73]","[0, 0]","[0, 0]",34
75,"[0, 1]",134.49999999999633,"[74, 72]","[0, 0]","[0, 0]",34
76,"[0, 1]",135.39999999999654,"[75, 75]","[0.65, 0]","[0, 0]",34
77,"[2, 1]",124.84999999999505,"[69, 41]","[8.79999999999999, 0]","[0, 0]",34
78,"[2, 1]",135.99999999999667,"[77, 43]","[11.300000000000026, 0]","[2.5999999999999988, 0]",34
79,"[2, 3]",167.70000000000388,"[78, 44]","[10.300000000000011, 0]","[0, 0]",34
0,"[0, 3]",96.59999999999665,"[-999, -999]","[0, 0]","[0, 0]",35
1,"[2, 1]",36.40000000000007,"[-999, -999]","[0, 0]","[0, 0]",35
2,"[2, 1]",38.09999999999997,"[1, 1]","[0, 0]","[0, 0]",35
3,"[0, 1]",74.19999999999793,"[0, 9]","[0, 0]","[0, 0]",35
4,"[2, 1]",39.89999999999987,"[2, 2]","[0, 0]","[0, 0]",35
5,"[2, 1]",41.79999999999976,"[4, 4]","[0, 0]","[0, 0]",35
6,"[2, 1]",43.54999999999966,"[5, 5]","[0, 0]","[0, 0]",35
7,"[2, 1]",45.04999999999958,"[6, 6]","[0, 0]","[0, 0]",35
8,"[2, 1]",46.349999999999504,"[7, 7]","[0, 0]","[0, 0]",35
9,"[2, 1]",47.399999999999444,"[8, 8]","[0, 0]","[0, 0]",35
10,"[0, 1]",76.59999999999779,"[3, 13]","[2.3, 0]","[2.3, 0]",35
11,"[0, 1]",77.64999999999773,"[10, 10]","[0, 0]","[0, 0]",35
12,"[0, 1]",84.94999999999732,"[11, 15]","[1.2000000000000004, 0]","[1.2000000000000004, 0]",35
13,"[2, 1]",54.049999999999066,"[9, 3]","[2.9999999999999973, 0]","[2.9999999999999973, 0]",35
14,"[0, 3]",113.3499999999957,"[12, 0]","[0, 0]","[0, 0]",35
15,"[2, 1]",64.54999999999848,"[13, 11]","[6.799999999999984, 0]","[6.799999999999984, 0]",35
16,"[2, 1]",69.54999999999819,"[15, 12]","[0, 0]","[0, 0]",35
17,"[0, 1]",84.64999999999733,"[14, 16]","[0, 0]","[0, 0]",35
18,"[2, 1]",75.44999999999786,"[16, 17]","[0, 0]","[0, 0]",35
19,"[0, 3]",115.84999999999556,"[17, 14]","[0, 0]","[0, 0]",35
20,"[0, 1]",87.74999999999716,"[19, 18]","[0, 0]","[0, 0]",35
21,"[0, 3]",120.14999999999532,"[20, 26]","[0, 0]","[0, 0]",35
22,"[0, 1]",91.09999999999697,"[21, 20]","[0, 0]","[0, 0]",35
23,"[0, 1]",92.2499999999969,"[22, 22]","[0, 0]","[0, 0]",35
24,"[0, 3]",123.44999999999513,"[23, 27]","[0, 0]","[0, 0]",35
25,"[0, 3]",125.54999999999501,"[24, 24]","[0, 0]","[0, 0]",35
26,"[2, 3]",108.199999999996,"[18, 19]","[19.95000000000015, 0]","[0, 0]",35
27,"[2, 3]",116.24999999999554,"[26, 21]","[29.050000000000278, 0]","[3.1999999999999966, 0]",35
28,"[0, 3]",132.49999999999588,"[25, 50]","[2.499999999999999, 0]","[2.499999999999999, 0]",35
29,"[0, 1]",103.49999999999626,"[28, 53]","[0, 0]","[0, 0]",35
30,"[0, 1]",109.8999999999959,"[29, 59]","[1.900000000000001, 0]","[1.900000000000001, 0]",35
31,"[0, 1]",109.29999999999593,"[30, 30]","[0, 0]","[0, 0]",35
32,"[0, 1]",109.8999999999959,"[31, 31]","[0, 0]","[0, 0]",35
33,"[0, 1]",115.1499999999956,"[32, 66]","[2.3999999999999995, 0]","[2.3999999999999995, 0]",35
34,"[0, 3]",145.3999999999988,"[33, 63]","[0, 0]","[0, 0]",35
35,"[0, 1]",117.19999999999548,"[34, 79]","[0, 0]","[0, 0]",35
36,"[0, 3]",148.4499999999995,"[35, 34]","[0, 0]","[0, 0]",35
37,"[0, 1]",120.84999999999528,"[36, 35]","[0, 0]","[0, 0]",35
38,"[0, 1]",121.94999999999521,"[37, 37]","[0, 0]","[0, 0]",35
39,"[0, 1]",122.99999999999515,"[38, 38]","[0.6, 0]","[0, 0]",35
40,"[0, 3]",154.1000000000008,"[39, 36]","[1.2500000000000004, 0]","[0, 0]",35
41,"[0, 1]",126.74999999999494,"[40, 39]","[1.7500000000000009, 0]","[0, 0]",35
42,"[0, 1]",127.84999999999488,"[41, 41]","[2.2, 0]","[0, 0]",35
43,"[0, 1]",128.94999999999507,"[42, 42]","[2.6499999999999986, 0]","[0, 0]",35
44,"[0, 3]",160.00000000000213,"[43, 40]","[2.9499999999999975, 0]","[0, 0]",35
45,"[0, 1]",132.74999999999594,"[44, 43]","[3.349999999999996, 0]","[0, 0]",35
46,"[0, 1]",133.8499999999962,"[45, 45]","[3.599999999999995, 0]","[0, 0]",35
47,"[0, 1]",134.94999999999644,"[46, 46]","[3.8499999999999943, 0]","[0, 0]",35
48,"[0, 1]",135.99999999999667,"[47, 47]","[4.149999999999993, 0]","[0, 0]",35
49,"[2, 1]",92.89999999999687,"[27, 23]","[27.250000000000252, 0]","[3.1999999999999966, 0]",35
50,"[2, 3]",130.19999999999536,"[49, 25]","[22.550000000000185, 0]","[0, 0]",35
51,"[0, 1]",136.9999999999969,"[48, 48]","[4.399999999999992, 0]","[0, 0]",35
52,"[0, 1]",138.04999999999714,"[51, 51]","[4.599999999999992, 0]","[0, 0]",35
53,"[2, 1]",99.69999999999648,"[50, 49]","[21.200000000000166, 0]","[0, 0]",35
54,"[0, 1]",138.99999999999736,"[52, 52]","[4.849999999999991, 0]","[0, 0]",35
55,"[0, 3]",170.0000000000044,"[54, 44]","[5.04999999999999, 0]","[0, 0]",35
56,"[0, 3]",172.30000000000493,"[55, 55]","[5.599999999999988, 0]","[0, 0]",35
57,"[0, 3]",173.65000000000524,"[56, 56]","[6.999999999999983, 0]","[0, 0]",35
58,"[0, 3]",173.9000000000053,"[57, 57]","[7.89999999999998, 0]","[0, 0]",35
59,"[2, 1]",108.149999999996,"[53, 29]","[19.900000000000148, 0]","[0, 0]",35
60,"[2, 3]",138.59999999999727,"[59, 28]","[18.55000000000013, 0]","[0, 0]",35
61,"[0, 3]",173.60000000000522,"[58, 58]","[8.79999999999999, 0]","[0, 0]",35
62,"[0, 3]",173.75000000000526,"[61, 61]","[8.599999999999987, 0]","[0, 0]",35
63,"[2, 3]",141.849999999998,"[60, 60]","[17.20000000000011, 0]","[0, 0]",35
64,"[0, 1]",136.0499999999967,"[62, -999]","[6.299999999999986, 0]","[0, 0]",35
65,"[0, 3]",166.8500000000037,"[64, 62]","[5.899999999999987, 0]","[0, 0]",35
66,"[2, 1]",115.94999999999555,"[63, 32]","[15.85000000000009, 0]","[0, 0]",35
67,"[0, 3]",167.90000000000393,"[65, 65]","[4.199999999999993, 0]","[0, 0]",35
68,"[0, 1]",129.14999999999512,"[67, 64]","[0, 0]","[0, 0]",35
69,"[0, 3]",160.3000000000022,"[68, 67]","[0, 0]","[0, 0]",35
70,"[0, 3]",162.0500000000026,"[69, 69]","[0, 0]","[0, 0]",35
71,"[0, 3]",161.30000000000243,"[70, 70]","[0, 0]","[0, 0]",35
72,"[0, 1]",131.49999999999565,"[71, -999]","[0, 0]","[0, 0]",35
73,"[0, 3]",162.65000000000273,"[72, 71]","[0, 0]","[0, 0]",35
74,"[0, 3]",164.3000000000031,"[73, 73]","[0, 0]","[0, 0]",35
75,"[0, 3]",164.05000000000305,"[74, 74]","[0, 0]","[0, 0]",35
76,"[0, 1]",134.09999999999624,"[75, -999]","[0, 0]","[0, 0]",35
77,"[0, 1]",134.49999999999633,"[76, 76]","[0, 0]","[0, 0]",35
78,"[0, 1]",133.79999999999617,"[77, 77]","[0, 0]","[0, 0]",35
79,"[2, 1]",115.79999999999556,"[66, 33]","[11.200000000000024, 0]","[0, 0]",35
0,"[0, 1]",67.5499999999983,"[-999, 8]","[0, 0]","[0, 0]",36
1,"[2, 1]",36.40000000000007,"[-999, -999]","[0, 0]","[0, 0]",36
2,"[2, 1]",38.09999999999997,"[1, 1]","[0, 0]","[0, 0]",36
3,"[0, 3]",100.14999999999645,"[0, 6]","[0, 0]","[0, 0]",36
4,"[2, 3]",68.64999999999824,"[2, -999]","[0, 0]","[0, 0]",36
5,"[2, 1]",37.40000000000001,"[4, 2]","[0, 0]","[0, 0]",36
6,"[2, 3]",70.24999999999815,"[5, 4]","[0, 0]","[0, 0]",36
7,"[2, 1]",37.79999999999999,"[6, 5]","[0, 0]","[0, 0]",36
8,"[2, 1]",39.799999999999876,"[7, 7]","[0, 0]","[0, 0]",36
9,"[2, 1]",48.1999999999994,"[8, 0]","[3.349999999999996, 0]","[3.349999999999996, 0]",36
10,"[0, 1]",69.99999999999817,"[3, 9]","[0, 0]","[0, 0]",36
11,"[2, 3]",80.69999999999756,"[9, 3]","[0, 0]","[0, 0]",36
12,"[2, 1]",58.099999999998836,"[11, 13]","[3.399999999999996, 0]","[3.399999999999996, 0]",36
13,"[0, 1]",71.1999999999981,"[10, 10]","[0, 0]","[0, 0]",36
14,"[0, 3]",102.99999999999629,"[13, 11]","[0, 0]","[0, 0]",36
15,"[0, 3]",105.09999999999617,"[14, 14]","[0, 0]","[0, 0]",36
16,"[0, 1]",76.5499999999978,"[15, 12]","[0, 0]","[0, 0]",36
17,"[0, 3]",108.64999999999597,"[16, 23]","[0, 0]","[0, 0]",36
18,"[0, 1]",79.69999999999762,"[17, 34]","[0, 0]","[0, 0]",36
19,"[0, 3]",110.44999999999587,"[18, 17]","[0, 0]","[0, 0]",36
20,"[0, 1]",86.69999999999722,"[19, 38]","[2.499999999999999, 0]","[2.499999999999999, 0]",36
21,"[0, 1]",87.24999999999719,"[20, 20]","[0, 0]","[0, 0]",36
22,"[0, 1]",93.04999999999686,"[21, 51]","[2.3999999999999995, 0]","[2.3999999999999995, 0]",36
23,"[2, 3]",96.14999999999668,"[12, 15]","[3.2499999999999964, 0]","[3.2499999999999964, 0]",36
24,"[0, 1]",93.39999999999684,"[22, 22]","[0, 0]","[0, 0]",36
25,"[0, 1]",94.34999999999678,"[24, 24]","[0, 0]","[0, 0]",36
26,"[0, 3]",128.69999999999501,"[25, 55]","[0, 0]","[0, 0]",36
27,"[0, 3]",129.9999999999953,"[26, 26]","[0, 0]","[0, 0]",36
28,"[0, 3]",135.84999999999664,"[27, 65]","[2.3999999999999995, 0]","[2.3999999999999995, 0]",36
29,"[0, 1]",106.94999999999607,"[28, 69]","[2.1000000000000005, 0]","[2.1000000000000005, 0]",36
30,"[0, 3]",137.49999999999702,"[29, 28]","[0, 0]","[0, 0]",36
31,"[0, 1]",109.34999999999593,"[30, 76]","[0, 0]","[0, 0]",36
32,"[0, 1]",110.19999999999588,"[31, 31]","[0, 0]","[0, 0]",36
33,"[0, 1]",111.34999999999582,"[32, 32]","[0, 0]","[0, 0]",36
34,"[2, 1]",66.74999999999835,"[23, 16]","[0, 0]","[0, 0]",36
35,"[0, 1]",112.39999999999576,"[33, 33]","[0, 0]","[0, 0]",36
36,"[0, 3]",143.39999999999836,"[35, 30]","[0, 0]","[0, 0]",36
37,"[2, 1]",74.84999999999789,"[34, 18]","[20.00000000000015, 0]","[0, 0]",36
38,"[2, 1]",74.6499999999979,"[37, 37]","[17.95000000000012, 0]","[0, 0]",36
39,"[0, 1]",116.09999999999555,"[36, 35]","[0, 0]","[0, 0]",36
40,"[0, 1]",117.24999999999548,"[39, 39]","[0, 0]","[0, 0]",36
41,"[0, 1]",118.29999999999542,"[40, 40]","[0, 0]","[0, 0]",36
42,"[0, 1]",119.34999999999536,"[41, 41]","[0, 0]","[0, 0]",36
43,"[0, 3]",150.39999999999995,"[42, 36]","[0, 0]","[0, 0]",36
44,"[0, 3]",152.8000000000005,"[43, 43]","[0, 0]","[0, 0]",36
45,"[0, 3]",154.35000000000085,"[44, 44]","[1.1500000000000004, 0]","[0, 0]",36
46,"[0, 1]",125.39999999999502,"[45, -999]","[1.7500000000000009, 0]","[0, 0]",36
47,"[0, 1]",126.54999999999495,"[46, 46]","[2.1500000000000004, 0]","[0, 0]",36
48,"[0, 1]",127.59999999999489,"[47, 47]","[2.499999999999999, 0]","[0, 0]",36
49,"[0, 3]",158.6000000000018,"[48, 45]","[2.7499999999999982, 0]","[0, 0]",36
50,"[0, 1]",131.2999999999956,"[49, 48]","[2.9999999999999973, 0]","[0, 0]",36
51,"[2, 1]",86.44999999999723,"[38, 21]","[17.800000000000118, 0]","[2.849999999999998, 0]",36
52,"[2, 3]",116.39999999999553,"[51, 19]","[13.500000000000057, 0]","[0, 0]",36
53,"[2, 3]",119.29999999999536,"[52, 52]","[12.000000000000036, 0]","[0, 0]",36
54,"[0, 1]",132.44999999999587,"[50, 50]","[3.1999999999999966, 0]","[0, 0]",36
55,"[2, 3]",121.59999999999523,"[53, 53]","[10.550000000000015, 0]","[0, 0]",36
56,"[0, 1]",133.4999999999961,"[54, 54]","[3.399999999999996, 0]","[0, 0]",36
57,"[0, 3]",164.50000000000315,"[56, 49]","[5.449999999999989, 0]","[0, 0]",36
58,"[2, 1]",92.3999999999969,"[55, 25]","[9.099999999999994, 0]","[0, 0]",36
59,"[0, 3]",166.8500000000037,"[57, 57]","[5.949999999999987, 0]","[0, 0]",36
60,"[0, 3]",168.30000000000402,"[59, 59]","[5.649999999999988, 0]","[0, 0]",36
61,"[0, 1]",139.1999999999974,"[60, -999]","[5.1999999999999895, 0]","[0, 0]",36
62,"[0, 3]",166.20000000000354,"[61, 60]","[4.199999999999993, 0]","[0, 0]",36
63,"[0, 1]",136.39999999999677,"[62, 61]","[3.949999999999994, 0]","[0, 0]",36
64,"[0, 1]",136.84999999999687,"[63, 63]","[2.9499999999999975, 0]","[0, 0]",36
65,"[2, 3]",130.4499999999954,"[58, 27]","[7.699999999999981, 0]","[0, 0]",36
66,"[0, 3]",159.400000000002,"[64, 62]","[0, 0]","[0, 0]",36
67,"[0, 3]",161.45000000000246,"[66, 66]","[0, 0]","[0, 0]",36
68,"[0, 1]",132.84999999999596,"[67, 64]","[0, 0]","[0, 0]",36
69,"[2, 1]",99.49999999999649,"[65, 58]","[7.049999999999983, 0]","[0, 0]",36
70,"[0, 3]",164.00000000000304,"[68, 67]","[0, 0]","[0, 0]",36
71,"[0, 1]",134.94999999999644,"[70, 68]","[0, 0]","[0, 0]",36
72,"[0, 1]",134.7999999999964,"[71, 71]","[0, 0]","[0, 0]",36
73,"[0, 1]",135.49999999999656,"[72, 72]","[0, 0]","[0, 0]",36
74,"[0, 3]",166.15000000000353,"[73, 70]","[0, 0]","[0, 0]",36
75,"[0, 1]",137.99999999999713,"[74, 73]","[0, 0]","[0, 0]",36
76,"[2, 1]",107.49999999999604,"[69, 29]","[8.14999999999998, 0]","[2.3, 0]",36
77,"[0, 1]",133.9499999999962,"[75, 75]","[0, 0]","[0, 0]",36
78,"[0, 3]",164.50000000000315,"[77, 74]","[0, 0]","[0, 0]",36
79,"[0, 3]",166.5000000000036,"[78, 78]","[0, 0]","[0, 0]",36
0,"[2, 1]",36.40000000000007,"[-999, -999]","[0, 0]","[0, 0]",37
1,"[2, 1]",38.09999999999997,"[0, 0]","[0, 0]","[0, 0]",37
2,"[2, 1]",39.89999999999987,"[1, 1]","[0, 0]","[0, 0]",37
3,"[0, 3]",96.59999999999665,"[-999, -999]","[0, 0]","[0, 0]",37
4,"[2, 1]",41.79999999999976,"[2, 2]","[0, 0]","[0, 0]",37
5,"[2, 1]",43.54999999999966,"[4, 4]","[0, 0]","[0, 0]",37
6,"[2, 1]",45.04999999999958,"[5, 5]","[0, 0]","[0, 0]",37
7,"[2, 1]",46.349999999999504,"[6, 6]","[0, 0]","[0, 0]",37
8,"[2, 1]",47.34999999999945,"[7, 7]","[0, 0]","[0, 0]",37
9,"[2, 3]",78.04999999999771,"[8, 3]","[0, 0]","[0, 0]",37
10,"[0, 3]",101.69999999999636,"[3, 9]","[0, 0]","[0, 0]",37
11,"[2, 1]",49.64999999999932,"[9, 8]","[0, 0]","[0, 0]",37
12,"[2, 1]",51.7499999999992,"[11, 11]","[0, 0]","[0, 0]",37
13,"[0, 3]",103.59999999999626,"[10, 10]","[0, 0]","[0, 0]",37
14,"[2, 1]",65.24999999999844,"[12, 18]","[3.1999999999999966, 0]","[3.1999999999999966, 0]",37
15,"[2, 1]",70.24999999999815,"[14, 19]","[7.199999999999982, 0]","[0, 0]",37
16,"[2, 1]",81.24999999999753,"[15, 21]","[19.650000000000144, 0]","[2.4499999999999993, 0]",37
17,"[0, 1]",76.09999999999782,"[13, 12]","[0, 0]","[0, 0]",37
18,"[0, 1]",76.4999999999978,"[17, 17]","[0, 0]","[0, 0]",37
19,"[0, 1]",82.44999999999746,"[18, 14]","[2.3999999999999995, 0]","[2.3999999999999995, 0]",37
20,"[0, 1]",88.89999999999709,"[19, 15]","[1.850000000000001, 0]","[1.850000000000001, 0]",37
21,"[0, 1]",88.29999999999713,"[20, 20]","[0, 0]","[0, 0]",37
22,"[0, 1]",93.69999999999682,"[21, 16]","[2.499999999999999, 0]","[2.499999999999999, 0]",37
23,"[2, 1]",86.14999999999725,"[16, 22]","[14.850000000000076, 0]","[0, 0]",37
24,"[0, 1]",99.3499999999965,"[22, 23]","[2.7499999999999982, 0]","[2.7499999999999982, 0]",37
25,"[0, 3]",128.79999999999504,"[24, -999]","[0, 0]","[0, 0]",37
26,"[0, 1]",99.94999999999646,"[25, 41]","[0, 0]","[0, 0]",37
27,"[0, 3]",131.09999999999556,"[26, 25]","[0, 0]","[0, 0]",37
28,"[0, 1]",102.8999999999963,"[27, 59]","[0, 0]","[0, 0]",37
29,"[0, 1]",103.89999999999624,"[28, 28]","[0, 0]","[0, 0]",37
30,"[0, 3]",137.34999999999698,"[29, 76]","[0, 0]","[0, 0]",37
31,"[0, 3]",138.64999999999728,"[30, 30]","[0, 0]","[0, 0]",37
32,"[0, 1]",109.04999999999595,"[31, 79]","[0, 0]","[0, 0]",37
33,"[0, 1]",110.24999999999588,"[32, 32]","[0, 0]","[0, 0]",37
34,"[0, 3]",141.4499999999979,"[33, 31]","[0, 0]","[0, 0]",37
35,"[0, 3]",143.74999999999844,"[34, 34]","[0, 0]","[0, 0]",37
36,"[0, 1]",115.29999999999559,"[35, 33]","[0, 0]","[0, 0]",37
37,"[0, 3]",146.74999999999912,"[36, 35]","[0, 0]","[0, 0]",37
38,"[0, 3]",148.94999999999962,"[37, 37]","[0, 0]","[0, 0]",37
39,"[0, 1]",120.3999999999953,"[38, 36]","[0, 0]","[0, 0]",37
40,"[0, 1]",121.49999999999524,"[39, 39]","[0, 0]","[0, 0]",37
41,"[2, 1]",91.84999999999692,"[23, 24]","[13.100000000000051, 0]","[0, 0]",37
42,"[0, 1]",122.59999999999518,"[40, 40]","[0, 0]","[0, 0]",37
43,"[0, 3]",153.7000000000007,"[42, 38]","[0, 0]","[0, 0]",37
44,"[0, 1]",126.39999999999496,"[43, 42]","[0, 0]","[0, 0]",37
45,"[0, 3]",157.80000000000163,"[44, 43]","[0, 0]","[0, 0]",37
46,"[0, 1]",130.3499999999954,"[45, 44]","[0, 0]","[0, 0]",37
47,"[0, 1]",131.49999999999565,"[46, 46]","[0, 0]","[0, 0]",37
48,"[0, 3]",162.65000000000273,"[47, 45]","[0, 0]","[0, 0]",37
49,"[0, 3]",164.95000000000326,"[48, 48]","[0, 0]","[0, 0]",37
50,"[0, 3]",166.5000000000036,"[49, 49]","[0, 0]","[0, 0]",37
51,"[0, 1]",137.14999999999694,"[50, -999]","[0.5499999999999999, 0]","[0, 0]",37
52,"[0, 1]",137.49999999999702,"[51, 51]","[1.3000000000000005, 0]","[0, 0]",37
53,"[0, 1]",133.64999999999614,"[52, 52]","[1.7000000000000008, 0]","[0, 0]",37
54,"[0, 1]",133.9499999999962,"[53, 53]","[2.0500000000000007, 0]","[0, 0]",37
55,"[0, 3]",164.7000000000032,"[54, 50]","[2.3, 0]","[0, 0]",37
56,"[0, 1]",137.19999999999695,"[55, 54]","[2.5999999999999988, 0]","[0, 0]",37
57,"[0, 3]",168.30000000000402,"[56, 55]","[3.099999999999997, 0]","[0, 0]",37
58,"[0, 1]",140.39999999999768,"[57, 56]","[2.9999999999999973, 0]","[0, 0]",37
59,"[2, 1]",93.89999999999681,"[41, 26]","[7.84999999999998, 0]","[0, 0]",37
60,"[0, 1]",139.79999999999754,"[58, 58]","[0.8000000000000002, 0]","[0, 0]",37
61,"[0, 1]",133.8499999999962,"[60, 60]","[0, 0]","[0, 0]",37
62,"[2, 3]",126.89999999999493,"[59, 27]","[6.5999999999999845, 0]","[0, 0]",37
63,"[0, 3]",164.60000000000318,"[61, 57]","[0, 0]","[0, 0]",37
64,"[0, 1]",136.9499999999969,"[63, 61]","[0, 0]","[0, 0]",37
65,"[0, 3]",167.7500000000039,"[64, 63]","[0, 0]","[0, 0]",37
66,"[0, 1]",138.99999999999736,"[65, 64]","[0, 0]","[0, 0]",37
67,"[0, 1]",136.79999999999686,"[66, 66]","[0, 0]","[0, 0]",37
68,"[0, 1]",136.39999999999677,"[67, 67]","[0, 0]","[0, 0]",37
69,"[0, 3]",166.9500000000037,"[68, 65]","[0, 0]","[0, 0]",37
70,"[0, 1]",139.1999999999974,"[69, 68]","[0, 0]","[0, 0]",37
71,"[0, 1]",139.29999999999742,"[70, 70]","[0, 0]","[0, 0]",37
72,"[0, 1]",138.54999999999725,"[71, 71]","[0, 0]","[0, 0]",37
73,"[0, 3]",168.45000000000405,"[72, 69]","[0, 0]","[0, 0]",37
74,"[0, 3]",165.75000000000344,"[73, 73]","[0, 0]","[0, 0]",37
75,"[0, 1]",135.94999999999666,"[74, 72]","[0, 0]","[0, 0]",37
76,"[2, 3]",118.24999999999542,"[62, 62]","[0, 0]","[0, 0]",37
77,"[0, 1]",136.19999999999672,"[75, 75]","[0, 0]","[0, 0]",37
78,"[0, 1]",136.5999999999968,"[77, 77]","[0, 0]","[0, 0]",37
79,"[2, 1]",89.49999999999706,"[76, 29]","[0.44999999999999996, 0]","[0, 0]",37
0,"[2, 1]",36.40000000000007,"[-999, -999]","[0, 0]","[0, 0]",38
1,"[2, 3]",68.49999999999825,"[0, -999]","[0, 0]","[0, 0]",38
2,"[2, 1]",38.64999999999994,"[1, 0]","[0, 0]","[0, 0]",38
3,"[2, 3]",69.64999999999819,"[2, 1]","[0, 0]","[0, 0]",38
4,"[2, 1]",39.89999999999987,"[3, 2]","[0, 0]","[0, 0]",38
5,"[2, 1]",41.89999999999976,"[4, 4]","[0, 0]","[0, 0]",38
6,"[2, 3]",70.04999999999816,"[5, 3]","[0, 0]","[0, 0]",38
7,"[2, 1]",41.249999999999794,"[6, 5]","[0, 0]","[0, 0]",38
8,"[2, 1]",43.149999999999686,"[7, 7]","[0, 0]","[0, 0]",38
9,"[2, 1]",44.6999999999996,"[8, 8]","[0, 0]","[0, 0]",38
10,"[0, 3]",96.74999999999665,"[-999, 6]","[0, 0]","[0, 0]",38
11,"[2, 1]",45.999999999999524,"[9, 9]","[0, 0]","[0, 0]",38
12,"[0, 1]",72.19999999999804,"[10, 11]","[0, 0]","[0, 0]",38
13,"[0, 1]",78.44999999999769,"[12, 28]","[2.6999999999999984, 0]","[2.6999999999999984, 0]",38
14,"[0, 3]",108.24999999999599,"[13, 18]","[0, 0]","[0, 0]",38
15,"[0, 1]",80.14999999999759,"[14, 30]","[0, 0]","[0, 0]",38
16,"[0, 1]",81.19999999999753,"[15, 15]","[0, 0]","[0, 0]",38
17,"[0, 3]",112.29999999999576,"[16, 36]","[0, 0]","[0, 0]",38
18,"[2, 3]",76.24999999999781,"[11, 10]","[0, 0]","[0, 0]",38
19,"[0, 3]",114.39999999999564,"[17, 17]","[0, 0]","[0, 0]",38
20,"[0, 1]",84.84999999999732,"[19, 59]","[0, 0]","[0, 0]",38
21,"[0, 3]",117.84999999999545,"[20, 63]","[0, 0]","[0, 0]",38
22,"[0, 1]",88.39999999999712,"[21, 20]","[0, 0]","[0, 0]",38
23,"[0, 3]",120.24999999999531,"[22, 64]","[0, 0]","[0, 0]",38
24,"[0, 1]",90.69999999999699,"[23, 22]","[0, 0]","[0, 0]",38
25,"[0, 3]",122.99999999999515,"[24, 65]","[0, 0]","[0, 0]",38
26,"[0, 3]",124.24999999999508,"[25, 25]","[0, 0]","[0, 0]",38
27,"[0, 1]",95.94999999999669,"[26, 79]","[0, 0]","[0, 0]",38
28,"[2, 1]",48.74999999999937,"[18, 12]","[0, 0]","[0, 0]",38
29,"[0, 3]",126.44999999999496,"[27, 26]","[0, 0]","[0, 0]",38
30,"[2, 1]",54.949999999999015,"[28, 13]","[3.1999999999999966, 0]","[3.1999999999999966, 0]",38
31,"[0, 1]",98.94999999999652,"[29, 27]","[0, 0]","[0, 0]",38
32,"[0, 1]",100.04999999999646,"[31, 31]","[0, 0]","[0, 0]",38
33,"[0, 1]",101.1999999999964,"[32, 32]","[0, 0]","[0, 0]",38
34,"[0, 3]",132.24999999999582,"[33, 29]","[0, 0]","[0, 0]",38
35,"[0, 1]",104.89999999999618,"[34, 33]","[0, 0]","[0, 0]",38
36,"[2, 3]",86.74999999999721,"[30, 14]","[0, 0]","[0, 0]",38
37,"[0, 1]",105.99999999999612,"[35, 35]","[0, 0]","[0, 0]",38
38,"[0, 1]",107.09999999999606,"[37, 37]","[0, 0]","[0, 0]",38
39,"[0, 1]",108.149999999996,"[38, 38]","[0, 0]","[0, 0]",38
40,"[0, 3]",139.1499999999974,"[39, 34]","[0, 0]","[0, 0]",38
41,"[0, 1]",111.94999999999578,"[40, 39]","[0, 0]","[0, 0]",38
42,"[0, 1]",113.09999999999572,"[41, 41]","[0, 0]","[0, 0]",38
43,"[0, 1]",114.14999999999566,"[42, 42]","[0, 0]","[0, 0]",38
44,"[0, 1]",115.1999999999956,"[43, 43]","[0, 0]","[0, 0]",38
45,"[0, 3]",146.14999999999898,"[44, 40]","[0, 0]","[0, 0]",38
46,"[0, 3]",148.54999999999953,"[45, 45]","[0, 0]","[0, 0]",38
47,"[0, 1]",120.09999999999532,"[46, 44]","[0, 0]","[0, 0]",38
48,"[0, 3]",151.5500000000002,"[47, 46]","[0.7500000000000001, 0]","[0, 0]",38
49,"[0, 3]",153.80000000000072,"[48, 48]","[1.5500000000000007, 0]","[0, 0]",38
50,"[0, 1]",125.29999999999502,"[49, 47]","[2.3999999999999995, 0]","[0, 0]",38
51,"[0, 3]",156.70000000000138,"[50, 49]","[2.6499999999999986, 0]","[0, 0]",38
52,"[0, 1]",129.14999999999512,"[51, 50]","[2.25, 0]","[0, 0]",38
53,"[0, 3]",160.50000000000225,"[52, 51]","[1.7000000000000008, 0]","[0, 0]",38
54,"[0, 1]",133.049999999996,"[53, 52]","[1.1000000000000003, 0]","[0, 0]",38
55,"[0, 1]",134.14999999999625,"[54, 54]","[0.35, 0]","[0, 0]",38
56,"[2, 1]",58.34999999999882,"[36, 16]","[0, 0]","[0, 0]",38
57,"[0, 3]",165.30000000000334,"[55, 53]","[0, 0]","[0, 0]",38
58,"[0, 1]",137.69999999999706,"[57, 55]","[0, 0]","[0, 0]",38
59,"[2, 1]",58.799999999998796,"[56, 56]","[6.849999999999984, 0]","[0, 0]",38
60,"[0, 1]",134.3499999999963,"[58, 58]","[0, 0]","[0, 0]",38
61,"[0, 1]",134.99999999999645,"[60, 60]","[0, 0]","[0, 0]",38
62,"[0, 1]",135.84999999999664,"[61, 61]","[0, 0]","[0, 0]",38
63,"[2, 3]",92.54999999999688,"[59, 19]","[8.399999999999984, 0]","[0, 0]",38
64,"[2, 3]",100.09999999999646,"[63, 21]","[6.149999999999986, 0]","[0, 0]",38
65,"[2, 3]",107.04999999999606,"[64, 23]","[7.84999999999998, 0]","[3.1999999999999966, 0]",38
66,"[0, 1]",136.5499999999968,"[62, 62]","[0, 0]","[0, 0]",38
67,"[0, 1]",136.39999999999677,"[66, 66]","[0, 0]","[0, 0]",38
68,"[0, 1]",136.0999999999967,"[67, 67]","[0, 0]","[0, 0]",38
69,"[0, 1]",136.29999999999674,"[68, 68]","[0, 0]","[0, 0]",38
70,"[0, 1]",136.5499999999968,"[69, 69]","[0, 0]","[0, 0]",38
71,"[0, 1]",133.54999999999612,"[70, 70]","[0, 0]","[0, 0]",38
72,"[0, 1]",133.4499999999961,"[71, 71]","[0, 0]","[0, 0]",38
73,"[0, 3]",163.95000000000303,"[72, -999]","[0, 0]","[0, 0]",38
74,"[0, 1]",136.24999999999673,"[73, 72]","[0, 0]","[0, 0]",38
75,"[0, 3]",166.60000000000363,"[74, 73]","[0, 0]","[0, 0]",38
76,"[2, 1]",73.99999999999794,"[65, 24]","[0, 0]","[0, 0]",38
77,"[0, 1]",133.54999999999612,"[75, 74]","[0, 0]","[0, 0]",38
78,"[0, 1]",134.09999999999624,"[77, 77]","[0, 0]","[0, 0]",38
79,"[2, 1]",76.5499999999978,"[76, 76]","[0, 0]","[0, 0]",38
0,"[2, 1]",36.40000000000007,"[-999, -999]","[0, 0]","[0, 0]",39
1,"[2, 3]",68.49999999999825,"[0, -999]","[0, 0]","[0, 0]",39
2,"[2, 3]",71.2499999999981,"[1, 1]","[0, 0]","[0, 0]",39
3,"[0, 3]",100.69999999999642,"[-999, 8]","[0, 0]","[0, 0]",39
4,"[2, 3]",73.049999999998,"[2, 2]","[0, 0]","[0, 0]",39
5,"[2, 1]",42.999999999999694,"[4, -999]","[0, 0]","[0, 0]",39
6,"[2, 1]",44.5999999999996,"[5, 5]","[0, 0]","[0, 0]",39
7,"[2, 1]",45.999999999999524,"[6, 6]","[0, 0]","[0, 0]",39
8,"[2, 3]",72.69999999999801,"[7, 4]","[0, 0]","[0, 0]",39
9,"[0, 3]",100.04999999999646,"[3, 3]","[0, 0]","[0, 0]",39
10,"[2, 1]",44.84999999999959,"[8, 7]","[0, 0]","[0, 0]",39
11,"[2, 1]",46.59999999999949,"[10, 10]","[0, 0]","[0, 0]",39
12,"[2, 3]",79.09999999999765,"[11, 9]","[0, 0]","[0, 0]",39
13,"[0, 1]",70.49999999999814,"[9, 11]","[0, 0]","[0, 0]",39
14,"[0, 1]",71.54999999999808,"[13, 13]","[0, 0]","[0, 0]",39
15,"[0, 1]",72.14999999999804,"[14, 14]","[0, 0]","[0, 0]",39
16,"[0, 1]",72.54999999999802,"[15, 15]","[0, 0]","[0, 0]",39
17,"[0, 3]",104.04999999999623,"[16, 18]","[0, 0]","[0, 0]",39
18,"[2, 3]",80.59999999999756,"[12, 12]","[0, 0]","[0, 0]",39
19,"[0, 1]",74.99999999999788,"[17, 25]","[0, 0]","[0, 0]",39
20,"[0, 1]",80.54999999999757,"[19, 26]","[2.499999999999999, 0]","[2.499999999999999, 0]",39
21,"[0, 1]",80.99999999999754,"[20, 20]","[0, 0]","[0, 0]",39
22,"[0, 1]",82.04999999999748,"[21, 21]","[0, 0]","[0, 0]",39
23,"[0, 1]",87.44999999999717,"[22, 40]","[2.4499999999999993, 0]","[2.4499999999999993, 0]",39
24,"[0, 1]",88.04999999999714,"[23, 23]","[0, 0]","[0, 0]",39
25,"[2, 1]",60.89999999999868,"[18, 16]","[3.4499999999999957, 0]","[3.4499999999999957, 0]",39
26,"[2, 1]",66.89999999999834,"[25, 19]","[0, 0]","[0, 0]",39
27,"[0, 1]",93.9499999999968,"[24, 41]","[2.549999999999999, 0]","[2.549999999999999, 0]",39
28,"[2, 3]",96.89999999999664,"[26, 17]","[0, 0]","[0, 0]",39
29,"[0, 1]",94.19999999999679,"[27, 27]","[0, 0]","[0, 0]",39
30,"[0, 1]",95.14999999999674,"[29, 29]","[0, 0]","[0, 0]",39
31,"[0, 1]",100.59999999999643,"[30, 50]","[2.499999999999999, 0]","[2.499999999999999, 0]",39
32,"[0, 1]",107.19999999999605,"[31, 56]","[1.900000000000001, 0]","[1.900000000000001, 0]",39
33,"[0, 1]",106.54999999999609,"[32, 32]","[0, 0]","[0, 0]",39
34,"[0, 3]",136.5499999999968,"[33, 77]","[0, 0]","[0, 0]",39
35,"[0, 1]",108.79999999999596,"[34, 33]","[0, 0]","[0, 0]",39
36,"[0, 1]",109.8499999999959,"[35, 35]","[0, 0]","[0, 0]",39
37,"[2, 3]",100.04999999999646,"[28, 28]","[19.900000000000148, 0]","[0, 0]",39
38,"[0, 1]",110.94999999999584,"[36, 36]","[0.49999999999999994, 0]","[0, 0]",39
39,"[0, 1]",112.04999999999578,"[38, 38]","[0.9500000000000003, 0]","[0, 0]",39
40,"[2, 1]",74.6999999999979,"[37, 22]","[17.800000000000118, 0]","[0, 0]",39
41,"[2, 1]",86.39999999999723,"[40, 24]","[18.800000000000132, 0]","[2.6999999999999984, 0]",39
42,"[0, 3]",142.99999999999827,"[39, 34]","[1.3000000000000005, 0]","[0, 0]",39
43,"[0, 1]",115.69999999999557,"[42, 39]","[1.6500000000000008, 0]","[0, 0]",39
44,"[0, 1]",116.7999999999955,"[43, 43]","[2.0500000000000007, 0]","[0, 0]",39
45,"[0, 3]",147.9499999999994,"[44, 42]","[2.499999999999999, 0]","[0, 0]",39
46,"[0, 1]",120.69999999999528,"[45, 44]","[2.8999999999999977, 0]","[0, 0]",39
47,"[2, 3]",115.1499999999956,"[41, 37]","[14.550000000000072, 0]","[0, 0]",39
48,"[0, 1]",121.79999999999522,"[46, 46]","[3.349999999999996, 0]","[0, 0]",39
49,"[2, 3]",118.5499999999954,"[47, 47]","[13.100000000000051, 0]","[0, 0]",39
50,"[2, 1]",93.69999999999682,"[49, 30]","[11.65000000000003, 0]","[0, 0]",39
51,"[0, 1]",122.89999999999516,"[48, 48]","[3.7999999999999945, 0]","[0, 0]",39
52,"[0, 1]",123.9999999999951,"[51, 51]","[4.199999999999993, 0]","[0, 0]",39
53,"[0, 3]",154.95000000000098,"[52, 45]","[4.549999999999992, 0]","[0, 0]",39
54,"[0, 3]",157.30000000000152,"[53, 53]","[4.799999999999991, 0]","[0, 0]",39
55,"[0, 1]",128.74999999999503,"[54, 52]","[5.04999999999999, 0]","[0, 0]",39
56,"[2, 1]",99.44999999999649,"[50, 31]","[10.25000000000001, 0]","[0, 0]",39
57,"[0, 1]",129.8999999999953,"[55, 55]","[5.1999999999999895, 0]","[0, 0]",39
58,"[0, 3]",161.10000000000238,"[57, 54]","[5.399999999999989, 0]","[0, 0]",39
59,"[0, 1]",133.74999999999616,"[58, 57]","[5.699999999999988, 0]","[0, 0]",39
60,"[0, 3]",165.1000000000033,"[59, 58]","[5.999999999999987, 0]","[0, 0]",39
61,"[0, 1]",137.64999999999705,"[60, 59]","[5.849999999999987, 0]","[0, 0]",39
62,"[0, 1]",138.7499999999973,"[61, 61]","[5.349999999999989, 0]","[0, 0]",39
63,"[0, 1]",139.84999999999755,"[62, 62]","[5.249999999999989, 0]","[0, 0]",39
64,"[0, 1]",140.84999999999778,"[63, 63]","[4.94999999999999, 0]","[0, 0]",39
65,"[0, 3]",171.20000000000468,"[64, 60]","[3.899999999999994, 0]","[0, 0]",39
66,"[0, 1]",135.2499999999965,"[65, 64]","[0.8500000000000002, 0]","[0, 0]",39
67,"[0, 3]",166.30000000000356,"[66, 65]","[0, 0]","[0, 0]",39
68,"[0, 1]",135.2499999999965,"[67, 66]","[0, 0]","[0, 0]",39
69,"[0, 3]",164.50000000000315,"[68, 67]","[0, 0]","[0, 0]",39
70,"[0, 3]",166.4000000000036,"[69, 69]","[0, 0]","[0, 0]",39
71,"[0, 1]",137.64999999999705,"[70, 68]","[0, 0]","[0, 0]",39
72,"[0, 1]",137.74999999999707,"[71, 71]","[0, 0]","[0, 0]",39
73,"[0, 3]",166.9500000000037,"[72, 70]","[0, 0]","[0, 0]",39
74,"[0, 3]",168.15000000000398,"[73, 73]","[0, 0]","[0, 0]",39
75,"[0, 3]",167.95000000000394,"[74, 74]","[0, 0]","[0, 0]",39
76,"[0, 1]",137.8999999999971,"[75, -999]","[0, 0]","[0, 0]",39
77,"[2, 3]",128.39999999999495,"[56, 49]","[7.84999999999998, 0]","[0, 0]",39
78,"[0, 1]",138.09999999999715,"[76, 76]","[0, 0]","[0, 0]",39
79,"[0, 3]",167.95000000000394,"[78, 75]","[0, 0]","[0, 0]",39
0,"[2, 1]",36.40000000000007,"[-999, -999]","[0, 0]","[0, 0]",40
1,"[0, 1]",76.4999999999978,"[-999, 10]","[0, 0]","[2.499999999999999, 0]",40
2,"[2, 1]",38.09999999999997,"[0, 0]","[0, 0]","[0, 0]",40
3,"[0, 1]",76.64999999999779,"[1, 1]","[0, 0]","[0, 0]",40
4,"[2, 1]",39.89999999999987,"[2, 2]","[0, 0]","[0, 0]",40
5,"[0, 1]",82.24999999999747,"[3, 15]","[2.3999999999999995, 0]","[2.3999999999999995, 0]",40
6,"[2, 1]",41.79999999999976,"[4, 4]","[0, 0]","[0, 0]",40
7,"[2, 1]",43.54999999999966,"[6, 6]","[0, 0]","[0, 0]",40
8,"[2, 1]",45.04999999999958,"[7, 7]","[0, 0]","[0, 0]",40
9,"[2, 1]",46.349999999999504,"[8, 8]","[0, 0]","[0, 0]",40
10,"[2, 1]",47.34999999999945,"[9, 9]","[0, 0]","[0, 0]",40
11,"[0, 3]",109.9999999999959,"[5, -999]","[0, 0]","[0, 0]",40
12,"[0, 3]",112.44999999999575,"[11, 11]","[0, 0]","[0, 0]",40
13,"[0, 1]",86.8999999999972,"[12, 27]","[2.1500000000000004, 0]","[2.1500000000000004, 0]",40
14,"[0, 1]",87.54999999999717,"[13, 13]","[0, 0]","[0, 0]",40
15,"[2, 1]",58.54999999999881,"[10, 3]","[6.549999999999985, 0]","[6.549999999999985, 0]",40
16,"[0, 1]",88.59999999999711,"[14, 14]","[0, 0]","[0, 0]",40
17,"[0, 1]",89.59999999999705,"[16, 16]","[0, 0]","[0, 0]",40
18,"[0, 1]",96.74999999999665,"[17, 51]","[2.6999999999999984, 0]","[2.6999999999999984, 0]",40
19,"[2, 1]",63.84999999999851,"[15, 5]","[12.800000000000047, 0]","[5.799999999999987, 0]",40
20,"[0, 1]",96.14999999999668,"[18, 18]","[0, 0]","[0, 0]",40
21,"[0, 1]",101.59999999999637,"[20, 53]","[2.4499999999999993, 0]","[2.4499999999999993, 0]",40
22,"[0, 3]",133.049999999996,"[21, 56]","[0, 0]","[0, 0]",40
23,"[0, 3]",139.94999999999757,"[22, 60]","[2.2, 0]","[2.2, 0]",40
24,"[0, 1]",110.84999999999584,"[23, 63]","[0, 0]","[0, 0]",40
25,"[0, 1]",111.14999999999583,"[24, 24]","[0.35, 0]","[0, 0]",40
26,"[0, 3]",141.94999999999803,"[25, 66]","[0.8500000000000002, 0]","[0, 0]",40
27,"[2, 1]",65.19999999999844,"[19, 19]","[16.5500000000001, 0]","[0, 0]",40
28,"[0, 3]",143.94999999999848,"[26, 26]","[1.2500000000000004, 0]","[0, 0]",40
29,"[0, 1]",115.2499999999956,"[28, 78]","[1.5500000000000007, 0]","[0, 0]",40
30,"[0, 3]",146.6999999999991,"[29, 28]","[1.900000000000001, 0]","[0, 0]",40
31,"[0, 3]",148.8499999999996,"[30, 30]","[2.3, 0]","[0, 0]",40
32,"[0, 1]",120.29999999999531,"[31, 29]","[2.6499999999999986, 0]","[0, 0]",40
33,"[0, 1]",121.34999999999525,"[32, 32]","[2.9499999999999975, 0]","[0, 0]",40
34,"[0, 3]",152.65000000000046,"[33, 31]","[3.2999999999999963, 0]","[0, 0]",40
35,"[0, 1]",125.29999999999502,"[34, 33]","[3.8499999999999943, 0]","[0, 0]",40
36,"[0, 3]",156.70000000000138,"[35, 34]","[4.299999999999993, 0]","[0, 0]",40
37,"[0, 3]",158.90000000000188,"[36, 36]","[4.199999999999993, 0]","[0, 0]",40
38,"[0, 1]",130.4499999999954,"[37, 35]","[3.699999999999995, 0]","[0, 0]",40
39,"[2, 3]",97.19999999999662,"[27, 12]","[16.000000000000092, 0]","[0, 0]",40
40,"[0, 1]",131.49999999999565,"[38, 38]","[3.099999999999997, 0]","[0, 0]",40
41,"[0, 1]",132.5999999999959,"[40, 40]","[2.499999999999999, 0]","[0, 0]",40
42,"[0, 3]",163.65000000000296,"[41, 37]","[2.2, 0]","[0, 0]",40
43,"[0, 1]",136.39999999999677,"[42, 41]","[2.549999999999999, 0]","[0, 0]",40
44,"[0, 3]",167.8000000000039,"[43, 42]","[2.25, 0]","[0, 0]",40
45,"[0, 3]",170.05000000000442,"[44, 44]","[1.7500000000000009, 0]","[0, 0]",40
46,"[0, 1]",141.54999999999794,"[45, 43]","[1.900000000000001, 0]","[0, 0]",40
47,"[2, 3]",95.29999999999673,"[39, 39]","[15.350000000000083, 0]","[0, 0]",40
48,"[2, 3]",98.24999999999656,"[47, 47]","[13.300000000000054, 0]","[0, 0]",40
49,"[0, 3]",173.0000000000051,"[46, 45]","[1.950000000000001, 0]","[0, 0]",40
50,"[0, 1]",144.99999999999872,"[49, 46]","[2.0500000000000007, 0]","[0, 0]",40
51,"[2, 1]",71.54999999999808,"[48, 17]","[11.65000000000003, 0]","[0, 0]",40
52,"[0, 3]",173.35000000000517,"[50, 49]","[1.950000000000001, 0]","[0, 0]",40
53,"[2, 1]",83.4999999999974,"[51, 20]","[12.550000000000043, 0]","[2.4499999999999993, 0]",40
54,"[0, 1]",145.3999999999988,"[52, 50]","[1.3000000000000005, 0]","[0, 0]",40
55,"[0, 1]",140.59999999999772,"[54, 54]","[0, 0]","[0, 0]",40
56,"[2, 3]",112.34999999999576,"[53, 48]","[8.599999999999987, 0]","[0, 0]",40
57,"[0, 1]",140.69999999999774,"[55, 55]","[0, 0]","[0, 0]",40
58,"[0, 1]",141.29999999999788,"[57, 57]","[0, 0]","[0, 0]",40
59,"[0, 1]",141.49999999999793,"[58, 58]","[0, 0]","[0, 0]",40
60,"[2, 3]",120.99999999999527,"[56, 22]","[7.199999999999982, 0]","[0, 0]",40
61,"[0, 1]",138.39999999999722,"[59, 59]","[0, 0]","[0, 0]",40
62,"[0, 1]",137.99999999999713,"[61, 61]","[0, 0]","[0, 0]",40
63,"[2, 1]",90.39999999999701,"[60, 21]","[5.749999999999988, 0]","[0, 0]",40
64,"[0, 1]",137.74999999999707,"[62, 62]","[0, 0]","[0, 0]",40
65,"[0, 1]",133.39999999999608,"[64, 64]","[0, 0]","[0, 0]",40
66,"[2, 3]",124.89999999999505,"[63, 23]","[4.399999999999992, 0]","[0, 0]",40
67,"[0, 3]",163.95000000000303,"[65, -999]","[0, 0]","[0, 0]",40
68,"[0, 1]",136.44999999999678,"[67, 65]","[0, 0]","[0, 0]",40
69,"[0, 3]",167.20000000000377,"[68, 67]","[0, 0]","[0, 0]",40
70,"[0, 3]",168.50000000000406,"[69, 69]","[0.25, 0]","[0, 0]",40
71,"[0, 1]",134.14999999999625,"[70, 68]","[0, 0]","[0, 0]",40
72,"[0, 1]",133.79999999999617,"[71, 71]","[0, 0]","[0, 0]",40
73,"[0, 3]",164.7000000000032,"[72, 70]","[0, 0]","[0, 0]",40
74,"[0, 3]",166.70000000000366,"[73, 73]","[0, 0]","[0, 0]",40
75,"[0, 1]",137.79999999999708,"[74, 72]","[0, 0]","[0, 0]",40
76,"[0, 3]",168.250000000004,"[75, 74]","[0, 0]","[0, 0]",40
77,"[0, 1]",139.1499999999974,"[76, 75]","[0, 0]","[0, 0]",40
78,"[2, 1]",95.09999999999674,"[66, 25]","[0, 0]","[0, 0]",40
79,"[0, 3]",166.10000000000352,"[77, 76]","[0, 0]","[0, 0]",40
0,"[2, 1]",36.40000000000007,"[-999, -999]","[0, 0]","[0, 0]",41
1,"[0, 3]",97.04999999999663,"[-999, 6]","[0, 0]","[0, 0]",41
2,"[2, 1]",38.09999999999997,"[0, 0]","[0, 0]","[0, 0]",41
3,"[2, 1]",39.89999999999987,"[2, 2]","[0, 0]","[0, 0]",41
4,"[2, 1]",41.79999999999976,"[3, 3]","[0, 0]","[0, 0]",41
5,"[2, 1]",43.54999999999966,"[4, 4]","[0, 0]","[0, 0]",41
6,"[2, 3]",70.74999999999812,"[5, -999]","[0, 0]","[0, 0]",41
7,"[2, 1]",42.69999999999971,"[6, 5]","[0, 0]","[0, 0]",41
8,"[0, 1]",68.14999999999827,"[1, 9]","[0, 0]","[0, 0]",41
9,"[2, 1]",44.399999999999615,"[7, 7]","[0, 0]","[0, 0]",41
10,"[2, 3]",75.94999999999783,"[9, 1]","[0, 0]","[0, 0]",41
11,"[2, 3]",77.54999999999774,"[10, 10]","[0, 0]","[0, 0]",41
12,"[0, 3]",101.99999999999635,"[8, 11]","[0, 0]","[0, 0]",41
13,"[0, 1]",77.94999999999771,"[12, 29]","[2.3499999999999996, 0]","[2.3499999999999996, 0]",41
14,"[2, 1]",47.24999999999945,"[11, 8]","[0, 0]","[0, 0]",41
15,"[0, 3]",106.69999999999608,"[13, 12]","[0, 0]","[0, 0]",41
16,"[0, 3]",108.99999999999595,"[15, 15]","[0, 0]","[0, 0]",41
17,"[0, 3]",110.54999999999586,"[16, 16]","[0, 0]","[0, 0]",41
18,"[0, 1]",81.14999999999753,"[17, 40]","[0, 0]","[0, 0]",41
19,"[0, 1]",82.34999999999746,"[18, 18]","[0, 0]","[0, 0]",41
20,"[0, 1]",88.49999999999712,"[19, 51]","[2.5999999999999988, 0]","[2.5999999999999988, 0]",41
21,"[0, 1]",88.6999999999971,"[20, 20]","[0, 0]","[0, 0]",41
22,"[0, 3]",118.99999999999538,"[21, 53]","[0, 0]","[0, 0]",41
23,"[0, 3]",121.09999999999526,"[22, 22]","[0, 0]","[0, 0]",41
24,"[0, 3]",122.59999999999518,"[23, 23]","[0, 0]","[0, 0]",41
25,"[0, 1]",93.54999999999683,"[24, 54]","[0, 0]","[0, 0]",41
26,"[0, 1]",94.64999999999677,"[25, 25]","[0, 0]","[0, 0]",41
27,"[0, 3]",125.89999999999499,"[26, 55]","[0, 0]","[0, 0]",41
28,"[0, 1]",97.5499999999966,"[27, 59]","[0, 0]","[0, 0]",41
29,"[2, 1]",48.64999999999937,"[14, 14]","[0, 0]","[0, 0]",41
30,"[0, 1]",98.69999999999654,"[28, 28]","[0, 0]","[0, 0]",41
31,"[0, 1]",99.74999999999648,"[30, 30]","[0, 0]","[0, 0]",41
32,"[0, 3]",130.74999999999548,"[31, 27]","[0, 0]","[0, 0]",41
33,"[2, 1]",55.09999999999901,"[29, 13]","[0, 0]","[0, 0]",41
34,"[0, 1]",102.9499999999963,"[32, 60]","[0, 0]","[0, 0]",41
35,"[0, 1]",103.89999999999624,"[34, 34]","[0, 0]","[0, 0]",41
36,"[0, 1]",109.39999999999593,"[35, 67]","[2.4499999999999993, 0]","[2.4499999999999993, 0]",41
37,"[0, 3]",139.54999999999748,"[36, 63]","[0, 0]","[0, 0]",41
38,"[0, 1]",111.39999999999581,"[37, 79]","[0, 0]","[0, 0]",41
39,"[0, 1]",112.54999999999575,"[38, 38]","[0, 0]","[0, 0]",41
40,"[2, 1]",56.549999999998924,"[33, 33]","[0, 0]","[0, 0]",41
41,"[2, 3]",93.89999999999681,"[40, 17]","[0, 0]","[0, 0]",41
42,"[0, 1]",113.64999999999569,"[39, 39]","[0, 0]","[0, 0]",41
43,"[0, 1]",114.64999999999563,"[42, 42]","[0, 0]","[0, 0]",41
44,"[0, 3]",145.59999999999886,"[43, 37]","[0, 0]","[0, 0]",41
45,"[0, 3]",147.9999999999994,"[44, 44]","[0, 0]","[0, 0]",41
46,"[0, 1]",119.54999999999535,"[45, 43]","[0, 0]","[0, 0]",41
47,"[0, 1]",120.64999999999529,"[46, 46]","[0, 0]","[0, 0]",41
48,"[0, 3]",151.9000000000003,"[47, 45]","[0, 0]","[0, 0]",41
49,"[0, 1]",124.59999999999506,"[48, 47]","[0, 0]","[0, 0]",41
50,"[0, 3]",155.9000000000012,"[49, 48]","[0, 0]","[0, 0]",41
51,"[2, 1]",70.39999999999814,"[41, 19]","[15.900000000000091, 0]","[0, 0]",41
52,"[0, 3]",158.1000000000017,"[50, 50]","[0, 0]","[0, 0]",41
53,"[2, 3]",100.89999999999641,"[51, 41]","[13.650000000000059, 0]","[0, 0]",41
54,"[2, 1]",76.94999999999777,"[53, 21]","[11.950000000000035, 0]","[0, 0]",41
55,"[2, 3]",119.74999999999534,"[54, 24]","[17.100000000000108, 0]","[6.649999999999984, 0]",41
56,"[0, 3]",159.65000000000205,"[52, 52]","[0, 0]","[0, 0]",41
57,"[0, 3]",161.00000000000236,"[56, 56]","[0, 0]","[0, 0]",41
58,"[0, 1]",131.79999999999572,"[57, -999]","[0, 0]","[0, 0]",41
59,"[2, 1]",96.54999999999666,"[55, 26]","[9.149999999999995, 0]","[0, 0]",41
60,"[2, 1]",114.34999999999565,"[59, 31]","[17.550000000000114, 0]","[9.650000000000002, 0]",41
61,"[0, 1]",132.89999999999597,"[58, 58]","[0, 0]","[0, 0]",41
62,"[0, 1]",133.8999999999962,"[61, 61]","[0, 0]","[0, 0]",41
63,"[2, 3]",146.14999999999898,"[60, 32]","[6.949999999999983, 0]","[0, 0]",41
64,"[0, 3]",164.85000000000323,"[62, 57]","[0, 0]","[0, 0]",41
65,"[0, 1]",137.449999999997,"[64, 62]","[0, 0]","[0, 0]",41
66,"[0, 3]",168.6000000000041,"[65, 64]","[0, 0]","[0, 0]",41
67,"[2, 1]",122.2499999999952,"[63, 35]","[5.849999999999987, 0]","[0, 0]",41
68,"[0, 3]",169.70000000000434,"[66, 66]","[0, 0]","[0, 0]",41
69,"[0, 1]",137.19999999999695,"[68, 65]","[0, 0]","[0, 0]",41
70,"[0, 1]",137.69999999999706,"[69, 69]","[0.65, 0]","[0, 0]",41
71,"[0, 3]",168.55000000000408,"[70, 68]","[1.0500000000000003, 0]","[0, 0]",41
72,"[0, 1]",140.69999999999774,"[71, 70]","[1.3000000000000005, 0]","[0, 0]",41
73,"[0, 3]",168.7000000000041,"[72, 71]","[1.5000000000000007, 0]","[0, 0]",41
74,"[0, 3]",167.85000000000392,"[73, 73]","[1.6500000000000008, 0]","[0, 0]",41
75,"[0, 3]",166.8500000000037,"[74, 74]","[1.7500000000000009, 0]","[0, 0]",41
76,"[0, 1]",137.399999999997,"[75, -999]","[1.1500000000000004, 0]","[0, 0]",41
77,"[0, 1]",137.14999999999694,"[76, 76]","[0, 0]","[0, 0]",41
78,"[0, 1]",132.999999999996,"[77, 77]","[0, 0]","[0, 0]",41
79,"[2, 1]",127.99999999999487,"[67, 36]","[4.399999999999992, 0]","[0, 0]",41
0,"[2, 1]",36.40000000000007,"[-999, -999]","[0, 0]","[0, 0]",42
1,"[0, 3]",107.14999999999606,"[-999, 18]","[0, 0]","[4.94999999999999, 0]",42
2,"[2, 1]",38.09999999999997,"[0, 0]","[0, 0]","[0, 0]",42
3,"[2, 3]",68.64999999999824,"[2, -999]","[0, 0]","[0, 0]",42
4,"[2, 3]",71.34999999999809,"[3, 3]","[0, 0]","[0, 0]",42
5,"[2, 3]",73.29999999999798,"[4, 4]","[0, 0]","[0, 0]",42
6,"[2, 1]",43.24999999999968,"[5, -999]","[0, 0]","[0, 0]",42
7,"[2, 1]",44.84999999999959,"[6, 6]","[0, 0]","[0, 0]",42
8,"[2, 3]",72.04999999999805,"[7, 5]","[0, 0]","[0, 0]",42
9,"[0, 1]",70.34999999999815,"[1, 7]","[0, 0]","[0, 0]",42
10,"[0, 1]",71.69999999999807,"[9, 9]","[0, 0]","[0, 0]",42
11,"[0, 3]",103.24999999999628,"[10, 1]","[0, 0]","[0, 0]",42
12,"[0, 3]",105.49999999999615,"[11, 11]","[0, 0]","[0, 0]",42
13,"[0, 1]",75.89999999999783,"[12, 45]","[0, 0]","[0, 0]",42
14,"[0, 1]",77.04999999999777,"[13, 13]","[0, 0]","[0, 0]",42
15,"[0, 1]",78.1499999999977,"[14, 14]","[0, 0]","[0, 0]",42
16,"[0, 3]",109.24999999999594,"[15, 46]","[0, 0]","[0, 0]",42
17,"[0, 1]",80.34999999999758,"[16, 48]","[0, 0]","[0, 0]",42
18,"[2, 3]",74.49999999999791,"[8, 8]","[0, 0]","[0, 0]",42
19,"[0, 3]",111.49999999999581,"[17, 16]","[0, 0]","[0, 0]",42
20,"[0, 3]",113.64999999999569,"[19, 19]","[0, 0]","[0, 0]",42
21,"[0, 3]",115.1999999999956,"[20, 20]","[0, 0]","[0, 0]",42
22,"[0, 1]",85.3499999999973,"[21, 59]","[0, 0]","[0, 0]",42
23,"[0, 1]",86.39999999999723,"[22, 22]","[0, 0]","[0, 0]",42
24,"[0, 3]",119.99999999999532,"[23, 65]","[0, 0]","[0, 0]",42
25,"[0, 1]",90.499999999997,"[24, 23]","[0, 0]","[0, 0]",42
26,"[0, 1]",91.59999999999694,"[25, 25]","[0, 0]","[0, 0]",42
27,"[0, 1]",92.74999999999687,"[26, 26]","[0, 0]","[0, 0]",42
28,"[0, 3]",123.8499999999951,"[27, 75]","[0, 0]","[0, 0]",42
29,"[0, 3]",126.19999999999497,"[28, 28]","[0, 0]","[0, 0]",42
30,"[0, 3]",127.74999999999488,"[29, 29]","[0, 0]","[0, 0]",42
31,"[0, 1]",98.79999999999653,"[30, 79]","[0, 0]","[0, 0]",42
32,"[0, 3]",130.19999999999536,"[31, 30]","[0, 0]","[0, 0]",42
33,"[0, 1]",102.7499999999963,"[32, 31]","[0, 0]","[0, 0]",42
34,"[0, 1]",103.84999999999624,"[33, 33]","[0, 0]","[0, 0]",42
35,"[0, 1]",104.89999999999618,"[34, 34]","[0, 0]","[0, 0]",42
36,"[0, 3]",135.99999999999667,"[35, 32]","[0, 0]","[0, 0]",42
37,"[0, 1]",108.64999999999597,"[36, 35]","[0, 0]","[0, 0]",42
38,"[0, 3]",140.0499999999976,"[37, 36]","[0, 0]","[0, 0]",42
39,"[0, 1]",112.54999999999575,"[38, 37]","[0, 0]","[0, 0]",42
40,"[0, 1]",113.69999999999568,"[39, 39]","[0, 0]","[0, 0]",42
41,"[0, 1]",114.74999999999562,"[40, 40]","[0, 0]","[0, 0]",42
42,"[0, 3]",145.84999999999891,"[41, 38]","[0, 0]","[0, 0]",42
43,"[2, 1]",46.699999999999484,"[18, 10]","[2.799999999999998, 0]","[2.799999999999998, 0]",42
44,"[0, 1]",118.49999999999541,"[42, 41]","[0, 0]","[0, 0]",42
45,"[2, 1]",47.44999999999944,"[43, 43]","[0, 0]","[0, 0]",42
46,"[2, 3]",80.89999999999755,"[45, 12]","[0, 0]","[0, 0]",42
47,"[0, 1]",119.64999999999534,"[44, 44]","[0, 0]","[0, 0]",42
48,"[2, 1]",62.44999999999859,"[46, 15]","[6.649999999999984, 0]","[6.649999999999984, 0]",42
49,"[0, 3]",150.85000000000005,"[47, 42]","[0, 0]","[0, 0]",42
50,"[0, 1]",123.59999999999512,"[49, 47]","[0, 0]","[0, 0]",42
51,"[0, 1]",124.69999999999506,"[50, 50]","[0, 0]","[0, 0]",42
52,"[0, 1]",125.799999999995,"[51, 51]","[0, 0]","[0, 0]",42
53,"[0, 1]",126.84999999999494,"[52, 52]","[0, 0]","[0, 0]",42
54,"[2, 1]",68.09999999999827,"[48, 17]","[0, 0]","[0, 0]",42
55,"[2, 1]",68.24999999999827,"[54, 54]","[0, 0]","[0, 0]",42
56,"[0, 3]",157.80000000000163,"[53, 49]","[0, 0]","[0, 0]",42
57,"[0, 3]",160.15000000000217,"[56, 56]","[0, 0]","[0, 0]",42
58,"[0, 3]",161.75000000000253,"[57, 57]","[0, 0]","[0, 0]",42
59,"[2, 1]",70.19999999999816,"[55, 55]","[20.70000000000016, 0]","[0, 0]",42
60,"[0, 1]",132.69999999999592,"[58, -999]","[0, 0]","[0, 0]",42
61,"[0, 3]",164.05000000000305,"[60, 58]","[0, 0]","[0, 0]",42
62,"[2, 3]",104.44999999999621,"[59, 21]","[19.000000000000135, 0]","[0, 0]",42
63,"[0, 3]",166.0500000000035,"[61, 61]","[0, 0]","[0, 0]",42
64,"[0, 1]",137.29999999999697,"[63, 60]","[0, 0]","[0, 0]",42
65,"[2, 3]",106.54999999999609,"[62, 62]","[17.35000000000011, 0]","[0, 0]",42
66,"[0, 1]",137.99999999999713,"[64, 64]","[0, 0]","[0, 0]",42
67,"[0, 1]",138.19999999999717,"[66, 66]","[0, 0]","[0, 0]",42
68,"[0, 1]",136.34999999999675,"[67, 67]","[0, 0]","[0, 0]",42
69,"[0, 3]",163.70000000000297,"[68, 63]","[0, 0]","[0, 0]",42
70,"[0, 3]",165.50000000000338,"[69, 69]","[0, 0]","[0, 0]",42
71,"[0, 1]",136.69999999999683,"[70, 68]","[0, 0]","[0, 0]",42
72,"[0, 1]",137.24999999999696,"[71, 71]","[0, 0]","[0, 0]",42
73,"[0, 3]",167.20000000000377,"[72, 70]","[0, 0]","[0, 0]",42
74,"[0, 1]",135.49999999999656,"[73, 72]","[0, 0]","[0, 0]",42
75,"[2, 3]",111.94999999999578,"[65, 24]","[14.250000000000068, 0]","[0, 0]",42
76,"[0, 1]",134.94999999999644,"[74, 74]","[0, 0]","[0, 0]",42
77,"[0, 1]",135.44999999999655,"[76, 76]","[0, 0]","[0, 0]",42
78,"[0, 1]",135.89999999999665,"[77, 77]","[0, 0]","[0, 0]",42
79,"[2, 1]",93.49999999999683,"[75, 27]","[15.350000000000083, 0]","[3.2499999999999964, 0]",42
0,"[0, 1]",76.4499999999978,"[-999, 11]","[0, 0]","[2.8999999999999977, 0]",43
1,"[2, 1]",36.40000000000007,"[-999, -999]","[0, 0]","[0, 0]",43
2,"[2, 1]",38.09999999999997,"[1, 1]","[0, 0]","[0, 0]",43
3,"[0, 1]",80.94999999999754,"[0, 18]","[2.3, 0]","[2.3, 0]",43
4,"[2, 3]",68.64999999999824,"[2, -999]","[0, 0]","[0, 0]",43
5,"[2, 1]",37.40000000000001,"[4, 2]","[0, 0]","[0, 0]",43
6,"[2, 1]",39.19999999999991,"[5, 5]","[0, 0]","[0, 0]",43
7,"[2, 1]",41.0999999999998,"[6, 6]","[0, 0]","[0, 0]",43
8,"[2, 1]",42.9499999999997,"[7, 7]","[0, 0]","[0, 0]",43
9,"[0, 3]",108.74999999999596,"[3, 4]","[0, 0]","[0, 0]",43
10,"[0, 1]",81.39999999999752,"[9, 21]","[0, 0]","[0, 0]",43
11,"[2, 1]",44.549999999999606,"[8, 8]","[0, 0]","[0, 0]",43
12,"[0, 3]",114.19999999999565,"[10, 30]","[0, 0]","[0, 0]",43
13,"[0, 1]",91.04999999999697,"[12, 61]","[3.4499999999999957, 0]","[3.4499999999999957, 0]",43
14,"[0, 1]",90.499999999997,"[13, 13]","[0, 0]","[0, 0]",43
15,"[0, 3]",120.94999999999527,"[14, 12]","[0, 0]","[0, 0]",43
16,"[0, 1]",92.3499999999969,"[15, 62]","[0, 0]","[0, 0]",43
17,"[0, 1]",93.19999999999685,"[16, 16]","[0, 0]","[0, 0]",43
18,"[2, 1]",51.54999999999921,"[11, 0]","[1.2000000000000004, 0]","[1.2000000000000004, 0]",43
19,"[0, 3]",124.34999999999508,"[17, 15]","[0, 0]","[0, 0]",43
20,"[0, 1]",95.54999999999671,"[19, 66]","[0, 0]","[0, 0]",43
21,"[2, 1]",56.84999999999891,"[18, 3]","[6.5999999999999845, 0]","[6.5999999999999845, 0]",43
22,"[0, 3]",126.74999999999494,"[20, 19]","[0, 0]","[0, 0]",43
23,"[0, 1]",103.49999999999626,"[22, 69]","[2.9499999999999975, 0]","[2.9499999999999975, 0]",43
24,"[0, 3]",135.04999999999646,"[23, 73]","[0, 0]","[0, 0]",43
25,"[0, 3]",136.5999999999968,"[24, 24]","[0, 0]","[0, 0]",43
26,"[0, 1]",107.39999999999604,"[25, 23]","[0, 0]","[0, 0]",43
27,"[0, 1]",108.49999999999598,"[26, 26]","[0, 0]","[0, 0]",43
28,"[0, 1]",109.54999999999592,"[27, 27]","[0, 0]","[0, 0]",43
29,"[0, 3]",140.64999999999773,"[28, 25]","[0, 0]","[0, 0]",43
30,"[2, 3]",88.54999999999711,"[21, 9]","[8.599999999999987, 0]","[0.05, 0]",43
31,"[0, 1]",113.3499999999957,"[29, 28]","[0, 0]","[0, 0]",43
32,"[0, 1]",114.44999999999564,"[31, 31]","[0, 0]","[0, 0]",43
33,"[0, 1]",115.49999999999558,"[32, 32]","[0, 0]","[0, 0]",43
34,"[0, 1]",116.59999999999552,"[33, 33]","[0, 0]","[0, 0]",43
35,"[0, 3]",147.5999999999993,"[34, 29]","[0, 0]","[0, 0]",43
36,"[0, 1]",120.3999999999953,"[35, 34]","[0, 0]","[0, 0]",43
37,"[0, 1]",121.49999999999524,"[36, 36]","[0, 0]","[0, 0]",43
38,"[0, 3]",152.65000000000046,"[37, 35]","[0, 0]","[0, 0]",43
39,"[0, 3]",154.95000000000098,"[38, 38]","[0, 0]","[0, 0]",43
40,"[0, 1]",126.44999999999496,"[39, 37]","[0, 0]","[0, 0]",43
41,"[0, 1]",127.5499999999949,"[40, 40]","[0, 0]","[0, 0]",43
42,"[0, 3]",158.80000000000186,"[41, 39]","[0, 0]","[0, 0]",43
43,"[0, 1]",131.44999999999564,"[42, 41]","[0, 0]","[0, 0]",43
44,"[0, 3]",162.80000000000277,"[43, 42]","[0, 0]","[0, 0]",43
45,"[0, 3]",165.00000000000327,"[44, 44]","[0, 0]","[0, 0]",43
46,"[0, 1]",136.39999999999677,"[45, 43]","[0, 0]","[0, 0]",43
47,"[0, 3]",167.70000000000388,"[46, 45]","[0, 0]","[0, 0]",43
48,"[0, 1]",140.0999999999976,"[47, 46]","[0, 0]","[0, 0]",43
49,"[0, 3]",171.3000000000047,"[48, 47]","[0, 0]","[0, 0]",43
50,"[0, 1]",143.5999999999984,"[49, 48]","[0, 0]","[0, 0]",43
51,"[0, 3]",171.80000000000481,"[50, 49]","[0, 0]","[0, 0]",43
52,"[0, 3]",167.60000000000386,"[51, 51]","[0, 0]","[0, 0]",43
53,"[0, 1]",136.69999999999683,"[52, 50]","[0, 0]","[0, 0]",43
54,"[0, 1]",137.399999999997,"[53, 53]","[0, 0]","[0, 0]",43
55,"[0, 3]",168.40000000000404,"[54, 52]","[0, 0]","[0, 0]",43
56,"[0, 3]",170.10000000000443,"[55, 55]","[0, 0]","[0, 0]",43
57,"[0, 1]",139.79999999999754,"[56, 54]","[0, 0]","[0, 0]",43
58,"[0, 3]",170.15000000000444,"[57, 56]","[0, 0]","[0, 0]",43
59,"[2, 1]",37.550000000000004,"[30, 10]","[0, 0]","[0, 0]",43
60,"[0, 1]",141.94999999999803,"[58, 57]","[0, 0]","[0, 0]",43
61,"[2, 1]",39.69999999999988,"[59, 59]","[0, 0]","[0, 0]",43
62,"[2, 1]",53.29999999999911,"[61, 14]","[6.749999999999984, 0]","[6.749999999999984, 0]",43
63,"[0, 1]",142.2999999999981,"[60, 60]","[0, 0]","[0, 0]",43
64,"[0, 3]",169.30000000000425,"[63, 58]","[0, 0]","[0, 0]",43
65,"[0, 1]",140.84999999999778,"[64, 63]","[0, 0]","[0, 0]",43
66,"[2, 1]",64.89999999999846,"[62, 17]","[6.749999999999984, 0]","[6.749999999999984, 0]",43
67,"[2, 1]",70.94999999999811,"[66, 20]","[0, 0]","[0, 0]",43
68,"[0, 3]",171.05000000000464,"[65, 64]","[0, 0]","[0, 0]",43
69,"[2, 1]",70.94999999999811,"[67, 67]","[18.70000000000013, 0]","[0, 0]",43
70,"[0, 1]",141.04999999999782,"[68, 65]","[0, 0]","[0, 0]",43
71,"[0, 1]",141.3499999999979,"[70, 70]","[0, 0]","[0, 0]",43
72,"[0, 1]",141.54999999999794,"[71, 71]","[0, 0]","[0, 0]",43
73,"[2, 3]",103.29999999999627,"[69, 22]","[20.600000000000158, 0]","[0, 0]",43
74,"[0, 3]",170.8500000000046,"[72, 68]","[0, 0]","[0, 0]",43
75,"[0, 3]",172.05000000000487,"[74, 74]","[0, 0]","[0, 0]",43
76,"[0, 1]",142.79999999999822,"[75, 72]","[0, 0]","[0, 0]",43
77,"[0, 1]",138.3499999999972,"[76, 76]","[0, 0]","[0, 0]",43
78,"[0, 1]",137.8999999999971,"[77, 77]","[0, 0]","[0, 0]",43
79,"[0, 1]",138.54999999999725,"[78, 78]","[0, 0]","[0, 0]",43
0,"[2, 1]",36.40000000000007,"[-999, -999]","[0, 0]","[0, 0]",44
1,"[2, 1]",38.09999999999997,"[0, 0]","[0, 0]","[0, 0]",44
2,"[0, 1]",67.49999999999831,"[-999, 7]","[0, 0]","[0, 0]",44
3,"[2, 1]",39.89999999999987,"[1, 1]","[0, 0]","[0, 0]",44
4,"[2, 3]",69.24999999999821,"[3, -999]","[0, 0]","[0, 0]",44
5,"[2, 1]",37.74999999999999,"[4, 3]","[0, 0]","[0, 0]",44
6,"[2, 1]",39.54999999999989,"[5, 5]","[0, 0]","[0, 0]",44
7,"[2, 1]",41.34999999999979,"[6, 6]","[0, 0]","[0, 0]",44
8,"[0, 3]",98.29999999999656,"[2, 9]","[0, 0]","[0, 0]",44
9,"[2, 3]",72.59999999999802,"[7, 4]","[0, 0]","[0, 0]",44
10,"[2, 1]",47.199999999999456,"[9, 2]","[0, 0]","[0, 0]",44
11,"[0, 1]",72.64999999999802,"[8, 12]","[0, 0]","[0, 0]",44
12,"[2, 1]",47.749999999999424,"[10, 10]","[0, 0]","[0, 0]",44
13,"[0, 1]",73.59999999999796,"[11, 11]","[0, 0]","[0, 0]",44
14,"[0, 3]",104.74999999999619,"[13, 8]","[0, 0]","[0, 0]",44
15,"[0, 3]",107.04999999999606,"[14, 14]","[0, 0]","[0, 0]",44
16,"[0, 1]",77.29999999999775,"[15, 41]","[0, 0]","[0, 0]",44
17,"[0, 3]",108.59999999999597,"[16, 15]","[0, 0]","[0, 0]",44
18,"[0, 1]",79.8499999999976,"[17, 43]","[0, 0]","[0, 0]",44
19,"[0, 3]",111.09999999999583,"[18, 17]","[0, 0]","[0, 0]",44
20,"[0, 1]",82.74999999999744,"[19, 49]","[0, 0]","[0, 0]",44
21,"[0, 1]",83.84999999999738,"[20, 20]","[0, 0]","[0, 0]",44
22,"[0, 1]",84.89999999999732,"[21, 21]","[0, 0]","[0, 0]",44
23,"[0, 1]",90.34999999999701,"[22, 59]","[2.499999999999999, 0]","[2.499999999999999, 0]",44
24,"[0, 3]",122.1499999999952,"[23, 61]","[0, 0]","[0, 0]",44
25,"[2, 1]",60.049999999998725,"[12, 13]","[6.649999999999984, 0]","[6.649999999999984, 0]",44
26,"[0, 1]",93.19999999999685,"[24, 23]","[0, 0]","[0, 0]",44
27,"[0, 1]",94.34999999999678,"[26, 26]","[0, 0]","[0, 0]",44
28,"[0, 1]",95.44999999999672,"[27, 27]","[0, 0]","[0, 0]",44
29,"[0, 1]",101.29999999999639,"[28, 78]","[2.5999999999999988, 0]","[2.5999999999999988, 0]",44
30,"[0, 3]",131.2499999999956,"[29, 64]","[0, 0]","[0, 0]",44
31,"[0, 1]",103.19999999999628,"[30, 79]","[0, 0]","[0, 0]",44
32,"[0, 1]",104.19999999999622,"[31, 31]","[0, 0]","[0, 0]",44
33,"[0, 1]",105.29999999999616,"[32, 32]","[0, 0]","[0, 0]",44
34,"[0, 3]",136.39999999999677,"[33, 30]","[0, 0]","[0, 0]",44
35,"[0, 3]",138.7499999999973,"[34, 34]","[0, 0]","[0, 0]",44
36,"[0, 1]",110.24999999999588,"[35, 33]","[0, 0]","[0, 0]",44
37,"[0, 1]",111.29999999999582,"[36, 36]","[0, 0]","[0, 0]",44
38,"[0, 1]",112.44999999999575,"[37, 37]","[0, 0]","[0, 0]",44
39,"[0, 1]",113.4999999999957,"[38, 38]","[0, 0]","[0, 0]",44
40,"[0, 1]",114.49999999999564,"[39, 39]","[0, 0]","[0, 0]",44
41,"[2, 1]",57.64999999999886,"[25, 25]","[8.349999999999984, 0]","[2.5999999999999988, 0]",44
42,"[0, 3]",145.44999999999882,"[40, 35]","[0.3, 0]","[0, 0]",44
43,"[2, 1]",65.49999999999842,"[41, 16]","[10.450000000000014, 0]","[0, 0]",44
44,"[0, 1]",118.19999999999543,"[42, 40]","[0.7000000000000001, 0]","[0, 0]",44
45,"[0, 1]",119.29999999999536,"[44, 44]","[0, 0]","[0, 0]",44
46,"[0, 1]",120.3499999999953,"[45, 45]","[0, 0]","[0, 0]",44
47,"[0, 1]",121.39999999999525,"[46, 46]","[0, 0]","[0, 0]",44
48,"[0, 3]",152.4000000000004,"[47, 42]","[0, 0]","[0, 0]",44
49,"[2, 1]",71.2499999999981,"[43, 18]","[15.80000000000009, 0]","[3.399999999999996, 0]",44
50,"[2, 3]",103.49999999999626,"[49, 19]","[14.45000000000007, 0]","[0, 0]",44
51,"[0, 1]",125.14999999999503,"[48, 47]","[0, 0]","[0, 0]",44
52,"[0, 3]",156.55000000000135,"[51, 48]","[0, 0]","[0, 0]",44
53,"[0, 1]",129.0999999999951,"[52, 51]","[0, 0]","[0, 0]",44
54,"[0, 1]",130.19999999999536,"[53, 53]","[0, 0]","[0, 0]",44
55,"[0, 3]",161.35000000000244,"[54, 52]","[0, 0]","[0, 0]",44
56,"[0, 1]",133.9499999999962,"[55, 54]","[0, 0]","[0, 0]",44
57,"[0, 1]",134.8499999999964,"[56, 56]","[0, 0]","[0, 0]",44
58,"[2, 3]",103.29999999999627,"[50, 50]","[9.900000000000006, 0]","[0, 0]",44
59,"[2, 1]",78.49999999999768,"[58, 22]","[8.649999999999988, 0]","[0, 0]",44
60,"[0, 1]",135.79999999999663,"[57, 57]","[0, 0]","[0, 0]",44
61,"[2, 3]",108.54999999999598,"[59, 58]","[7.499999999999981, 0]","[0, 0]",44
62,"[2, 3]",117.04999999999549,"[61, 24]","[6.349999999999985, 0]","[0, 0]",44
63,"[0, 3]",166.60000000000363,"[60, 55]","[0, 0]","[0, 0]",44
64,"[2, 3]",118.89999999999539,"[62, 62]","[5.14999999999999, 0]","[0, 0]",44
65,"[0, 1]",137.54999999999703,"[63, 60]","[0, 0]","[0, 0]",44
66,"[0, 3]",166.0000000000035,"[65, 63]","[0, 0]","[0, 0]",44
67,"[0, 3]",166.0000000000035,"[66, 66]","[0, 0]","[0, 0]",44
68,"[0, 1]",136.4999999999968,"[67, 65]","[0, 0]","[0, 0]",44
69,"[0, 1]",135.1999999999965,"[68, 68]","[0, 0]","[0, 0]",44
70,"[0, 1]",134.04999999999623,"[69, 69]","[0.44999999999999996, 0]","[0, 0]",44
71,"[0, 3]",164.60000000000318,"[70, 67]","[1.0000000000000002, 0]","[0, 0]",44
72,"[0, 1]",136.9999999999969,"[71, 70]","[1.4500000000000006, 0]","[0, 0]",44
73,"[0, 3]",168.00000000000395,"[72, 71]","[1.850000000000001, 0]","[0, 0]",44
74,"[0, 3]",169.80000000000436,"[73, 73]","[1.5500000000000007, 0]","[0, 0]",44
75,"[0, 1]",136.19999999999672,"[74, 72]","[0, 0]","[0, 0]",44
76,"[0, 3]",165.50000000000338,"[75, 74]","[0, 0]","[0, 0]",44
77,"[0, 1]",137.64999999999705,"[76, 75]","[0, 0]","[0, 0]",44
78,"[2, 1]",91.69999999999693,"[64, 28]","[0.8500000000000002, 0]","[0, 0]",44
79,"[2, 1]",97.5999999999966,"[78, 29]","[0, 0]","[0, 0]",44
0,"[0, 3]",104.14999999999623,"[-999, 10]","[0, 0]","[3.049999999999997, 0]",45
1,"[2, 1]",36.40000000000007,"[-999, -999]","[0, 0]","[0, 0]",45
2,"[2, 3]",68.49999999999825,"[1, -999]","[0, 0]","[0, 0]",45
3,"[2, 3]",71.1999999999981,"[2, 2]","[0, 0]","[0, 0]",45
4,"[0, 3]",109.74999999999591,"[0, 17]","[3.099999999999997, 0]","[3.099999999999997, 0]",45
5,"[2, 1]",41.0999999999998,"[3, 1]","[0, 0]","[0, 0]",45
6,"[2, 3]",70.94999999999811,"[5, 3]","[0, 0]","[0, 0]",45
7,"[2, 1]",41.599999999999774,"[6, 5]","[0, 0]","[0, 0]",45
8,"[0, 3]",110.39999999999587,"[4, 4]","[0, 0]","[0, 0]",45
9,"[2, 3]",70.99999999999811,"[7, 6]","[0, 0]","[0, 0]",45
10,"[2, 3]",73.09999999999799,"[9, 9]","[0, 0]","[0, 0]",45
11,"[0, 1]",79.39999999999763,"[8, 23]","[0, 0]","[0, 0]",45
12,"[2, 1]",42.649999999999714,"[10, 7]","[0, 0]","[0, 0]",45
13,"[0, 1]",86.79999999999721,"[11, 43]","[1.7000000000000008, 0]","[1.7000000000000008, 0]",45
14,"[0, 3]",115.39999999999559,"[13, 30]","[0, 0]","[0, 0]",45
15,"[0, 3]",117.69999999999546,"[14, 14]","[0, 0]","[0, 0]",45
16,"[0, 3]",119.24999999999537,"[15, 15]","[0, 0]","[0, 0]",45
17,"[2, 3]",76.3999999999978,"[12, 0]","[0, 0]","[0, 0]",45
18,"[0, 1]",89.99999999999703,"[16, 54]","[0, 0]","[0, 0]",45
19,"[0, 1]",91.14999999999696,"[18, 18]","[0, 0]","[0, 0]",45
20,"[0, 1]",92.2499999999969,"[19, 19]","[0, 0]","[0, 0]",45
21,"[0, 1]",93.24999999999685,"[20, 20]","[0, 0]","[0, 0]",45
22,"[2, 1]",45.099999999999575,"[17, 12]","[0, 0]","[0, 0]",45
23,"[2, 1]",46.499999999999496,"[22, 22]","[0, 0]","[0, 0]",45
24,"[0, 3]",124.24999999999508,"[21, 57]","[0, 0]","[0, 0]",45
25,"[0, 1]",101.74999999999636,"[24, 67]","[3.1999999999999966, 0]","[3.1999999999999966, 0]",45
26,"[0, 3]",131.2999999999956,"[25, 24]","[0, 0]","[0, 0]",45
27,"[0, 1]",103.54999999999626,"[26, 78]","[0, 0]","[0, 0]",45
28,"[0, 3]",134.69999999999638,"[27, 26]","[0, 0]","[0, 0]",45
29,"[0, 3]",136.89999999999688,"[28, 28]","[0, 0]","[0, 0]",45
30,"[2, 3]",79.74999999999761,"[23, 8]","[0, 0]","[0, 0]",45
31,"[0, 1]",108.199999999996,"[29, 79]","[0.44999999999999996, 0]","[0, 0]",45
32,"[0, 1]",109.29999999999593,"[31, 31]","[1.2000000000000004, 0]","[0, 0]",45
33,"[0, 1]",110.44999999999587,"[32, 32]","[1.6500000000000008, 0]","[0, 0]",45
34,"[0, 1]",111.44999999999581,"[33, 33]","[2.0500000000000007, 0]","[0, 0]",45
35,"[0, 1]",112.44999999999575,"[34, 34]","[2.3999999999999995, 0]","[0, 0]",45
36,"[0, 1]",113.4999999999957,"[35, 35]","[2.6499999999999986, 0]","[0, 0]",45
37,"[0, 3]",144.54999999999862,"[36, 29]","[2.849999999999998, 0]","[0, 0]",45
38,"[0, 1]",117.29999999999548,"[37, 36]","[3.099999999999997, 0]","[0, 0]",45
39,"[0, 1]",118.39999999999542,"[38, 38]","[3.349999999999996, 0]","[0, 0]",45
40,"[0, 1]",119.54999999999535,"[39, 39]","[3.4999999999999956, 0]","[0, 0]",45
41,"[0, 1]",120.59999999999529,"[40, 40]","[3.699999999999995, 0]","[0, 0]",45
42,"[0, 3]",151.5500000000002,"[41, 37]","[3.8499999999999943, 0]","[0, 0]",45
43,"[2, 1]",49.79999999999931,"[30, 11]","[0, 0]","[0, 0]",45
44,"[0, 1]",124.29999999999508,"[42, 41]","[3.999999999999994, 0]","[0, 0]",45
45,"[0, 1]",125.44999999999501,"[44, 44]","[4.249999999999993, 0]","[0, 0]",45
46,"[0, 1]",126.49999999999496,"[45, 45]","[4.399999999999992, 0]","[0, 0]",45
47,"[0, 1]",127.5499999999949,"[46, 46]","[4.549999999999992, 0]","[0, 0]",45
48,"[0, 3]",158.5000000000018,"[47, 42]","[4.699999999999991, 0]","[0, 0]",45
49,"[0, 1]",131.19999999999558,"[48, 47]","[4.849999999999991, 0]","[0, 0]",45
50,"[0, 3]",162.60000000000272,"[49, 48]","[5.09999999999999, 0]","[0, 0]",45
51,"[0, 3]",164.7500000000032,"[50, 50]","[5.449999999999989, 0]","[0, 0]",45
52,"[0, 1]",136.0999999999967,"[51, 49]","[5.449999999999989, 0]","[0, 0]",45
53,"[2, 1]",52.299999999999166,"[43, 13]","[2.8999999999999977, 0]","[2.8999999999999977, 0]",45
54,"[2, 1]",53.899999999999075,"[53, 53]","[5.699999999999988, 0]","[2.7499999999999982, 0]",45
55,"[0, 1]",136.9999999999969,"[52, 52]","[4.849999999999991, 0]","[0, 0]",45
56,"[0, 3]",167.45000000000383,"[55, 51]","[3.5499999999999954, 0]","[0, 0]",45
57,"[2, 3]",91.14999999999696,"[54, 16]","[8.549999999999986, 0]","[0.9000000000000002, 0]",45
58,"[0, 1]",130.69999999999547,"[56, 55]","[0, 0]","[0, 0]",45
59,"[2, 1]",78.49999999999768,"[57, 21]","[23.300000000000196, 0]","[9.850000000000005, 0]",45
60,"[0, 3]",161.75000000000253,"[58, 56]","[0, 0]","[0, 0]",45
61,"[0, 1]",134.14999999999625,"[60, 58]","[0, 0]","[0, 0]",45
62,"[0, 3]",165.30000000000334,"[61, 60]","[0.3, 0]","[0, 0]",45
63,"[0, 3]",167.05000000000373,"[62, 62]","[1.1000000000000003, 0]","[0, 0]",45
64,"[0, 3]",168.00000000000395,"[63, 63]","[1.6000000000000008, 0]","[0, 0]",45
65,"[0, 3]",168.80000000000413,"[64, 64]","[1.950000000000001, 0]","[0, 0]",45
66,"[0, 1]",139.1499999999974,"[65, -999]","[1.4500000000000006, 0]","[0, 0]",45
67,"[2, 1]",77.44999999999774,"[59, 59]","[10.700000000000017, 0]","[0, 0]",45
68,"[0, 1]",133.8499999999962,"[66, 66]","[0, 0]","[0, 0]",45
69,"[0, 1]",133.99999999999622,"[68, 68]","[0, 0]","[0, 0]",45
70,"[0, 3]",164.80000000000322,"[69, 65]","[0, 0]","[0, 0]",45
71,"[0, 1]",137.14999999999694,"[70, 69]","[0, 0]","[0, 0]",45
72,"[0, 1]",137.64999999999705,"[71, 71]","[0, 0]","[0, 0]",45
73,"[0, 1]",137.8999999999971,"[72, 72]","[0, 0]","[0, 0]",45
74,"[0, 3]",165.2000000000033,"[73, 70]","[0, 0]","[0, 0]",45
75,"[0, 1]",136.64999999999682,"[74, 73]","[0, 0]","[0, 0]",45
76,"[0, 3]",167.60000000000386,"[75, 74]","[0, 0]","[0, 0]",45
77,"[0, 1]",139.74999999999753,"[76, 75]","[0, 0]","[0, 0]",45
78,"[2, 1]",77.44999999999774,"[67, 25]","[3.999999999999994, 0]","[3.149999999999997, 0]",45
79,"[2, 1]",85.39999999999729,"[78, 27]","[4.849999999999991, 0]","[3.399999999999996, 0]",45
0,"[2, 1]",36.40000000000007,"[-999, -999]","[0, 0]","[0, 0]",46
1,"[0, 1]",67.6999999999983,"[-999, 8]","[0, 0]","[0, 0]",46
2,"[2, 1]",38.09999999999997,"[0, 0]","[0, 0]","[0, 0]",46
3,"[2, 3]",68.64999999999824,"[2, -999]","[0, 0]","[0, 0]",46
4,"[0, 3]",100.14999999999645,"[1, 3]","[0, 0]","[0, 0]",46
5,"[2, 1]",37.40000000000001,"[3, 2]","[0, 0]","[0, 0]",46
6,"[2, 1]",39.19999999999991,"[5, 5]","[0, 0]","[0, 0]",46
7,"[2, 1]",41.0999999999998,"[6, 6]","[0, 0]","[0, 0]",46
8,"[2, 1]",42.9499999999997,"[7, 7]","[0, 0]","[0, 0]",46
9,"[2, 1]",50.44999999999927,"[8, 1]","[3.049999999999997, 0]","[3.049999999999997, 0]",46
10,"[0, 1]",71.34999999999809,"[4, 9]","[0, 0]","[0, 0]",46
11,"[2, 3]",82.94999999999743,"[9, 4]","[2.5999999999999988, 0]","[2.5999999999999988, 0]",46
12,"[2, 1]",60.84999999999868,"[11, 13]","[6.799999999999984, 0]","[6.799999999999984, 0]",46
13,"[0, 1]",72.79999999999801,"[10, 10]","[0, 0]","[0, 0]",46
14,"[2, 1]",66.94999999999834,"[12, 17]","[0, 0]","[0, 0]",46
15,"[0, 3]",104.24999999999622,"[13, 11]","[0, 0]","[0, 0]",46
16,"[2, 1]",71.94999999999806,"[14, 18]","[0, 0]","[0, 0]",46
17,"[0, 1]",75.19999999999787,"[15, 12]","[0, 0]","[0, 0]",46
18,"[0, 1]",80.79999999999755,"[17, 14]","[2.4499999999999993, 0]","[2.4499999999999993, 0]",46
19,"[0, 3]",110.79999999999585,"[18, 15]","[0, 0]","[0, 0]",46
20,"[0, 3]",113.14999999999571,"[19, 19]","[0, 0]","[0, 0]",46
21,"[0, 1]",83.64999999999739,"[20, 22]","[0, 0]","[0, 0]",46
22,"[2, 1]",71.84999999999806,"[16, 16]","[19.600000000000144, 0]","[0, 0]",46
23,"[2, 3]",106.3499999999961,"[22, 20]","[17.700000000000117, 0]","[0, 0]",46
24,"[2, 1]",77.09999999999776,"[23, 21]","[16.050000000000093, 0]","[0, 0]",46
25,"[0, 3]",116.64999999999552,"[21, 23]","[0, 0]","[0, 0]",46
26,"[0, 3]",117.99999999999544,"[25, 25]","[0, 0]","[0, 0]",46
27,"[0, 1]",88.34999999999712,"[26, 24]","[0, 0]","[0, 0]",46
28,"[0, 1]",89.44999999999706,"[27, 27]","[0, 0]","[0, 0]",46
29,"[0, 1]",96.54999999999666,"[28, 43]","[2.549999999999999, 0]","[2.549999999999999, 0]",46
30,"[0, 3]",128.54999999999498,"[29, 49]","[2.9499999999999975, 0]","[2.9499999999999975, 0]",46
31,"[0, 1]",100.64999999999642,"[30, 50]","[0, 0]","[0, 0]",46
32,"[0, 3]",132.84999999999596,"[31, 56]","[0, 0]","[0, 0]",46
33,"[0, 3]",134.19999999999627,"[32, 32]","[0, 0]","[0, 0]",46
34,"[0, 1]",104.5499999999962,"[33, 59]","[0, 0]","[0, 0]",46
35,"[0, 1]",105.64999999999614,"[34, 34]","[0, 0]","[0, 0]",46
36,"[0, 3]",137.0499999999969,"[35, 66]","[0, 0]","[0, 0]",46
37,"[0, 1]",108.099999999996,"[36, 69]","[0, 0]","[0, 0]",46
38,"[0, 3]",139.39999999999745,"[37, 36]","[0, 0]","[0, 0]",46
39,"[0, 1]",110.99999999999584,"[38, 79]","[0, 0]","[0, 0]",46
40,"[0, 1]",112.09999999999577,"[39, 39]","[0, 0]","[0, 0]",46
41,"[0, 1]",113.09999999999572,"[40, 40]","[0, 0]","[0, 0]",46
42,"[2, 3]",115.2499999999956,"[24, 26]","[15.000000000000078, 0]","[0, 0]",46
43,"[2, 1]",91.74999999999693,"[42, 28]","[14.100000000000065, 0]","[0, 0]",46
44,"[0, 1]",114.14999999999566,"[41, 41]","[0, 0]","[0, 0]",46
45,"[0, 1]",115.1999999999956,"[44, 44]","[0, 0]","[0, 0]",46
46,"[0, 1]",116.19999999999554,"[45, 45]","[0, 0]","[0, 0]",46
47,"[0, 1]",117.24999999999548,"[46, 46]","[0, 0]","[0, 0]",46
48,"[0, 3]",148.19999999999945,"[47, 38]","[0, 0]","[0, 0]",46
49,"[2, 3]",122.74999999999517,"[43, 42]","[13.100000000000051, 0]","[0, 0]",46
50,"[2, 1]",94.94999999999675,"[49, 29]","[11.950000000000035, 0]","[0, 0]",46
51,"[0, 3]",150.54999999999998,"[48, 48]","[0, 0]","[0, 0]",46
52,"[0, 3]",152.10000000000034,"[51, 51]","[0, 0]","[0, 0]",46
53,"[0, 3]",153.40000000000063,"[52, 52]","[0, 0]","[0, 0]",46
54,"[0, 1]",124.14999999999509,"[53, -999]","[0, 0]","[0, 0]",46
55,"[0, 3]",155.65000000000114,"[54, 53]","[0, 0]","[0, 0]",46
56,"[2, 3]",128.74999999999503,"[50, 30]","[10.600000000000016, 0]","[0, 0]",46
57,"[0, 1]",128.09999999999488,"[55, 54]","[0, 0]","[0, 0]",46
58,"[0, 1]",129.29999999999515,"[57, 57]","[0, 0]","[0, 0]",46
59,"[2, 1]",99.84999999999647,"[56, 31]","[9.249999999999996, 0]","[0, 0]",46
60,"[0, 1]",130.3999999999954,"[58, 58]","[0, 0]","[0, 0]",46
61,"[0, 3]",161.45000000000246,"[60, 55]","[0, 0]","[0, 0]",46
62,"[0, 1]",134.09999999999624,"[61, 60]","[0, 0]","[0, 0]",46
63,"[0, 1]",135.04999999999646,"[62, 62]","[0.8000000000000002, 0]","[0, 0]",46
64,"[0, 3]",165.45000000000337,"[63, 61]","[1.4000000000000006, 0]","[0, 0]",46
65,"[0, 1]",136.39999999999677,"[64, 63]","[1.900000000000001, 0]","[0, 0]",46
66,"[2, 3]",137.99999999999713,"[59, 33]","[7.89999999999998, 0]","[0, 0]",46
67,"[0, 1]",135.99999999999667,"[65, 65]","[0.7500000000000001, 0]","[0, 0]",46
68,"[0, 1]",129.9999999999953,"[67, 67]","[0, 0]","[0, 0]",46
69,"[2, 1]",114.39999999999564,"[66, 35]","[6.499999999999985, 0]","[0, 0]",46
70,"[0, 3]",160.7000000000023,"[68, 64]","[0, 0]","[0, 0]",46
71,"[0, 1]",133.24999999999605,"[70, 68]","[0, 0]","[0, 0]",46
72,"[0, 1]",134.19999999999627,"[71, 71]","[0, 0]","[0, 0]",46
73,"[0, 1]",134.89999999999642,"[72, 72]","[0, 0]","[0, 0]",46
74,"[0, 3]",165.1500000000033,"[73, 70]","[0, 0]","[0, 0]",46
75,"[0, 1]",136.9499999999969,"[74, 73]","[0, 0]","[0, 0]",46
76,"[0, 1]",137.54999999999703,"[75, 75]","[0, 0]","[0, 0]",46
77,"[0, 1]",138.2499999999972,"[76, 76]","[0, 0]","[0, 0]",46
78,"[0, 1]",138.59999999999727,"[77, 77]","[0, 0]","[0, 0]",46
79,"[2, 1]",121.64999999999523,"[69, 37]","[8.84999999999999, 0]","[3.4499999999999957, 0]",46
0,"[0, 3]",97.19999999999662,"[-999, 10]","[0, 0]","[0, 0]",47
1,"[2, 1]",36.40000000000007,"[-999, -999]","[0, 0]","[0, 0]",47
2,"[2, 3]",68.49999999999825,"[1, -999]","[0, 0]","[0, 0]",47
3,"[0, 3]",100.44999999999644,"[0, 0]","[0, 0]","[0, 0]",47
4,"[0, 3]",102.19999999999634,"[3, 3]","[0, 0]","[0, 0]",47
5,"[2, 1]",38.64999999999994,"[2, 1]","[0, 0]","[0, 0]",47
6,"[2, 3]",69.59999999999819,"[5, 2]","[0, 0]","[0, 0]",47
7,"[2, 1]",39.89999999999987,"[6, 5]","[0, 0]","[0, 0]",47
8,"[0, 1]",72.54999999999802,"[4, 32]","[0, 0]","[0, 0]",47
9,"[0, 1]",73.09999999999799,"[8, 8]","[0, 0]","[0, 0]",47
10,"[2, 3]",70.19999999999816,"[7, 6]","[0, 0]","[0, 0]",47
11,"[0, 3]",102.19999999999634,"[9, 4]","[0, 0]","[0, 0]",47
12,"[0, 1]",75.09999999999788,"[11, 9]","[0, 0]","[0, 0]",47
13,"[2, 1]",40.699999999999825,"[10, 7]","[0, 0]","[0, 0]",47
14,"[0, 3]",110.34999999999587,"[12, 58]","[0, 0]","[0, 0]",47
15,"[0, 3]",111.39999999999581,"[14, 14]","[0, 0]","[0, 0]",47
16,"[0, 1]",81.04999999999754,"[15, 62]","[0, 0]","[0, 0]",47
17,"[0, 1]",82.14999999999748,"[16, 16]","[0, 0]","[0, 0]",47
18,"[2, 1]",42.59999999999972,"[13, 13]","[0, 0]","[0, 0]",47
19,"[0, 3]",114.24999999999565,"[17, 69]","[0, 0]","[0, 0]",47
20,"[2, 1]",44.199999999999626,"[18, 18]","[0, 0]","[0, 0]",47
21,"[0, 1]",85.2999999999973,"[19, 76]","[0, 0]","[0, 0]",47
22,"[0, 1]",85.99999999999726,"[21, 21]","[0, 0]","[0, 0]",47
23,"[0, 3]",116.9499999999955,"[22, 19]","[0, 0]","[0, 0]",47
24,"[0, 3]",119.24999999999537,"[23, 23]","[0, 0]","[0, 0]",47
25,"[0, 1]",90.69999999999699,"[24, 79]","[0, 0]","[0, 0]",47
26,"[0, 1]",91.69999999999693,"[25, 25]","[0, 0]","[0, 0]",47
27,"[0, 1]",92.79999999999687,"[26, 26]","[0, 0]","[0, 0]",47
28,"[0, 1]",93.89999999999681,"[27, 27]","[0, 0]","[0, 0]",47
29,"[0, 1]",94.89999999999675,"[28, 28]","[0, 0]","[0, 0]",47
30,"[0, 3]",125.84999999999499,"[29, 24]","[0, 0]","[0, 0]",47
31,"[0, 3]",128.1499999999949,"[30, 30]","[0, 0]","[0, 0]",47
32,"[2, 1]",45.74999999999954,"[20, 20]","[0, 0]","[0, 0]",47
33,"[0, 1]",99.74999999999648,"[31, 29]","[0, 0]","[0, 0]",47
34,"[0, 3]",131.19999999999558,"[33, 31]","[0, 0]","[0, 0]",47
35,"[0, 1]",103.64999999999625,"[34, 33]","[0, 0]","[0, 0]",47
36,"[0, 3]",134.99999999999645,"[35, 34]","[0, 0]","[0, 0]",47
37,"[0, 3]",137.24999999999696,"[36, 36]","[0, 0]","[0, 0]",47
38,"[0, 3]",138.7499999999973,"[37, 37]","[0, 0]","[0, 0]",47
39,"[0, 3]",140.0999999999976,"[38, 38]","[0, 0]","[0, 0]",47
40,"[0, 3]",141.24999999999787,"[39, 39]","[0, 0]","[0, 0]",47
41,"[0, 1]",111.99999999999578,"[40, -999]","[0, 0]","[0, 0]",47
42,"[0, 3]",143.49999999999838,"[41, 40]","[0, 0]","[0, 0]",47
43,"[0, 1]",115.89999999999556,"[42, 41]","[0, 0]","[0, 0]",47
44,"[0, 1]",117.04999999999549,"[43, 43]","[0, 0]","[0, 0]",47
45,"[0, 1]",118.14999999999543,"[44, 44]","[0, 0]","[0, 0]",47
46,"[0, 1]",119.19999999999537,"[45, 45]","[0, 0]","[0, 0]",47
47,"[0, 1]",120.19999999999531,"[46, 46]","[0, 0]","[0, 0]",47
48,"[0, 1]",121.29999999999525,"[47, 47]","[0, 0]","[0, 0]",47
49,"[0, 3]",152.30000000000038,"[48, 42]","[0.6, 0]","[0, 0]",47
50,"[0, 1]",125.04999999999504,"[49, 48]","[0.65, 0]","[0, 0]",47
51,"[0, 1]",126.14999999999498,"[50, 50]","[0, 0]","[0, 0]",47
52,"[0, 3]",157.30000000000152,"[51, 49]","[0, 0]","[0, 0]",47
53,"[2, 3]",72.74999999999801,"[32, 11]","[0, 0]","[0, 0]",47
54,"[0, 1]",130.09999999999533,"[52, 51]","[0, 0]","[0, 0]",47
55,"[0, 1]",131.14999999999557,"[54, 54]","[0, 0]","[0, 0]",47
56,"[0, 1]",132.1999999999958,"[55, 55]","[0, 0]","[0, 0]",47
57,"[0, 1]",132.44999999999587,"[56, 56]","[0, 0]","[0, 0]",47
58,"[2, 3]",72.64999999999802,"[53, 53]","[0, 0]","[0, 0]",47
59,"[2, 1]",42.19999999999974,"[58, 12]","[0, 0]","[0, 0]",47
60,"[0, 3]",161.6500000000025,"[57, 52]","[0, 0]","[0, 0]",47
61,"[0, 1]",133.99999999999622,"[60, 57]","[0, 0]","[0, 0]",47
62,"[2, 1]",43.849999999999646,"[59, 59]","[0, 0]","[0, 0]",47
63,"[0, 3]",165.1500000000033,"[61, 60]","[0, 0]","[0, 0]",47
64,"[0, 1]",137.449999999997,"[63, 61]","[0.7500000000000001, 0]","[0, 0]",47
65,"[2, 3]",77.34999999999775,"[62, 15]","[0, 0]","[0, 0]",47
66,"[0, 3]",168.15000000000398,"[64, 63]","[1.2500000000000004, 0]","[0, 0]",47
67,"[0, 1]",136.64999999999682,"[66, 64]","[1.6000000000000008, 0]","[0, 0]",47
68,"[0, 1]",136.34999999999675,"[67, 67]","[1.950000000000001, 0]","[0, 0]",47
69,"[2, 3]",78.59999999999768,"[65, 65]","[0, 0]","[0, 0]",47
70,"[0, 3]",166.9500000000037,"[68, 66]","[2.1000000000000005, 0]","[0, 0]",47
71,"[0, 3]",168.90000000000416,"[70, 70]","[1.6000000000000008, 0]","[0, 0]",47
72,"[0, 1]",134.8499999999964,"[71, 68]","[0, 0]","[0, 0]",47
73,"[0, 3]",164.7500000000032,"[72, 71]","[0, 0]","[0, 0]",47
74,"[0, 1]",136.9499999999969,"[73, 72]","[0.65, 0]","[0, 0]",47
75,"[0, 3]",167.3500000000038,"[74, 73]","[1.0000000000000002, 0]","[0, 0]",47
76,"[2, 1]",48.49999999999938,"[69, 17]","[3.2499999999999964, 0]","[3.2499999999999964, 0]",47
77,"[0, 1]",136.44999999999678,"[75, 74]","[1.2000000000000004, 0]","[0, 0]",47
78,"[0, 1]",137.24999999999696,"[77, 77]","[1.1000000000000003, 0]","[0, 0]",47
79,"[2, 1]",61.39999999999865,"[76, 22]","[2.799999999999998, 0]","[2.799999999999998, 0]",47
0,"[2, 1]",36.40000000000007,"[-999, -999]","[0, 0]","[0, 0]",48
1,"[2, 1]",38.09999999999997,"[0, 0]","[0, 0]","[0, 0]",48
2,"[2, 1]",39.89999999999987,"[1, 1]","[0, 0]","[0, 0]",48
3,"[2, 3]",69.04999999999822,"[2, -999]","[0, 0]","[0, 0]",48
4,"[0, 3]",97.74999999999659,"[-999, 9]","[0, 0]","[0, 0]",48
5,"[0, 1]",80.54999999999757,"[4, 18]","[5.899999999999987, 0]","[5.899999999999987, 0]",48
6,"[2, 1]",39.89999999999987,"[3, 2]","[0, 0]","[0, 0]",48
7,"[2, 3]",70.04999999999816,"[6, 3]","[0, 0]","[0, 0]",48
8,"[2, 1]",40.549999999999834,"[7, 6]","[0, 0]","[0, 0]",48
9,"[2, 3]",70.49999999999814,"[8, 7]","[0, 0]","[0, 0]",48
10,"[0, 3]",110.69999999999585,"[5, 22]","[0, 0]","[0, 0]",48
11,"[2, 1]",41.1999999999998,"[9, 8]","[0, 0]","[0, 0]",48
12,"[0, 3]",117.29999999999548,"[10, 29]","[2.4499999999999993, 0]","[2.4499999999999993, 0]",48
13,"[2, 3]",75.79999999999784,"[11, 4]","[0, 0]","[0, 0]",48
14,"[2, 1]",40.899999999999814,"[13, 11]","[0, 0]","[0, 0]",48
15,"[0, 1]",86.79999999999721,"[12, 30]","[0, 0]","[0, 0]",48
16,"[0, 1]",87.84999999999715,"[15, 15]","[0, 0]","[0, 0]",48
17,"[0, 1]",93.69999999999682,"[16, 43]","[2.4499999999999993, 0]","[2.4499999999999993, 0]",48
18,"[2, 1]",43.09999999999969,"[14, 14]","[0, 0]","[0, 0]",48
19,"[0, 3]",125.34999999999502,"[17, 62]","[0, 0]","[0, 0]",48
20,"[0, 3]",126.79999999999494,"[19, 19]","[0, 0]","[0, 0]",48
21,"[0, 1]",97.09999999999663,"[20, 64]","[0, 0]","[0, 0]",48
22,"[2, 3]",73.29999999999798,"[18, 13]","[0, 0]","[0, 0]",48
23,"[0, 1]",98.19999999999656,"[21, 21]","[0, 0]","[0, 0]",48
24,"[0, 1]",99.3499999999965,"[23, 23]","[0, 0]","[0, 0]",48
25,"[0, 3]",130.4499999999954,"[24, 20]","[0, 0]","[0, 0]",48
26,"[2, 1]",45.69999999999954,"[22, 5]","[0, 0]","[0, 0]",48
27,"[0, 3]",132.74999999999594,"[25, 25]","[0, 0]","[0, 0]",48
28,"[0, 3]",134.3499999999963,"[27, 27]","[0, 0]","[0, 0]",48
29,"[2, 3]",77.89999999999772,"[26, 10]","[0, 0]","[0, 0]",48
30,"[2, 1]",47.84999999999942,"[29, 26]","[0, 0]","[0, 0]",48
31,"[0, 1]",105.39999999999615,"[28, -999]","[0, 0]","[0, 0]",48
32,"[0, 1]",106.54999999999609,"[31, 31]","[0, 0]","[0, 0]",48
33,"[0, 3]",137.74999999999707,"[32, 28]","[0, 0]","[0, 0]",48
34,"[0, 3]",139.99999999999758,"[33, 33]","[0, 0]","[0, 0]",48
35,"[0, 1]",111.5499999999958,"[34, 32]","[0, 0]","[0, 0]",48
36,"[0, 1]",112.59999999999575,"[35, 35]","[0, 0]","[0, 0]",48
37,"[0, 1]",113.64999999999569,"[36, 36]","[0, 0]","[0, 0]",48
38,"[0, 1]",114.69999999999563,"[37, 37]","[0, 0]","[0, 0]",48
39,"[0, 1]",115.74999999999557,"[38, 38]","[0, 0]","[0, 0]",48
40,"[0, 1]",116.74999999999551,"[39, 39]","[0, 0]","[0, 0]",48
41,"[0, 3]",147.74999999999935,"[40, 34]","[0, 0]","[0, 0]",48
42,"[0, 1]",120.4999999999953,"[41, 40]","[0, 0]","[0, 0]",48
43,"[2, 1]",60.4499999999987,"[30, 16]","[6.449999999999985, 0]","[6.449999999999985, 0]",48
44,"[0, 1]",121.64999999999523,"[42, 42]","[0, 0]","[0, 0]",48
45,"[0, 3]",152.8000000000005,"[44, 41]","[0, 0]","[0, 0]",48
46,"[0, 1]",125.54999999999501,"[45, 44]","[0, 0]","[0, 0]",48
47,"[0, 1]",126.64999999999495,"[46, 46]","[0, 0]","[0, 0]",48
48,"[0, 1]",127.74999999999488,"[47, 47]","[0, 0]","[0, 0]",48
49,"[0, 1]",128.79999999999504,"[48, 48]","[0, 0]","[0, 0]",48
50,"[0, 3]",159.75000000000207,"[49, 45]","[0, 0]","[0, 0]",48
51,"[0, 3]",162.0000000000026,"[50, 50]","[0, 0]","[0, 0]",48
52,"[0, 1]",133.29999999999606,"[51, 49]","[0, 0]","[0, 0]",48
53,"[0, 3]",163.15000000000285,"[52, 51]","[0, 0]","[0, 0]",48
54,"[0, 1]",134.3999999999963,"[53, 52]","[0, 0]","[0, 0]",48
55,"[0, 3]",165.1500000000033,"[54, 53]","[0, 0]","[0, 0]",48
56,"[0, 3]",166.35000000000358,"[55, 55]","[0, 0]","[0, 0]",48
57,"[0, 3]",166.60000000000363,"[56, 56]","[0, 0]","[0, 0]",48
58,"[0, 1]",135.54999999999657,"[57, -999]","[0, 0]","[0, 0]",48
59,"[0, 1]",133.69999999999615,"[58, 58]","[0, 0]","[0, 0]",48
60,"[0, 1]",134.14999999999625,"[59, 59]","[0, 0]","[0, 0]",48
61,"[0, 1]",134.3999999999963,"[60, 60]","[0, 0]","[0, 0]",48
62,"[2, 3]",86.19999999999725,"[43, 12]","[8.399999999999984, 0]","[2.5999999999999988, 0]",48
63,"[0, 1]",133.8499999999962,"[61, 61]","[0.2, 0]","[0, 0]",48
64,"[2, 1]",59.29999999999877,"[62, 17]","[12.35000000000004, 0]","[1.5000000000000007, 0]",48
65,"[0, 1]",133.74999999999616,"[63, 63]","[1.1000000000000003, 0]","[0, 0]",48
66,"[0, 1]",134.24999999999628,"[65, 65]","[1.7000000000000008, 0]","[0, 0]",48
67,"[0, 1]",134.94999999999644,"[66, 66]","[1.950000000000001, 0]","[0, 0]",48
68,"[0, 1]",135.59999999999658,"[67, 67]","[1.4000000000000006, 0]","[0, 0]",48
69,"[0, 3]",160.2500000000022,"[68, -999]","[0, 0]","[0, 0]",48
70,"[0, 1]",132.04999999999578,"[69, 68]","[0, 0]","[0, 0]",48
71,"[0, 1]",132.84999999999596,"[70, 70]","[0, 0]","[0, 0]",48
72,"[0, 1]",132.74999999999594,"[71, 71]","[0, 0]","[0, 0]",48
73,"[0, 1]",131.59999999999567,"[72, 72]","[0, 0]","[0, 0]",48
74,"[0, 1]",131.99999999999577,"[73, 73]","[0, 0]","[0, 0]",48
75,"[0, 3]",162.25000000000264,"[74, 69]","[0, 0]","[0, 0]",48
76,"[0, 1]",133.8499999999962,"[75, 74]","[0, 0]","[0, 0]",48
77,"[0, 1]",133.8999999999962,"[76, 76]","[0, 0]","[0, 0]",48
78,"[0, 1]",129.44999999999519,"[77, 77]","[0, 0]","[0, 0]",48
79,"[0, 3]",159.95000000000212,"[78, 75]","[0, 0]","[0, 0]",48
0,"[2, 1]",36.40000000000007,"[-999, -999]","[0, 0]","[0, 0]",49
1,"[0, 3]",98.84999999999653,"[-999, 11]","[0, 0]","[0, 0]",49
2,"[2, 1]",38.09999999999997,"[0, 0]","[0, 0]","[0, 0]",49
3,"[0, 3]",101.0999999999964,"[1, 1]","[0, 0]","[0, 0]",49
4,"[0, 3]",102.44999999999632,"[3, 3]","[0, 0]","[0, 0]",49
5,"[2, 1]",39.89999999999987,"[2, 2]","[0, 0]","[0, 0]",49
6,"[2, 1]",41.79999999999976,"[5, 5]","[0, 0]","[0, 0]",49
7,"[0, 1]",80.09999999999759,"[4, 34]","[1.6500000000000008, 0]","[1.6500000000000008, 0]",49
8,"[0, 3]",114.79999999999562,"[7, 49]","[2.6499999999999986, 0]","[2.6499999999999986, 0]",49
9,"[2, 1]",43.54999999999966,"[6, 6]","[0, 0]","[0, 0]",49
10,"[2, 3]",70.74999999999812,"[9, -999]","[0, 0]","[0, 0]",49
11,"[2, 3]",73.29999999999798,"[10, 10]","[0, 0]","[0, 0]",49
12,"[0, 3]",115.84999999999556,"[8, 8]","[0, 0]","[0, 0]",49
13,"[0, 3]",116.8499999999955,"[12, 12]","[0, 0]","[0, 0]",49
14,"[0, 1]",84.24999999999736,"[13, 59]","[0, 0]","[0, 0]",49
15,"[0, 3]",116.04999999999555,"[14, 13]","[0, 0]","[0, 0]",49
16,"[0, 1]",90.69999999999699,"[15, 79]","[2.8999999999999977, 0]","[2.8999999999999977, 0]",49
17,"[0, 3]",120.79999999999528,"[16, 15]","[0, 0]","[0, 0]",49
18,"[2, 1]",43.39999999999967,"[11, 9]","[0, 0]","[0, 0]",49
19,"[0, 3]",123.09999999999515,"[17, 17]","[0, 0]","[0, 0]",49
20,"[0, 1]",94.54999999999677,"[19, 16]","[0, 0]","[0, 0]",49
21,"[0, 1]",95.64999999999671,"[20, 20]","[0, 0]","[0, 0]",49
22,"[2, 1]",44.44999999999961,"[18, 18]","[0, 0]","[0, 0]",49
23,"[0, 3]",126.84999999999494,"[21, 19]","[0, 0]","[0, 0]",49
24,"[0, 3]",129.0999999999951,"[23, 23]","[0, 0]","[0, 0]",49
25,"[0, 3]",130.69999999999547,"[24, 24]","[0, 0]","[0, 0]",49
26,"[0, 1]",101.69999999999636,"[25, -999]","[0, 0]","[0, 0]",49
27,"[0, 1]",102.7999999999963,"[26, 26]","[0, 0]","[0, 0]",49
28,"[2, 1]",45.69999999999954,"[22, 22]","[0, 0]","[0, 0]",49
29,"[0, 1]",103.89999999999624,"[27, 27]","[0, 0]","[0, 0]",49
30,"[2, 1]",46.79999999999948,"[28, 28]","[0, 0]","[0, 0]",49
31,"[0, 1]",104.94999999999618,"[29, 29]","[0, 0]","[0, 0]",49
32,"[0, 1]",105.94999999999612,"[31, 31]","[0, 0]","[0, 0]",49
33,"[0, 1]",106.99999999999606,"[32, 32]","[0, 0]","[0, 0]",49
34,"[2, 1]",47.64999999999943,"[30, 30]","[0, 0]","[0, 0]",49
35,"[0, 1]",108.049999999996,"[33, 33]","[0, 0]","[0, 0]",49
36,"[0, 3]",138.99999999999736,"[35, 25]","[0, 0]","[0, 0]",49
37,"[0, 3]",141.3499999999979,"[36, 36]","[0, 0]","[0, 0]",49
38,"[0, 3]",142.94999999999825,"[37, 37]","[0, 0]","[0, 0]",49
39,"[0, 1]",114.04999999999566,"[38, -999]","[0, 0]","[0, 0]",49
40,"[0, 3]",145.44999999999882,"[39, 38]","[0, 0]","[0, 0]",49
41,"[0, 1]",117.89999999999544,"[40, 39]","[0, 0]","[0, 0]",49
42,"[0, 1]",118.99999999999538,"[41, 41]","[0, 0]","[0, 0]",49
43,"[0, 1]",120.09999999999532,"[42, 42]","[0, 0]","[0, 0]",49
44,"[2, 3]",74.94999999999789,"[34, 4]","[0, 0]","[0, 0]",49
45,"[0, 1]",121.14999999999526,"[43, 43]","[0, 0]","[0, 0]",49
46,"[0, 1]",122.1999999999952,"[45, 45]","[0, 0]","[0, 0]",49
47,"[0, 1]",123.24999999999514,"[46, 46]","[0, 0]","[0, 0]",49
48,"[0, 1]",124.24999999999508,"[47, 47]","[0, 0]","[0, 0]",49
49,"[2, 3]",75.39999999999786,"[44, 44]","[0, 0]","[0, 0]",49
50,"[0, 3]",155.20000000000104,"[48, 40]","[0, 0]","[0, 0]",49
51,"[0, 1]",127.89999999999488,"[50, 48]","[0, 0]","[0, 0]",49
52,"[0, 1]",128.89999999999506,"[51, 51]","[0, 0]","[0, 0]",49
53,"[0, 1]",129.79999999999526,"[52, 52]","[0, 0]","[0, 0]",49
54,"[0, 1]",130.29999999999538,"[53, 53]","[0, 0]","[0, 0]",49
55,"[0, 3]",160.60000000000227,"[54, 50]","[0, 0]","[0, 0]",49
56,"[2, 1]",40.24999999999985,"[49, 7]","[0, 0]","[0, 0]",49
57,"[0, 3]",162.30000000000265,"[55, 55]","[0, 0]","[0, 0]",49
58,"[0, 1]",131.19999999999558,"[57, 54]","[0, 0]","[0, 0]",49
59,"[2, 1]",42.9499999999997,"[56, 56]","[0, 0]","[0, 0]",49
60,"[0, 1]",130.3499999999954,"[58, 58]","[0, 0]","[0, 0]",49
61,"[0, 3]",161.2000000000024,"[60, 57]","[0, 0]","[0, 0]",49
62,"[0, 1]",133.64999999999614,"[61, 60]","[0, 0]","[0, 0]",49
63,"[0, 1]",134.59999999999636,"[62, 62]","[0, 0]","[0, 0]",49
64,"[0, 1]",135.39999999999654,"[63, 63]","[0, 0]","[0, 0]",49
65,"[0, 1]",131.19999999999558,"[64, 64]","[0, 0]","[0, 0]",49
66,"[0, 1]",131.04999999999555,"[65, 65]","[0, 0]","[0, 0]",49
67,"[0, 3]",161.6500000000025,"[66, 61]","[0, 0]","[0, 0]",49
68,"[0, 1]",134.04999999999623,"[67, 66]","[0, 0]","[0, 0]",49
69,"[0, 3]",164.7500000000032,"[68, 67]","[0, 0]","[0, 0]",49
70,"[0, 3]",165.1500000000033,"[69, 69]","[0, 0]","[0, 0]",49
71,"[0, 1]",134.3999999999963,"[70, 68]","[0, 0]","[0, 0]",49
72,"[0, 1]",131.2999999999956,"[71, 71]","[0, 0]","[0, 0]",49
73,"[0, 3]",162.1000000000026,"[72, 70]","[0, 0]","[0, 0]",49
74,"[0, 3]",164.2000000000031,"[73, 73]","[0.39999999999999997, 0]","[0, 0]",49
75,"[0, 1]",135.6499999999966,"[74, 72]","[0, 0]","[0, 0]",49
76,"[0, 1]",136.5499999999968,"[75, 75]","[0, 0]","[0, 0]",49
77,"[0, 1]",132.94999999999598,"[76, 76]","[0, 0]","[0, 0]",49
78,"[0, 3]",163.0000000000028,"[77, 74]","[0, 0]","[0, 0]",49
79,"[2, 1]",36.75000000000005,"[59, 14]","[0, 0]","[0, 0]",49
0,"[2, 3]",67.7499999999983,"[-999, -999]","[0, 0]","[0, 0]",50
1,"[2, 3]",70.84999999999812,"[0, 0]","[0, 0]","[0, 0]",50
2,"[2, 3]",72.69999999999801,"[1, 1]","[0, 0]","[0, 0]",50
3,"[2, 3]",74.24999999999793,"[2, 2]","[0, 0]","[0, 0]",50
4,"[2, 1]",40.14999999999986,"[3, -999]","[0, 0]","[0, 0]",50
5,"[2, 3]",72.24999999999804,"[4, 3]","[0, 0]","[0, 0]",50
6,"[2, 1]",41.64999999999977,"[5, 4]","[0, 0]","[0, 0]",50
7,"[2, 1]",43.499999999999666,"[6, 6]","[0, 0]","[0, 0]",50
8,"[2, 3]",71.04999999999811,"[7, 5]","[0, 0]","[0, 0]",50
9,"[0, 3]",97.4999999999966,"[-999, 8]","[0, 0]","[0, 0]",50
10,"[2, 1]",42.649999999999714,"[8, 7]","[0, 0]","[0, 0]",50
11,"[0, 1]",82.34999999999746,"[9, 30]","[5.849999999999987, 0]","[5.849999999999987, 0]",50
12,"[0, 3]",110.84999999999584,"[11, 9]","[0, 0]","[0, 0]",50
13,"[0, 1]",82.84999999999744,"[12, 43]","[0, 0]","[0, 0]",50
14,"[0, 3]",115.54999999999558,"[13, 44]","[0, 0]","[0, 0]",50
15,"[0, 3]",116.9499999999955,"[14, 14]","[0, 0]","[0, 0]",50
16,"[0, 1]",87.14999999999719,"[15, 51]","[0, 0]","[0, 0]",50
17,"[0, 1]",88.24999999999713,"[16, 16]","[0, 0]","[0, 0]",50
18,"[2, 1]",44.29999999999962,"[10, 10]","[0, 0]","[0, 0]",50
19,"[0, 3]",119.64999999999534,"[17, 52]","[0, 0]","[0, 0]",50
20,"[0, 1]",95.54999999999671,"[19, 59]","[2.1500000000000004, 0]","[2.1500000000000004, 0]",50
21,"[2, 1]",45.799999999999535,"[18, 18]","[0, 0]","[0, 0]",50
22,"[0, 3]",125.89999999999499,"[20, 19]","[0, 0]","[0, 0]",50
23,"[0, 3]",128.1999999999949,"[22, 22]","[0, 0]","[0, 0]",50
24,"[0, 1]",99.54999999999649,"[23, 61]","[0, 0]","[0, 0]",50
25,"[0, 1]",100.59999999999643,"[24, 24]","[0, 0]","[0, 0]",50
26,"[0, 1]",101.69999999999636,"[25, 25]","[0, 0]","[0, 0]",50
27,"[0, 3]",132.79999999999595,"[26, 79]","[0, 0]","[0, 0]",50
28,"[0, 1]",105.44999999999615,"[27, 26]","[0, 0]","[0, 0]",50
29,"[0, 1]",106.54999999999609,"[28, 28]","[0, 0]","[0, 0]",50
30,"[2, 1]",47.049999999999464,"[21, 21]","[0, 0]","[0, 0]",50
31,"[0, 1]",107.59999999999603,"[29, 29]","[0, 0]","[0, 0]",50
32,"[0, 1]",108.69999999999597,"[31, 31]","[0, 0]","[0, 0]",50
33,"[0, 3]",139.69999999999752,"[32, 27]","[0, 0]","[0, 0]",50
34,"[0, 3]",142.09999999999806,"[33, 33]","[0, 0]","[0, 0]",50
35,"[0, 1]",113.59999999999569,"[34, 32]","[0, 0]","[0, 0]",50
36,"[0, 1]",114.69999999999563,"[35, 35]","[0, 0]","[0, 0]",50
37,"[0, 3]",145.89999999999893,"[36, 34]","[0.8000000000000002, 0]","[0, 0]",50
38,"[0, 1]",118.49999999999541,"[37, 36]","[1.850000000000001, 0]","[0, 0]",50
39,"[0, 1]",119.54999999999535,"[38, 38]","[2.499999999999999, 0]","[0, 0]",50
40,"[0, 1]",120.69999999999528,"[39, 39]","[2.549999999999999, 0]","[0, 0]",50
41,"[0, 1]",121.74999999999523,"[40, 40]","[2.2, 0]","[0, 0]",50
42,"[0, 1]",122.74999999999517,"[41, 41]","[1.7000000000000008, 0]","[0, 0]",50
43,"[2, 1]",52.94999999999913,"[30, 11]","[2.7499999999999982, 0]","[2.7499999999999982, 0]",50
44,"[2, 3]",84.44999999999735,"[43, 12]","[2.6999999999999984, 0]","[0.05, 0]",50
45,"[0, 1]",123.74999999999511,"[42, 42]","[1.1000000000000003, 0]","[0, 0]",50
46,"[0, 1]",124.84999999999505,"[45, 45]","[0.39999999999999997, 0]","[0, 0]",50
47,"[0, 3]",155.8500000000012,"[46, 37]","[0, 0]","[0, 0]",50
48,"[0, 1]",128.599999999995,"[47, 46]","[0, 0]","[0, 0]",50
49,"[0, 3]",160.00000000000213,"[48, 47]","[0, 0]","[0, 0]",50
50,"[0, 1]",132.39999999999586,"[49, 48]","[0, 0]","[0, 0]",50
51,"[2, 1]",56.04999999999895,"[44, 13]","[9.349999999999998, 0]","[1.6500000000000008, 0]",50
52,"[2, 3]",93.49999999999683,"[51, 15]","[9.700000000000003, 0]","[0, 0]",50
53,"[0, 1]",131.94999999999575,"[50, 50]","[0, 0]","[0, 0]",50
54,"[0, 1]",131.54999999999566,"[53, 53]","[0, 0]","[0, 0]",50
55,"[0, 1]",132.29999999999583,"[54, 54]","[0, 0]","[0, 0]",50
56,"[0, 3]",163.05000000000283,"[55, 49]","[0, 0]","[0, 0]",50
57,"[2, 1]",69.79999999999818,"[52, 17]","[15.600000000000087, 0]","[0, 0]",50
58,"[0, 1]",135.29999999999652,"[56, 55]","[0, 0]","[0, 0]",50
59,"[2, 1]",69.4999999999982,"[57, 57]","[13.200000000000053, 0]","[0, 0]",50
60,"[0, 1]",135.34999999999653,"[58, 58]","[0, 0]","[0, 0]",50
61,"[2, 1]",77.69999999999773,"[59, 20]","[14.550000000000072, 0]","[3.049999999999997, 0]",50
62,"[0, 3]",165.00000000000327,"[60, 56]","[0, 0]","[0, 0]",50
63,"[0, 3]",165.2000000000033,"[62, 62]","[0, 0]","[0, 0]",50
64,"[0, 1]",135.74999999999662,"[63, 60]","[0, 0]","[0, 0]",50
65,"[0, 3]",166.4000000000036,"[64, 63]","[0, 0]","[0, 0]",50
66,"[0, 1]",133.34999999999607,"[65, 64]","[0, 0]","[0, 0]",50
67,"[0, 1]",133.9499999999962,"[66, 66]","[0, 0]","[0, 0]",50
68,"[0, 1]",134.7499999999964,"[67, 67]","[0, 0]","[0, 0]",50
69,"[0, 1]",135.14999999999648,"[68, 68]","[0, 0]","[0, 0]",50
70,"[0, 3]",164.80000000000322,"[69, 65]","[0, 0]","[0, 0]",50
71,"[0, 1]",136.44999999999678,"[70, 69]","[0, 0]","[0, 0]",50
72,"[0, 1]",136.24999999999673,"[71, 71]","[0, 0]","[0, 0]",50
73,"[0, 1]",135.99999999999667,"[72, 72]","[0, 0]","[0, 0]",50
74,"[0, 3]",166.5000000000036,"[73, 70]","[0, 0]","[0, 0]",50
75,"[0, 1]",138.89999999999733,"[74, 73]","[0, 0]","[0, 0]",50
76,"[0, 1]",139.5999999999975,"[75, 75]","[0, 0]","[0, 0]",50
77,"[0, 1]",135.2499999999965,"[76, 76]","[0, 0]","[0, 0]",50
78,"[0, 1]",135.1999999999965,"[77, 77]","[0, 0]","[0, 0]",50
79,"[2, 3]",104.4999999999962,"[61, 23]","[0, 0]","[0, 0]",50
0,"[2, 1]",36.40000000000007,"[-999, -999]","[0, 0]","[0, 0]",51
1,"[2, 3]",68.49999999999825,"[0, -999]","[0, 0]","[0, 0]",51
2,"[2, 1]",37.30000000000002,"[1, 0]","[0, 0]","[0, 0]",51
3,"[2, 1]",39.04999999999992,"[2, 2]","[0, 0]","[0, 0]",51
4,"[2, 3]",70.99999999999811,"[3, 1]","[0, 0]","[0, 0]",51
5,"[2, 3]",73.54999999999797,"[4, 4]","[0, 0]","[0, 0]",51
6,"[2, 1]",39.59999999999989,"[5, 3]","[0, 0]","[0, 0]",51
7,"[2, 1]",41.99999999999975,"[6, 6]","[0, 0]","[0, 0]",51
8,"[2, 1]",42.8999999999997,"[7, 7]","[0, 0]","[0, 0]",51
9,"[0, 1]",77.39999999999775,"[-999, 11]","[0, 0]","[5.09999999999999, 0]",51
10,"[2, 1]",44.199999999999626,"[8, 8]","[0, 0]","[0, 0]",51
11,"[2, 1]",45.49999999999955,"[10, 10]","[0, 0]","[0, 0]",51
12,"[0, 1]",81.99999999999748,"[9, 13]","[2.3499999999999996, 0]","[2.3499999999999996, 0]",51
13,"[2, 1]",52.04999999999918,"[11, 9]","[0.9000000000000002, 0]","[0.9000000000000002, 0]",51
14,"[0, 1]",88.59999999999711,"[12, 18]","[1.0500000000000003, 0]","[1.0500000000000003, 0]",51
15,"[0, 1]",88.04999999999714,"[14, 14]","[0, 0]","[0, 0]",51
16,"[0, 1]",88.6499999999971,"[15, 15]","[0, 0]","[0, 0]",51
17,"[0, 3]",119.39999999999536,"[16, 28]","[0, 0]","[0, 0]",51
18,"[2, 1]",57.399999999998876,"[13, 12]","[6.749999999999984, 0]","[6.749999999999984, 0]",51
19,"[2, 3]",87.49999999999717,"[18, 5]","[10.85000000000002, 0]","[2.3999999999999995, 0]",51
20,"[0, 3]",121.29999999999525,"[17, 17]","[0, 0]","[0, 0]",51
21,"[0, 3]",122.74999999999517,"[20, 20]","[0, 0]","[0, 0]",51
22,"[0, 1]",95.04999999999674,"[21, 59]","[0, 0]","[0, 0]",51
23,"[0, 1]",101.24999999999639,"[22, 61]","[2.9499999999999975, 0]","[2.9499999999999975, 0]",51
24,"[0, 1]",106.74999999999608,"[23, 79]","[1.950000000000001, 0]","[1.950000000000001, 0]",51
25,"[0, 1]",106.14999999999611,"[24, 24]","[0, 0]","[0, 0]",51
26,"[0, 1]",106.79999999999607,"[25, 25]","[0, 0]","[0, 0]",51
27,"[0, 1]",107.79999999999602,"[26, 26]","[0, 0]","[0, 0]",51
28,"[2, 3]",90.84999999999698,"[19, 19]","[11.55000000000003, 0]","[0, 0]",51
29,"[0, 1]",108.74999999999596,"[27, 27]","[0, 0]","[0, 0]",51
30,"[0, 1]",109.7999999999959,"[29, 29]","[0, 0]","[0, 0]",51
31,"[0, 3]",140.74999999999775,"[30, -999]","[0, 0]","[0, 0]",51
32,"[0, 3]",143.0999999999983,"[31, 31]","[0, 0]","[0, 0]",51
33,"[0, 1]",114.69999999999563,"[32, 30]","[0, 0]","[0, 0]",51
34,"[0, 3]",146.199999999999,"[33, 32]","[0, 0]","[0, 0]",51
35,"[0, 3]",148.3999999999995,"[34, 34]","[0, 0]","[0, 0]",51
36,"[0, 3]",149.94999999999985,"[35, 35]","[0, 0]","[0, 0]",51
37,"[0, 3]",151.25000000000014,"[36, 36]","[0, 0]","[0, 0]",51
38,"[0, 3]",152.50000000000043,"[37, 37]","[0, 0]","[0, 0]",51
39,"[0, 3]",153.6500000000007,"[38, 38]","[0, 0]","[0, 0]",51
40,"[0, 1]",124.29999999999508,"[39, -999]","[0, 0]","[0, 0]",51
41,"[0, 3]",155.80000000000118,"[40, 39]","[0, 0]","[0, 0]",51
42,"[0, 1]",128.29999999999492,"[41, 40]","[0, 0]","[0, 0]",51
43,"[0, 1]",129.44999999999519,"[42, 42]","[0, 0]","[0, 0]",51
44,"[0, 1]",130.54999999999544,"[43, 43]","[0, 0]","[0, 0]",51
45,"[2, 1]",64.1499999999985,"[28, 16]","[11.700000000000031, 0]","[0, 0]",51
46,"[0, 1]",131.54999999999566,"[44, 44]","[0, 0]","[0, 0]",51
47,"[0, 1]",132.5999999999959,"[46, 46]","[0, 0]","[0, 0]",51
48,"[0, 3]",163.55000000000294,"[47, 41]","[0, 0]","[0, 0]",51
49,"[0, 3]",165.85000000000346,"[48, 48]","[0, 0]","[0, 0]",51
50,"[2, 1]",65.8499999999984,"[45, 45]","[12.750000000000046, 0]","[0, 0]",51
51,"[0, 1]",137.449999999997,"[49, 47]","[0, 0]","[0, 0]",51
52,"[0, 3]",168.90000000000416,"[51, 49]","[0.5499999999999999, 0]","[0, 0]",51
53,"[0, 3]",170.9000000000046,"[52, 52]","[0.9500000000000003, 0]","[0, 0]",51
54,"[0, 1]",139.49999999999747,"[53, 51]","[1.2000000000000004, 0]","[0, 0]",51
55,"[0, 3]",168.00000000000395,"[54, 53]","[1.4000000000000006, 0]","[0, 0]",51
56,"[0, 1]",135.99999999999667,"[55, 54]","[1.2500000000000004, 0]","[0, 0]",51
57,"[0, 3]",166.9500000000037,"[56, 55]","[0.49999999999999994, 0]","[0, 0]",51
58,"[0, 3]",163.850000000003,"[57, 57]","[0, 0]","[0, 0]",51
59,"[2, 1]",67.79999999999829,"[50, 50]","[10.450000000000014, 0]","[0, 0]",51
60,"[0, 3]",164.50000000000315,"[58, 58]","[0, 0]","[0, 0]",51
61,"[2, 1]",76.09999999999782,"[59, 22]","[8.84999999999999, 0]","[0, 0]",51
62,"[0, 3]",165.6000000000034,"[60, 60]","[0, 0]","[0, 0]",51
63,"[0, 3]",166.4000000000036,"[62, 62]","[0.9500000000000003, 0]","[0, 0]",51
64,"[0, 1]",136.34999999999675,"[63, -999]","[1.5000000000000007, 0]","[0, 0]",51
65,"[0, 1]",135.6499999999966,"[64, 64]","[1.850000000000001, 0]","[0, 0]",51
66,"[0, 3]",165.85000000000346,"[65, 63]","[2.2, 0]","[0, 0]",51
67,"[0, 1]",138.09999999999715,"[66, 65]","[2.25, 0]","[0, 0]",51
68,"[0, 1]",138.84999999999732,"[67, 67]","[1.6000000000000008, 0]","[0, 0]",51
69,"[0, 1]",133.29999999999606,"[68, 68]","[0.6, 0]","[0, 0]",51
70,"[0, 1]",133.54999999999612,"[69, 69]","[1.0000000000000002, 0]","[0, 0]",51
71,"[0, 1]",134.2999999999963,"[70, 70]","[1.2000000000000004, 0]","[0, 0]",51
72,"[0, 1]",132.89999999999597,"[71, 71]","[1.3500000000000005, 0]","[0, 0]",51
73,"[0, 1]",131.2499999999956,"[72, 72]","[1.3500000000000005, 0]","[0, 0]",51
74,"[0, 1]",131.99999999999577,"[73, 73]","[0.9000000000000002, 0]","[0, 0]",51
75,"[0, 1]",132.84999999999596,"[74, 74]","[0, 0]","[0, 0]",51
76,"[0, 1]",132.49999999999588,"[75, 75]","[0, 0]","[0, 0]",51
77,"[0, 1]",129.34999999999516,"[76, 76]","[0, 0]","[0, 0]",51
78,"[0, 1]",130.14999999999534,"[77, 77]","[0, 0]","[0, 0]",51
79,"[2, 1]",67.49999999999831,"[61, 23]","[0, 0]","[0, 0]",51
0,"[0, 3]",102.34999999999633,"[-999, 8]","[0, 0]","[2.5999999999999988, 0]",52
1,"[2, 1]",36.40000000000007,"[-999, -999]","[0, 0]","[0, 0]",52
2,"[2, 1]",38.09999999999997,"[1, 1]","[0, 0]","[0, 0]",52
3,"[2, 1]",39.89999999999987,"[2, 2]","[0, 0]","[0, 0]",52
4,"[2, 3]",69.04999999999822,"[3, -999]","[0, 0]","[0, 0]",52
5,"[2, 1]",39.89999999999987,"[4, 3]","[0, 0]","[0, 0]",52
6,"[2, 3]",70.04999999999816,"[5, 4]","[0, 0]","[0, 0]",52
7,"[2, 1]",40.549999999999834,"[6, 5]","[0, 0]","[0, 0]",52
8,"[2, 3]",70.49999999999814,"[7, 6]","[0, 0]","[0, 0]",52
9,"[2, 1]",41.1999999999998,"[8, 7]","[0, 0]","[0, 0]",52
10,"[2, 3]",74.7999999999979,"[9, 0]","[0, 0]","[0, 0]",52
11,"[2, 1]",40.24999999999985,"[10, 9]","[0, 0]","[0, 0]",52
12,"[2, 1]",42.54999999999972,"[11, 11]","[0, 0]","[0, 0]",52
13,"[0, 1]",74.7999999999979,"[0, 12]","[2.6499999999999986, 0]","[2.6499999999999986, 0]",52
14,"[0, 1]",76.04999999999782,"[13, 13]","[0, 0]","[0, 0]",52
15,"[0, 1]",77.09999999999776,"[14, 14]","[0, 0]","[0, 0]",52
16,"[0, 1]",78.0999999999977,"[15, 15]","[0, 0]","[0, 0]",52
17,"[2, 3]",72.849999999998,"[12, 10]","[0, 0]","[0, 0]",52
18,"[0, 1]",84.09999999999737,"[16, 54]","[2.499999999999999, 0]","[2.499999999999999, 0]",52
19,"[2, 3]",75.14999999999787,"[17, 17]","[0, 0]","[0, 0]",52
20,"[0, 1]",84.39999999999735,"[18, 18]","[0, 0]","[0, 0]",52
21,"[0, 1]",85.3499999999973,"[20, 20]","[0, 0]","[0, 0]",52
22,"[0, 1]",91.24999999999696,"[21, 59]","[2.4499999999999993, 0]","[2.4499999999999993, 0]",52
23,"[2, 3]",76.79999999999778,"[19, 19]","[0, 0]","[0, 0]",52
24,"[0, 3]",121.14999999999526,"[22, 58]","[0, 0]","[0, 0]",52
25,"[0, 1]",93.9999999999968,"[24, 22]","[0, 0]","[0, 0]",52
26,"[0, 1]",95.04999999999674,"[25, 25]","[0, 0]","[0, 0]",52
27,"[0, 3]",126.19999999999497,"[26, 24]","[0, 0]","[0, 0]",52
28,"[0, 1]",98.84999999999653,"[27, 26]","[0, 0]","[0, 0]",52
29,"[0, 1]",99.94999999999646,"[28, 28]","[0, 0]","[0, 0]",52
30,"[0, 1]",101.0499999999964,"[29, 29]","[0, 0]","[0, 0]",52
31,"[0, 1]",102.09999999999634,"[30, 30]","[0, 0]","[0, 0]",52
32,"[2, 3]",78.04999999999771,"[23, 23]","[0, 0]","[0, 0]",52
33,"[0, 3]",133.09999999999602,"[31, 27]","[0, 0]","[0, 0]",52
34,"[0, 1]",105.89999999999613,"[33, 31]","[0, 0]","[0, 0]",52
35,"[0, 1]",106.99999999999606,"[34, 34]","[0, 0]","[0, 0]",52
36,"[0, 3]",138.14999999999716,"[35, 33]","[0, 0]","[0, 0]",52
37,"[0, 1]",110.89999999999584,"[36, 35]","[0, 0]","[0, 0]",52
38,"[0, 3]",142.19999999999808,"[37, 36]","[0, 0]","[0, 0]",52
39,"[0, 3]",144.39999999999858,"[38, 38]","[0, 0]","[0, 0]",52
40,"[0, 3]",145.94999999999894,"[39, 39]","[1.3000000000000005, 0]","[0, 0]",52
41,"[0, 1]",116.9499999999955,"[40, -999]","[1.2000000000000004, 0]","[0, 0]",52
42,"[0, 1]",117.99999999999544,"[41, 41]","[0.7500000000000001, 0]","[0, 0]",52
43,"[0, 1]",119.09999999999538,"[42, 42]","[0, 0]","[0, 0]",52
44,"[0, 1]",120.14999999999532,"[43, 43]","[0, 0]","[0, 0]",52
45,"[0, 1]",121.19999999999526,"[44, 44]","[0, 0]","[0, 0]",52
46,"[0, 1]",122.1999999999952,"[45, 45]","[0, 0]","[0, 0]",52
47,"[0, 3]",153.15000000000057,"[46, 40]","[0, 0]","[0, 0]",52
48,"[0, 3]",155.4500000000011,"[47, 47]","[0, 0]","[0, 0]",52
49,"[0, 1]",127.04999999999492,"[48, 46]","[0, 0]","[0, 0]",52
50,"[0, 3]",158.45000000000178,"[49, 48]","[0, 0]","[0, 0]",52
51,"[0, 1]",130.7999999999955,"[50, 49]","[0, 0]","[0, 0]",52
52,"[0, 1]",131.6999999999957,"[51, 51]","[0, 0]","[0, 0]",52
53,"[0, 1]",132.5999999999959,"[52, 52]","[0, 0]","[0, 0]",52
54,"[2, 1]",50.94999999999924,"[32, 16]","[2.1500000000000004, 0]","[2.1500000000000004, 0]",52
55,"[0, 3]",163.45000000000292,"[53, 50]","[0, 0]","[0, 0]",52
56,"[0, 3]",165.35000000000335,"[55, 55]","[0, 0]","[0, 0]",52
57,"[0, 3]",165.40000000000336,"[56, 56]","[0, 0]","[0, 0]",52
58,"[2, 3]",79.9499999999976,"[54, 32]","[0, 0]","[0, 0]",52
59,"[2, 1]",62.849999999998566,"[58, 21]","[9.800000000000004, 0]","[9.800000000000004, 0]",52
60,"[0, 3]",165.6000000000034,"[57, 57]","[0, 0]","[0, 0]",52
61,"[0, 1]",135.74999999999662,"[60, -999]","[0, 0]","[0, 0]",52
62,"[0, 3]",163.800000000003,"[61, 60]","[0, 0]","[0, 0]",52
63,"[0, 3]",164.55000000000317,"[62, 62]","[0, 0]","[0, 0]",52
64,"[0, 3]",165.25000000000333,"[63, 63]","[0, 0]","[0, 0]",52
65,"[0, 1]",134.3499999999963,"[64, -999]","[0, 0]","[0, 0]",52
66,"[0, 3]",164.90000000000325,"[65, 64]","[0, 0]","[0, 0]",52
67,"[0, 1]",133.14999999999603,"[66, 65]","[0, 0]","[0, 0]",52
68,"[0, 1]",132.44999999999587,"[67, 67]","[0.2, 0]","[0, 0]",52
69,"[0, 3]",163.20000000000286,"[68, 66]","[1.0500000000000003, 0]","[0, 0]",52
70,"[0, 1]",135.49999999999656,"[69, 68]","[1.5000000000000007, 0]","[0, 0]",52
71,"[0, 1]",135.39999999999654,"[70, 70]","[1.850000000000001, 0]","[0, 0]",52
72,"[0, 1]",135.59999999999658,"[71, 71]","[2.1000000000000005, 0]","[0, 0]",52
73,"[0, 3]",166.25000000000355,"[72, 69]","[1.900000000000001, 0]","[0, 0]",52
74,"[0, 1]",138.64999999999728,"[73, 72]","[1.2000000000000004, 0]","[0, 0]",52
75,"[0, 1]",133.79999999999617,"[74, 74]","[0, 0]","[0, 0]",52
76,"[0, 1]",133.9499999999962,"[75, 75]","[0, 0]","[0, 0]",52
77,"[0, 1]",134.7499999999964,"[76, 76]","[0, 0]","[0, 0]",52
78,"[0, 1]",135.59999999999658,"[77, 77]","[0, 0]","[0, 0]",52
79,"[0, 3]",166.15000000000353,"[78, 73]","[0, 0]","[0, 0]",52
0,"[2, 3]",67.7499999999983,"[-999, -999]","[0, 0]","[0, 0]",53
1,"[2, 3]",70.84999999999812,"[0, 0]","[0, 0]","[0, 0]",53
2,"[0, 1]",67.79999999999829,"[-999, 9]","[0, 0]","[0, 0]",53
3,"[0, 3]",100.14999999999645,"[2, 1]","[0, 0]","[0, 0]",53
4,"[2, 1]",37.550000000000004,"[1, -999]","[0, 0]","[0, 0]",53
5,"[2, 1]",39.49999999999989,"[4, 4]","[0, 0]","[0, 0]",53
6,"[0, 3]",108.39999999999598,"[3, 30]","[1.7500000000000009, 0]","[1.7500000000000009, 0]",53
7,"[2, 1]",41.44999999999978,"[5, 5]","[0, 0]","[0, 0]",53
8,"[2, 1]",43.29999999999968,"[7, 7]","[0, 0]","[0, 0]",53
9,"[2, 1]",44.79999999999959,"[8, 8]","[0, 0]","[0, 0]",53
10,"[0, 1]",77.04999999999777,"[6, 11]","[0, 0]","[0, 0]",53
11,"[2, 1]",51.54999999999921,"[9, 2]","[2.8999999999999977, 0]","[2.8999999999999977, 0]",53
12,"[0, 1]",78.2499999999977,"[10, 10]","[0, 0]","[0, 0]",53
13,"[0, 1]",84.84999999999732,"[12, 40]","[2.6999999999999984, 0]","[2.6999999999999984, 0]",53
14,"[0, 3]",116.39999999999553,"[13, 45]","[0, 0]","[0, 0]",53
15,"[0, 1]",88.29999999999713,"[14, 49]","[0, 0]","[0, 0]",53
16,"[0, 1]",88.7999999999971,"[15, 15]","[0, 0]","[0, 0]",53
17,"[0, 1]",89.79999999999704,"[16, 16]","[0, 0]","[0, 0]",53
18,"[0, 1]",95.19999999999673,"[17, 59]","[2.3999999999999995, 0]","[2.3999999999999995, 0]",53
19,"[0, 1]",100.44999999999644,"[18, 61]","[2.549999999999999, 0]","[2.549999999999999, 0]",53
20,"[0, 1]",100.89999999999641,"[19, 19]","[0, 0]","[0, 0]",53
21,"[0, 1]",101.79999999999636,"[20, 20]","[0, 0]","[0, 0]",53
22,"[0, 1]",102.8499999999963,"[21, 21]","[0, 0]","[0, 0]",53
23,"[0, 3]",133.74999999999616,"[22, 58]","[0, 0]","[0, 0]",53
24,"[0, 1]",106.54999999999609,"[23, 22]","[0, 0]","[0, 0]",53
25,"[0, 1]",107.64999999999603,"[24, 24]","[0, 0]","[0, 0]",53
26,"[0, 1]",108.69999999999597,"[25, 25]","[0, 0]","[0, 0]",53
27,"[0, 3]",139.74999999999753,"[26, 23]","[0, 0]","[0, 0]",53
28,"[0, 1]",112.39999999999576,"[27, 26]","[0, 0]","[0, 0]",53
29,"[0, 1]",113.4999999999957,"[28, 28]","[0, 0]","[0, 0]",53
30,"[2, 3]",81.94999999999749,"[11, 3]","[2.3, 0]","[2.3, 0]",53
31,"[0, 1]",114.54999999999563,"[29, 29]","[0, 0]","[0, 0]",53
32,"[0, 1]",115.64999999999557,"[31, 31]","[0, 0]","[0, 0]",53
33,"[2, 3]",89.14999999999708,"[30, 6]","[6.349999999999985, 0]","[6.349999999999985, 0]",53
34,"[0, 1]",116.69999999999551,"[32, 32]","[0, 0]","[0, 0]",53
35,"[0, 1]",117.69999999999546,"[34, 34]","[0, 0]","[0, 0]",53
36,"[0, 1]",118.7499999999954,"[35, 35]","[0, 0]","[0, 0]",53
37,"[0, 1]",119.79999999999534,"[36, 36]","[0, 0]","[0, 0]",53
38,"[0, 3]",150.70000000000002,"[37, 27]","[0, 0]","[0, 0]",53
39,"[0, 1]",123.49999999999513,"[38, 37]","[0, 0]","[0, 0]",53
40,"[2, 1]",60.34999999999871,"[33, 12]","[8.899999999999991, 0]","[1.900000000000001, 0]",53
41,"[0, 1]",124.59999999999506,"[39, 39]","[0, 0]","[0, 0]",53
42,"[0, 1]",125.699999999995,"[41, 41]","[0, 0]","[0, 0]",53
43,"[0, 1]",126.74999999999494,"[42, 42]","[0, 0]","[0, 0]",53
44,"[0, 1]",127.74999999999488,"[43, 43]","[0, 0]","[0, 0]",53
45,"[2, 3]",88.89999999999709,"[40, 33]","[12.750000000000046, 0]","[1.0500000000000003, 0]",53
46,"[0, 1]",128.79999999999504,"[44, 44]","[0, 0]","[0, 0]",53
47,"[0, 1]",129.84999999999528,"[46, 46]","[0, 0]","[0, 0]",53
48,"[0, 1]",130.8499999999955,"[47, 47]","[0, 0]","[0, 0]",53
49,"[2, 1]",60.29999999999871,"[45, 13]","[12.100000000000037, 0]","[0, 0]",53
50,"[0, 3]",161.75000000000253,"[48, 38]","[0, 0]","[0, 0]",53
51,"[0, 1]",134.24999999999628,"[50, 48]","[0, 0]","[0, 0]",53
52,"[0, 3]",161.1500000000024,"[51, 50]","[0, 0]","[0, 0]",53
53,"[0, 1]",131.94999999999575,"[52, 51]","[0, 0]","[0, 0]",53
54,"[0, 1]",132.44999999999587,"[53, 53]","[0, 0]","[0, 0]",53
55,"[0, 1]",132.6499999999959,"[54, 54]","[0, 0]","[0, 0]",53
56,"[2, 3]",90.29999999999701,"[49, 14]","[10.300000000000011, 0]","[0, 0]",53
57,"[0, 1]",131.59999999999567,"[55, 55]","[0, 0]","[0, 0]",53
58,"[2, 3]",93.09999999999685,"[56, 56]","[8.14999999999998, 0]","[0, 0]",53
59,"[2, 1]",67.6499999999983,"[58, 17]","[6.499999999999985, 0]","[0, 0]",53
60,"[0, 1]",131.2499999999956,"[57, 57]","[0, 0]","[0, 0]",53
61,"[2, 1]",73.39999999999797,"[59, 18]","[4.94999999999999, 0]","[0, 0]",53
62,"[0, 1]",131.39999999999563,"[60, 60]","[0, 0]","[0, 0]",53
63,"[0, 1]",130.7999999999955,"[62, 62]","[0, 0]","[0, 0]",53
64,"[0, 3]",159.8500000000021,"[63, 52]","[0, 0]","[0, 0]",53
65,"[0, 3]",161.40000000000245,"[64, 64]","[0, 0]","[0, 0]",53
66,"[0, 3]",162.5000000000027,"[65, 65]","[0, 0]","[0, 0]",53
67,"[0, 3]",163.55000000000294,"[66, 66]","[0, 0]","[0, 0]",53
68,"[0, 1]",133.99999999999622,"[67, -999]","[0, 0]","[0, 0]",53
69,"[0, 1]",134.44999999999632,"[68, 68]","[0, 0]","[0, 0]",53
70,"[0, 3]",160.7500000000023,"[69, 67]","[0, 0]","[0, 0]",53
71,"[0, 1]",131.14999999999557,"[70, 69]","[0, 0]","[0, 0]",53
72,"[0, 1]",131.6999999999957,"[71, 71]","[0, 0]","[0, 0]",53
73,"[0, 1]",132.24999999999582,"[72, 72]","[0, 0]","[0, 0]",53
74,"[0, 3]",162.65000000000273,"[73, 70]","[0, 0]","[0, 0]",53
75,"[0, 1]",134.69999999999638,"[74, 73]","[0, 0]","[0, 0]",53
76,"[0, 1]",135.39999999999654,"[75, 75]","[0, 0]","[0, 0]",53
77,"[0, 1]",136.1499999999967,"[76, 76]","[0, 0]","[0, 0]",53
78,"[0, 1]",136.5999999999968,"[77, 77]","[0, 0]","[0, 0]",53
79,"[0, 1]",132.89999999999597,"[78, 78]","[0, 0]","[0, 0]",53
0,"[2, 1]",36.40000000000007,"[-999, -999]","[0, 0]","[0, 0]",54
1,"[0, 3]",101.0499999999964,"[-999, 9]","[0, 0]","[0, 0]",54
2,"[2, 1]",38.09999999999997,"[0, 0]","[0, 0]","[0, 0]",54
3,"[2, 1]",39.89999999999987,"[2, 2]","[0, 0]","[0, 0]",54
4,"[2, 3]",69.04999999999822,"[3, -999]","[0, 0]","[0, 0]",54
5,"[2, 1]",39.89999999999987,"[4, 3]","[0, 0]","[0, 0]",54
6,"[2, 1]",41.749999999999766,"[5, 5]","[0, 0]","[0, 0]",54
7,"[2, 1]",43.499999999999666,"[6, 6]","[0, 0]","[0, 0]",54
8,"[0, 1]",68.39999999999826,"[1, 12]","[0, 0]","[0, 0]",54
9,"[2, 3]",70.84999999999812,"[7, 4]","[0, 0]","[0, 0]",54
10,"[0, 1]",70.44999999999814,"[8, 8]","[0, 0]","[0, 0]",54
11,"[0, 1]",71.44999999999808,"[10, 10]","[0, 0]","[0, 0]",54
12,"[2, 1]",42.69999999999971,"[9, 7]","[0, 0]","[0, 0]",54
13,"[0, 1]",72.14999999999804,"[11, 11]","[0, 0]","[0, 0]",54
14,"[0, 3]",103.64999999999625,"[13, 45]","[0, 0]","[0, 0]",54
15,"[0, 3]",105.84999999999613,"[14, 14]","[0, 0]","[0, 0]",54
16,"[0, 3]",107.49999999999604,"[15, 15]","[0, 0]","[0, 0]",54
17,"[0, 1]",77.54999999999774,"[16, 59]","[0, 0]","[0, 0]",54
18,"[0, 1]",78.74999999999767,"[17, 17]","[0, 0]","[0, 0]",54
19,"[0, 3]",110.64999999999586,"[18, 73]","[0, 0]","[0, 0]",54
20,"[0, 1]",81.49999999999751,"[19, 18]","[0, 0]","[0, 0]",54
21,"[0, 1]",82.59999999999745,"[20, 20]","[0, 0]","[0, 0]",54
22,"[2, 3]",75.64999999999785,"[12, 1]","[0, 0]","[0, 0]",54
23,"[0, 3]",113.74999999999568,"[21, 19]","[0, 0]","[0, 0]",54
24,"[0, 3]",116.04999999999555,"[23, 23]","[0, 0]","[0, 0]",54
25,"[0, 1]",87.54999999999717,"[24, 21]","[0, 0]","[0, 0]",54
26,"[0, 3]",118.99999999999538,"[25, 24]","[0, 0]","[0, 0]",54
27,"[0, 1]",91.54999999999694,"[26, 25]","[0, 0]","[0, 0]",54
28,"[0, 3]",122.89999999999516,"[27, 26]","[0, 0]","[0, 0]",54
29,"[0, 1]",95.39999999999672,"[28, 27]","[0, 0]","[0, 0]",54
30,"[0, 3]",126.74999999999494,"[29, 28]","[0, 0]","[0, 0]",54
31,"[0, 1]",99.2999999999965,"[30, 29]","[0, 0]","[0, 0]",54
32,"[0, 3]",130.64999999999546,"[31, 30]","[0, 0]","[0, 0]",54
33,"[0, 3]",132.84999999999596,"[32, 32]","[0, 0]","[0, 0]",54
34,"[0, 1]",104.29999999999622,"[33, 31]","[0, 0]","[0, 0]",54
35,"[0, 3]",135.79999999999663,"[34, 33]","[0, 0]","[0, 0]",54
36,"[0, 1]",108.29999999999599,"[35, 34]","[0, 0]","[0, 0]",54
37,"[0, 1]",109.39999999999593,"[36, 36]","[0, 0]","[0, 0]",54
38,"[0, 3]",140.5499999999977,"[37, 35]","[0, 0]","[0, 0]",54
39,"[0, 1]",113.24999999999571,"[38, 37]","[0, 0]","[0, 0]",54
40,"[0, 1]",114.29999999999565,"[39, 39]","[0, 0]","[0, 0]",54
41,"[0, 1]",115.39999999999559,"[40, 40]","[0, 0]","[0, 0]",54
42,"[0, 1]",116.49999999999552,"[41, 41]","[0, 0]","[0, 0]",54
43,"[0, 1]",117.49999999999547,"[42, 42]","[0, 0]","[0, 0]",54
44,"[0, 1]",118.5499999999954,"[43, 43]","[0, 0]","[0, 0]",54
45,"[2, 3]",69.04999999999822,"[22, 22]","[0, 0]","[0, 0]",54
46,"[0, 1]",119.64999999999534,"[44, 44]","[0, 0]","[0, 0]",54
47,"[0, 1]",120.69999999999528,"[46, 46]","[0, 0]","[0, 0]",54
48,"[0, 3]",151.65000000000023,"[47, 38]","[0, 0]","[0, 0]",54
49,"[0, 1]",124.39999999999507,"[48, 47]","[0, 0]","[0, 0]",54
50,"[0, 3]",155.80000000000118,"[49, 48]","[0, 0]","[0, 0]",54
51,"[0, 1]",128.39999999999495,"[50, 49]","[0, 0]","[0, 0]",54
52,"[0, 3]",159.75000000000207,"[51, 50]","[0, 0]","[0, 0]",54
53,"[0, 1]",132.24999999999582,"[52, 51]","[0, 0]","[0, 0]",54
54,"[0, 1]",133.34999999999607,"[53, 53]","[0, 0]","[0, 0]",54
55,"[0, 1]",134.3999999999963,"[54, 54]","[0, 0]","[0, 0]",54
56,"[2, 1]",37.550000000000004,"[45, 13]","[0, 0]","[0, 0]",54
57,"[2, 1]",39.299999999999905,"[56, 56]","[0, 0]","[0, 0]",54
58,"[0, 1]",135.39999999999654,"[55, 55]","[0, 0]","[0, 0]",54
59,"[2, 1]",41.1499999999998,"[57, 57]","[0, 0]","[0, 0]",54
60,"[2, 3]",76.14999999999782,"[59, 16]","[0, 0]","[0, 0]",54
61,"[0, 3]",166.15000000000353,"[58, 52]","[0, 0]","[0, 0]",54
62,"[0, 1]",138.39999999999722,"[61, 58]","[0, 0]","[0, 0]",54
63,"[0, 3]",167.05000000000373,"[62, 61]","[0, 0]","[0, 0]",54
64,"[0, 3]",166.20000000000354,"[63, 63]","[0, 0]","[0, 0]",54
65,"[0, 3]",167.00000000000372,"[64, 64]","[0.7000000000000001, 0]","[0, 0]",54
66,"[0, 1]",137.54999999999703,"[65, -999]","[0.6, 0]","[0, 0]",54
67,"[0, 1]",132.79999999999595,"[66, 66]","[0, 0]","[0, 0]",54
68,"[0, 1]",132.84999999999596,"[67, 67]","[0, 0]","[0, 0]",54
69,"[0, 1]",133.59999999999613,"[68, 68]","[0, 0]","[0, 0]",54
70,"[0, 3]",164.10000000000306,"[69, 65]","[0, 0]","[0, 0]",54
71,"[0, 1]",135.44999999999655,"[70, 69]","[0, 0]","[0, 0]",54
72,"[0, 1]",135.2499999999965,"[71, 71]","[0, 0]","[0, 0]",54
73,"[2, 3]",73.39999999999797,"[60, 60]","[0, 0]","[0, 0]",54
74,"[0, 3]",166.0500000000035,"[72, 70]","[0, 0]","[0, 0]",54
75,"[0, 3]",168.10000000000397,"[74, 74]","[0, 0]","[0, 0]",54
76,"[0, 1]",139.39999999999745,"[75, 72]","[0, 0]","[0, 0]",54
77,"[0, 1]",140.0499999999976,"[76, 76]","[0, 0]","[0, 0]",54
78,"[0, 1]",136.34999999999675,"[77, 77]","[0, 0]","[0, 0]",54
79,"[0, 3]",165.35000000000335,"[78, 75]","[0, 0]","[0, 0]",54
0,"[2, 3]",67.7499999999983,"[-999, -999]","[0, 0]","[0, 0]",55
1,"[2, 1]",37.15000000000003,"[0, -999]","[0, 0]","[0, 0]",55
2,"[0, 1]",74.6499999999979,"[-999, 12]","[0, 0]","[2.849999999999998, 0]",55
3,"[0, 1]",74.99999999999788,"[2, 2]","[0, 0]","[0, 0]",55
4,"[2, 1]",38.89999999999993,"[1, 1]","[0, 0]","[0, 0]",55
5,"[0, 3]",105.94999999999612,"[3, 15]","[0, 0]","[0, 0]",55
6,"[2, 1]",40.74999999999982,"[4, 4]","[0, 0]","[0, 0]",55
7,"[2, 1]",42.54999999999972,"[6, 6]","[0, 0]","[0, 0]",55
8,"[2, 1]",44.09999999999963,"[7, 7]","[0, 0]","[0, 0]",55
9,"[2, 1]",45.54999999999955,"[8, 8]","[0, 0]","[0, 0]",55
10,"[0, 1]",82.69999999999744,"[5, 37]","[2.7499999999999982, 0]","[2.7499999999999982, 0]",55
11,"[0, 3]",112.69999999999574,"[10, 5]","[0, 0]","[0, 0]",55
12,"[2, 1]",46.849999999999476,"[9, 9]","[0, 0]","[0, 0]",55
13,"[0, 1]",84.54999999999734,"[11, 38]","[0, 0]","[0, 0]",55
14,"[0, 3]",117.24999999999548,"[13, 40]","[0, 0]","[0, 0]",55
15,"[2, 3]",76.19999999999781,"[12, 0]","[0, 0]","[0, 0]",55
16,"[0, 1]",88.94999999999709,"[14, 41]","[0, 0]","[0, 0]",55
17,"[0, 1]",89.54999999999706,"[16, 16]","[0, 0]","[0, 0]",55
18,"[0, 1]",94.94999999999675,"[17, 59]","[2.4499999999999993, 0]","[2.4499999999999993, 0]",55
19,"[0, 3]",125.04999999999504,"[18, 56]","[0, 0]","[0, 0]",55
20,"[0, 1]",96.29999999999667,"[19, 66]","[0, 0]","[0, 0]",55
21,"[0, 3]",127.59999999999489,"[20, 19]","[0, 0]","[0, 0]",55
22,"[0, 3]",129.79999999999526,"[21, 21]","[0, 0]","[0, 0]",55
23,"[0, 1]",101.0999999999964,"[22, 79]","[0, 0]","[0, 0]",55
24,"[0, 3]",132.44999999999587,"[23, 22]","[0, 0]","[0, 0]",55
25,"[0, 1]",104.94999999999618,"[24, 23]","[0, 0]","[0, 0]",55
26,"[0, 1]",106.04999999999612,"[25, 25]","[0, 0]","[0, 0]",55
27,"[0, 3]",137.19999999999695,"[26, 24]","[0, 0]","[0, 0]",55
28,"[0, 3]",139.54999999999748,"[27, 27]","[0, 0]","[0, 0]",55
29,"[2, 1]",54.599999999999035,"[15, 3]","[2.9499999999999975, 0]","[2.9499999999999975, 0]",55
30,"[0, 1]",111.04999999999583,"[28, 26]","[0, 0]","[0, 0]",55
31,"[0, 3]",142.54999999999816,"[30, 28]","[0, 0]","[0, 0]",55
32,"[0, 3]",144.74999999999866,"[31, 31]","[0, 0]","[0, 0]",55
33,"[0, 3]",146.34999999999903,"[32, 32]","[0, 0]","[0, 0]",55
34,"[0, 3]",147.64999999999932,"[33, 33]","[0, 0]","[0, 0]",55
35,"[0, 1]",118.49999999999541,"[34, -999]","[0, 0]","[0, 0]",55
36,"[0, 3]",149.94999999999985,"[35, 34]","[0, 0]","[0, 0]",55
37,"[2, 1]",52.69999999999914,"[29, 29]","[2.9499999999999975, 0]","[2.9499999999999975, 0]",55
38,"[2, 1]",60.049999999998725,"[37, 10]","[4.199999999999993, 0]","[0, 0]",55
39,"[0, 3]",152.15000000000035,"[36, 36]","[0, 0]","[0, 0]",55
40,"[2, 3]",92.1999999999969,"[38, 11]","[12.900000000000048, 0]","[0, 0]",55
41,"[2, 1]",63.199999999998546,"[40, 13]","[14.800000000000075, 0]","[0, 0]",55
42,"[0, 1]",123.59999999999512,"[39, 35]","[0, 0]","[0, 0]",55
43,"[0, 1]",124.64999999999506,"[42, 42]","[0, 0]","[0, 0]",55
44,"[0, 1]",125.749999999995,"[43, 43]","[0, 0]","[0, 0]",55
45,"[0, 3]",156.85000000000142,"[44, 39]","[0, 0]","[0, 0]",55
46,"[0, 1]",129.4999999999952,"[45, 44]","[0, 0]","[0, 0]",55
47,"[0, 1]",130.59999999999545,"[46, 46]","[0, 0]","[0, 0]",55
48,"[0, 3]",161.80000000000254,"[47, 45]","[0, 0]","[0, 0]",55
49,"[0, 1]",134.44999999999632,"[48, 47]","[0, 0]","[0, 0]",55
50,"[0, 3]",165.75000000000344,"[49, 48]","[0, 0]","[0, 0]",55
51,"[0, 1]",137.94999999999712,"[50, 49]","[0, 0]","[0, 0]",55
52,"[0, 3]",168.6000000000041,"[51, 50]","[0, 0]","[0, 0]",55
53,"[0, 1]",140.4499999999977,"[52, 51]","[0, 0]","[0, 0]",55
54,"[0, 1]",141.09999999999783,"[53, 53]","[0, 0]","[0, 0]",55
55,"[0, 1]",141.19999999999786,"[54, 54]","[0, 0]","[0, 0]",55
56,"[2, 3]",91.04999999999697,"[41, 14]","[10.800000000000018, 0]","[0, 0]",55
57,"[0, 1]",137.24999999999696,"[55, 55]","[0, 0]","[0, 0]",55
58,"[0, 1]",137.0499999999969,"[57, 57]","[0, 0]","[0, 0]",55
59,"[2, 1]",67.04999999999833,"[56, 17]","[8.79999999999999, 0]","[0, 0]",55
60,"[0, 1]",136.79999999999686,"[58, 58]","[0, 0]","[0, 0]",55
61,"[0, 1]",136.69999999999683,"[60, 60]","[0, 0]","[0, 0]",55
62,"[0, 3]",166.5000000000036,"[61, 52]","[0, 0]","[0, 0]",55
63,"[0, 1]",137.94999999999712,"[62, 61]","[0, 0]","[0, 0]",55
64,"[0, 3]",167.50000000000384,"[63, 62]","[0, 0]","[0, 0]",55
65,"[0, 3]",168.50000000000406,"[64, 64]","[0, 0]","[0, 0]",55
66,"[2, 1]",68.99999999999822,"[59, 18]","[3.4999999999999956, 0]","[0, 0]",55
67,"[0, 1]",138.94999999999735,"[65, 63]","[0, 0]","[0, 0]",55
68,"[0, 3]",165.1500000000033,"[67, 65]","[0, 0]","[0, 0]",55
69,"[0, 3]",166.75000000000367,"[68, 68]","[0, 0]","[0, 0]",55
70,"[0, 3]",167.50000000000384,"[69, 69]","[0, 0]","[0, 0]",55
71,"[0, 1]",136.24999999999673,"[70, -999]","[0, 0]","[0, 0]",55
72,"[0, 1]",136.5999999999968,"[71, 71]","[0, 0]","[0, 0]",55
73,"[0, 3]",167.4000000000038,"[72, 70]","[0, 0]","[0, 0]",55
74,"[0, 3]",168.80000000000413,"[73, 73]","[0, 0]","[0, 0]",55
75,"[0, 1]",137.8499999999971,"[74, 72]","[0, 0]","[0, 0]",55
76,"[0, 1]",136.9499999999969,"[75, 75]","[0, 0]","[0, 0]",55
77,"[0, 1]",136.34999999999675,"[76, 76]","[0, 0]","[0, 0]",55
78,"[0, 1]",136.69999999999683,"[77, 77]","[0, 0]","[0, 0]",55
79,"[2, 1]",65.34999999999843,"[66, 20]","[0, 0]","[0, 0]",55
0,"[2, 1]",36.40000000000007,"[-999, -999]","[0, 0]","[0, 0]",56
1,"[2, 1]",38.09999999999997,"[0, 0]","[0, 0]","[0, 0]",56
2,"[2, 1]",39.89999999999987,"[1, 1]","[0, 0]","[0, 0]",56
3,"[2, 1]",41.79999999999976,"[2, 2]","[0, 0]","[0, 0]",56
4,"[2, 1]",43.54999999999966,"[3, 3]","[0, 0]","[0, 0]",56
5,"[2, 1]",45.04999999999958,"[4, 4]","[0, 0]","[0, 0]",56
6,"[2, 1]",46.349999999999504,"[5, 5]","[0, 0]","[0, 0]",56
7,"[2, 1]",47.399999999999444,"[6, 6]","[0, 0]","[0, 0]",56
8,"[2, 1]",48.449999999999385,"[7, 7]","[0, 0]","[0, 0]",56
9,"[2, 1]",60.4999999999987,"[8, 13]","[6.849999999999984, 0]","[6.849999999999984, 0]",56
10,"[2, 3]",91.34999999999695,"[9, 14]","[0, 0]","[0, 0]",56
11,"[0, 1]",70.24999999999815,"[-999, 8]","[0, 0]","[0, 0]",56
12,"[2, 1]",68.34999999999826,"[10, 16]","[0, 0]","[0, 0]",56
13,"[0, 1]",71.54999999999808,"[11, 11]","[0, 0]","[0, 0]",56
14,"[0, 3]",100.59999999999643,"[13, -999]","[0, 0]","[0, 0]",56
15,"[0, 1]",74.24999999999793,"[14, 9]","[0, 0]","[0, 0]",56
16,"[0, 1]",75.24999999999787,"[15, 15]","[0, 0]","[0, 0]",56
17,"[2, 3]",98.79999999999653,"[12, 10]","[21.800000000000175, 0]","[0.05, 0]",56
18,"[0, 1]",82.34999999999746,"[16, 12]","[2.4499999999999993, 0]","[2.4499999999999993, 0]",56
19,"[0, 3]",113.69999999999568,"[18, 17]","[0, 0]","[0, 0]",56
20,"[0, 1]",84.59999999999734,"[19, 18]","[0, 0]","[0, 0]",56
21,"[0, 1]",85.74999999999727,"[20, 20]","[0, 0]","[0, 0]",56
22,"[0, 1]",86.84999999999721,"[21, 21]","[0, 0]","[0, 0]",56
23,"[2, 3]",107.74999999999602,"[17, 19]","[24.450000000000212, 0]","[2.9499999999999975, 0]",56
24,"[0, 3]",120.69999999999528,"[22, 38]","[0, 0]","[0, 0]",56
25,"[0, 3]",126.89999999999493,"[24, 41]","[2.799999999999998, 0]","[2.799999999999998, 0]",56
26,"[0, 3]",127.84999999999488,"[25, 25]","[0, 0]","[0, 0]",56
27,"[2, 3]",109.8999999999959,"[23, 23]","[19.200000000000138, 0]","[0, 0]",56
28,"[0, 3]",133.69999999999615,"[26, 45]","[2.4499999999999993, 0]","[2.4499999999999993, 0]",56
29,"[0, 1]",102.9499999999963,"[28, -999]","[0, 0]","[0, 0]",56
30,"[0, 1]",104.09999999999623,"[29, 29]","[0.05, 0]","[0, 0]",56
31,"[0, 1]",105.24999999999616,"[30, 30]","[0.8500000000000002, 0]","[0, 0]",56
32,"[0, 1]",111.79999999999579,"[31, 59]","[3.8499999999999943, 0]","[2.6999999999999984, 0]",56
33,"[0, 3]",141.09999999999783,"[32, 57]","[1.4000000000000006, 0]","[0, 0]",56
34,"[0, 1]",112.99999999999572,"[33, 64]","[1.6500000000000008, 0]","[0, 0]",56
35,"[0, 3]",144.14999999999853,"[34, 33]","[1.800000000000001, 0]","[0, 0]",56
36,"[0, 1]",116.54999999999552,"[35, 34]","[2.000000000000001, 0]","[0, 0]",56
37,"[0, 1]",117.64999999999546,"[36, 36]","[2.1500000000000004, 0]","[0, 0]",56
38,"[2, 3]",111.99999999999578,"[27, 27]","[17.450000000000113, 0]","[0, 0]",56
39,"[0, 1]",118.7499999999954,"[37, 37]","[2.25, 0]","[0, 0]",56
40,"[0, 1]",119.79999999999534,"[39, 39]","[2.3499999999999996, 0]","[0, 0]",56
41,"[2, 3]",119.29999999999536,"[38, 24]","[15.950000000000092, 0]","[0, 0]",56
42,"[0, 1]",120.79999999999528,"[40, 40]","[2.3999999999999995, 0]","[0, 0]",56
43,"[0, 3]",151.80000000000027,"[42, 35]","[3.049999999999997, 0]","[0, 0]",56
44,"[0, 1]",124.59999999999506,"[43, 42]","[4.299999999999993, 0]","[0, 0]",56
45,"[2, 3]",130.59999999999545,"[41, 26]","[16.950000000000106, 0]","[2.499999999999999, 0]",56
46,"[0, 1]",125.699999999995,"[44, 44]","[4.699999999999991, 0]","[0, 0]",56
47,"[0, 1]",126.79999999999494,"[46, 46]","[4.749999999999991, 0]","[0, 0]",56
48,"[0, 3]",157.80000000000163,"[47, 43]","[4.399999999999992, 0]","[0, 0]",56
49,"[0, 3]",160.15000000000217,"[48, 48]","[3.899999999999994, 0]","[0, 0]",56
50,"[0, 3]",161.80000000000254,"[49, 49]","[3.399999999999996, 0]","[0, 0]",56
51,"[0, 3]",163.05000000000283,"[50, 50]","[2.849999999999998, 0]","[0, 0]",56
52,"[2, 3]",136.69999999999683,"[45, 28]","[12.950000000000049, 0]","[0, 0]",56
53,"[0, 3]",164.3000000000031,"[51, 51]","[2.2, 0]","[0, 0]",56
54,"[0, 1]",135.09999999999647,"[53, -999]","[1.3500000000000005, 0]","[0, 0]",56
55,"[0, 1]",136.19999999999672,"[54, 54]","[1.3500000000000005, 0]","[0, 0]",56
56,"[0, 1]",137.24999999999696,"[55, 55]","[1.3000000000000005, 0]","[0, 0]",56
57,"[2, 3]",138.19999999999717,"[52, 52]","[11.450000000000028, 0]","[0, 0]",56
58,"[0, 3]",167.65000000000387,"[56, 53]","[1.4000000000000006, 0]","[0, 0]",56
59,"[2, 1]",113.89999999999567,"[57, 31]","[10.000000000000007, 0]","[0, 0]",56
60,"[0, 3]",166.55000000000362,"[58, 58]","[1.0000000000000002, 0]","[0, 0]",56
61,"[0, 1]",132.84999999999596,"[60, 56]","[0, 0]","[0, 0]",56
62,"[0, 1]",132.5999999999959,"[61, 61]","[0, 0]","[0, 0]",56
63,"[0, 3]",163.60000000000295,"[62, 60]","[0, 0]","[0, 0]",56
64,"[2, 1]",119.54999999999535,"[59, 32]","[10.050000000000008, 0]","[0, 0]",56
65,"[0, 1]",135.99999999999667,"[63, 62]","[0, 0]","[0, 0]",56
66,"[0, 1]",135.54999999999657,"[65, 65]","[0, 0]","[0, 0]",56
67,"[0, 1]",133.8499999999962,"[66, 66]","[0, 0]","[0, 0]",56
68,"[0, 1]",133.74999999999616,"[67, 67]","[0, 0]","[0, 0]",56
69,"[0, 3]",163.0000000000028,"[68, 63]","[0, 0]","[0, 0]",56
70,"[0, 3]",160.15000000000217,"[69, 69]","[0, 0]","[0, 0]",56
71,"[0, 1]",131.34999999999562,"[70, 68]","[0, 0]","[0, 0]",56
72,"[0, 1]",132.24999999999582,"[71, 71]","[0, 0]","[0, 0]",56
73,"[0, 1]",132.69999999999592,"[72, 72]","[0, 0]","[0, 0]",56
74,"[0, 3]",159.8000000000021,"[73, 70]","[0.9000000000000002, 0]","[0, 0]",56
75,"[0, 1]",132.0999999999958,"[74, 73]","[1.3000000000000005, 0]","[0, 0]",56
76,"[0, 1]",132.999999999996,"[75, 75]","[1.6500000000000008, 0]","[0, 0]",56
77,"[0, 1]",133.69999999999615,"[76, 76]","[1.950000000000001, 0]","[0, 0]",56
78,"[0, 1]",133.4999999999961,"[77, 77]","[2.2, 0]","[0, 0]",56
79,"[0, 3]",162.85000000000278,"[78, 74]","[2.4499999999999993, 0]","[0, 0]",56
0,"[2, 1]",36.40000000000007,"[-999, -999]","[0, 0]","[0, 0]",57
1,"[2, 3]",68.49999999999825,"[0, -999]","[0, 0]","[0, 0]",57
2,"[2, 1]",38.64999999999994,"[1, 0]","[0, 0]","[0, 0]",57
3,"[2, 1]",40.549999999999834,"[2, 2]","[0, 0]","[0, 0]",57
4,"[2, 1]",42.449999999999726,"[3, 3]","[0, 0]","[0, 0]",57
5,"[2, 1]",43.99999999999964,"[4, 4]","[0, 0]","[0, 0]",57
6,"[0, 3]",98.09999999999657,"[-999, 8]","[0, 0]","[0, 0]",57
7,"[2, 3]",71.0999999999981,"[5, 1]","[0, 0]","[0, 0]",57
8,"[2, 3]",73.69999999999796,"[7, 7]","[0, 0]","[0, 0]",57
9,"[2, 1]",43.74999999999965,"[8, 5]","[0, 0]","[0, 0]",57
10,"[2, 1]",44.79999999999959,"[9, 9]","[0, 0]","[0, 0]",57
11,"[0, 1]",69.24999999999821,"[6, 10]","[0, 0]","[0, 0]",57
12,"[2, 1]",51.39999999999922,"[10, 11]","[2.849999999999998, 0]","[2.849999999999998, 0]",57
13,"[0, 1]",75.74999999999784,"[11, 12]","[2.0500000000000007, 0]","[2.0500000000000007, 0]",57
14,"[0, 1]",76.24999999999781,"[13, 13]","[0, 0]","[0, 0]",57
15,"[0, 3]",107.19999999999605,"[14, 6]","[0, 0]","[0, 0]",57
16,"[0, 1]",79.54999999999762,"[15, 18]","[0, 0]","[0, 0]",57
17,"[0, 3]",111.29999999999582,"[16, 29]","[0, 0]","[0, 0]",57
18,"[2, 1]",62.09999999999861,"[12, 14]","[10.400000000000013, 0]","[9.800000000000004, 0]",57
19,"[0, 3]",112.79999999999573,"[17, 17]","[0, 0]","[0, 0]",57
20,"[0, 1]",83.3999999999974,"[19, 32]","[0, 0]","[0, 0]",57
21,"[0, 3]",115.29999999999559,"[20, 43]","[0, 0]","[0, 0]",57
22,"[0, 1]",85.84999999999727,"[21, 20]","[0, 0]","[0, 0]",57
23,"[0, 1]",86.9499999999972,"[22, 22]","[0, 0]","[0, 0]",57
24,"[0, 3]",118.19999999999543,"[23, 46]","[0, 0]","[0, 0]",57
25,"[0, 1]",89.84999999999704,"[24, 50]","[0, 0]","[0, 0]",57
26,"[0, 1]",91.04999999999697,"[25, 25]","[0, 0]","[0, 0]",57
27,"[0, 1]",98.44999999999655,"[26, 59]","[1.1500000000000004, 0]","[1.1500000000000004, 0]",57
28,"[0, 3]",126.89999999999493,"[27, 24]","[0, 0]","[0, 0]",57
29,"[2, 3]",93.59999999999683,"[18, 15]","[12.800000000000047, 0]","[0.05, 0]",57
30,"[0, 1]",98.04999999999657,"[28, 62]","[0, 0]","[0, 0]",57
31,"[0, 1]",103.59999999999626,"[30, 67]","[2.549999999999999, 0]","[2.549999999999999, 0]",57
32,"[2, 1]",64.74999999999847,"[29, 16]","[16.6000000000001, 0]","[0.05, 0]",57
33,"[0, 3]",133.69999999999615,"[31, 28]","[0, 0]","[0, 0]",57
34,"[0, 3]",136.0499999999967,"[33, 33]","[0, 0]","[0, 0]",57
35,"[0, 3]",137.64999999999705,"[34, 34]","[0, 0]","[0, 0]",57
36,"[0, 3]",138.94999999999735,"[35, 35]","[0, 0]","[0, 0]",57
37,"[0, 1]",109.74999999999591,"[36, -999]","[0, 0]","[0, 0]",57
38,"[0, 3]",141.24999999999787,"[37, 36]","[0, 0]","[0, 0]",57
39,"[0, 1]",113.74999999999568,"[38, 37]","[0, 0]","[0, 0]",57
40,"[0, 3]",145.14999999999876,"[39, 38]","[0, 0]","[0, 0]",57
41,"[0, 1]",117.69999999999546,"[40, 39]","[0, 0]","[0, 0]",57
42,"[0, 1]",118.79999999999539,"[41, 41]","[0, 0]","[0, 0]",57
43,"[2, 3]",102.7999999999963,"[32, 19]","[18.55000000000013, 0]","[0, 0]",57
44,"[0, 1]",119.94999999999533,"[42, 42]","[0, 0]","[0, 0]",57
45,"[0, 1]",120.94999999999527,"[44, 44]","[0, 0]","[0, 0]",57
46,"[2, 3]",109.8499999999959,"[43, 21]","[23.050000000000193, 0]","[3.4499999999999957, 0]",57
47,"[0, 3]",151.9000000000003,"[45, 40]","[0, 0]","[0, 0]",57
48,"[0, 3]",154.25000000000082,"[47, 47]","[0, 0]","[0, 0]",57
49,"[0, 1]",125.749999999995,"[48, 45]","[0, 0]","[0, 0]",57
50,"[2, 1]",86.49999999999723,"[46, 23]","[20.500000000000156, 0]","[3.2499999999999964, 0]",57
51,"[0, 1]",126.79999999999494,"[49, 49]","[0, 0]","[0, 0]",57
52,"[0, 1]",127.84999999999488,"[51, 51]","[0, 0]","[0, 0]",57
53,"[0, 1]",128.89999999999506,"[52, 52]","[0, 0]","[0, 0]",57
54,"[0, 1]",129.9999999999953,"[53, 53]","[0, 0]","[0, 0]",57
55,"[0, 1]",130.99999999999554,"[54, 54]","[0.65, 0]","[0, 0]",57
56,"[0, 3]",161.95000000000258,"[55, 48]","[1.0000000000000002, 0]","[0, 0]",57
57,"[0, 3]",164.2500000000031,"[56, 56]","[1.2500000000000004, 0]","[0, 0]",57
58,"[0, 1]",135.74999999999662,"[57, 55]","[1.3500000000000005, 0]","[0, 0]",57
59,"[2, 1]",98.89999999999652,"[50, 26]","[22.10000000000018, 0]","[6.649999999999984, 0]",57
60,"[0, 1]",136.5999999999968,"[58, 58]","[1.5000000000000007, 0]","[0, 0]",57
61,"[0, 1]",134.49999999999633,"[60, 60]","[1.6000000000000008, 0]","[0, 0]",57
62,"[2, 1]",104.04999999999623,"[59, 27]","[13.900000000000063, 0]","[0, 0]",57
63,"[0, 1]",134.09999999999624,"[61, 61]","[1.1500000000000004, 0]","[0, 0]",57
64,"[0, 1]",129.59999999999522,"[63, 63]","[0, 0]","[0, 0]",57
65,"[0, 3]",159.30000000000197,"[64, 57]","[0, 0]","[0, 0]",57
66,"[0, 3]",161.45000000000246,"[65, 65]","[0, 0]","[0, 0]",57
67,"[2, 1]",108.54999999999598,"[62, 30]","[11.250000000000025, 0]","[0, 0]",57
68,"[0, 1]",132.74999999999594,"[66, 64]","[0, 0]","[0, 0]",57
69,"[0, 3]",162.5500000000027,"[68, 66]","[0, 0]","[0, 0]",57
70,"[0, 3]",163.3500000000029,"[69, 69]","[0, 0]","[0, 0]",57
71,"[0, 1]",134.2999999999963,"[70, 68]","[0, 0]","[0, 0]",57
72,"[0, 1]",134.2999999999963,"[71, 71]","[0, 0]","[0, 0]",57
73,"[0, 3]",162.5000000000027,"[72, 70]","[0, 0]","[0, 0]",57
74,"[0, 3]",162.9500000000028,"[73, 73]","[0, 0]","[0, 0]",57
75,"[0, 1]",133.34999999999607,"[74, 72]","[0, 0]","[0, 0]",57
76,"[0, 3]",164.00000000000304,"[75, 74]","[0, 0]","[0, 0]",57
77,"[0, 1]",131.04999999999555,"[76, 75]","[0, 0]","[0, 0]",57
78,"[0, 1]",131.6999999999957,"[77, 77]","[0.8000000000000002, 0]","[0, 0]",57
79,"[2, 1]",105.04999999999617,"[67, 31]","[0, 0]","[0, 0]",57
0,"[2, 3]",67.7499999999983,"[-999, -999]","[0, 0]","[0, 0]",58
1,"[2, 1]",37.15000000000003,"[0, -999]","[0, 0]","[0, 0]",58
2,"[2, 1]",38.89999999999993,"[1, 1]","[0, 0]","[0, 0]",58
3,"[0, 3]",96.69999999999665,"[-999, 4]","[0, 0]","[0, 0]",58
4,"[2, 3]",69.19999999999821,"[2, 0]","[0, 0]","[0, 0]",58
5,"[2, 1]",39.69999999999988,"[4, 2]","[0, 0]","[0, 0]",58
6,"[0, 1]",78.2499999999977,"[3, 13]","[2.6999999999999984, 0]","[2.6999999999999984, 0]",58
7,"[2, 1]",41.599999999999774,"[5, 5]","[0, 0]","[0, 0]",58
8,"[0, 1]",77.74999999999773,"[6, 6]","[0, 0]","[0, 0]",58
9,"[2, 1]",43.44999999999967,"[7, 7]","[0, 0]","[0, 0]",58
10,"[2, 1]",44.99999999999958,"[9, 9]","[0, 0]","[0, 0]",58
11,"[0, 1]",78.44999999999769,"[8, 8]","[0, 0]","[0, 0]",58
12,"[2, 1]",46.29999999999951,"[10, 10]","[0, 0]","[0, 0]",58
13,"[2, 1]",47.34999999999945,"[12, 12]","[0, 0]","[0, 0]",58
14,"[0, 3]",109.29999999999593,"[11, 27]","[0, 0]","[0, 0]",58
15,"[0, 1]",89.09999999999708,"[14, 61]","[5.849999999999987, 0]","[5.849999999999987, 0]",58
16,"[0, 1]",88.49999999999712,"[15, 15]","[0, 0]","[0, 0]",58
17,"[0, 3]",118.89999999999539,"[16, 14]","[0, 0]","[0, 0]",58
18,"[0, 1]",90.94999999999698,"[17, 63]","[0, 0]","[0, 0]",58
19,"[0, 3]",123.24999999999514,"[18, 65]","[0, 0]","[0, 0]",58
20,"[0, 3]",124.49999999999507,"[19, 19]","[0, 0]","[0, 0]",58
21,"[0, 1]",94.79999999999676,"[20, 67]","[0, 0]","[0, 0]",58
22,"[0, 3]",132.1499999999958,"[21, 74]","[2.6999999999999984, 0]","[2.6999999999999984, 0]",58
23,"[0, 1]",103.89999999999624,"[22, 79]","[0, 0]","[0, 0]",58
24,"[0, 1]",103.79999999999625,"[23, 23]","[0, 0]","[0, 0]",58
25,"[2, 3]",77.34999999999775,"[13, 3]","[0, 0]","[0, 0]",58
26,"[0, 3]",134.59999999999636,"[24, 22]","[0, 0]","[0, 0]",58
27,"[2, 3]",80.44999999999757,"[25, 25]","[0, 0]","[0, 0]",58
28,"[0, 1]",107.29999999999605,"[26, 24]","[0, 0]","[0, 0]",58
29,"[0, 3]",138.64999999999728,"[28, 26]","[0, 0]","[0, 0]",58
30,"[0, 3]",140.84999999999778,"[29, 29]","[0, 0]","[0, 0]",58
31,"[0, 3]",142.44999999999814,"[30, 30]","[0, 0]","[0, 0]",58
32,"[0, 1]",113.4999999999957,"[31, -999]","[0, 0]","[0, 0]",58
33,"[0, 1]",114.59999999999563,"[32, 32]","[0, 0]","[0, 0]",58
34,"[0, 3]",145.84999999999891,"[33, 31]","[0, 0]","[0, 0]",58
35,"[0, 1]",118.5499999999954,"[34, 33]","[0, 0]","[0, 0]",58
36,"[0, 3]",149.89999999999984,"[35, 34]","[0, 0]","[0, 0]",58
37,"[0, 1]",122.44999999999519,"[36, 35]","[0, 0]","[0, 0]",58
38,"[0, 3]",153.7500000000007,"[37, 36]","[0, 0]","[0, 0]",58
39,"[0, 3]",156.00000000000122,"[38, 38]","[0, 0]","[0, 0]",58
40,"[0, 1]",127.4499999999949,"[39, 37]","[0, 0]","[0, 0]",58
41,"[0, 1]",128.49999999999497,"[40, 40]","[0, 0]","[0, 0]",58
42,"[0, 3]",159.70000000000206,"[41, 39]","[0, 0]","[0, 0]",58
43,"[0, 1]",132.34999999999584,"[42, 41]","[0, 0]","[0, 0]",58
44,"[0, 1]",133.4499999999961,"[43, 43]","[0, 0]","[0, 0]",58
45,"[0, 1]",134.49999999999633,"[44, 44]","[0, 0]","[0, 0]",58
46,"[0, 1]",135.54999999999657,"[45, 45]","[0, 0]","[0, 0]",58
47,"[0, 1]",136.5999999999968,"[46, 46]","[0, 0]","[0, 0]",58
48,"[0, 3]",167.55000000000385,"[47, 42]","[0, 0]","[0, 0]",58
49,"[0, 3]",169.85000000000437,"[48, 48]","[0, 0]","[0, 0]",58
50,"[0, 1]",141.29999999999788,"[49, 47]","[0, 0]","[0, 0]",58
51,"[0, 1]",139.44999999999746,"[50, 50]","[0, 0]","[0, 0]",58
52,"[0, 3]",168.05000000000396,"[51, 49]","[0, 0]","[0, 0]",58
53,"[0, 1]",136.19999999999672,"[52, 51]","[0, 0]","[0, 0]",58
54,"[0, 3]",166.9500000000037,"[53, 52]","[0, 0]","[0, 0]",58
55,"[0, 3]",168.10000000000397,"[54, 54]","[0, 0]","[0, 0]",58
56,"[0, 1]",135.49999999999656,"[55, 53]","[0, 0]","[0, 0]",58
57,"[0, 1]",136.1499999999967,"[56, 56]","[0, 0]","[0, 0]",58
58,"[0, 3]",166.80000000000368,"[57, 55]","[0, 0]","[0, 0]",58
59,"[2, 1]",37.05000000000003,"[27, 11]","[0, 0]","[0, 0]",58
60,"[0, 3]",167.05000000000373,"[58, 58]","[0, 0]","[0, 0]",58
61,"[2, 1]",39.04999999999992,"[59, 59]","[0, 0]","[0, 0]",58
62,"[0, 3]",167.7500000000039,"[60, 60]","[0, 0]","[0, 0]",58
63,"[2, 1]",52.999999999999126,"[61, 16]","[6.749999999999984, 0]","[6.749999999999984, 0]",58
64,"[0, 3]",168.7000000000041,"[62, 62]","[0, 0]","[0, 0]",58
65,"[2, 3]",84.64999999999733,"[63, 17]","[0, 0]","[0, 0]",58
66,"[0, 3]",169.1500000000042,"[64, 64]","[0, 0]","[0, 0]",58
67,"[2, 1]",55.999999999998956,"[65, 18]","[0, 0]","[0, 0]",58
68,"[0, 1]",136.9499999999969,"[66, -999]","[0, 0]","[0, 0]",58
69,"[2, 3]",93.59999999999683,"[67, 20]","[9.299999999999997, 0]","[0, 0]",58
70,"[0, 3]",166.0500000000035,"[68, 66]","[0, 0]","[0, 0]",58
71,"[0, 1]",134.69999999999638,"[70, 68]","[0, 0]","[0, 0]",58
72,"[0, 1]",134.99999999999645,"[71, 71]","[0.39999999999999997, 0]","[0, 0]",58
73,"[0, 1]",135.49999999999656,"[72, 72]","[1.0500000000000003, 0]","[0, 0]",58
74,"[2, 3]",95.09999999999674,"[69, 69]","[10.650000000000016, 0]","[0, 0]",58
75,"[0, 1]",135.44999999999655,"[73, 73]","[1.4000000000000006, 0]","[0, 0]",58
76,"[0, 1]",135.04999999999646,"[75, 75]","[1.7500000000000009, 0]","[0, 0]",58
77,"[0, 1]",134.69999999999638,"[76, 76]","[2.000000000000001, 0]","[0, 0]",58
78,"[0, 1]",134.59999999999636,"[77, 77]","[2.3499999999999996, 0]","[0, 0]",58
79,"[2, 1]",64.84999999999846,"[74, 21]","[13.200000000000053, 0]","[0, 0]",58
0,"[2, 1]",36.40000000000007,"[-999, -999]","[0, 0]","[0, 0]",59
1,"[2, 1]",38.09999999999997,"[0, 0]","[0, 0]","[0, 0]",59
2,"[2, 1]",39.89999999999987,"[1, 1]","[0, 0]","[0, 0]",59
3,"[2, 1]",41.79999999999976,"[2, 2]","[0, 0]","[0, 0]",59
4,"[0, 1]",72.29999999999804,"[-999, 9]","[0, 0]","[2.499999999999999, 0]",59
5,"[2, 1]",43.54999999999966,"[3, 3]","[0, 0]","[0, 0]",59
6,"[2, 1]",45.04999999999958,"[5, 5]","[0, 0]","[0, 0]",59
7,"[2, 1]",46.349999999999504,"[6, 6]","[0, 0]","[0, 0]",59
8,"[0, 1]",72.74999999999801,"[4, 4]","[0, 0]","[0, 0]",59
9,"[2, 1]",47.399999999999444,"[7, 7]","[0, 0]","[0, 0]",59
10,"[2, 3]",74.04999999999794,"[9, -999]","[0, 0]","[0, 0]",59
11,"[0, 1]",79.9999999999976,"[8, 16]","[2.4499999999999993, 0]","[2.4499999999999993, 0]",59
12,"[0, 1]",79.79999999999761,"[11, 11]","[0, 0]","[0, 0]",59
13,"[0, 1]",80.59999999999756,"[12, 12]","[0, 0]","[0, 0]",59
14,"[0, 1]",81.59999999999751,"[13, 13]","[0, 0]","[0, 0]",59
15,"[0, 1]",82.59999999999745,"[14, 14]","[0, 0]","[0, 0]",59
16,"[2, 1]",55.499999999998984,"[10, 8]","[6.799999999999984, 0]","[6.799999999999984, 0]",59
17,"[0, 3]",113.4499999999957,"[15, 56]","[0, 0]","[0, 0]",59
18,"[0, 1]",84.49999999999734,"[17, 15]","[0, 0]","[0, 0]",59
19,"[0, 3]",116.74999999999551,"[18, 58]","[0, 0]","[0, 0]",59
20,"[0, 1]",87.84999999999715,"[19, 59]","[0, 0]","[0, 0]",59
21,"[0, 1]",88.6999999999971,"[20, 20]","[0, 0]","[0, 0]",59
22,"[0, 3]",119.69999999999534,"[21, 19]","[0, 0]","[0, 0]",59
23,"[0, 1]",91.79999999999693,"[22, 62]","[0, 0]","[0, 0]",59
24,"[0, 1]",92.74999999999687,"[23, 23]","[0, 0]","[0, 0]",59
25,"[0, 1]",98.24999999999656,"[24, 79]","[2.3999999999999995, 0]","[2.3999999999999995, 0]",59
26,"[0, 1]",98.64999999999654,"[25, 25]","[0, 0]","[0, 0]",59
27,"[0, 3]",129.5499999999952,"[26, 65]","[0, 0]","[0, 0]",59
28,"[0, 3]",131.89999999999574,"[27, 27]","[0, 0]","[0, 0]",59
29,"[2, 3]",85.09999999999731,"[16, 10]","[8.349999999999984, 0]","[2.499999999999999, 0]",59
30,"[2, 3]",88.44999999999712,"[29, 29]","[9.099999999999994, 0]","[0, 0]",59
31,"[0, 1]",103.44999999999627,"[28, 26]","[0, 0]","[0, 0]",59
32,"[0, 1]",104.4999999999962,"[31, 31]","[0, 0]","[0, 0]",59
33,"[0, 3]",135.79999999999663,"[32, 28]","[0, 0]","[0, 0]",59
34,"[0, 1]",108.39999999999598,"[33, 32]","[0, 0]","[0, 0]",59
35,"[0, 3]",139.74999999999753,"[34, 33]","[0, 0]","[0, 0]",59
36,"[0, 1]",112.24999999999577,"[35, 34]","[0, 0]","[0, 0]",59
37,"[0, 3]",143.5999999999984,"[36, 35]","[0, 0]","[0, 0]",59
38,"[0, 3]",145.7999999999989,"[37, 37]","[0.39999999999999997, 0]","[0, 0]",59
39,"[0, 3]",147.29999999999924,"[38, 38]","[1.2500000000000004, 0]","[0, 0]",59
40,"[0, 1]",118.34999999999542,"[39, -999]","[1.7000000000000008, 0]","[0, 0]",59
41,"[0, 1]",119.44999999999536,"[40, 40]","[2.1500000000000004, 0]","[0, 0]",59
42,"[0, 1]",120.4999999999953,"[41, 41]","[2.549999999999999, 0]","[0, 0]",59
43,"[0, 1]",121.54999999999524,"[42, 42]","[2.9499999999999975, 0]","[0, 0]",59
44,"[2, 3]",88.49999999999712,"[30, 30]","[9.249999999999996, 0]","[0, 0]",59
45,"[0, 3]",152.60000000000045,"[43, 39]","[3.349999999999996, 0]","[0, 0]",59
46,"[0, 1]",125.39999999999502,"[45, 43]","[3.8499999999999943, 0]","[0, 0]",59
47,"[0, 1]",126.49999999999496,"[46, 46]","[4.449999999999992, 0]","[0, 0]",59
48,"[0, 1]",127.5499999999949,"[47, 47]","[4.599999999999992, 0]","[0, 0]",59
49,"[0, 3]",158.6000000000018,"[48, 45]","[4.249999999999993, 0]","[0, 0]",59
50,"[0, 1]",131.34999999999562,"[49, 48]","[3.7499999999999947, 0]","[0, 0]",59
51,"[0, 3]",162.75000000000276,"[50, 49]","[3.149999999999997, 0]","[0, 0]",59
52,"[0, 1]",135.29999999999652,"[51, 50]","[2.549999999999999, 0]","[0, 0]",59
53,"[0, 1]",136.39999999999677,"[52, 52]","[1.900000000000001, 0]","[0, 0]",59
54,"[0, 1]",137.34999999999698,"[53, 53]","[1.1500000000000004, 0]","[0, 0]",59
55,"[0, 3]",162.5000000000027,"[54, 51]","[0, 0]","[0, 0]",59
56,"[2, 3]",81.8499999999975,"[44, 44]","[0, 0]","[0, 0]",59
57,"[0, 1]",134.3999999999963,"[55, 54]","[0, 0]","[0, 0]",59
58,"[2, 3]",90.14999999999702,"[56, 17]","[3.2499999999999964, 0]","[3.2499999999999964, 0]",59
59,"[2, 1]",60.599999999998694,"[58, 18]","[0, 0]","[0, 0]",59
60,"[0, 1]",135.29999999999652,"[57, 57]","[0, 0]","[0, 0]",59
61,"[0, 1]",136.0999999999967,"[60, 60]","[0, 0]","[0, 0]",59
62,"[2, 1]",74.5999999999979,"[59, 21]","[2.8999999999999977, 0]","[2.8999999999999977, 0]",59
63,"[0, 3]",166.4000000000036,"[61, 55]","[0, 0]","[0, 0]",59
64,"[0, 1]",138.2499999999972,"[63, 61]","[0, 0]","[0, 0]",59
65,"[2, 3]",106.3999999999961,"[62, 22]","[0, 0]","[0, 0]",59
66,"[0, 3]",169.00000000000418,"[64, 63]","[0, 0]","[0, 0]",59
67,"[0, 3]",170.4500000000045,"[66, 66]","[0, 0]","[0, 0]",59
68,"[0, 1]",138.84999999999732,"[67, 64]","[0, 0]","[0, 0]",59
69,"[0, 3]",168.05000000000396,"[68, 67]","[0, 0]","[0, 0]",59
70,"[0, 1]",137.8999999999971,"[69, 68]","[0, 0]","[0, 0]",59
71,"[0, 1]",137.94999999999712,"[70, 70]","[0, 0]","[0, 0]",59
72,"[0, 1]",137.99999999999713,"[71, 71]","[0, 0]","[0, 0]",59
73,"[0, 3]",166.80000000000368,"[72, 69]","[0, 0]","[0, 0]",59
74,"[0, 3]",168.30000000000402,"[73, 73]","[0, 0]","[0, 0]",59
75,"[0, 1]",139.29999999999742,"[74, 72]","[0, 0]","[0, 0]",59
76,"[0, 3]",167.05000000000373,"[75, 74]","[0, 0]","[0, 0]",59
77,"[0, 3]",168.250000000004,"[76, 76]","[0, 0]","[0, 0]",59
78,"[0, 3]",169.40000000000427,"[77, 77]","[0, 0]","[0, 0]",59
79,"[2, 1]",75.79999999999784,"[65, 24]","[0, 0]","[0, 0]",59
0,"[2, 1]",36.40000000000007,"[-999, -999]","[0, 0]","[0, 0]",60
1,"[2, 1]",38.09999999999997,"[0, 0]","[0, 0]","[0, 0]",60
2,"[2, 1]",39.89999999999987,"[1, 1]","[0, 0]","[0, 0]",60
3,"[2, 1]",41.79999999999976,"[2, 2]","[0, 0]","[0, 0]",60
4,"[0, 3]",96.59999999999665,"[-999, -999]","[0, 0]","[0, 0]",60
5,"[2, 1]",43.54999999999966,"[3, 3]","[0, 0]","[0, 0]",60
6,"[0, 3]",100.24999999999645,"[4, 4]","[0, 0]","[0, 0]",60
7,"[2, 1]",45.04999999999958,"[5, 5]","[0, 0]","[0, 0]",60
8,"[0, 1]",76.24999999999781,"[6, 30]","[2.0500000000000007, 0]","[2.0500000000000007, 0]",60
9,"[2, 1]",46.349999999999504,"[7, 7]","[0, 0]","[0, 0]",60
10,"[2, 1]",47.399999999999444,"[9, 9]","[0, 0]","[0, 0]",60
11,"[0, 1]",82.29999999999747,"[8, 32]","[2.7499999999999982, 0]","[2.7499999999999982, 0]",60
12,"[2, 1]",48.49999999999938,"[10, 10]","[0, 0]","[0, 0]",60
13,"[0, 1]",87.49999999999717,"[11, 35]","[2.6999999999999984, 0]","[2.6999999999999984, 0]",60
14,"[0, 3]",117.14999999999549,"[13, 6]","[0, 0]","[0, 0]",60
15,"[0, 1]",88.7999999999971,"[14, 37]","[0, 0]","[0, 0]",60
16,"[0, 1]",94.84999999999675,"[15, 39]","[2.549999999999999, 0]","[2.549999999999999, 0]",60
17,"[0, 3]",124.79999999999505,"[16, 14]","[0, 0]","[0, 0]",60
18,"[0, 1]",96.84999999999664,"[17, 45]","[0, 0]","[0, 0]",60
19,"[0, 3]",127.89999999999488,"[18, 17]","[0, 0]","[0, 0]",60
20,"[0, 3]",130.09999999999533,"[19, 19]","[0, 0]","[0, 0]",60
21,"[0, 1]",101.54999999999637,"[20, 59]","[0, 0]","[0, 0]",60
22,"[0, 3]",132.44999999999587,"[21, 20]","[0, 0]","[0, 0]",60
23,"[0, 3]",134.54999999999634,"[22, 22]","[0, 0]","[0, 0]",60
24,"[0, 1]",104.04999999999623,"[23, 67]","[0, 0]","[0, 0]",60
25,"[0, 1]",110.39999999999587,"[24, 70]","[2.6499999999999986, 0]","[2.6499999999999986, 0]",60
26,"[0, 1]",110.59999999999586,"[25, 25]","[0, 0]","[0, 0]",60
27,"[0, 1]",111.44999999999581,"[26, 26]","[0, 0]","[0, 0]",60
28,"[0, 3]",142.44999999999814,"[27, 79]","[0, 0]","[0, 0]",60
29,"[0, 3]",144.74999999999866,"[28, 28]","[0, 0]","[0, 0]",60
30,"[2, 1]",50.14999999999929,"[12, 12]","[0, 0]","[0, 0]",60
31,"[0, 1]",116.24999999999554,"[29, 27]","[0, 0]","[0, 0]",60
32,"[2, 1]",57.44999999999887,"[30, 8]","[0, 0]","[0, 0]",60
33,"[0, 3]",147.64999999999932,"[31, 29]","[0, 0]","[0, 0]",60
34,"[0, 3]",149.84999999999982,"[33, 33]","[0, 0]","[0, 0]",60
35,"[2, 1]",63.14999999999855,"[32, 11]","[0, 0]","[0, 0]",60
36,"[0, 1]",121.34999999999525,"[34, 31]","[0, 0]","[0, 0]",60
37,"[2, 1]",68.74999999999824,"[35, 13]","[10.750000000000018, 0]","[0, 0]",60
38,"[0, 1]",122.39999999999519,"[36, 36]","[0, 0]","[0, 0]",60
39,"[2, 1]",76.19999999999781,"[37, 15]","[18.350000000000126, 0]","[2.25, 0]",60
40,"[0, 1]",123.49999999999513,"[38, 38]","[0, 0]","[0, 0]",60
41,"[0, 3]",154.6000000000009,"[40, 34]","[0.5499999999999999, 0]","[0, 0]",60
42,"[0, 3]",156.85000000000142,"[41, 41]","[0, 0]","[0, 0]",60
43,"[0, 1]",128.39999999999495,"[42, 40]","[0, 0]","[0, 0]",60
44,"[0, 1]",129.44999999999519,"[43, 43]","[0, 0]","[0, 0]",60
45,"[2, 1]",81.49999999999751,"[39, 16]","[17.050000000000107, 0]","[3.2999999999999963, 0]",60
46,"[0, 1]",130.59999999999545,"[44, 44]","[0, 0]","[0, 0]",60
47,"[0, 1]",131.64999999999569,"[46, 46]","[0, 0]","[0, 0]",60
48,"[0, 1]",132.5999999999959,"[47, 47]","[0, 0]","[0, 0]",60
49,"[0, 3]",163.30000000000288,"[48, 42]","[0, 0]","[0, 0]",60
50,"[0, 3]",164.55000000000317,"[49, 49]","[0.6, 0]","[0, 0]",60
51,"[0, 1]",135.39999999999654,"[50, 48]","[1.1500000000000004, 0]","[0, 0]",60
52,"[2, 1]",88.6499999999971,"[45, 18]","[15.400000000000084, 0]","[3.349999999999996, 0]",60
53,"[0, 3]",166.5000000000036,"[51, 50]","[1.5000000000000007, 0]","[0, 0]",60
54,"[0, 1]",138.54999999999725,"[53, 51]","[2.5999999999999988, 0]","[0, 0]",60
55,"[0, 3]",168.6000000000041,"[54, 53]","[2.000000000000001, 0]","[0, 0]",60
56,"[0, 3]",165.00000000000327,"[55, 55]","[2.1500000000000004, 0]","[0, 0]",60
57,"[0, 3]",166.20000000000354,"[56, 56]","[2.0500000000000007, 0]","[0, 0]",60
58,"[0, 1]",137.0499999999969,"[57, -999]","[1.6000000000000008, 0]","[0, 0]",60
59,"[2, 1]",85.64999999999728,"[52, 52]","[6.799999999999984, 0]","[0, 0]",60
60,"[0, 3]",168.30000000000402,"[58, 57]","[0.8500000000000002, 0]","[0, 0]",60
61,"[0, 1]",135.49999999999656,"[60, 58]","[0, 0]","[0, 0]",60
62,"[2, 1]",94.19999999999679,"[59, 21]","[5.549999999999988, 0]","[0, 0]",60
63,"[0, 3]",165.65000000000342,"[61, 60]","[0, 0]","[0, 0]",60
64,"[0, 1]",137.64999999999705,"[63, 61]","[0, 0]","[0, 0]",60
65,"[0, 1]",138.09999999999715,"[64, 64]","[0, 0]","[0, 0]",60
66,"[0, 3]",167.85000000000392,"[65, 63]","[0, 0]","[0, 0]",60
67,"[2, 1]",92.49999999999689,"[62, 62]","[2.6999999999999984, 0]","[0, 0]",60
68,"[0, 1]",136.34999999999675,"[66, 65]","[0, 0]","[0, 0]",60
69,"[0, 3]",166.8500000000037,"[68, 66]","[0, 0]","[0, 0]",60
70,"[2, 1]",100.59999999999643,"[67, 24]","[1.3500000000000005, 0]","[0, 0]",60
71,"[0, 1]",138.94999999999735,"[69, 68]","[0, 0]","[0, 0]",60
72,"[0, 1]",139.49999999999747,"[71, 71]","[0.3, 0]","[0, 0]",60
73,"[0, 1]",137.449999999997,"[72, 72]","[1.0000000000000002, 0]","[0, 0]",60
74,"[0, 3]",166.80000000000368,"[73, 69]","[1.4000000000000006, 0]","[0, 0]",60
75,"[0, 1]",138.94999999999735,"[74, 73]","[1.800000000000001, 0]","[0, 0]",60
76,"[0, 1]",139.54999999999748,"[75, 75]","[2.1000000000000005, 0]","[0, 0]",60
77,"[0, 1]",140.0999999999976,"[76, 76]","[2.4499999999999993, 0]","[0, 0]",60
78,"[0, 1]",140.64999999999773,"[77, 77]","[2.1500000000000004, 0]","[0, 0]",60
79,"[2, 3]",124.69999999999506,"[70, 23]","[1.900000000000001, 0]","[0, 0]",60
0,"[2, 1]",36.40000000000007,"[-999, -999]","[0, 0]","[0, 0]",61
1,"[2, 1]",38.09999999999997,"[0, 0]","[0, 0]","[0, 0]",61
2,"[2, 1]",39.89999999999987,"[1, 1]","[0, 0]","[0, 0]",61
3,"[0, 1]",67.99999999999828,"[-999, 11]","[0, 0]","[0, 0]",61
4,"[0, 1]",74.34999999999792,"[3, 14]","[0.7500000000000001, 0]","[0.7500000000000001, 0]",61
5,"[2, 1]",41.79999999999976,"[2, 2]","[0, 0]","[0, 0]",61
6,"[0, 1]",74.99999999999788,"[4, 4]","[0, 0]","[0, 0]",61
7,"[2, 1]",43.54999999999966,"[5, 5]","[0, 0]","[0, 0]",61
8,"[0, 3]",105.99999999999612,"[6, 20]","[0, 0]","[0, 0]",61
9,"[2, 1]",45.04999999999958,"[7, 7]","[0, 0]","[0, 0]",61
10,"[0, 1]",77.84999999999772,"[8, 22]","[0, 0]","[0, 0]",61
11,"[2, 1]",46.349999999999504,"[9, 9]","[0, 0]","[0, 0]",61
12,"[0, 1]",78.84999999999766,"[10, 10]","[0, 0]","[0, 0]",61
13,"[0, 1]",79.8499999999976,"[12, 12]","[0, 0]","[0, 0]",61
14,"[2, 1]",52.69999999999914,"[11, 3]","[2.849999999999998, 0]","[2.849999999999998, 0]",61
15,"[0, 1]",85.79999999999727,"[13, 37]","[2.4499999999999993, 0]","[2.4499999999999993, 0]",61
16,"[0, 1]",86.14999999999725,"[15, 15]","[0, 0]","[0, 0]",61
17,"[0, 3]",116.44999999999553,"[16, 44]","[0, 0]","[0, 0]",61
18,"[0, 1]",88.04999999999714,"[17, 50]","[0, 0]","[0, 0]",61
19,"[2, 3]",78.59999999999768,"[14, -999]","[0.49999999999999994, 0]","[0.1, 0]",61
20,"[2, 3]",81.94999999999749,"[19, 19]","[0, 0]","[0, 0]",61
21,"[0, 3]",120.4499999999953,"[18, 53]","[0, 0]","[0, 0]",61
22,"[2, 1]",54.54999999999904,"[20, 6]","[0, 0]","[0, 0]",61
23,"[0, 1]",91.34999999999695,"[21, 18]","[0, 0]","[0, 0]",61
24,"[0, 1]",92.44999999999689,"[23, 23]","[0, 0]","[0, 0]",61
25,"[0, 1]",99.2499999999965,"[24, 57]","[2.799999999999998, 0]","[2.799999999999998, 0]",61
26,"[0, 1]",98.99999999999652,"[25, 25]","[0, 0]","[0, 0]",61
27,"[0, 1]",104.14999999999623,"[26, 59]","[2.4499999999999993, 0]","[2.4499999999999993, 0]",61
28,"[0, 3]",134.24999999999628,"[27, 58]","[0, 0]","[0, 0]",61
29,"[0, 1]",106.09999999999611,"[28, 63]","[0, 0]","[0, 0]",61
30,"[0, 3]",138.7499999999973,"[29, 65]","[0, 0]","[0, 0]",61
31,"[0, 1]",110.44999999999587,"[30, 77]","[0, 0]","[0, 0]",61
32,"[0, 3]",140.84999999999778,"[31, 30]","[0, 0]","[0, 0]",61
33,"[0, 1]",112.49999999999575,"[32, 79]","[0, 0]","[0, 0]",61
34,"[0, 1]",113.64999999999569,"[33, 33]","[0, 0]","[0, 0]",61
35,"[0, 3]",144.79999999999868,"[34, 32]","[0, 0]","[0, 0]",61
36,"[0, 3]",147.0999999999992,"[35, 35]","[0, 0]","[0, 0]",61
37,"[2, 1]",73.34999999999798,"[22, 13]","[12.950000000000049, 0]","[9.850000000000005, 0]",61
38,"[0, 3]",148.69999999999956,"[36, 36]","[0, 0]","[0, 0]",61
39,"[0, 1]",119.74999999999534,"[38, -999]","[0, 0]","[0, 0]",61
40,"[0, 3]",151.20000000000013,"[39, 38]","[0, 0]","[0, 0]",61
41,"[0, 1]",123.64999999999512,"[40, 39]","[0, 0]","[0, 0]",61
42,"[0, 1]",124.74999999999505,"[41, 41]","[0, 0]","[0, 0]",61
43,"[0, 1]",125.84999999999499,"[42, 42]","[0, 0]","[0, 0]",61
44,"[2, 3]",100.39999999999644,"[37, 8]","[0, 0]","[0, 0]",61
45,"[0, 3]",156.90000000000143,"[43, 40]","[0, 0]","[0, 0]",61
46,"[0, 1]",129.59999999999522,"[45, 43]","[0, 0]","[0, 0]",61
47,"[0, 1]",130.74999999999548,"[46, 46]","[0, 0]","[0, 0]",61
48,"[0, 1]",131.84999999999573,"[47, 47]","[0.65, 0]","[0, 0]",61
49,"[0, 3]",162.9000000000028,"[48, 45]","[1.0500000000000003, 0]","[0, 0]",61
50,"[2, 1]",74.09999999999793,"[44, 16]","[18.70000000000013, 0]","[0, 0]",61
51,"[0, 1]",135.54999999999657,"[49, 48]","[1.1500000000000004, 0]","[0, 0]",61
52,"[0, 1]",136.64999999999682,"[51, 51]","[0.7000000000000001, 0]","[0, 0]",61
53,"[2, 3]",106.3999999999961,"[50, 17]","[17.20000000000011, 0]","[0, 0]",61
54,"[0, 3]",167.7500000000039,"[52, 49]","[0.39999999999999997, 0]","[0, 0]",61
55,"[0, 1]",140.4499999999977,"[54, 52]","[1.2000000000000004, 0]","[0, 0]",61
56,"[2, 3]",114.14999999999566,"[53, 21]","[15.700000000000088, 0]","[0, 0]",61
57,"[2, 1]",90.649999999997,"[56, 24]","[14.150000000000066, 0]","[0, 0]",61
58,"[2, 3]",120.59999999999529,"[57, 56]","[12.650000000000045, 0]","[0, 0]",61
59,"[2, 1]",96.79999999999664,"[58, 26]","[11.150000000000023, 0]","[0, 0]",61
60,"[0, 3]",171.7000000000048,"[55, 54]","[1.6500000000000008, 0]","[0, 0]",61
61,"[0, 3]",171.05000000000464,"[60, 60]","[2.000000000000001, 0]","[0, 0]",61
62,"[0, 1]",140.29999999999765,"[61, 55]","[2.3, 0]","[0, 0]",61
63,"[2, 1]",102.8999999999963,"[59, 27]","[9.700000000000003, 0]","[0, 0]",61
64,"[0, 1]",136.24999999999673,"[62, 62]","[2.549999999999999, 0]","[0, 0]",61
65,"[2, 3]",134.94999999999644,"[63, 28]","[8.249999999999982, 0]","[0, 0]",61
66,"[0, 3]",167.05000000000373,"[64, 61]","[2.3999999999999995, 0]","[0, 0]",61
67,"[0, 3]",169.1500000000042,"[66, 66]","[1.900000000000001, 0]","[0, 0]",61
68,"[0, 1]",140.19999999999763,"[67, 64]","[0.8500000000000002, 0]","[0, 0]",61
69,"[0, 3]",165.00000000000327,"[68, 67]","[0, 0]","[0, 0]",61
70,"[0, 3]",166.80000000000368,"[69, 69]","[0, 0]","[0, 0]",61
71,"[0, 1]",137.99999999999713,"[70, 68]","[0, 0]","[0, 0]",61
72,"[0, 1]",138.49999999999724,"[71, 71]","[0, 0]","[0, 0]",61
73,"[0, 1]",138.7499999999973,"[72, 72]","[0, 0]","[0, 0]",61
74,"[0, 1]",138.89999999999733,"[73, 73]","[0, 0]","[0, 0]",61
75,"[0, 1]",138.3499999999972,"[74, 74]","[0, 0]","[0, 0]",61
76,"[0, 3]",166.4500000000036,"[75, 70]","[0, 0]","[0, 0]",61
77,"[2, 1]",105.84999999999613,"[65, 29]","[8.399999999999984, 0]","[0, 0]",61
78,"[0, 1]",135.39999999999654,"[76, 75]","[0, 0]","[0, 0]",61
79,"[2, 1]",114.39999999999564,"[77, 31]","[8.499999999999986, 0]","[0, 0]",61
0,"[2, 1]",36.40000000000007,"[-999, -999]","[0, 0]","[0, 0]",62
1,"[2, 3]",68.49999999999825,"[0, -999]","[0, 0]","[0, 0]",62
2,"[2, 1]",37.30000000000002,"[1, 0]","[0, 0]","[0, 0]",62
3,"[2, 1]",38.99999999999992,"[2, 2]","[0, 0]","[0, 0]",62
4,"[0, 1]",73.74999999999795,"[-999, 9]","[0, 0]","[2.9499999999999975, 0]",62
5,"[2, 1]",40.94999999999981,"[3, 3]","[0, 0]","[0, 0]",62
6,"[2, 3]",72.19999999999804,"[5, 1]","[0, 0]","[0, 0]",62
7,"[2, 1]",40.199999999999854,"[6, 5]","[0, 0]","[0, 0]",62
8,"[2, 1]",42.54999999999972,"[7, 7]","[0, 0]","[0, 0]",62
9,"[2, 1]",43.54999999999966,"[8, 8]","[0, 0]","[0, 0]",62
10,"[0, 3]",100.49999999999643,"[4, 6]","[0, 0]","[0, 0]",62
11,"[0, 1]",73.59999999999796,"[10, 12]","[0, 0]","[0, 0]",62
12,"[2, 1]",50.399999999999274,"[9, 4]","[1.2500000000000004, 0]","[1.2500000000000004, 0]",62
13,"[0, 1]",74.5999999999979,"[11, 11]","[0, 0]","[0, 0]",62
14,"[2, 3]",82.09999999999748,"[12, 10]","[2.8999999999999977, 0]","[2.8999999999999977, 0]",62
15,"[0, 1]",75.79999999999784,"[13, 13]","[0, 0]","[0, 0]",62
16,"[0, 1]",81.6999999999975,"[15, 18]","[2.3499999999999996, 0]","[2.3499999999999996, 0]",62
17,"[0, 3]",111.6499999999958,"[16, 14]","[0, 0]","[0, 0]",62
18,"[2, 1]",64.59999999999847,"[14, 15]","[9.900000000000006, 0]","[9.900000000000006, 0]",62
19,"[0, 3]",114.04999999999566,"[17, 17]","[0, 0]","[0, 0]",62
20,"[0, 3]",115.59999999999557,"[19, 19]","[0, 0]","[0, 0]",62
21,"[0, 3]",116.9499999999955,"[20, 20]","[0, 0]","[0, 0]",62
22,"[0, 3]",122.94999999999516,"[21, 56]","[2.3499999999999996, 0]","[2.3499999999999996, 0]",62
23,"[0, 3]",123.64999999999512,"[22, 22]","[0, 0]","[0, 0]",62
24,"[0, 3]",124.54999999999507,"[23, 23]","[0, 0]","[0, 0]",62
25,"[0, 3]",130.3499999999954,"[24, 77]","[2.5999999999999988, 0]","[2.5999999999999988, 0]",62
26,"[0, 1]",100.49999999999643,"[25, 78]","[0, 0]","[0, 0]",62
27,"[2, 1]",69.79999999999818,"[18, 16]","[0, 0]","[0, 0]",62
28,"[0, 3]",131.14999999999557,"[26, 25]","[0, 0]","[0, 0]",62
29,"[0, 1]",102.69999999999631,"[28, 79]","[0, 0]","[0, 0]",62
30,"[0, 3]",133.8499999999962,"[29, 28]","[0, 0]","[0, 0]",62
31,"[0, 1]",106.2499999999961,"[30, 29]","[0, 0]","[0, 0]",62
32,"[0, 1]",107.34999999999604,"[31, 31]","[0, 0]","[0, 0]",62
33,"[0, 3]",138.54999999999725,"[32, 30]","[0, 0]","[0, 0]",62
34,"[0, 3]",140.8999999999978,"[33, 33]","[0, 0]","[0, 0]",62
35,"[0, 3]",142.44999999999814,"[34, 34]","[0, 0]","[0, 0]",62
36,"[0, 3]",143.74999999999844,"[35, 35]","[0, 0]","[0, 0]",62
37,"[0, 3]",144.9499999999987,"[36, 36]","[0, 0]","[0, 0]",62
38,"[2, 1]",70.99999999999811,"[27, 27]","[0, 0]","[0, 0]",62
39,"[0, 1]",115.64999999999557,"[37, -999]","[0, 0]","[0, 0]",62
40,"[0, 1]",116.74999999999551,"[39, 39]","[0, 0]","[0, 0]",62
41,"[0, 1]",117.84999999999545,"[40, 40]","[0, 0]","[0, 0]",62
42,"[0, 3]",148.8499999999996,"[41, 37]","[0, 0]","[0, 0]",62
43,"[0, 3]",151.15000000000012,"[42, 42]","[0, 0]","[0, 0]",62
44,"[0, 3]",152.65000000000046,"[43, 43]","[0, 0]","[0, 0]",62
45,"[0, 3]",154.00000000000077,"[44, 44]","[0, 0]","[0, 0]",62
46,"[0, 1]",124.74999999999505,"[45, -999]","[0, 0]","[0, 0]",62
47,"[0, 3]",156.25000000000128,"[46, 45]","[0.49999999999999994, 0]","[0, 0]",62
48,"[0, 1]",128.649999999995,"[47, 46]","[0.9000000000000002, 0]","[0, 0]",62
49,"[0, 3]",160.05000000000214,"[48, 47]","[1.1000000000000003, 0]","[0, 0]",62
50,"[0, 3]",162.25000000000264,"[49, 49]","[1.2000000000000004, 0]","[0, 0]",62
51,"[0, 1]",133.74999999999616,"[50, 48]","[1.3000000000000005, 0]","[0, 0]",62
52,"[0, 3]",165.2000000000033,"[51, 50]","[1.5500000000000007, 0]","[0, 0]",62
53,"[0, 1]",137.59999999999704,"[52, 51]","[2.25, 0]","[0, 0]",62
54,"[2, 1]",67.19999999999833,"[38, 38]","[18.950000000000134, 0]","[0, 0]",62
55,"[0, 3]",168.6500000000041,"[53, 52]","[2.849999999999998, 0]","[0, 0]",62
56,"[2, 3]",104.74999999999619,"[54, 21]","[20.15000000000015, 0]","[0, 0]",62
57,"[0, 1]",140.0999999999976,"[55, 53]","[1.900000000000001, 0]","[0, 0]",62
58,"[0, 3]",164.35000000000312,"[57, 55]","[0.65, 0]","[0, 0]",62
59,"[2, 1]",73.29999999999798,"[56, 54]","[17.85000000000012, 0]","[0, 0]",62
60,"[0, 1]",136.4999999999968,"[58, 57]","[0.35, 0]","[0, 0]",62
61,"[0, 1]",136.0499999999967,"[60, 60]","[1.1500000000000004, 0]","[0, 0]",62
62,"[2, 1]",75.99999999999783,"[59, 59]","[16.150000000000095, 0]","[0, 0]",62
63,"[0, 3]",163.3500000000029,"[61, 58]","[1.7000000000000008, 0]","[0, 0]",62
64,"[0, 1]",135.79999999999663,"[63, 61]","[2.2, 0]","[0, 0]",62
65,"[0, 3]",167.10000000000375,"[64, 63]","[2.25, 0]","[0, 0]",62
66,"[0, 3]",169.20000000000422,"[65, 65]","[1.7500000000000009, 0]","[0, 0]",62
67,"[0, 1]",140.5499999999977,"[66, 64]","[1.1000000000000003, 0]","[0, 0]",62
68,"[0, 1]",136.0999999999967,"[67, 67]","[0, 0]","[0, 0]",62
69,"[0, 3]",166.15000000000353,"[68, 66]","[0, 0]","[0, 0]",62
70,"[0, 1]",138.64999999999728,"[69, 68]","[0, 0]","[0, 0]",62
71,"[0, 1]",139.54999999999748,"[70, 70]","[0, 0]","[0, 0]",62
72,"[0, 1]",139.84999999999755,"[71, 71]","[0, 0]","[0, 0]",62
73,"[0, 3]",169.1500000000042,"[72, 69]","[0, 0]","[0, 0]",62
74,"[0, 3]",170.95000000000462,"[73, 73]","[0, 0]","[0, 0]",62
75,"[0, 3]",172.05000000000487,"[74, 74]","[0, 0]","[0, 0]",62
76,"[0, 1]",139.6499999999975,"[75, -999]","[0, 0]","[0, 0]",62
77,"[2, 3]",103.09999999999629,"[62, 24]","[4.199999999999993, 0]","[0, 0]",62
78,"[2, 1]",72.14999999999804,"[77, 62]","[3.1999999999999966, 0]","[0, 0]",62
79,"[2, 1]",80.74999999999756,"[78, 26]","[1.850000000000001, 0]","[0, 0]",62
0,"[2, 1]",36.40000000000007,"[-999, -999]","[0, 0]","[0, 0]",63
1,"[2, 1]",38.09999999999997,"[0, 0]","[0, 0]","[0, 0]",63
2,"[2, 3]",68.64999999999824,"[1, -999]","[0, 0]","[0, 0]",63
3,"[0, 3]",101.99999999999635,"[-999, 10]","[0, 0]","[0, 0]",63
4,"[0, 1]",78.94999999999766,"[3, 16]","[2.849999999999998, 0]","[2.849999999999998, 0]",63
5,"[2, 1]",39.04999999999992,"[2, 1]","[0, 0]","[0, 0]",63
6,"[2, 3]",69.79999999999818,"[5, 2]","[0, 0]","[0, 0]",63
7,"[2, 1]",40.09999999999986,"[6, 5]","[0, 0]","[0, 0]",63
8,"[2, 3]",70.24999999999815,"[7, 6]","[0, 0]","[0, 0]",63
9,"[2, 1]",40.79999999999982,"[8, 7]","[0, 0]","[0, 0]",63
10,"[2, 3]",70.59999999999813,"[9, 8]","[0, 0]","[0, 0]",63
11,"[0, 1]",81.8499999999975,"[4, 18]","[2.3499999999999996, 0]","[2.3499999999999996, 0]",63
12,"[0, 3]",112.24999999999577,"[11, 3]","[0, 0]","[0, 0]",63
13,"[0, 1]",88.6999999999971,"[12, 59]","[2.8999999999999977, 0]","[2.8999999999999977, 0]",63
14,"[0, 1]",89.04999999999708,"[13, 13]","[0, 0]","[0, 0]",63
15,"[2, 1]",41.29999999999979,"[10, 9]","[0, 0]","[0, 0]",63
16,"[2, 1]",43.19999999999968,"[15, 15]","[0, 0]","[0, 0]",63
17,"[0, 3]",120.69999999999528,"[14, 61]","[0, 0]","[0, 0]",63
18,"[2, 1]",50.69999999999926,"[16, 4]","[1.2500000000000004, 0]","[1.2500000000000004, 0]",63
19,"[0, 1]",91.04999999999697,"[17, 67]","[0, 0]","[0, 0]",63
20,"[0, 3]",122.2499999999952,"[19, 17]","[0, 0]","[0, 0]",63
21,"[0, 1]",94.59999999999677,"[20, 19]","[0, 0]","[0, 0]",63
22,"[0, 1]",95.6999999999967,"[21, 21]","[0, 0]","[0, 0]",63
23,"[0, 3]",126.89999999999493,"[22, 20]","[0, 0]","[0, 0]",63
24,"[0, 1]",99.64999999999648,"[23, 22]","[0, 0]","[0, 0]",63
25,"[0, 1]",100.79999999999642,"[24, 24]","[0, 0]","[0, 0]",63
26,"[0, 1]",101.89999999999635,"[25, 25]","[0, 0]","[0, 0]",63
27,"[0, 3]",132.89999999999597,"[26, 23]","[0, 0]","[0, 0]",63
28,"[0, 3]",135.2499999999965,"[27, 27]","[0, 0]","[0, 0]",63
29,"[0, 3]",136.89999999999688,"[28, 28]","[0, 0]","[0, 0]",63
30,"[0, 1]",107.89999999999601,"[29, -999]","[0, 0]","[0, 0]",63
31,"[0, 1]",108.99999999999595,"[30, 30]","[0, 0]","[0, 0]",63
32,"[0, 3]",140.24999999999764,"[31, 29]","[0, 0]","[0, 0]",63
33,"[0, 1]",112.94999999999573,"[32, 31]","[0, 0]","[0, 0]",63
34,"[0, 1]",114.04999999999566,"[33, 33]","[0, 0]","[0, 0]",63
35,"[0, 3]",145.19999999999877,"[34, 32]","[0, 0]","[0, 0]",63
36,"[0, 3]",147.4999999999993,"[35, 35]","[0, 0]","[0, 0]",63
37,"[0, 1]",118.99999999999538,"[36, 34]","[0, 0]","[0, 0]",63
38,"[0, 3]",150.44999999999996,"[37, 36]","[0, 0]","[0, 0]",63
39,"[0, 3]",152.60000000000045,"[38, 38]","[0, 0]","[0, 0]",63
40,"[0, 1]",124.09999999999509,"[39, 37]","[0, 0]","[0, 0]",63
41,"[0, 1]",125.14999999999503,"[40, 40]","[0, 0]","[0, 0]",63
42,"[0, 1]",126.24999999999497,"[41, 41]","[0, 0]","[0, 0]",63
43,"[0, 1]",127.29999999999491,"[42, 42]","[0, 0]","[0, 0]",63
44,"[0, 1]",128.34999999999494,"[43, 43]","[0, 0]","[0, 0]",63
45,"[0, 3]",159.35000000000198,"[44, 39]","[0, 0]","[0, 0]",63
46,"[0, 1]",131.99999999999577,"[45, 44]","[0, 0]","[0, 0]",63
47,"[0, 3]",163.0000000000028,"[46, 45]","[0, 0]","[0, 0]",63
48,"[0, 1]",135.14999999999648,"[47, 46]","[0, 0]","[0, 0]",63
49,"[0, 1]",135.89999999999665,"[48, 48]","[0, 0]","[0, 0]",63
50,"[0, 3]",166.5000000000036,"[49, 47]","[0, 0]","[0, 0]",63
51,"[0, 3]",166.70000000000366,"[50, 50]","[0, 0]","[0, 0]",63
52,"[0, 3]",166.8500000000037,"[51, 51]","[0, 0]","[0, 0]",63
53,"[0, 3]",167.25000000000378,"[52, 52]","[0, 0]","[0, 0]",63
54,"[2, 1]",40.699999999999825,"[18, 11]","[0, 0]","[0, 0]",63
55,"[0, 3]",166.5000000000036,"[53, 53]","[0, 0]","[0, 0]",63
56,"[0, 3]",166.60000000000363,"[55, 55]","[0, 0]","[0, 0]",63
57,"[0, 1]",135.6999999999966,"[56, -999]","[0, 0]","[0, 0]",63
58,"[0, 3]",164.2000000000031,"[57, 56]","[0, 0]","[0, 0]",63
59,"[2, 1]",39.3499999999999,"[54, 54]","[0, 0]","[0, 0]",63
60,"[2, 3]",71.74999999999807,"[59, 12]","[0, 0]","[0, 0]",63
61,"[2, 3]",74.19999999999793,"[60, 60]","[0, 0]","[0, 0]",63
62,"[0, 3]",165.75000000000344,"[58, 58]","[0, 0]","[0, 0]",63
63,"[0, 1]",136.4999999999968,"[62, 57]","[0, 0]","[0, 0]",63
64,"[0, 1]",133.4999999999961,"[63, 63]","[0, 0]","[0, 0]",63
65,"[0, 1]",133.79999999999617,"[64, 64]","[0, 0]","[0, 0]",63
66,"[0, 1]",134.3999999999963,"[65, 65]","[0, 0]","[0, 0]",63
67,"[2, 1]",45.449999999999555,"[61, 14]","[0, 0]","[0, 0]",63
68,"[0, 1]",134.59999999999636,"[66, 66]","[0, 0]","[0, 0]",63
69,"[0, 1]",133.99999999999622,"[68, 68]","[0, 0]","[0, 0]",63
70,"[0, 3]",161.40000000000245,"[69, 62]","[0.2, 0]","[0, 0]",63
71,"[0, 1]",132.84999999999596,"[70, 69]","[1.0500000000000003, 0]","[0, 0]",63
72,"[0, 1]",133.4999999999961,"[71, 71]","[1.6000000000000008, 0]","[0, 0]",63
73,"[0, 3]",164.35000000000312,"[72, 70]","[1.900000000000001, 0]","[0, 0]",63
74,"[0, 1]",136.74999999999685,"[73, 72]","[1.4000000000000006, 0]","[0, 0]",63
75,"[0, 3]",162.65000000000273,"[74, 73]","[0, 0]","[0, 0]",63
76,"[0, 1]",133.64999999999614,"[75, 74]","[0, 0]","[0, 0]",63
77,"[0, 3]",164.7500000000032,"[76, 75]","[0, 0]","[0, 0]",63
78,"[0, 1]",136.9999999999969,"[77, 76]","[0, 0]","[0, 0]",63
79,"[0, 1]",134.3999999999963,"[78, 78]","[0, 0]","[0, 0]",63
0,"[2, 3]",67.7499999999983,"[-999, -999]","[0, 0]","[0, 0]",64
1,"[0, 3]",98.19999999999656,"[-999, 9]","[0, 0]","[0, 0]",64
2,"[2, 1]",37.15000000000003,"[0, -999]","[0, 0]","[0, 0]",64
3,"[0, 1]",70.89999999999812,"[1, 18]","[0, 0]","[0, 0]",64
4,"[0, 1]",71.59999999999808,"[3, 3]","[0, 0]","[0, 0]",64
5,"[2, 1]",38.89999999999993,"[2, 2]","[0, 0]","[0, 0]",64
6,"[2, 3]",69.19999999999821,"[5, 0]","[0, 0]","[0, 0]",64
7,"[2, 1]",39.69999999999988,"[6, 5]","[0, 0]","[0, 0]",64
8,"[2, 3]",70.04999999999816,"[7, 6]","[0, 0]","[0, 0]",64
9,"[2, 3]",72.29999999999804,"[8, 8]","[0, 0]","[0, 0]",64
10,"[0, 1]",72.09999999999805,"[4, 4]","[0, 0]","[0, 0]",64
11,"[0, 3]",104.19999999999622,"[10, 32]","[0, 0]","[0, 0]",64
12,"[0, 1]",74.89999999999789,"[11, 41]","[0, 0]","[0, 0]",64
13,"[0, 3]",106.14999999999611,"[12, 11]","[0, 0]","[0, 0]",64
14,"[0, 1]",77.04999999999777,"[13, 43]","[0, 0]","[0, 0]",64
15,"[0, 3]",108.24999999999599,"[14, 13]","[0, 0]","[0, 0]",64
16,"[0, 1]",79.24999999999764,"[15, 56]","[0, 0]","[0, 0]",64
17,"[0, 3]",110.39999999999587,"[16, 15]","[0, 0]","[0, 0]",64
18,"[2, 1]",42.39999999999973,"[9, 7]","[0, 0]","[0, 0]",64
19,"[0, 3]",112.59999999999575,"[17, 17]","[0, 0]","[0, 0]",64
20,"[0, 1]",84.34999999999735,"[19, 67]","[0, 0]","[0, 0]",64
21,"[0, 3]",114.99999999999561,"[20, 19]","[0, 0]","[0, 0]",64
22,"[2, 3]",76.4499999999978,"[18, 1]","[0, 0]","[0, 0]",64
23,"[0, 1]",86.84999999999721,"[21, 78]","[0, 0]","[0, 0]",64
24,"[0, 1]",87.94999999999715,"[23, 23]","[0, 0]","[0, 0]",64
25,"[0, 3]",119.09999999999538,"[24, 21]","[0, 0]","[0, 0]",64
26,"[0, 1]",90.99999999999697,"[25, 79]","[0, 0]","[0, 0]",64
27,"[2, 3]",77.89999999999772,"[22, 22]","[0, 0]","[0, 0]",64
28,"[0, 3]",122.0999999999952,"[26, 25]","[0, 0]","[0, 0]",64
29,"[0, 1]",94.59999999999677,"[28, 26]","[0, 0]","[0, 0]",64
30,"[0, 3]",125.94999999999499,"[29, 28]","[0, 0]","[0, 0]",64
31,"[0, 1]",98.49999999999655,"[30, 29]","[0, 0]","[0, 0]",64
32,"[2, 3]",79.09999999999765,"[27, 27]","[0, 0]","[0, 0]",64
33,"[0, 3]",129.8999999999953,"[31, 30]","[0, 0]","[0, 0]",64
34,"[0, 1]",102.49999999999632,"[33, 31]","[0, 0]","[0, 0]",64
35,"[0, 1]",103.64999999999625,"[34, 34]","[0, 0]","[0, 0]",64
36,"[0, 1]",104.74999999999619,"[35, 35]","[0, 0]","[0, 0]",64
37,"[0, 1]",105.79999999999613,"[36, 36]","[0, 0]","[0, 0]",64
38,"[0, 3]",136.79999999999686,"[37, 33]","[0, 0]","[0, 0]",64
39,"[0, 3]",139.1499999999974,"[38, 38]","[0, 0]","[0, 0]",64
40,"[0, 3]",140.74999999999775,"[39, 39]","[0, 0]","[0, 0]",64
41,"[2, 1]",48.49999999999938,"[32, 10]","[3.399999999999996, 0]","[3.399999999999996, 0]",64
42,"[0, 1]",111.79999999999579,"[40, -999]","[0, 0]","[0, 0]",64
43,"[2, 1]",55.79999999999897,"[41, 12]","[0, 0]","[0, 0]",64
44,"[0, 1]",112.89999999999573,"[42, 42]","[0, 0]","[0, 0]",64
45,"[0, 1]",113.99999999999567,"[44, 44]","[0, 0]","[0, 0]",64
46,"[0, 1]",114.99999999999561,"[45, 45]","[0, 0]","[0, 0]",64
47,"[0, 3]",146.04999999999896,"[46, 40]","[0, 0]","[0, 0]",64
48,"[0, 1]",118.79999999999539,"[47, 46]","[0, 0]","[0, 0]",64
49,"[0, 1]",119.94999999999533,"[48, 48]","[0, 0]","[0, 0]",64
50,"[0, 1]",121.04999999999526,"[49, 49]","[0, 0]","[0, 0]",64
51,"[0, 1]",122.0999999999952,"[50, 50]","[0, 0]","[0, 0]",64
52,"[0, 3]",153.10000000000056,"[51, 47]","[0, 0]","[0, 0]",64
53,"[0, 1]",125.799999999995,"[52, 51]","[0, 0]","[0, 0]",64
54,"[0, 3]",157.15000000000148,"[53, 52]","[0, 0]","[0, 0]",64
55,"[0, 3]",159.400000000002,"[54, 54]","[0, 0]","[0, 0]",64
56,"[2, 1]",53.699999999999086,"[43, 14]","[3.4499999999999957, 0]","[3.4499999999999957, 0]",64
57,"[0, 3]",160.95000000000235,"[55, 55]","[0, 0]","[0, 0]",64
58,"[0, 1]",131.94999999999575,"[57, -999]","[0, 0]","[0, 0]",64
59,"[2, 1]",60.29999999999871,"[56, 16]","[0, 0]","[0, 0]",64
60,"[0, 3]",163.30000000000288,"[58, 57]","[0, 0]","[0, 0]",64
61,"[0, 1]",135.59999999999658,"[60, 58]","[0, 0]","[0, 0]",64
62,"[0, 3]",166.65000000000364,"[61, 60]","[0, 0]","[0, 0]",64
63,"[0, 1]",138.2999999999972,"[62, 61]","[0, 0]","[0, 0]",64
64,"[0, 3]",166.4000000000036,"[63, 62]","[0, 0]","[0, 0]",64
65,"[0, 1]",137.24999999999696,"[64, 63]","[0, 0]","[0, 0]",64
66,"[0, 1]",137.449999999997,"[65, 65]","[0, 0]","[0, 0]",64
67,"[2, 1]",56.79999999999891,"[59, 59]","[7.99999999999998, 0]","[0, 0]",64
68,"[0, 1]",137.69999999999706,"[66, 66]","[0, 0]","[0, 0]",64
69,"[0, 3]",163.20000000000286,"[68, 64]","[0, 0]","[0, 0]",64
70,"[0, 3]",165.1000000000033,"[69, 69]","[0, 0]","[0, 0]",64
71,"[0, 1]",136.39999999999677,"[70, 68]","[0, 0]","[0, 0]",64
72,"[0, 1]",136.64999999999682,"[71, 71]","[0, 0]","[0, 0]",64
73,"[0, 3]",165.95000000000348,"[72, 70]","[0, 0]","[0, 0]",64
74,"[0, 1]",138.04999999999714,"[73, 72]","[0, 0]","[0, 0]",64
75,"[0, 3]",169.00000000000418,"[74, 73]","[0, 0]","[0, 0]",64
76,"[0, 1]",137.8499999999971,"[75, 74]","[0, 0]","[0, 0]",64
77,"[0, 1]",138.09999999999715,"[76, 76]","[0, 0]","[0, 0]",64
78,"[2, 1]",57.19999999999889,"[67, 20]","[3.2499999999999964, 0]","[3.2499999999999964, 0]",64
79,"[2, 1]",70.29999999999815,"[78, 24]","[11.55000000000003, 0]","[6.799999999999984, 0]",64
0,"[2, 1]",36.40000000000007,"[-999, -999]","[0, 0]","[0, 0]",65
1,"[2, 1]",38.09999999999997,"[0, 0]","[0, 0]","[0, 0]",65
2,"[2, 1]",39.89999999999987,"[1, 1]","[0, 0]","[0, 0]",65
3,"[2, 1]",41.79999999999976,"[2, 2]","[0, 0]","[0, 0]",65
4,"[2, 3]",70.24999999999815,"[3, -999]","[0, 0]","[0, 0]",65
5,"[2, 1]",38.69999999999994,"[4, 3]","[0, 0]","[0, 0]",65
6,"[0, 1]",78.79999999999767,"[-999, 12]","[0, 0]","[6.0499999999999865, 0]",65
7,"[2, 1]",40.64999999999983,"[5, 5]","[0, 0]","[0, 0]",65
8,"[2, 3]",72.09999999999805,"[7, 4]","[0, 0]","[0, 0]",65
9,"[2, 1]",39.999999999999865,"[8, 7]","[0, 0]","[0, 0]",65
10,"[2, 1]",42.34999999999973,"[9, 9]","[0, 0]","[0, 0]",65
11,"[0, 3]",106.2499999999961,"[6, 8]","[0, 0]","[0, 0]",65
12,"[2, 1]",43.349999999999675,"[10, 10]","[0, 0]","[0, 0]",65
13,"[0, 1]",83.64999999999739,"[11, 23]","[2.549999999999999, 0]","[2.549999999999999, 0]",65
14,"[0, 1]",89.59999999999705,"[13, 59]","[3.2499999999999964, 0]","[3.2499999999999964, 0]",65
15,"[0, 1]",94.29999999999679,"[14, 62]","[2.549999999999999, 0]","[2.549999999999999, 0]",65
16,"[0, 1]",94.59999999999677,"[15, 15]","[0, 0]","[0, 0]",65
17,"[0, 3]",125.29999999999502,"[16, 11]","[0, 0]","[0, 0]",65
18,"[2, 1]",50.44999999999927,"[12, 6]","[1.3000000000000005, 0]","[1.3000000000000005, 0]",65
19,"[0, 3]",127.64999999999489,"[17, 17]","[0.6, 0]","[0, 0]",65
20,"[0, 1]",99.1999999999965,"[19, 16]","[1.1500000000000004, 0]","[0, 0]",65
21,"[0, 3]",130.59999999999545,"[20, 19]","[1.2000000000000004, 0]","[0, 0]",65
22,"[0, 1]",103.09999999999629,"[21, 20]","[1.4000000000000006, 0]","[0, 0]",65
23,"[2, 1]",50.64999999999926,"[18, 18]","[3.2999999999999963, 0]","[3.2999999999999963, 0]",65
24,"[0, 1]",104.29999999999622,"[22, 22]","[2.4499999999999993, 0]","[0, 0]",65
25,"[0, 1]",105.34999999999616,"[24, 24]","[2.9999999999999973, 0]","[0, 0]",65
26,"[0, 1]",106.3999999999961,"[25, 25]","[2.6999999999999984, 0]","[0, 0]",65
27,"[0, 1]",107.44999999999604,"[26, 26]","[2.2, 0]","[0, 0]",65
28,"[0, 3]",138.44999999999723,"[27, 21]","[1.6000000000000008, 0]","[0, 0]",65
29,"[0, 3]",140.79999999999777,"[28, 28]","[1.0500000000000003, 0]","[0, 0]",65
30,"[0, 1]",112.34999999999576,"[29, 27]","[0.3, 0]","[0, 0]",65
31,"[0, 1]",113.4999999999957,"[30, 30]","[0, 0]","[0, 0]",65
32,"[0, 1]",114.54999999999563,"[31, 31]","[0, 0]","[0, 0]",65
33,"[0, 1]",115.59999999999557,"[32, 32]","[0, 0]","[0, 0]",65
34,"[0, 1]",116.64999999999552,"[33, 33]","[0, 0]","[0, 0]",65
35,"[0, 3]",147.69999999999933,"[34, 29]","[0, 0]","[0, 0]",65
36,"[0, 1]",120.3999999999953,"[35, 34]","[0, 0]","[0, 0]",65
37,"[0, 3]",151.80000000000027,"[36, 35]","[0, 0]","[0, 0]",65
38,"[0, 3]",154.05000000000078,"[37, 37]","[0.35, 0]","[0, 0]",65
39,"[0, 3]",155.65000000000114,"[38, 38]","[0, 0]","[0, 0]",65
40,"[0, 1]",126.64999999999495,"[39, -999]","[0, 0]","[0, 0]",65
41,"[0, 1]",127.69999999999489,"[40, 40]","[0, 0]","[0, 0]",65
42,"[0, 1]",128.79999999999504,"[41, 41]","[0, 0]","[0, 0]",65
43,"[0, 3]",159.8000000000021,"[42, 39]","[0, 0]","[0, 0]",65
44,"[0, 1]",131.79999999999572,"[43, 42]","[0, 0]","[0, 0]",65
45,"[0, 1]",130.8499999999955,"[44, 44]","[0.15000000000000002, 0]","[0, 0]",65
46,"[0, 1]",131.44999999999564,"[45, 45]","[0.9000000000000002, 0]","[0, 0]",65
47,"[0, 1]",132.34999999999584,"[46, 46]","[1.2500000000000004, 0]","[0, 0]",65
48,"[0, 1]",133.14999999999603,"[47, 47]","[1.5500000000000007, 0]","[0, 0]",65
49,"[0, 1]",131.89999999999574,"[48, 48]","[1.800000000000001, 0]","[0, 0]",65
50,"[0, 1]",130.3499999999954,"[49, 49]","[2.000000000000001, 0]","[0, 0]",65
51,"[0, 1]",130.99999999999554,"[50, 50]","[1.850000000000001, 0]","[0, 0]",65
52,"[0, 1]",131.6999999999957,"[51, 51]","[1.2000000000000004, 0]","[0, 0]",65
53,"[0, 1]",130.54999999999544,"[52, 52]","[0, 0]","[0, 0]",65
54,"[0, 1]",127.19999999999492,"[53, 53]","[0, 0]","[0, 0]",65
55,"[0, 3]",157.95000000000167,"[54, -999]","[0.9000000000000002, 0]","[0, 0]",65
56,"[0, 3]",160.10000000000215,"[55, 55]","[1.3000000000000005, 0]","[0, 0]",65
57,"[0, 3]",161.45000000000246,"[56, 56]","[1.6000000000000008, 0]","[0, 0]",65
58,"[0, 1]",132.1499999999958,"[57, -999]","[1.900000000000001, 0]","[0, 0]",65
59,"[2, 1]",40.699999999999825,"[23, 13]","[0, 0]","[0, 0]",65
60,"[0, 1]",132.79999999999595,"[58, 58]","[1.4500000000000006, 0]","[0, 0]",65
61,"[0, 1]",128.84999999999505,"[60, 60]","[0, 0]","[0, 0]",65
62,"[2, 1]",49.299999999999336,"[59, 14]","[0.7000000000000001, 0]","[0.7000000000000001, 0]",65
63,"[0, 1]",127.99999999999487,"[61, 61]","[0, 0]","[0, 0]",65
64,"[0, 3]",158.70000000000184,"[63, 57]","[0, 0]","[0, 0]",65
65,"[0, 1]",130.59999999999545,"[64, 63]","[0, 0]","[0, 0]",65
66,"[0, 1]",128.09999999999488,"[65, 65]","[0, 0]","[0, 0]",65
67,"[0, 3]",158.85000000000187,"[66, 64]","[0, 0]","[0, 0]",65
68,"[0, 1]",131.14999999999557,"[67, 66]","[0, 0]","[0, 0]",65
69,"[0, 3]",161.35000000000244,"[68, 67]","[0, 0]","[0, 0]",65
70,"[0, 1]",132.84999999999596,"[69, 68]","[0, 0]","[0, 0]",65
71,"[0, 1]",133.34999999999607,"[70, 70]","[0, 0]","[0, 0]",65
72,"[0, 1]",132.89999999999597,"[71, 71]","[0, 0]","[0, 0]",65
73,"[0, 3]",162.0500000000026,"[72, 69]","[0, 0]","[0, 0]",65
74,"[0, 1]",133.99999999999622,"[73, 72]","[0, 0]","[0, 0]",65
75,"[0, 3]",164.90000000000325,"[74, 73]","[0, 0]","[0, 0]",65
76,"[0, 1]",137.0499999999969,"[75, 74]","[0, 0]","[0, 0]",65
77,"[0, 1]",137.8999999999971,"[76, 76]","[0, 0]","[0, 0]",65
78,"[0, 1]",138.44999999999723,"[77, 77]","[0, 0]","[0, 0]",65
79,"[0, 1]",138.44999999999723,"[78, 78]","[0, 0]","[0, 0]",65
0,"[2, 3]",67.7499999999983,"[-999, -999]","[0, 0]","[0, 0]",66
1,"[0, 3]",96.69999999999665,"[-999, 6]","[0, 0]","[0, 0]",66
2,"[0, 1]",80.44999999999757,"[1, 18]","[5.04999999999999, 0]","[5.04999999999999, 0]",66
3,"[2, 3]",70.84999999999812,"[0, 0]","[0, 0]","[0, 0]",66
4,"[2, 1]",37.550000000000004,"[3, -999]","[0, 0]","[0, 0]",66
5,"[0, 3]",108.99999999999595,"[2, 1]","[0, 0]","[0, 0]",66
6,"[2, 3]",70.09999999999816,"[4, 3]","[0, 0]","[0, 0]",66
7,"[2, 1]",39.799999999999876,"[6, 4]","[0, 0]","[0, 0]",66
8,"[2, 1]",41.79999999999976,"[7, 7]","[0, 0]","[0, 0]",66
9,"[2, 1]",43.499999999999666,"[8, 8]","[0, 0]","[0, 0]",66
10,"[2, 1]",45.04999999999958,"[9, 9]","[0, 0]","[0, 0]",66
11,"[0, 1]",81.44999999999752,"[5, 40]","[0, 0]","[0, 0]",66
12,"[2, 1]",46.349999999999504,"[10, 10]","[0, 0]","[0, 0]",66
13,"[0, 1]",82.49999999999746,"[11, 11]","[0, 0]","[0, 0]",66
14,"[0, 1]",83.5499999999974,"[13, 13]","[0, 0]","[0, 0]",66
15,"[0, 1]",89.34999999999707,"[14, 59]","[2.5999999999999988, 0]","[2.5999999999999988, 0]",66
16,"[0, 1]",94.59999999999677,"[15, 69]","[2.5999999999999988, 0]","[2.5999999999999988, 0]",66
17,"[0, 3]",124.49999999999507,"[16, 56]","[0, 0]","[0, 0]",66
18,"[2, 1]",47.399999999999444,"[12, 12]","[0, 0]","[0, 0]",66
19,"[0, 3]",126.84999999999494,"[17, 17]","[0, 0]","[0, 0]",66
20,"[0, 1]",98.99999999999652,"[19, 79]","[0, 0]","[0, 0]",66
21,"[0, 1]",99.49999999999649,"[20, 20]","[0, 0]","[0, 0]",66
22,"[0, 1]",100.54999999999643,"[21, 21]","[0, 0]","[0, 0]",66
23,"[0, 1]",101.49999999999638,"[22, 22]","[0, 0]","[0, 0]",66
24,"[0, 1]",102.54999999999632,"[23, 23]","[0, 0]","[0, 0]",66
25,"[0, 3]",133.4999999999961,"[24, 19]","[0, 0]","[0, 0]",66
26,"[0, 1]",106.3499999999961,"[25, 24]","[0.25, 0]","[0, 0]",66
27,"[0, 3]",137.74999999999707,"[26, 25]","[1.2500000000000004, 0]","[0, 0]",66
28,"[0, 1]",110.29999999999588,"[27, 26]","[1.1000000000000003, 0]","[0, 0]",66
29,"[0, 1]",111.44999999999581,"[28, 28]","[0.6, 0]","[0, 0]",66
30,"[0, 3]",142.59999999999818,"[29, 27]","[0, 0]","[0, 0]",66
31,"[0, 1]",115.29999999999559,"[30, 29]","[0, 0]","[0, 0]",66
32,"[0, 3]",146.6499999999991,"[31, 30]","[0, 0]","[0, 0]",66
33,"[0, 1]",119.24999999999537,"[32, 31]","[0, 0]","[0, 0]",66
34,"[0, 3]",150.65,"[33, 32]","[0, 0]","[0, 0]",66
35,"[0, 1]",123.14999999999515,"[34, 33]","[0, 0]","[0, 0]",66
36,"[0, 3]",154.50000000000088,"[35, 34]","[0, 0]","[0, 0]",66
37,"[0, 1]",127.09999999999492,"[36, 35]","[0, 0]","[0, 0]",66
38,"[0, 3]",158.45000000000178,"[37, 36]","[0, 0]","[0, 0]",66
39,"[0, 1]",130.94999999999553,"[38, 37]","[0, 0]","[0, 0]",66
40,"[2, 1]",47.84999999999942,"[18, 2]","[3.149999999999997, 0]","[3.149999999999997, 0]",66
41,"[0, 3]",162.35000000000267,"[39, 38]","[0, 0]","[0, 0]",66
42,"[0, 1]",134.94999999999644,"[41, 39]","[0, 0]","[0, 0]",66
43,"[0, 1]",136.0499999999967,"[42, 42]","[0, 0]","[0, 0]",66
44,"[0, 3]",167.15000000000376,"[43, 41]","[0, 0]","[0, 0]",66
45,"[0, 1]",139.54999999999748,"[44, 43]","[0, 0]","[0, 0]",66
46,"[0, 1]",139.69999999999752,"[45, 45]","[0, 0]","[0, 0]",66
47,"[0, 1]",140.0499999999976,"[46, 46]","[0, 0]","[0, 0]",66
48,"[0, 1]",140.79999999999777,"[47, 47]","[0, 0]","[0, 0]",66
49,"[0, 1]",141.69999999999797,"[48, 48]","[0, 0]","[0, 0]",66
50,"[0, 3]",172.45000000000496,"[49, 44]","[0, 0]","[0, 0]",66
51,"[0, 3]",171.45000000000474,"[50, 50]","[0, 0]","[0, 0]",66
52,"[2, 3]",70.24999999999815,"[40, 5]","[0, 0]","[0, 0]",66
53,"[2, 3]",72.64999999999802,"[52, 52]","[0, 0]","[0, 0]",66
54,"[0, 1]",141.09999999999783,"[51, 49]","[0, 0]","[0, 0]",66
55,"[0, 1]",141.59999999999795,"[54, 54]","[0, 0]","[0, 0]",66
56,"[2, 3]",74.34999999999792,"[53, 53]","[0, 0]","[0, 0]",66
57,"[0, 3]",172.2000000000049,"[55, 51]","[0, 0]","[0, 0]",66
58,"[0, 3]",169.45000000000428,"[57, 57]","[0, 0]","[0, 0]",66
59,"[2, 1]",44.5999999999996,"[56, 14]","[0, 0]","[0, 0]",66
60,"[0, 1]",139.94999999999757,"[58, 55]","[0, 0]","[0, 0]",66
61,"[0, 1]",140.34999999999766,"[60, 60]","[0, 0]","[0, 0]",66
62,"[0, 1]",140.79999999999777,"[61, 61]","[0, 0]","[0, 0]",66
63,"[0, 1]",140.9499999999978,"[62, 62]","[0, 0]","[0, 0]",66
64,"[0, 3]",168.6500000000041,"[63, 58]","[0, 0]","[0, 0]",66
65,"[0, 1]",139.94999999999757,"[64, 63]","[0, 0]","[0, 0]",66
66,"[0, 3]",170.0000000000044,"[65, 64]","[0, 0]","[0, 0]",66
67,"[0, 1]",140.0499999999976,"[66, 65]","[0, 0]","[0, 0]",66
68,"[0, 1]",139.49999999999747,"[67, 67]","[0, 0]","[0, 0]",66
69,"[2, 1]",47.749999999999424,"[59, 15]","[2.0500000000000007, 0]","[2.0500000000000007, 0]",66
70,"[0, 1]",138.64999999999728,"[68, 68]","[0, 0]","[0, 0]",66
71,"[0, 1]",137.59999999999704,"[70, 70]","[0, 0]","[0, 0]",66
72,"[0, 1]",136.69999999999683,"[71, 71]","[0, 0]","[0, 0]",66
73,"[2, 1]",52.44999999999916,"[69, 16]","[6.249999999999986, 0]","[6.249999999999986, 0]",66
74,"[0, 3]",163.800000000003,"[72, 66]","[0.5499999999999999, 0]","[0, 0]",66
75,"[0, 1]",133.79999999999617,"[74, 72]","[1.1000000000000003, 0]","[0, 0]",66
76,"[0, 3]",164.45000000000314,"[75, 74]","[1.4500000000000006, 0]","[0, 0]",66
77,"[0, 1]",136.29999999999674,"[76, 75]","[1.7500000000000009, 0]","[0, 0]",66
78,"[0, 3]",166.0500000000035,"[77, 76]","[2.0500000000000007, 0]","[0, 0]",66
79,"[2, 1]",51.29999999999922,"[73, 73]","[4.99999999999999, 0]","[2.499999999999999, 0]",66
0,"[2, 1]",36.40000000000007,"[-999, -999]","[0, 0]","[0, 0]",67
1,"[0, 1]",74.6499999999979,"[-999, 11]","[0, 0]","[2.1000000000000005, 0]",67
2,"[0, 1]",79.14999999999765,"[1, 12]","[2.1000000000000005, 0]","[2.1000000000000005, 0]",67
3,"[2, 3]",68.49999999999825,"[0, -999]","[0, 0]","[0, 0]",67
4,"[2, 3]",71.1999999999981,"[3, 3]","[0, 0]","[0, 0]",67
5,"[2, 1]",37.699999999999996,"[4, 0]","[0, 0]","[0, 0]",67
6,"[2, 1]",39.799999999999876,"[5, 5]","[0, 0]","[0, 0]",67
7,"[2, 1]",41.749999999999766,"[6, 6]","[0, 0]","[0, 0]",67
8,"[0, 1]",85.54999999999728,"[2, 30]","[1.4500000000000006, 0]","[1.4500000000000006, 0]",67
9,"[2, 1]",43.499999999999666,"[7, 7]","[0, 0]","[0, 0]",67
10,"[0, 1]",85.04999999999731,"[8, 8]","[0, 0]","[0, 0]",67
11,"[2, 1]",44.99999999999958,"[9, 9]","[0, 0]","[0, 0]",67
12,"[2, 1]",51.7499999999992,"[11, 1]","[0.9500000000000003, 0]","[0.9500000000000003, 0]",67
13,"[0, 1]",91.14999999999696,"[10, 31]","[2.499999999999999, 0]","[2.499999999999999, 0]",67
14,"[0, 1]",91.09999999999697,"[13, 13]","[0, 0]","[0, 0]",67
15,"[0, 3]",121.44999999999524,"[14, 39]","[0, 0]","[0, 0]",67
16,"[0, 1]",93.09999999999685,"[15, 43]","[0, 0]","[0, 0]",67
17,"[0, 3]",125.84999999999499,"[16, 47]","[0, 0]","[0, 0]",67
18,"[0, 1]",97.4499999999966,"[17, 51]","[0, 0]","[0, 0]",67
19,"[0, 3]",127.99999999999487,"[18, 17]","[0, 0]","[0, 0]",67
20,"[0, 3]",130.19999999999536,"[19, 19]","[0, 0]","[0, 0]",67
21,"[0, 1]",101.44999999999638,"[20, 59]","[0, 0]","[0, 0]",67
22,"[0, 1]",102.44999999999632,"[21, 21]","[0, 0]","[0, 0]",67
23,"[0, 1]",103.44999999999627,"[22, 22]","[0, 0]","[0, 0]",67
24,"[0, 1]",104.5499999999962,"[23, 23]","[0, 0]","[0, 0]",67
25,"[0, 1]",105.54999999999615,"[24, 24]","[0, 0]","[0, 0]",67
26,"[0, 1]",106.59999999999609,"[25, 25]","[0, 0]","[0, 0]",67
27,"[0, 1]",107.59999999999603,"[26, 26]","[0, 0]","[0, 0]",67
28,"[0, 3]",138.59999999999727,"[27, 79]","[0, 0]","[0, 0]",67
29,"[0, 3]",140.9999999999978,"[28, 28]","[0, 0]","[0, 0]",67
30,"[2, 1]",57.19999999999889,"[12, 2]","[6.5999999999999845, 0]","[6.5999999999999845, 0]",67
31,"[2, 1]",67.5999999999983,"[30, 10]","[13.800000000000061, 0]","[5.699999999999988, 0]",67
32,"[0, 1]",112.49999999999575,"[29, 27]","[0, 0]","[0, 0]",67
33,"[0, 3]",143.9999999999985,"[32, 29]","[0, 0]","[0, 0]",67
34,"[0, 1]",116.49999999999552,"[33, 32]","[0, 0]","[0, 0]",67
35,"[0, 3]",147.9499999999994,"[34, 33]","[0, 0]","[0, 0]",67
36,"[0, 3]",150.1499999999999,"[35, 35]","[0, 0]","[0, 0]",67
37,"[0, 1]",121.64999999999523,"[36, 34]","[0, 0]","[0, 0]",67
38,"[0, 1]",122.69999999999517,"[37, 37]","[0.7500000000000001, 0]","[0, 0]",67
39,"[2, 3]",96.19999999999668,"[31, -999]","[20.350000000000154, 0]","[1.3500000000000005, 0]",67
40,"[0, 1]",123.79999999999511,"[38, 38]","[1.6000000000000008, 0]","[0, 0]",67
41,"[0, 1]",124.84999999999505,"[40, 40]","[2.3999999999999995, 0]","[0, 0]",67
42,"[0, 3]",155.8500000000012,"[41, 36]","[2.4499999999999993, 0]","[0, 0]",67
43,"[2, 1]",71.99999999999805,"[39, 14]","[19.800000000000146, 0]","[0, 0]",67
44,"[0, 3]",158.20000000000172,"[42, 42]","[2.0500000000000007, 0]","[0, 0]",67
45,"[0, 3]",159.8500000000021,"[44, 44]","[1.5000000000000007, 0]","[0, 0]",67
46,"[0, 1]",130.89999999999552,"[45, -999]","[0.9000000000000002, 0]","[0, 0]",67
47,"[2, 3]",103.89999999999624,"[43, 15]","[24.800000000000217, 0]","[0, 0]",67
48,"[0, 1]",131.94999999999575,"[46, 46]","[0, 0]","[0, 0]",67
49,"[0, 1]",132.84999999999596,"[48, 48]","[0, 0]","[0, 0]",67
50,"[0, 1]",129.4999999999952,"[49, 49]","[0, 0]","[0, 0]",67
51,"[2, 1]",74.39999999999792,"[47, 16]","[21.800000000000175, 0]","[0, 0]",67
52,"[0, 3]",159.70000000000206,"[50, 45]","[0, 0]","[0, 0]",67
53,"[0, 1]",132.29999999999583,"[52, 50]","[0, 0]","[0, 0]",67
54,"[0, 1]",133.29999999999606,"[53, 53]","[0, 0]","[0, 0]",67
55,"[0, 3]",164.40000000000313,"[54, 52]","[0, 0]","[0, 0]",67
56,"[2, 1]",81.19999999999753,"[51, 18]","[18.400000000000126, 0]","[0, 0]",67
57,"[0, 3]",166.55000000000362,"[55, 55]","[0, 0]","[0, 0]",67
58,"[0, 1]",137.8499999999971,"[57, 54]","[0, 0]","[0, 0]",67
59,"[2, 1]",82.34999999999746,"[56, 56]","[16.900000000000105, 0]","[0, 0]",67
60,"[0, 1]",138.3499999999972,"[58, 58]","[0.9500000000000003, 0]","[0, 0]",67
61,"[2, 3]",115.89999999999556,"[59, 20]","[15.450000000000085, 0]","[0, 0]",67
62,"[0, 3]",163.0000000000028,"[60, 57]","[0, 0]","[0, 0]",67
63,"[0, 1]",134.59999999999636,"[62, 60]","[0, 0]","[0, 0]",67
64,"[0, 1]",135.34999999999653,"[63, 63]","[0, 0]","[0, 0]",67
65,"[0, 3]",166.20000000000354,"[64, 62]","[0, 0]","[0, 0]",67
66,"[0, 3]",168.05000000000396,"[65, 65]","[0, 0]","[0, 0]",67
67,"[0, 1]",138.3499999999972,"[66, 64]","[0, 0]","[0, 0]",67
68,"[0, 1]",134.3999999999963,"[67, 67]","[0, 0]","[0, 0]",67
69,"[0, 3]",164.00000000000304,"[68, 66]","[0, 0]","[0, 0]",67
70,"[0, 3]",165.40000000000336,"[69, 69]","[0, 0]","[0, 0]",67
71,"[0, 1]",136.1499999999967,"[70, 68]","[0, 0]","[0, 0]",67
72,"[0, 1]",136.5999999999968,"[71, 71]","[0, 0]","[0, 0]",67
73,"[0, 1]",136.69999999999683,"[72, 72]","[0, 0]","[0, 0]",67
74,"[0, 3]",162.0500000000026,"[73, 70]","[0, 0]","[0, 0]",67
75,"[0, 3]",163.90000000000302,"[74, 74]","[0, 0]","[0, 0]",67
76,"[0, 3]",165.25000000000333,"[75, 75]","[0, 0]","[0, 0]",67
77,"[0, 1]",135.2499999999965,"[76, -999]","[0, 0]","[0, 0]",67
78,"[0, 1]",134.14999999999625,"[77, 77]","[0, 0]","[0, 0]",67
79,"[2, 3]",104.5499999999962,"[61, 61]","[0, 0]","[0, 0]",67
0,"[2, 1]",36.40000000000007,"[-999, -999]","[0, 0]","[0, 0]",68
1,"[2, 3]",68.49999999999825,"[0, -999]","[0, 0]","[0, 0]",68
2,"[2, 3]",71.1999999999981,"[1, 1]","[0, 0]","[0, 0]",68
3,"[2, 3]",73.049999999998,"[2, 2]","[0, 0]","[0, 0]",68
4,"[2, 1]",38.599999999999945,"[3, -999]","[0, 0]","[0, 0]",68
5,"[2, 1]",40.84999999999982,"[4, 4]","[0, 0]","[0, 0]",68
6,"[0, 1]",83.5999999999974,"[-999, 23]","[0, 0]","[8.599999999999987, 0]",68
7,"[2, 1]",42.649999999999714,"[5, 5]","[0, 0]","[0, 0]",68
8,"[2, 3]",73.29999999999798,"[7, 3]","[0, 0]","[0, 0]",68
9,"[0, 3]",112.69999999999574,"[6, 8]","[0, 0]","[0, 0]",68
10,"[0, 1]",84.59999999999734,"[9, 51]","[0, 0]","[0, 0]",68
11,"[2, 1]",41.29999999999979,"[8, 7]","[0, 0]","[0, 0]",68
12,"[2, 1]",43.499999999999666,"[11, 11]","[0, 0]","[0, 0]",68
13,"[0, 1]",94.94999999999675,"[10, 59]","[5.4999999999999885, 0]","[5.4999999999999885, 0]",68
14,"[0, 3]",121.79999999999522,"[13, 53]","[0.6, 0]","[0, 0]",68
15,"[0, 3]",124.19999999999509,"[14, 14]","[1.7000000000000008, 0]","[0, 0]",68
16,"[0, 1]",95.64999999999671,"[15, 13]","[1.1000000000000003, 0]","[0, 0]",68
17,"[0, 3]",127.3999999999949,"[16, 79]","[0.25, 0]","[0, 0]",68
18,"[2, 1]",44.5999999999996,"[12, 12]","[0, 0]","[0, 0]",68
19,"[0, 3]",128.99999999999508,"[17, 17]","[0, 0]","[0, 0]",68
20,"[0, 3]",130.3499999999954,"[19, 19]","[0, 0]","[0, 0]",68
21,"[0, 3]",131.59999999999567,"[20, 20]","[0, 0]","[0, 0]",68
22,"[0, 3]",132.69999999999592,"[21, 21]","[0, 0]","[0, 0]",68
23,"[2, 1]",45.24999999999957,"[18, 18]","[0, 0]","[0, 0]",68
24,"[0, 1]",103.34999999999627,"[22, -999]","[0, 0]","[0, 0]",68
25,"[0, 3]",134.7999999999964,"[24, 22]","[0.9500000000000003, 0]","[0, 0]",68
26,"[0, 1]",107.24999999999605,"[25, 24]","[1.4500000000000006, 0]","[0, 0]",68
27,"[0, 1]",108.39999999999598,"[26, 26]","[1.900000000000001, 0]","[0, 0]",68
28,"[0, 1]",109.54999999999592,"[27, 27]","[2.1000000000000005, 0]","[0, 0]",68
29,"[0, 1]",110.54999999999586,"[28, 28]","[1.800000000000001, 0]","[0, 0]",68
30,"[0, 1]",111.5499999999958,"[29, 29]","[1.3000000000000005, 0]","[0, 0]",68
31,"[0, 1]",112.64999999999574,"[30, 30]","[0.7000000000000001, 0]","[0, 0]",68
32,"[0, 3]",143.6499999999984,"[31, 25]","[0, 0]","[0, 0]",68
33,"[0, 1]",116.39999999999553,"[32, 31]","[0, 0]","[0, 0]",68
34,"[0, 1]",117.49999999999547,"[33, 33]","[0, 0]","[0, 0]",68
35,"[0, 3]",148.69999999999956,"[34, 32]","[0, 0]","[0, 0]",68
36,"[0, 1]",121.44999999999524,"[35, 34]","[0, 0]","[0, 0]",68
37,"[0, 1]",122.59999999999518,"[36, 36]","[0, 0]","[0, 0]",68
38,"[0, 1]",123.69999999999511,"[37, 37]","[0, 0]","[0, 0]",68
39,"[0, 1]",124.74999999999505,"[38, 38]","[0, 0]","[0, 0]",68
40,"[0, 3]",155.70000000000115,"[39, 35]","[0, 0]","[0, 0]",68
41,"[0, 1]",128.39999999999495,"[40, 39]","[0, 0]","[0, 0]",68
42,"[0, 3]",159.70000000000206,"[41, 40]","[0, 0]","[0, 0]",68
43,"[0, 1]",132.1999999999958,"[42, 41]","[0, 0]","[0, 0]",68
44,"[0, 1]",133.24999999999605,"[43, 43]","[0.35, 0]","[0, 0]",68
45,"[0, 3]",164.35000000000312,"[44, 42]","[1.0000000000000002, 0]","[0, 0]",68
46,"[0, 1]",136.89999999999688,"[45, 44]","[1.5000000000000007, 0]","[0, 0]",68
47,"[0, 1]",137.69999999999706,"[46, 46]","[2.000000000000001, 0]","[0, 0]",68
48,"[0, 1]",138.2999999999972,"[47, 47]","[1.7500000000000009, 0]","[0, 0]",68
49,"[0, 3]",162.9500000000028,"[48, 45]","[0, 0]","[0, 0]",68
50,"[0, 1]",134.54999999999634,"[49, 48]","[0, 0]","[0, 0]",68
51,"[2, 1]",40.24999999999985,"[23, 6]","[0, 0]","[0, 0]",68
52,"[0, 1]",135.34999999999653,"[50, 50]","[0.49999999999999994, 0]","[0, 0]",68
53,"[2, 3]",72.64999999999802,"[51, 9]","[0, 0]","[0, 0]",68
54,"[2, 1]",43.29999999999968,"[53, 10]","[0, 0]","[0, 0]",68
55,"[0, 3]",165.50000000000338,"[52, 49]","[0.9500000000000003, 0]","[0, 0]",68
56,"[0, 3]",164.05000000000305,"[55, 55]","[1.1500000000000004, 0]","[0, 0]",68
57,"[0, 3]",165.30000000000334,"[56, 56]","[1.0500000000000003, 0]","[0, 0]",68
58,"[0, 1]",136.1499999999967,"[57, -999]","[0.39999999999999997, 0]","[0, 0]",68
59,"[2, 1]",44.24999999999962,"[54, 54]","[0, 0]","[0, 0]",68
60,"[0, 1]",137.0499999999969,"[58, 58]","[0, 0]","[0, 0]",68
61,"[0, 1]",134.04999999999623,"[60, 60]","[0, 0]","[0, 0]",68
62,"[0, 1]",133.8499999999962,"[61, 61]","[0, 0]","[0, 0]",68
63,"[0, 1]",134.54999999999634,"[62, 62]","[0, 0]","[0, 0]",68
64,"[0, 3]",164.35000000000312,"[63, 57]","[0, 0]","[0, 0]",68
65,"[0, 3]",164.7500000000032,"[64, 64]","[0, 0]","[0, 0]",68
66,"[0, 3]",165.70000000000343,"[65, 65]","[0, 0]","[0, 0]",68
67,"[0, 1]",135.99999999999667,"[66, -999]","[0, 0]","[0, 0]",68
68,"[0, 1]",135.79999999999663,"[67, 67]","[0, 0]","[0, 0]",68
69,"[0, 1]",135.89999999999665,"[68, 68]","[0, 0]","[0, 0]",68
70,"[0, 1]",133.09999999999602,"[69, 69]","[0, 0]","[0, 0]",68
71,"[0, 1]",133.049999999996,"[70, 70]","[0, 0]","[0, 0]",68
72,"[0, 1]",133.64999999999614,"[71, 71]","[0, 0]","[0, 0]",68
73,"[0, 1]",130.19999999999536,"[72, 72]","[0, 0]","[0, 0]",68
74,"[0, 1]",130.14999999999534,"[73, 73]","[0, 0]","[0, 0]",68
75,"[0, 3]",160.60000000000227,"[74, 66]","[0, 0]","[0, 0]",68
76,"[0, 1]",132.74999999999594,"[75, 74]","[0, 0]","[0, 0]",68
77,"[0, 1]",131.7499999999957,"[76, 76]","[0, 0]","[0, 0]",68
78,"[0, 1]",131.39999999999563,"[77, 77]","[0, 0]","[0, 0]",68
79,"[2, 3]",72.999999999998,"[59, 15]","[0, 0]","[0, 0]",68
0,"[0, 1]",77.74999999999773,"[-999, 9]","[0, 0]","[5.699999999999988, 0]",69
1,"[2, 3]",67.7499999999983,"[-999, -999]","[0, 0]","[0, 0]",69
2,"[2, 1]",37.15000000000003,"[1, -999]","[0, 0]","[0, 0]",69
3,"[2, 1]",38.89999999999993,"[2, 2]","[0, 0]","[0, 0]",69
4,"[2, 1]",40.74999999999982,"[3, 3]","[0, 0]","[0, 0]",69
5,"[2, 1]",42.54999999999972,"[4, 4]","[0, 0]","[0, 0]",69
6,"[0, 3]",105.39999999999615,"[0, 10]","[0, 0]","[0, 0]",69
7,"[2, 1]",44.09999999999963,"[5, 5]","[0, 0]","[0, 0]",69
8,"[2, 1]",45.54999999999955,"[7, 7]","[0, 0]","[0, 0]",69
9,"[2, 1]",46.849999999999476,"[8, 8]","[0, 0]","[0, 0]",69
10,"[2, 3]",76.19999999999781,"[9, 1]","[0, 0]","[0, 0]",69
11,"[0, 1]",75.39999999999786,"[6, 12]","[0, 0]","[0, 0]",69
12,"[2, 1]",48.99999999999935,"[10, 0]","[0, 0]","[0, 0]",69
13,"[2, 1]",56.14999999999895,"[12, 11]","[3.2999999999999963, 0]","[3.2999999999999963, 0]",69
14,"[0, 3]",106.89999999999607,"[11, 6]","[0, 0]","[0, 0]",69
15,"[0, 1]",78.84999999999766,"[14, 13]","[0, 0]","[0, 0]",69
16,"[0, 3]",111.6499999999958,"[15, 29]","[0, 0]","[0, 0]",69
17,"[0, 3]",113.04999999999572,"[16, 16]","[0, 0]","[0, 0]",69
18,"[0, 1]",85.2999999999973,"[17, 41]","[0, 0]","[0, 0]",69
19,"[0, 1]",91.84999999999692,"[18, 42]","[2.1000000000000005, 0]","[2.1000000000000005, 0]",69
20,"[0, 1]",91.24999999999696,"[19, 19]","[0, 0]","[0, 0]",69
21,"[0, 1]",97.94999999999658,"[20, 59]","[2.799999999999998, 0]","[2.799999999999998, 0]",69
22,"[0, 3]",126.39999999999496,"[21, 53]","[0, 0]","[0, 0]",69
23,"[0, 1]",98.24999999999656,"[22, 63]","[0, 0]","[0, 0]",69
24,"[0, 1]",99.3999999999965,"[23, 23]","[0, 0]","[0, 0]",69
25,"[0, 3]",132.94999999999598,"[24, 65]","[0, 0]","[0, 0]",69
26,"[0, 3]",134.19999999999627,"[25, 25]","[0, 0]","[0, 0]",69
27,"[0, 3]",140.0999999999976,"[26, 79]","[2.3, 0]","[2.3, 0]",69
28,"[0, 3]",140.79999999999777,"[27, 27]","[0, 0]","[0, 0]",69
29,"[2, 3]",88.39999999999712,"[13, 14]","[0, 0]","[0, 0]",69
30,"[0, 1]",110.69999999999585,"[28, -999]","[0, 0]","[0, 0]",69
31,"[0, 1]",111.79999999999579,"[30, 30]","[0, 0]","[0, 0]",69
32,"[2, 1]",59.44999999999876,"[29, 15]","[0, 0]","[0, 0]",69
33,"[0, 1]",112.94999999999573,"[31, 31]","[0, 0]","[0, 0]",69
34,"[0, 1]",113.99999999999567,"[33, 33]","[0, 0]","[0, 0]",69
35,"[0, 1]",114.99999999999561,"[34, 34]","[0, 0]","[0, 0]",69
36,"[0, 1]",116.04999999999555,"[35, 35]","[0, 0]","[0, 0]",69
37,"[0, 1]",117.14999999999549,"[36, 36]","[0, 0]","[0, 0]",69
38,"[0, 3]",148.09999999999943,"[37, 28]","[0, 0]","[0, 0]",69
39,"[0, 3]",150.39999999999995,"[38, 38]","[0, 0]","[0, 0]",69
40,"[0, 3]",152.0000000000003,"[39, 39]","[0, 0]","[0, 0]",69
41,"[2, 1]",61.799999999998626,"[32, 32]","[13.150000000000052, 0]","[0, 0]",69
42,"[2, 1]",70.04999999999816,"[41, 18]","[10.85000000000002, 0]","[0, 0]",69
43,"[0, 1]",123.04999999999515,"[40, -999]","[1.3000000000000005, 0]","[0, 0]",69
44,"[0, 1]",124.09999999999509,"[43, 43]","[1.7000000000000008, 0]","[0, 0]",69
45,"[0, 3]",155.35000000000107,"[44, 40]","[2.1000000000000005, 0]","[0, 0]",69
46,"[0, 1]",127.99999999999487,"[45, 44]","[2.1500000000000004, 0]","[0, 0]",69
47,"[0, 1]",129.14999999999512,"[46, 46]","[1.7500000000000009, 0]","[0, 0]",69
48,"[0, 3]",160.3500000000022,"[47, 45]","[1.900000000000001, 0]","[0, 0]",69
49,"[0, 1]",133.09999999999602,"[48, 47]","[2.0500000000000007, 0]","[0, 0]",69
50,"[0, 1]",134.19999999999627,"[49, 49]","[2.2, 0]","[0, 0]",69
51,"[0, 3]",165.35000000000335,"[50, 48]","[2.3, 0]","[0, 0]",69
52,"[0, 1]",137.54999999999703,"[51, 50]","[2.3499999999999996, 0]","[0, 0]",69
53,"[2, 3]",100.19999999999645,"[42, 17]","[9.149999999999995, 0]","[0, 0]",69
54,"[0, 1]",136.69999999999683,"[52, 52]","[2.3999999999999995, 0]","[0, 0]",69
55,"[0, 3]",167.3000000000038,"[54, 51]","[2.3499999999999996, 0]","[0, 0]",69
56,"[0, 3]",169.35000000000426,"[55, 55]","[2.25, 0]","[0, 0]",69
57,"[0, 3]",170.8000000000046,"[56, 56]","[2.000000000000001, 0]","[0, 0]",69
58,"[0, 1]",141.24999999999787,"[57, -999]","[1.7500000000000009, 0]","[0, 0]",69
59,"[2, 1]",72.999999999998,"[53, 20]","[4.99999999999999, 0]","[0, 0]",69
60,"[0, 1]",130.59999999999545,"[58, 58]","[0, 0]","[0, 0]",69
61,"[0, 1]",131.04999999999555,"[60, 60]","[0, 0]","[0, 0]",69
62,"[0, 1]",131.89999999999574,"[61, 61]","[0, 0]","[0, 0]",69
63,"[2, 1]",78.89999999999766,"[59, 21]","[2.9999999999999973, 0]","[0, 0]",69
64,"[2, 3]",111.34999999999582,"[63, 22]","[1.6000000000000008, 0]","[0, 0]",69
65,"[2, 3]",113.84999999999567,"[64, 64]","[0, 0]","[0, 0]",69
66,"[0, 1]",132.79999999999595,"[62, 62]","[0, 0]","[0, 0]",69
67,"[2, 1]",84.69999999999733,"[65, 24]","[0, 0]","[0, 0]",69
68,"[0, 1]",133.69999999999615,"[66, 66]","[0, 0]","[0, 0]",69
69,"[0, 1]",134.64999999999637,"[68, 68]","[0, 0]","[0, 0]",69
70,"[0, 1]",135.44999999999655,"[69, 69]","[0, 0]","[0, 0]",69
71,"[0, 1]",131.84999999999573,"[70, 70]","[0, 0]","[0, 0]",69
72,"[0, 1]",131.44999999999564,"[71, 71]","[0, 0]","[0, 0]",69
73,"[0, 3]",161.90000000000256,"[72, -999]","[0, 0]","[0, 0]",69
74,"[0, 3]",163.850000000003,"[73, 73]","[0, 0]","[0, 0]",69
75,"[0, 1]",132.29999999999583,"[74, 72]","[0, 0]","[0, 0]",69
76,"[0, 3]",162.1000000000026,"[75, 74]","[0, 0]","[0, 0]",69
77,"[0, 1]",134.09999999999624,"[76, 75]","[0, 0]","[0, 0]",69
78,"[0, 1]",134.54999999999634,"[77, 77]","[0, 0]","[0, 0]",69
79,"[2, 3]",119.89999999999533,"[67, 26]","[0, 0]","[0, 0]",69
0,"[2, 1]",36.40000000000007,"[-999, -999]","[0, 0]","[0, 0]",70
1,"[0, 1]",67.6999999999983,"[-999, 18]","[0, 0]","[0, 0]",70
2,"[2, 1]",38.09999999999997,"[0, 0]","[0, 0]","[0, 0]",70
3,"[0, 1]",70.14999999999816,"[1, 1]","[0, 0]","[0, 0]",70
4,"[2, 3]",68.64999999999824,"[2, -999]","[0, 0]","[0, 0]",70
5,"[2, 1]",37.40000000000001,"[4, 2]","[0, 0]","[0, 0]",70
6,"[0, 1]",71.2999999999981,"[3, 3]","[0, 0]","[0, 0]",70
7,"[2, 1]",39.19999999999991,"[5, 5]","[0, 0]","[0, 0]",70
8,"[0, 1]",78.1999999999977,"[6, 43]","[3.5499999999999954, 0]","[3.5499999999999954, 0]",70
9,"[2, 1]",41.0999999999998,"[7, 7]","[0, 0]","[0, 0]",70
10,"[0, 1]",77.69999999999773,"[8, 8]","[0, 0]","[0, 0]",70
11,"[0, 1]",78.44999999999769,"[10, 10]","[0, 0]","[0, 0]",70
12,"[0, 1]",79.39999999999763,"[11, 11]","[0, 0]","[0, 0]",70
13,"[0, 1]",89.54999999999706,"[12, 62]","[5.449999999999989, 0]","[5.449999999999989, 0]",70
14,"[0, 3]",129.14999999999512,"[13, 73]","[5.399999999999989, 0]","[5.399999999999989, 0]",70
15,"[0, 1]",97.84999999999658,"[14, 78]","[0, 0]","[0, 0]",70
16,"[0, 1]",98.84999999999653,"[15, 15]","[0, 0]","[0, 0]",70
17,"[0, 3]",129.8999999999953,"[16, 14]","[0, 0]","[0, 0]",70
18,"[2, 1]",42.9499999999997,"[9, 9]","[0, 0]","[0, 0]",70
19,"[0, 3]",132.24999999999582,"[17, 17]","[0, 0]","[0, 0]",70
20,"[0, 1]",103.69999999999625,"[19, 16]","[0, 0]","[0, 0]",70
21,"[0, 1]",104.74999999999619,"[20, 20]","[0, 0]","[0, 0]",70
22,"[2, 3]",73.49999999999797,"[18, 4]","[0, 0]","[0, 0]",70
23,"[0, 3]",135.94999999999666,"[21, 19]","[0, 0]","[0, 0]",70
24,"[0, 1]",108.69999999999597,"[23, 21]","[0, 0]","[0, 0]",70
25,"[0, 1]",109.7999999999959,"[24, 24]","[0, 0]","[0, 0]",70
26,"[0, 3]",140.9499999999978,"[25, 23]","[0.9000000000000002, 0]","[0, 0]",70
27,"[0, 1]",113.74999999999568,"[26, 25]","[1.0500000000000003, 0]","[0, 0]",70
28,"[0, 1]",114.84999999999562,"[27, 27]","[1.0500000000000003, 0]","[0, 0]",70
29,"[0, 1]",115.94999999999555,"[28, 28]","[0.8500000000000002, 0]","[0, 0]",70
30,"[0, 3]",146.94999999999916,"[29, 26]","[1.1500000000000004, 0]","[0, 0]",70
31,"[0, 1]",119.74999999999534,"[30, 29]","[2.6999999999999984, 0]","[0, 0]",70
32,"[0, 3]",151.0500000000001,"[31, 30]","[2.8999999999999977, 0]","[0, 0]",70
33,"[0, 1]",123.54999999999512,"[32, 31]","[2.549999999999999, 0]","[0, 0]",70
34,"[0, 3]",154.90000000000097,"[33, 32]","[2.000000000000001, 0]","[0, 0]",70
35,"[0, 1]",127.4999999999949,"[34, 33]","[1.4500000000000006, 0]","[0, 0]",70
36,"[0, 3]",158.85000000000187,"[35, 34]","[0.8000000000000002, 0]","[0, 0]",70
37,"[0, 3]",161.05000000000237,"[36, 36]","[0, 0]","[0, 0]",70
38,"[0, 3]",162.65000000000273,"[37, 37]","[0, 0]","[0, 0]",70
39,"[2, 3]",68.64999999999824,"[22, 22]","[0, 0]","[0, 0]",70
40,"[0, 3]",163.95000000000303,"[38, 38]","[0, 0]","[0, 0]",70
41,"[0, 1]",134.64999999999637,"[40, -999]","[0, 0]","[0, 0]",70
42,"[0, 1]",135.74999999999662,"[41, 41]","[0, 0]","[0, 0]",70
43,"[2, 1]",38.49999999999995,"[39, 6]","[0, 0]","[0, 0]",70
44,"[0, 1]",136.69999999999683,"[42, 42]","[0, 0]","[0, 0]",70
45,"[0, 1]",137.24999999999696,"[44, 44]","[0, 0]","[0, 0]",70
46,"[0, 1]",136.89999999999688,"[45, 45]","[0, 0]","[0, 0]",70
47,"[0, 1]",134.19999999999627,"[46, 46]","[0, 0]","[0, 0]",70
48,"[0, 1]",134.09999999999624,"[47, 47]","[0, 0]","[0, 0]",70
49,"[0, 3]",164.6500000000032,"[48, 40]","[0, 0]","[0, 0]",70
50,"[0, 1]",136.69999999999683,"[49, 48]","[0, 0]","[0, 0]",70
51,"[0, 1]",136.5499999999968,"[50, 50]","[0, 0]","[0, 0]",70
52,"[0, 1]",136.44999999999678,"[51, 51]","[0, 0]","[0, 0]",70
53,"[0, 1]",133.8499999999962,"[52, 52]","[0, 0]","[0, 0]",70
54,"[0, 1]",133.74999999999616,"[53, 53]","[0, 0]","[0, 0]",70
55,"[0, 3]",164.10000000000306,"[54, 49]","[0, 0]","[0, 0]",70
56,"[2, 3]",68.09999999999827,"[43, 39]","[0, 0]","[0, 0]",70
57,"[2, 3]",71.1499999999981,"[56, 56]","[0, 0]","[0, 0]",70
58,"[0, 1]",135.6499999999966,"[55, 54]","[0, 0]","[0, 0]",70
59,"[2, 1]",43.54999999999966,"[57, 12]","[0, 0]","[0, 0]",70
60,"[0, 1]",135.09999999999647,"[58, 58]","[0, 0]","[0, 0]",70
61,"[0, 1]",135.39999999999654,"[60, 60]","[0, 0]","[0, 0]",70
62,"[2, 1]",44.34999999999962,"[59, 59]","[0, 0]","[0, 0]",70
63,"[0, 1]",135.54999999999657,"[61, 61]","[0, 0]","[0, 0]",70
64,"[0, 1]",135.04999999999646,"[63, 63]","[0, 0]","[0, 0]",70
65,"[0, 1]",133.54999999999612,"[64, 64]","[0, 0]","[0, 0]",70
66,"[2, 3]",73.64999999999796,"[62, 57]","[0, 0]","[0, 0]",70
67,"[0, 1]",132.6499999999959,"[65, 65]","[0, 0]","[0, 0]",70
68,"[0, 1]",132.1499999999958,"[67, 67]","[0, 0]","[0, 0]",70
69,"[2, 3]",75.99999999999783,"[66, 66]","[0, 0]","[0, 0]",70
70,"[0, 3]",159.450000000002,"[68, 55]","[0, 0]","[0, 0]",70
71,"[0, 1]",130.19999999999536,"[70, 68]","[0.65, 0]","[0, 0]",70
72,"[0, 1]",130.54999999999544,"[71, 71]","[0.9000000000000002, 0]","[0, 0]",70
73,"[2, 3]",77.59999999999773,"[69, 69]","[0, 0]","[0, 0]",70
74,"[0, 1]",130.74999999999548,"[72, 72]","[0, 0]","[0, 0]",70
75,"[0, 3]",156.00000000000122,"[74, 70]","[0, 0]","[0, 0]",70
76,"[0, 1]",128.29999999999492,"[75, 74]","[0, 0]","[0, 0]",70
77,"[0, 1]",129.24999999999514,"[76, 76]","[0, 0]","[0, 0]",70
78,"[2, 1]",47.14999999999946,"[73, 13]","[0, 0]","[0, 0]",70
79,"[0, 1]",130.29999999999538,"[77, 77]","[0, 0]","[0, 0]",70
0,"[2, 3]",67.7499999999983,"[-999, -999]","[0, 0]","[0, 0]",71
1,"[0, 1]",76.69999999999779,"[-999, 12]","[0, 0]","[2.9999999999999973, 0]",71
2,"[2, 1]",37.15000000000003,"[0, -999]","[0, 0]","[0, 0]",71
3,"[2, 3]",69.99999999999817,"[2, 0]","[0, 0]","[0, 0]",71
4,"[0, 1]",81.24999999999753,"[1, 25]","[2.3499999999999996, 0]","[2.3499999999999996, 0]",71
5,"[2, 1]",37.65,"[3, 2]","[0, 0]","[0, 0]",71
6,"[0, 3]",112.49999999999575,"[4, 26]","[0, 0]","[0, 0]",71
7,"[2, 1]",39.649999999999885,"[5, 5]","[0, 0]","[0, 0]",71
8,"[2, 3]",71.39999999999809,"[7, 3]","[0, 0]","[0, 0]",71
9,"[2, 1]",39.299999999999905,"[8, 7]","[0, 0]","[0, 0]",71
10,"[2, 1]",41.64999999999977,"[9, 9]","[0, 0]","[0, 0]",71
11,"[0, 1]",84.34999999999735,"[6, 41]","[0, 0]","[0, 0]",71
12,"[2, 1]",42.799999999999706,"[10, 10]","[0, 0]","[0, 0]",71
13,"[0, 1]",84.94999999999732,"[11, 11]","[0, 0]","[0, 0]",71
14,"[0, 3]",118.89999999999539,"[13, 49]","[0, 0]","[0, 0]",71
15,"[0, 3]",120.09999999999532,"[14, 14]","[0, 0]","[0, 0]",71
16,"[0, 1]",90.69999999999699,"[15, 13]","[0, 0]","[0, 0]",71
17,"[0, 3]",122.94999999999516,"[16, 56]","[0, 0]","[0, 0]",71
18,"[0, 1]",93.69999999999682,"[17, 57]","[0, 0]","[0, 0]",71
19,"[0, 1]",94.79999999999676,"[18, 18]","[0, 0]","[0, 0]",71
20,"[0, 3]",125.799999999995,"[19, 17]","[0, 0]","[0, 0]",71
21,"[0, 1]",96.99999999999663,"[20, 59]","[0, 0]","[0, 0]",71
22,"[0, 1]",102.39999999999633,"[21, 62]","[2.3499999999999996, 0]","[2.3499999999999996, 0]",71
23,"[0, 1]",102.8999999999963,"[22, 22]","[0, 0]","[0, 0]",71
24,"[0, 3]",133.4999999999961,"[23, 63]","[0, 0]","[0, 0]",71
25,"[2, 1]",50.199999999999285,"[12, 1]","[1.6000000000000008, 0]","[1.6000000000000008, 0]",71
26,"[2, 3]",78.94999999999766,"[25, 8]","[0, 0]","[0, 0]",71
27,"[0, 1]",110.99999999999584,"[24, 73]","[3.049999999999997, 0]","[3.049999999999997, 0]",71
28,"[0, 3]",139.54999999999748,"[27, 24]","[0, 0]","[0, 0]",71
29,"[0, 3]",141.799999999998,"[28, 28]","[0, 0]","[0, 0]",71
30,"[0, 3]",143.49999999999838,"[29, 29]","[0, 0]","[0, 0]",71
31,"[0, 3]",144.74999999999866,"[30, 30]","[0, 0]","[0, 0]",71
32,"[0, 3]",145.94999999999894,"[31, 31]","[0, 0]","[0, 0]",71
33,"[0, 3]",147.19999999999922,"[32, 32]","[0, 0]","[0, 0]",71
34,"[0, 1]",117.89999999999544,"[33, -999]","[0, 0]","[0, 0]",71
35,"[0, 3]",149.3499999999997,"[34, 33]","[0, 0]","[0, 0]",71
36,"[0, 1]",121.79999999999522,"[35, 34]","[0, 0]","[0, 0]",71
37,"[0, 1]",122.89999999999516,"[36, 36]","[0, 0]","[0, 0]",71
38,"[0, 3]",154.1000000000008,"[37, 35]","[0.3, 0]","[0, 0]",71
39,"[0, 3]",156.4000000000013,"[38, 38]","[0.9500000000000003, 0]","[0, 0]",71
40,"[0, 3]",157.95000000000167,"[39, 39]","[2.2, 0]","[0, 0]",71
41,"[2, 1]",48.84999999999936,"[26, 4]","[0, 0]","[0, 0]",71
42,"[2, 3]",82.19999999999747,"[41, 6]","[0, 0]","[0, 0]",71
43,"[0, 1]",128.94999999999507,"[40, -999]","[2.3, 0]","[0, 0]",71
44,"[0, 1]",130.09999999999533,"[43, 43]","[3.049999999999997, 0]","[0, 0]",71
45,"[0, 1]",131.14999999999557,"[44, 44]","[3.649999999999995, 0]","[0, 0]",71
46,"[0, 1]",132.1999999999958,"[45, 45]","[4.149999999999993, 0]","[0, 0]",71
47,"[0, 1]",133.19999999999604,"[46, 46]","[4.549999999999992, 0]","[0, 0]",71
48,"[0, 3]",164.10000000000306,"[47, 40]","[4.849999999999991, 0]","[0, 0]",71
49,"[2, 3]",82.94999999999743,"[42, 42]","[0, 0]","[0, 0]",71
50,"[0, 3]",165.85000000000346,"[48, 48]","[5.04999999999999, 0]","[0, 0]",71
51,"[0, 3]",166.30000000000356,"[50, 50]","[5.249999999999989, 0]","[0, 0]",71
52,"[0, 3]",167.20000000000377,"[51, 51]","[5.399999999999989, 0]","[0, 0]",71
53,"[0, 3]",168.200000000004,"[52, 52]","[5.4999999999999885, 0]","[0, 0]",71
54,"[0, 1]",138.44999999999723,"[53, -999]","[5.549999999999988, 0]","[0, 0]",71
55,"[0, 3]",166.10000000000352,"[54, 53]","[6.249999999999986, 0]","[0, 0]",71
56,"[2, 3]",91.84999999999692,"[49, 15]","[2.6999999999999984, 0]","[2.6999999999999984, 0]",71
57,"[2, 1]",62.699999999998575,"[56, 16]","[0, 0]","[0, 0]",71
58,"[0, 1]",137.94999999999712,"[55, 54]","[5.849999999999987, 0]","[0, 0]",71
59,"[2, 1]",76.59999999999779,"[57, 19]","[6.499999999999985, 0]","[6.499999999999985, 0]",71
60,"[0, 3]",159.55000000000203,"[58, 55]","[1.2000000000000004, 0]","[0, 0]",71
61,"[0, 3]",161.10000000000238,"[60, 60]","[1.1500000000000004, 0]","[0, 0]",71
62,"[2, 1]",82.34999999999746,"[59, 21]","[0, 0]","[0, 0]",71
63,"[2, 3]",112.24999999999577,"[62, 20]","[2.000000000000001, 0]","[0, 0]",71
64,"[0, 1]",132.34999999999584,"[61, 58]","[0.7500000000000001, 0]","[0, 0]",71
65,"[0, 1]",133.29999999999606,"[64, 64]","[0, 0]","[0, 0]",71
66,"[0, 1]",134.24999999999628,"[65, 65]","[0.25, 0]","[0, 0]",71
67,"[2, 1]",88.6499999999971,"[63, 23]","[4.799999999999991, 0]","[0, 0]",71
68,"[0, 1]",131.34999999999562,"[66, 66]","[0.65, 0]","[0, 0]",71
69,"[0, 3]",161.25000000000242,"[68, 61]","[0.35, 0]","[0, 0]",71
70,"[0, 3]",163.3500000000029,"[69, 69]","[0, 0]","[0, 0]",71
71,"[0, 1]",131.19999999999558,"[70, 68]","[0, 0]","[0, 0]",71
72,"[0, 1]",130.69999999999547,"[71, 71]","[0, 0]","[0, 0]",71
73,"[2, 1]",88.89999999999709,"[67, 67]","[4.149999999999993, 0]","[0, 0]",71
74,"[0, 3]",161.6500000000025,"[72, 70]","[0.9000000000000002, 0]","[0, 0]",71
75,"[0, 1]",134.04999999999623,"[74, 72]","[1.3000000000000005, 0]","[0, 0]",71
76,"[0, 3]",165.05000000000328,"[75, 74]","[1.6500000000000008, 0]","[0, 0]",71
77,"[0, 3]",165.05000000000328,"[76, 76]","[1.900000000000001, 0]","[0, 0]",71
78,"[0, 1]",134.7999999999964,"[77, 75]","[2.3999999999999995, 0]","[0, 0]",71
79,"[2, 1]",96.29999999999667,"[73, 27]","[2.9499999999999975, 0]","[0, 0]",71
0,"[2, 1]",36.40000000000007,"[-999, -999]","[0, 0]","[0, 0]",72
1,"[2, 1]",38.09999999999997,"[0, 0]","[0, 0]","[0, 0]",72
2,"[2, 1]",39.89999999999987,"[1, 1]","[0, 0]","[0, 0]",72
3,"[2, 3]",69.04999999999822,"[2, -999]","[0, 0]","[0, 0]",72
4,"[2, 1]",39.89999999999987,"[3, 2]","[0, 0]","[0, 0]",72
5,"[0, 3]",96.64999999999665,"[-999, 3]","[0, 0]","[0, 0]",72
6,"[2, 1]",41.749999999999766,"[4, 4]","[0, 0]","[0, 0]",72
7,"[2, 1]",43.499999999999666,"[6, 6]","[0, 0]","[0, 0]",72
8,"[2, 1]",45.099999999999575,"[7, 7]","[0, 0]","[0, 0]",72
9,"[2, 1]",46.349999999999504,"[8, 8]","[0, 0]","[0, 0]",72
10,"[2, 1]",47.399999999999444,"[9, 9]","[0, 0]","[0, 0]",72
11,"[2, 1]",48.54999999999938,"[10, 10]","[0, 0]","[0, 0]",72
12,"[0, 3]",97.94999999999658,"[5, 5]","[0, 0]","[0, 0]",72
13,"[0, 1]",73.29999999999798,"[12, 11]","[0, 0]","[0, 0]",72
14,"[0, 3]",104.29999999999622,"[13, 12]","[0, 0]","[0, 0]",72
15,"[0, 3]",106.54999999999609,"[14, 14]","[0, 0]","[0, 0]",72
16,"[0, 1]",78.69999999999767,"[15, 19]","[0, 0]","[0, 0]",72
17,"[0, 3]",109.14999999999594,"[16, 15]","[0, 0]","[0, 0]",72
18,"[2, 1]",55.79999999999897,"[11, 13]","[3.4499999999999957, 0]","[3.4499999999999957, 0]",72
19,"[2, 1]",57.249999999998884,"[18, 18]","[0, 0]","[0, 0]",72
20,"[0, 3]",111.44999999999581,"[17, 17]","[0, 0]","[0, 0]",72
21,"[2, 1]",65.29999999999843,"[19, 16]","[3.1999999999999966, 0]","[3.1999999999999966, 0]",72
22,"[0, 3]",112.94999999999573,"[20, 20]","[0, 0]","[0, 0]",72
23,"[0, 1]",85.09999999999731,"[22, 41]","[0, 0]","[0, 0]",72
24,"[0, 3]",115.49999999999558,"[23, 22]","[0, 0]","[0, 0]",72
25,"[0, 1]",87.39999999999718,"[24, 43]","[0, 0]","[0, 0]",72
26,"[2, 1]",66.19999999999838,"[21, 21]","[12.800000000000047, 0]","[0, 0]",72
27,"[0, 3]",118.49999999999541,"[25, 24]","[0, 0]","[0, 0]",72
28,"[0, 3]",120.69999999999528,"[27, 27]","[0, 0]","[0, 0]",72
29,"[0, 1]",92.04999999999691,"[28, 50]","[0, 0]","[0, 0]",72
30,"[0, 3]",123.9999999999951,"[29, 52]","[0, 0]","[0, 0]",72
31,"[0, 1]",95.34999999999673,"[30, 54]","[0, 0]","[0, 0]",72
32,"[0, 3]",127.64999999999489,"[31, 56]","[0, 0]","[0, 0]",72
33,"[0, 1]",99.1999999999965,"[32, 59]","[0, 0]","[0, 0]",72
34,"[0, 3]",129.74999999999525,"[33, 32]","[0, 0]","[0, 0]",72
35,"[0, 3]",131.94999999999575,"[34, 34]","[0, 0]","[0, 0]",72
36,"[0, 1]",102.9499999999963,"[35, 69]","[0, 0]","[0, 0]",72
37,"[0, 1]",103.94999999999624,"[36, 36]","[0, 0]","[0, 0]",72
38,"[0, 3]",134.99999999999645,"[37, 35]","[0, 0]","[0, 0]",72
39,"[0, 1]",106.79999999999607,"[38, 73]","[0, 0]","[0, 0]",72
40,"[0, 3]",137.94999999999712,"[39, 38]","[0, 0]","[0, 0]",72
41,"[2, 1]",68.24999999999827,"[26, 26]","[10.600000000000016, 0]","[0, 0]",72
42,"[0, 1]",110.44999999999587,"[40, 39]","[0, 0]","[0, 0]",72
43,"[2, 1]",76.94999999999777,"[41, 23]","[14.550000000000072, 0]","[3.2499999999999964, 0]",72
44,"[0, 1]",111.5499999999958,"[42, 42]","[0, 0]","[0, 0]",72
45,"[0, 3]",142.6499999999982,"[44, 40]","[0, 0]","[0, 0]",72
46,"[0, 1]",115.44999999999558,"[45, 44]","[0, 0]","[0, 0]",72
47,"[0, 1]",116.59999999999552,"[46, 46]","[0, 0]","[0, 0]",72
48,"[0, 3]",147.69999999999933,"[47, 45]","[0, 0]","[0, 0]",72
49,"[0, 3]",149.94999999999985,"[48, 48]","[0, 0]","[0, 0]",72
50,"[2, 1]",84.34999999999735,"[43, 25]","[18.200000000000124, 0]","[3.399999999999996, 0]",72
51,"[0, 1]",121.54999999999524,"[49, 47]","[0, 0]","[0, 0]",72
52,"[2, 3]",121.64999999999523,"[50, 28]","[13.500000000000057, 0]","[0, 0]",72
53,"[0, 1]",122.64999999999517,"[51, 51]","[0, 0]","[0, 0]",72
54,"[2, 1]",92.3999999999969,"[52, 29]","[12.050000000000036, 0]","[0, 0]",72
55,"[0, 3]",153.90000000000074,"[53, 49]","[0, 0]","[0, 0]",72
56,"[2, 3]",125.99999999999498,"[54, 30]","[10.600000000000016, 0]","[0, 0]",72
57,"[0, 3]",156.20000000000127,"[55, 55]","[0, 0]","[0, 0]",72
58,"[0, 3]",157.80000000000163,"[57, 57]","[0, 0]","[0, 0]",72
59,"[2, 1]",96.84999999999664,"[56, 31]","[9.149999999999995, 0]","[0, 0]",72
60,"[0, 1]",128.74999999999503,"[58, -999]","[0, 0]","[0, 0]",72
61,"[0, 1]",129.84999999999528,"[60, 60]","[0, 0]","[0, 0]",72
62,"[0, 1]",130.89999999999552,"[61, 61]","[1.0000000000000002, 0]","[0, 0]",72
63,"[2, 1]",105.34999999999616,"[59, 33]","[7.699999999999981, 0]","[0, 0]",72
64,"[0, 3]",161.95000000000258,"[62, 58]","[1.3000000000000005, 0]","[0, 0]",72
65,"[0, 1]",134.64999999999637,"[64, 62]","[0.9500000000000003, 0]","[0, 0]",72
66,"[0, 1]",135.74999999999662,"[65, 65]","[0.7500000000000001, 0]","[0, 0]",72
67,"[0, 1]",136.5999999999968,"[66, 66]","[0.9000000000000002, 0]","[0, 0]",72
68,"[0, 1]",132.6499999999959,"[67, 67]","[1.2000000000000004, 0]","[0, 0]",72
69,"[2, 1]",105.94999999999612,"[63, 63]","[6.199999999999986, 0]","[0, 0]",72
70,"[0, 1]",132.89999999999597,"[68, 68]","[1.3500000000000005, 0]","[0, 0]",72
71,"[0, 1]",133.59999999999613,"[70, 70]","[1.5000000000000007, 0]","[0, 0]",72
72,"[0, 1]",134.09999999999624,"[71, 71]","[1.6000000000000008, 0]","[0, 0]",72
73,"[2, 1]",119.79999999999534,"[69, 37]","[12.950000000000049, 0]","[6.5999999999999845, 0]",72
74,"[0, 3]",160.45000000000223,"[72, 64]","[1.6000000000000008, 0]","[0, 0]",72
75,"[0, 1]",132.74999999999594,"[74, 72]","[1.2000000000000004, 0]","[0, 0]",72
76,"[0, 1]",133.64999999999614,"[75, 75]","[0.35, 0]","[0, 0]",72
77,"[0, 1]",129.4999999999952,"[76, 76]","[0, 0]","[0, 0]",72
78,"[0, 1]",129.69999999999524,"[77, 77]","[0, 0]","[0, 0]",72
79,"[0, 3]",160.50000000000225,"[78, 74]","[0, 0]","[0, 0]",72
0,"[2, 3]",67.7499999999983,"[-999, -999]","[0, 0]","[0, 0]",73
1,"[2, 1]",37.15000000000003,"[0, -999]","[0, 0]","[0, 0]",73
2,"[2, 1]",38.89999999999993,"[1, 1]","[0, 0]","[0, 0]",73
3,"[2, 1]",40.74999999999982,"[2, 2]","[0, 0]","[0, 0]",73
4,"[2, 1]",42.54999999999972,"[3, 3]","[0, 0]","[0, 0]",73
5,"[2, 3]",70.19999999999816,"[4, 0]","[0, 0]","[0, 0]",73
6,"[2, 3]",72.64999999999802,"[5, 5]","[0, 0]","[0, 0]",73
7,"[2, 1]",42.649999999999714,"[6, 4]","[0, 0]","[0, 0]",73
8,"[2, 3]",71.79999999999806,"[7, 6]","[0, 0]","[0, 0]",73
9,"[0, 3]",97.5999999999966,"[-999, 8]","[0, 0]","[0, 0]",73
10,"[2, 1]",42.649999999999714,"[8, 7]","[0, 0]","[0, 0]",73
11,"[2, 1]",44.29999999999962,"[10, 10]","[0, 0]","[0, 0]",73
12,"[0, 3]",100.59999999999643,"[9, 9]","[0, 0]","[0, 0]",73
13,"[0, 1]",78.44999999999769,"[12, 18]","[2.849999999999998, 0]","[2.849999999999998, 0]",73
14,"[0, 1]",83.69999999999739,"[13, 52]","[2.3499999999999996, 0]","[2.3499999999999996, 0]",73
15,"[2, 1]",45.799999999999535,"[11, 11]","[0, 0]","[0, 0]",73
16,"[0, 1]",87.54999999999717,"[14, 54]","[2.499999999999999, 0]","[2.499999999999999, 0]",73
17,"[0, 3]",118.5999999999954,"[16, 56]","[0, 0]","[0, 0]",73
18,"[2, 1]",47.049999999999464,"[15, 15]","[0, 0]","[0, 0]",73
19,"[0, 1]",89.64999999999705,"[17, 16]","[0, 0]","[0, 0]",73
20,"[0, 3]",121.79999999999522,"[19, 58]","[0, 0]","[0, 0]",73
21,"[0, 1]",93.24999999999685,"[20, 59]","[0, 0]","[0, 0]",73
22,"[0, 1]",93.84999999999681,"[21, 21]","[0, 0]","[0, 0]",73
23,"[0, 1]",99.74999999999648,"[22, 65]","[2.4499999999999993, 0]","[2.4499999999999993, 0]",73
24,"[0, 1]",100.09999999999646,"[23, 23]","[0, 0]","[0, 0]",73
25,"[0, 1]",105.99999999999612,"[24, 66]","[2.499999999999999, 0]","[2.499999999999999, 0]",73
26,"[0, 3]",137.49999999999702,"[25, 77]","[0, 0]","[0, 0]",73
27,"[0, 3]",139.04999999999737,"[26, 26]","[0, 0]","[0, 0]",73
28,"[0, 1]",109.49999999999592,"[27, 79]","[0.44999999999999996, 0]","[0, 0]",73
29,"[0, 1]",110.64999999999586,"[28, 28]","[0.9000000000000002, 0]","[0, 0]",73
30,"[0, 3]",141.799999999998,"[29, 27]","[1.2500000000000004, 0]","[0, 0]",73
31,"[0, 1]",114.39999999999564,"[30, 29]","[1.5500000000000007, 0]","[0, 0]",73
32,"[0, 1]",115.54999999999558,"[31, 31]","[1.850000000000001, 0]","[0, 0]",73
33,"[0, 1]",116.59999999999552,"[32, 32]","[2.1000000000000005, 0]","[0, 0]",73
34,"[0, 1]",117.64999999999546,"[33, 33]","[2.3, 0]","[0, 0]",73
35,"[0, 3]",148.64999999999955,"[34, 30]","[2.549999999999999, 0]","[0, 0]",73
36,"[0, 3]",151.1000000000001,"[35, 35]","[2.7499999999999982, 0]","[0, 0]",73
37,"[0, 1]",122.59999999999518,"[36, 34]","[2.9499999999999975, 0]","[0, 0]",73
38,"[0, 3]",154.00000000000077,"[37, 36]","[3.099999999999997, 0]","[0, 0]",73
39,"[0, 1]",126.49999999999496,"[38, 37]","[3.399999999999996, 0]","[0, 0]",73
40,"[0, 1]",127.69999999999489,"[39, 39]","[3.699999999999995, 0]","[0, 0]",73
41,"[0, 1]",128.74999999999503,"[40, 40]","[4.149999999999993, 0]","[0, 0]",73
42,"[0, 3]",159.8000000000021,"[41, 38]","[4.99999999999999, 0]","[0, 0]",73
43,"[0, 3]",162.0500000000026,"[42, 42]","[5.749999999999988, 0]","[0, 0]",73
44,"[0, 1]",133.64999999999614,"[43, 41]","[5.649999999999988, 0]","[0, 0]",73
45,"[0, 1]",134.69999999999638,"[44, 44]","[5.1999999999999895, 0]","[0, 0]",73
46,"[0, 1]",135.79999999999663,"[45, 45]","[4.599999999999992, 0]","[0, 0]",73
47,"[0, 1]",136.84999999999687,"[46, 46]","[3.999999999999994, 0]","[0, 0]",73
48,"[0, 1]",137.8499999999971,"[47, 47]","[3.399999999999996, 0]","[0, 0]",73
49,"[0, 1]",138.84999999999732,"[48, 48]","[2.7499999999999982, 0]","[0, 0]",73
50,"[0, 1]",139.2499999999974,"[49, 49]","[1.4000000000000006, 0]","[0, 0]",73
51,"[0, 1]",132.94999999999598,"[50, 50]","[0, 0]","[0, 0]",73
52,"[2, 1]",44.99999999999958,"[18, 13]","[0, 0]","[0, 0]",73
53,"[0, 1]",133.69999999999615,"[51, 51]","[0, 0]","[0, 0]",73
54,"[2, 1]",51.84999999999919,"[52, 14]","[1.1000000000000003, 0]","[1.1000000000000003, 0]",73
55,"[0, 1]",134.49999999999633,"[53, 53]","[0, 0]","[0, 0]",73
56,"[2, 3]",80.54999999999757,"[54, 12]","[0, 0]","[0, 0]",73
57,"[0, 3]",164.00000000000304,"[55, -999]","[0, 0]","[0, 0]",73
58,"[2, 3]",88.99999999999709,"[56, 17]","[0, 0]","[0, 0]",73
59,"[2, 1]",59.79999999999874,"[58, 19]","[11.750000000000032, 0]","[0, 0]",73
60,"[0, 1]",129.84999999999528,"[57, 55]","[0, 0]","[0, 0]",73
61,"[0, 3]",160.7000000000023,"[60, 57]","[0, 0]","[0, 0]",73
62,"[0, 3]",162.60000000000272,"[61, 61]","[0, 0]","[0, 0]",73
63,"[0, 1]",133.54999999999612,"[62, 60]","[0, 0]","[0, 0]",73
64,"[0, 1]",133.59999999999613,"[63, 63]","[0, 0]","[0, 0]",73
65,"[2, 1]",73.49999999999797,"[59, 22]","[16.350000000000097, 0]","[2.849999999999998, 0]",73
66,"[2, 1]",84.04999999999737,"[65, 24]","[18.250000000000124, 0]","[2.7499999999999982, 0]",73
67,"[0, 1]",133.74999999999616,"[64, 64]","[0, 0]","[0, 0]",73
68,"[0, 1]",129.59999999999522,"[67, 67]","[0, 0]","[0, 0]",73
69,"[0, 3]",159.95000000000212,"[68, 62]","[0, 0]","[0, 0]",73
70,"[0, 3]",162.1000000000026,"[69, 69]","[0, 0]","[0, 0]",73
71,"[0, 1]",133.39999999999608,"[70, 68]","[0, 0]","[0, 0]",73
72,"[0, 1]",131.04999999999555,"[71, 71]","[0, 0]","[0, 0]",73
73,"[0, 1]",130.14999999999534,"[72, 72]","[0, 0]","[0, 0]",73
74,"[0, 1]",130.69999999999547,"[73, 73]","[0, 0]","[0, 0]",73
75,"[0, 1]",130.89999999999552,"[74, 74]","[0, 0]","[0, 0]",73
76,"[0, 1]",129.0499999999951,"[75, 75]","[0, 0]","[0, 0]",73
77,"[2, 3]",111.44999999999581,"[66, 20]","[11.850000000000033, 0]","[0, 0]",73
78,"[0, 1]",129.34999999999516,"[76, 76]","[0, 0]","[0, 0]",73
79,"[2, 1]",84.14999999999736,"[77, 25]","[10.15000000000001, 0]","[0, 0]",73
0,"[2, 1]",36.40000000000007,"[-999, -999]","[0, 0]","[0, 0]",74
1,"[2, 1]",38.09999999999997,"[0, 0]","[0, 0]","[0, 0]",74
2,"[2, 1]",39.89999999999987,"[1, 1]","[0, 0]","[0, 0]",74
3,"[2, 1]",41.79999999999976,"[2, 2]","[0, 0]","[0, 0]",74
4,"[2, 3]",70.24999999999815,"[3, -999]","[0, 0]","[0, 0]",74
5,"[2, 1]",38.69999999999994,"[4, 3]","[0, 0]","[0, 0]",74
6,"[2, 3]",71.1999999999981,"[5, 4]","[0, 0]","[0, 0]",74
7,"[2, 1]",38.69999999999994,"[6, 5]","[0, 0]","[0, 0]",74
8,"[0, 1]",67.49999999999831,"[-999, 9]","[0, 0]","[0, 0]",74
9,"[2, 1]",40.94999999999981,"[7, 7]","[0, 0]","[0, 0]",74
10,"[2, 3]",72.19999999999804,"[9, 6]","[0, 0]","[0, 0]",74
11,"[2, 1]",45.39999999999956,"[10, 8]","[0, 0]","[0, 0]",74
12,"[0, 1]",82.59999999999745,"[8, 15]","[5.599999999999988, 0]","[5.599999999999988, 0]",74
13,"[0, 1]",82.49999999999746,"[12, 12]","[0, 0]","[0, 0]",74
14,"[2, 1]",46.3999999999995,"[11, 11]","[0, 0]","[0, 0]",74
15,"[2, 1]",46.99999999999947,"[14, 14]","[0, 0]","[0, 0]",74
16,"[0, 1]",87.99999999999714,"[13, 18]","[2.549999999999999, 0]","[2.549999999999999, 0]",74
17,"[0, 3]",117.89999999999544,"[16, 10]","[0, 0]","[0, 0]",74
18,"[2, 1]",57.89999999999885,"[15, 13]","[6.099999999999986, 0]","[6.099999999999986, 0]",74
19,"[0, 3]",120.3499999999953,"[17, 17]","[0, 0]","[0, 0]",74
20,"[0, 1]",91.64999999999694,"[19, 41]","[0, 0]","[0, 0]",74
21,"[0, 3]",123.54999999999512,"[20, 46]","[0, 0]","[0, 0]",74
22,"[0, 1]",94.64999999999677,"[21, 48]","[0, 0]","[0, 0]",74
23,"[0, 1]",95.6999999999967,"[22, 22]","[0, 0]","[0, 0]",74
24,"[0, 1]",101.1499999999964,"[23, 59]","[2.499999999999999, 0]","[2.499999999999999, 0]",74
25,"[0, 1]",101.64999999999637,"[24, 24]","[0, 0]","[0, 0]",74
26,"[0, 3]",132.49999999999588,"[25, 52]","[0, 0]","[0, 0]",74
27,"[0, 3]",134.7999999999964,"[26, 26]","[0, 0]","[0, 0]",74
28,"[0, 3]",136.44999999999678,"[27, 27]","[0, 0]","[0, 0]",74
29,"[0, 1]",107.49999999999604,"[28, 63]","[0, 0]","[0, 0]",74
30,"[0, 3]",139.49999999999747,"[29, 66]","[0, 0]","[0, 0]",74
31,"[0, 3]",140.8999999999978,"[30, 30]","[0, 0]","[0, 0]",74
32,"[0, 3]",142.19999999999808,"[31, 31]","[0, 0]","[0, 0]",74
33,"[0, 3]",143.44999999999837,"[32, 32]","[0, 0]","[0, 0]",74
34,"[0, 1]",114.09999999999566,"[33, -999]","[0, 0]","[0, 0]",74
35,"[0, 1]",115.1999999999956,"[34, 34]","[0, 0]","[0, 0]",74
36,"[0, 3]",146.39999999999904,"[35, 33]","[0, 0]","[0, 0]",74
37,"[0, 1]",119.09999999999538,"[36, 35]","[0, 0]","[0, 0]",74
38,"[0, 3]",150.49999999999997,"[37, 36]","[0, 0]","[0, 0]",74
39,"[0, 3]",152.70000000000047,"[38, 38]","[0, 0]","[0, 0]",74
40,"[0, 3]",154.25000000000082,"[39, 39]","[0, 0]","[0, 0]",74
41,"[2, 1]",63.199999999998546,"[18, 16]","[12.700000000000045, 0]","[5.949999999999987, 0]",74
42,"[0, 3]",155.65000000000114,"[40, 40]","[0.8000000000000002, 0]","[0, 0]",74
43,"[0, 1]",126.39999999999496,"[42, -999]","[2.2, 0]","[0, 0]",74
44,"[0, 1]",127.4499999999949,"[43, 43]","[2.9499999999999975, 0]","[0, 0]",74
45,"[0, 1]",128.54999999999498,"[44, 44]","[3.7999999999999945, 0]","[0, 0]",74
46,"[2, 3]",100.24999999999645,"[41, 19]","[16.100000000000094, 0]","[0, 0]",74
47,"[0, 3]",159.65000000000205,"[45, 42]","[4.6499999999999915, 0]","[0, 0]",74
48,"[2, 1]",71.0999999999981,"[46, 20]","[22.80000000000019, 0]","[0.05, 0]",74
49,"[0, 1]",132.34999999999584,"[47, 45]","[4.749999999999991, 0]","[0, 0]",74
50,"[0, 1]",133.4499999999961,"[49, 49]","[4.3499999999999925, 0]","[0, 0]",74
51,"[0, 1]",134.54999999999634,"[50, 50]","[3.8499999999999943, 0]","[0, 0]",74
52,"[2, 3]",104.6999999999962,"[48, 21]","[24.800000000000217, 0]","[0, 0]",74
53,"[0, 1]",135.59999999999658,"[51, 51]","[3.1999999999999966, 0]","[0, 0]",74
54,"[0, 3]",166.4000000000036,"[53, 47]","[2.4499999999999993, 0]","[0, 0]",74
55,"[0, 3]",161.05000000000237,"[54, 54]","[0, 0]","[0, 0]",74
56,"[0, 3]",162.0500000000026,"[55, 55]","[0.1, 0]","[0, 0]",74
57,"[0, 3]",163.20000000000286,"[56, 56]","[1.1500000000000004, 0]","[0, 0]",74
58,"[0, 3]",164.15000000000308,"[57, 57]","[1.6500000000000008, 0]","[0, 0]",74
59,"[2, 1]",80.49999999999757,"[52, 23]","[22.450000000000184, 0]","[0, 0]",74
60,"[0, 3]",164.6500000000032,"[58, 58]","[2.0500000000000007, 0]","[0, 0]",74
61,"[0, 1]",133.8499999999962,"[60, -999]","[2.3499999999999996, 0]","[0, 0]",74
62,"[0, 1]",134.2999999999963,"[61, 61]","[2.3999999999999995, 0]","[0, 0]",74
63,"[2, 1]",91.84999999999692,"[59, 25]","[23.750000000000203, 0]","[3.049999999999997, 0]",74
64,"[0, 1]",134.99999999999645,"[62, 62]","[1.7500000000000009, 0]","[0, 0]",74
65,"[0, 1]",129.44999999999519,"[64, 64]","[0, 0]","[0, 0]",74
66,"[2, 3]",134.3499999999963,"[63, 28]","[26.100000000000236, 0]","[6.699999999999984, 0]",74
67,"[0, 1]",129.5499999999952,"[65, 65]","[0, 0]","[0, 0]",74
68,"[0, 1]",130.3499999999954,"[67, 67]","[0, 0]","[0, 0]",74
69,"[0, 1]",131.14999999999557,"[68, 68]","[0, 0]","[0, 0]",74
70,"[0, 3]",161.75000000000253,"[69, 60]","[0, 0]","[0, 0]",74
71,"[0, 1]",131.54999999999566,"[70, 69]","[0.3, 0]","[0, 0]",74
72,"[0, 1]",129.69999999999524,"[71, 71]","[0.8000000000000002, 0]","[0, 0]",74
73,"[0, 3]",160.3000000000022,"[72, 70]","[0.44999999999999996, 0]","[0, 0]",74
74,"[0, 3]",161.95000000000258,"[73, 73]","[0, 0]","[0, 0]",74
75,"[0, 3]",158.30000000000175,"[74, 74]","[0, 0]","[0, 0]",74
76,"[0, 3]",159.30000000000197,"[75, 75]","[0, 0]","[0, 0]",74
77,"[0, 1]",129.8999999999953,"[76, -999]","[0, 0]","[0, 0]",74
78,"[0, 1]",130.7999999999955,"[77, 77]","[0, 0]","[0, 0]",74
79,"[2, 1]",97.94999999999658,"[66, 29]","[11.200000000000024, 0]","[0, 0]",74
0,"[2, 1]",36.40000000000007,"[-999, -999]","[0, 0]","[0, 0]",75
1,"[2, 3]",68.49999999999825,"[0, -999]","[0, 0]","[0, 0]",75
2,"[2, 1]",37.30000000000002,"[1, 0]","[0, 0]","[0, 0]",75
3,"[2, 3]",70.09999999999816,"[2, 1]","[0, 0]","[0, 0]",75
4,"[2, 3]",72.49999999999802,"[3, 3]","[0, 0]","[0, 0]",75
5,"[2, 1]",38.399999999999956,"[4, 2]","[0, 0]","[0, 0]",75
6,"[2, 1]",40.64999999999983,"[5, 5]","[0, 0]","[0, 0]",75
7,"[2, 1]",42.49999999999972,"[6, 6]","[0, 0]","[0, 0]",75
8,"[2, 1]",44.09999999999963,"[7, 7]","[0, 0]","[0, 0]",75
9,"[0, 1]",67.6999999999983,"[-999, 8]","[0, 0]","[0, 0]",75
10,"[2, 3]",74.29999999999792,"[8, 4]","[0, 0]","[0, 0]",75
11,"[2, 3]",76.79999999999778,"[10, 10]","[0, 0]","[0, 0]",75
12,"[0, 1]",70.14999999999816,"[9, 9]","[0, 0]","[0, 0]",75
13,"[2, 1]",50.09999999999929,"[11, 12]","[3.2499999999999964, 0]","[3.2499999999999964, 0]",75
14,"[2, 1]",51.19999999999923,"[13, 13]","[3.699999999999995, 0]","[2.849999999999998, 0]",75
15,"[0, 3]",102.54999999999632,"[12, 11]","[0, 0]","[0, 0]",75
16,"[0, 3]",104.34999999999621,"[15, 15]","[0, 0]","[0, 0]",75
17,"[0, 3]",105.69999999999614,"[16, 16]","[0, 0]","[0, 0]",75
18,"[2, 1]",53.04999999999912,"[14, 14]","[4.499999999999992, 0]","[0, 0]",75
19,"[0, 3]",106.89999999999607,"[17, 17]","[0, 0]","[0, 0]",75
20,"[0, 3]",108.049999999996,"[19, 19]","[0, 0]","[0, 0]",75
21,"[0, 1]",81.09999999999754,"[20, 43]","[0, 0]","[0, 0]",75
22,"[0, 1]",86.79999999999721,"[21, 51]","[2.7499999999999982, 0]","[2.7499999999999982, 0]",75
23,"[0, 1]",86.79999999999721,"[22, 22]","[0, 0]","[0, 0]",75
24,"[0, 1]",91.99999999999692,"[23, 59]","[2.4499999999999993, 0]","[2.4499999999999993, 0]",75
25,"[0, 1]",92.44999999999689,"[24, 24]","[0, 0]","[0, 0]",75
26,"[0, 1]",93.44999999999683,"[25, 25]","[0, 0]","[0, 0]",75
27,"[0, 3]",124.34999999999508,"[26, 70]","[0, 0]","[0, 0]",75
28,"[0, 3]",126.29999999999497,"[27, 27]","[0, 0]","[0, 0]",75
29,"[0, 3]",127.74999999999488,"[28, 28]","[0, 0]","[0, 0]",75
30,"[0, 3]",134.2999999999963,"[29, 79]","[2.549999999999999, 0]","[2.549999999999999, 0]",75
31,"[0, 3]",135.04999999999646,"[30, 30]","[0, 0]","[0, 0]",75
32,"[2, 1]",54.89999999999902,"[18, 18]","[6.799999999999984, 0]","[0, 0]",75
33,"[0, 3]",135.89999999999665,"[31, 31]","[0, 0]","[0, 0]",75
34,"[0, 1]",106.14999999999611,"[33, -999]","[0, 0]","[0, 0]",75
35,"[0, 1]",107.24999999999605,"[34, 34]","[0, 0]","[0, 0]",75
36,"[0, 1]",108.29999999999599,"[35, 35]","[0.35, 0]","[0, 0]",75
37,"[0, 3]",139.34999999999744,"[36, 33]","[0.9500000000000003, 0]","[0, 0]",75
38,"[0, 1]",112.09999999999577,"[37, 36]","[1.3500000000000005, 0]","[0, 0]",75
39,"[0, 3]",143.39999999999836,"[38, 37]","[1.800000000000001, 0]","[0, 0]",75
40,"[0, 1]",115.89999999999556,"[39, 38]","[2.2, 0]","[0, 0]",75
41,"[0, 1]",116.9999999999955,"[40, 40]","[2.6499999999999986, 0]","[0, 0]",75
42,"[0, 3]",148.19999999999945,"[41, 39]","[3.099999999999997, 0]","[0, 0]",75
43,"[2, 1]",57.049999999998896,"[32, 32]","[8.79999999999999, 0]","[0, 0]",75
44,"[0, 1]",120.84999999999528,"[42, 41]","[3.4499999999999957, 0]","[0, 0]",75
45,"[0, 3]",152.25000000000037,"[44, 42]","[3.8499999999999943, 0]","[0, 0]",75
46,"[0, 1]",124.79999999999505,"[45, 44]","[4.149999999999993, 0]","[0, 0]",75
47,"[0, 1]",125.99999999999498,"[46, 46]","[4.499999999999992, 0]","[0, 0]",75
48,"[0, 3]",157.15000000000148,"[47, 45]","[4.699999999999991, 0]","[0, 0]",75
49,"[0, 1]",129.84999999999528,"[48, 47]","[4.99999999999999, 0]","[0, 0]",75
50,"[0, 3]",161.25000000000242,"[49, 48]","[5.1999999999999895, 0]","[0, 0]",75
51,"[2, 1]",65.24999999999844,"[43, 21]","[10.450000000000014, 0]","[0, 0]",75
52,"[0, 1]",133.79999999999617,"[50, 49]","[5.449999999999989, 0]","[0, 0]",75
53,"[2, 3]",95.14999999999674,"[51, 20]","[8.09999999999998, 0]","[0, 0]",75
54,"[0, 3]",165.1000000000033,"[52, 50]","[5.649999999999988, 0]","[0, 0]",75
55,"[0, 3]",167.3000000000038,"[54, 54]","[5.899999999999987, 0]","[0, 0]",75
56,"[0, 3]",168.85000000000414,"[55, 55]","[6.099999999999986, 0]","[0, 0]",75
57,"[0, 3]",170.05000000000442,"[56, 56]","[6.349999999999985, 0]","[0, 0]",75
58,"[0, 1]",140.79999999999777,"[57, -999]","[6.549999999999985, 0]","[0, 0]",75
59,"[2, 1]",71.89999999999806,"[53, 23]","[6.399999999999985, 0]","[0, 0]",75
60,"[2, 3]",102.8999999999963,"[59, 53]","[4.849999999999991, 0]","[0, 0]",75
61,"[0, 1]",141.799999999998,"[58, 58]","[6.499999999999985, 0]","[0, 0]",75
62,"[0, 3]",172.80000000000504,"[61, 57]","[5.899999999999987, 0]","[0, 0]",75
63,"[0, 1]",144.9499999999987,"[62, 61]","[4.799999999999991, 0]","[0, 0]",75
64,"[0, 1]",135.49999999999656,"[63, 63]","[0, 0]","[0, 0]",75
65,"[0, 1]",136.29999999999674,"[64, 64]","[0, 0]","[0, 0]",75
66,"[0, 3]",167.25000000000378,"[65, 62]","[0, 0]","[0, 0]",75
67,"[0, 1]",139.79999999999754,"[66, 65]","[0, 0]","[0, 0]",75
68,"[0, 1]",140.5499999999977,"[67, 67]","[0, 0]","[0, 0]",75
69,"[0, 3]",170.9000000000046,"[68, 66]","[0, 0]","[0, 0]",75
70,"[2, 3]",104.5999999999962,"[60, 60]","[2.549999999999999, 0]","[0, 0]",75
71,"[0, 1]",142.59999999999818,"[69, 68]","[0, 0]","[0, 0]",75
72,"[0, 1]",138.64999999999728,"[71, 71]","[0, 0]","[0, 0]",75
73,"[2, 1]",79.69999999999762,"[70, 26]","[1.0500000000000003, 0]","[0, 0]",75
74,"[0, 1]",138.3499999999972,"[72, 72]","[0, 0]","[0, 0]",75
75,"[0, 1]",138.7499999999973,"[74, 74]","[0, 0]","[0, 0]",75
76,"[0, 1]",139.1999999999974,"[75, 75]","[0, 0]","[0, 0]",75
77,"[0, 1]",139.2499999999974,"[76, 76]","[0, 0]","[0, 0]",75
78,"[0, 1]",135.2499999999965,"[77, 77]","[0, 0]","[0, 0]",75
79,"[2, 3]",119.64999999999534,"[73, 29]","[7.199999999999982, 0]","[6.549999999999985, 0]",75
0,"[2, 1]",36.40000000000007,"[-999, -999]","[0, 0]","[0, 0]",76
1,"[0, 1]",76.29999999999781,"[-999, 13]","[0, 0]","[3.2999999999999963, 0]",76
2,"[0, 1]",76.4499999999978,"[1, 1]","[0, 0]","[0, 0]",76
3,"[0, 3]",107.04999999999606,"[2, 10]","[0, 0]","[0, 0]",76
4,"[2, 1]",37.000000000000036,"[0, 0]","[0, 0]","[0, 0]",76
5,"[2, 1]",38.79999999999993,"[4, 4]","[0, 0]","[0, 0]",76
6,"[2, 3]",68.79999999999824,"[5, -999]","[0, 0]","[0, 0]",76
7,"[2, 1]",37.45000000000001,"[6, 5]","[0, 0]","[0, 0]",76
8,"[2, 1]",39.19999999999991,"[7, 7]","[0, 0]","[0, 0]",76
9,"[0, 3]",109.44999999999592,"[3, 3]","[0, 0]","[0, 0]",76
10,"[2, 3]",71.04999999999811,"[8, 6]","[0, 0]","[0, 0]",76
11,"[2, 1]",38.99999999999992,"[10, 8]","[0, 0]","[0, 0]",76
12,"[0, 3]",110.99999999999584,"[9, 9]","[0, 0]","[0, 0]",76
13,"[2, 1]",41.29999999999979,"[11, 11]","[0, 0]","[0, 0]",76
14,"[0, 3]",112.39999999999576,"[12, 12]","[0, 0]","[0, 0]",76
15,"[0, 1]",83.14999999999742,"[14, 25]","[0, 0]","[0, 0]",76
16,"[0, 1]",84.24999999999736,"[15, 15]","[0, 0]","[0, 0]",76
17,"[0, 3]",115.59999999999557,"[16, 38]","[0, 0]","[0, 0]",76
18,"[2, 1]",54.19999999999906,"[13, 2]","[6.149999999999986, 0]","[6.149999999999986, 0]",76
19,"[0, 3]",117.69999999999546,"[17, 17]","[0, 0]","[0, 0]",76
20,"[0, 1]",88.94999999999709,"[19, 45]","[0, 0]","[0, 0]",76
21,"[0, 1]",89.99999999999703,"[20, 20]","[0, 0]","[0, 0]",76
22,"[0, 3]",121.29999999999525,"[21, 56]","[0, 0]","[0, 0]",76
23,"[0, 1]",98.59999999999654,"[22, 62]","[3.349999999999996, 0]","[3.349999999999996, 0]",76
24,"[0, 1]",98.29999999999656,"[23, 23]","[0, 0]","[0, 0]",76
25,"[2, 1]",54.39999999999905,"[18, 18]","[0, 0]","[0, 0]",76
26,"[0, 1]",103.44999999999627,"[24, 79]","[2.3999999999999995, 0]","[2.3999999999999995, 0]",76
27,"[0, 1]",103.99999999999623,"[26, 26]","[0, 0]","[0, 0]",76
28,"[0, 3]",134.7999999999964,"[27, 70]","[0, 0]","[0, 0]",76
29,"[0, 3]",137.09999999999692,"[28, 28]","[0, 0]","[0, 0]",76
30,"[0, 1]",108.64999999999597,"[29, 27]","[0, 0]","[0, 0]",76
31,"[0, 1]",109.69999999999591,"[30, 30]","[0, 0]","[0, 0]",76
32,"[0, 1]",110.74999999999585,"[31, 31]","[0, 0]","[0, 0]",76
33,"[0, 1]",111.79999999999579,"[32, 32]","[0, 0]","[0, 0]",76
34,"[0, 1]",112.84999999999573,"[33, 33]","[0, 0]","[0, 0]",76
35,"[0, 3]",143.79999999999845,"[34, 29]","[0, 0]","[0, 0]",76
36,"[0, 1]",116.54999999999552,"[35, 34]","[0, 0]","[0, 0]",76
37,"[0, 1]",117.64999999999546,"[36, 36]","[0, 0]","[0, 0]",76
38,"[2, 3]",98.24999999999656,"[25, 14]","[14.45000000000007, 0]","[6.5999999999999845, 0]",76
39,"[0, 3]",148.8499999999996,"[37, 35]","[0, 0]","[0, 0]",76
40,"[0, 1]",121.54999999999524,"[39, 37]","[0, 0]","[0, 0]",76
41,"[0, 3]",152.90000000000052,"[40, 39]","[0, 0]","[0, 0]",76
42,"[0, 3]",155.10000000000102,"[41, 41]","[0, 0]","[0, 0]",76
43,"[0, 1]",126.64999999999495,"[42, 40]","[0, 0]","[0, 0]",76
44,"[0, 1]",127.69999999999489,"[43, 43]","[0, 0]","[0, 0]",76
45,"[2, 1]",72.29999999999804,"[38, 16]","[21.250000000000167, 0]","[3.2499999999999964, 0]",76
46,"[0, 1]",128.79999999999504,"[44, 44]","[0, 0]","[0, 0]",76
47,"[0, 1]",129.8999999999953,"[46, 46]","[0.15000000000000002, 0]","[0, 0]",76
48,"[0, 3]",160.85000000000232,"[47, 42]","[0.65, 0]","[0, 0]",76
49,"[0, 3]",163.20000000000286,"[48, 48]","[0.9000000000000002, 0]","[0, 0]",76
50,"[0, 3]",164.7500000000032,"[49, 49]","[1.1000000000000003, 0]","[0, 0]",76
51,"[0, 1]",135.6999999999966,"[50, -999]","[1.3000000000000005, 0]","[0, 0]",76
52,"[0, 3]",167.15000000000376,"[51, 50]","[1.3000000000000005, 0]","[0, 0]",76
53,"[0, 3]",169.35000000000426,"[52, 52]","[1.2000000000000004, 0]","[0, 0]",76
54,"[0, 1]",140.14999999999762,"[53, 51]","[1.0500000000000003, 0]","[0, 0]",76
55,"[0, 3]",161.35000000000244,"[54, 53]","[0, 0]","[0, 0]",76
56,"[2, 3]",101.89999999999635,"[45, 19]","[16.5500000000001, 0]","[0, 0]",76
57,"[0, 1]",132.999999999996,"[55, 54]","[0, 0]","[0, 0]",76
58,"[0, 1]",133.8999999999962,"[57, 57]","[0.7500000000000001, 0]","[0, 0]",76
59,"[2, 1]",78.94999999999766,"[56, 21]","[14.600000000000072, 0]","[0, 0]",76
60,"[0, 3]",164.80000000000322,"[58, 55]","[1.1500000000000004, 0]","[0, 0]",76
61,"[0, 1]",137.0499999999969,"[60, 58]","[1.5000000000000007, 0]","[0, 0]",76
62,"[2, 1]",79.04999999999765,"[59, 59]","[12.900000000000048, 0]","[0, 0]",76
63,"[0, 3]",167.85000000000392,"[61, 60]","[1.800000000000001, 0]","[0, 0]",76
64,"[0, 3]",169.60000000000431,"[63, 63]","[1.4000000000000006, 0]","[0, 0]",76
65,"[0, 3]",169.1500000000042,"[64, 64]","[0, 0]","[0, 0]",76
66,"[0, 1]",135.2499999999965,"[65, -999]","[0, 0]","[0, 0]",76
67,"[0, 1]",135.94999999999666,"[66, 66]","[0, 0]","[0, 0]",76
68,"[0, 1]",136.4999999999968,"[67, 67]","[0.7000000000000001, 0]","[0, 0]",76
69,"[0, 1]",136.0499999999967,"[68, 68]","[1.1000000000000003, 0]","[0, 0]",76
70,"[2, 3]",106.94999999999607,"[62, 22]","[7.499999999999981, 0]","[0, 0]",76
71,"[0, 3]",166.15000000000353,"[69, 65]","[0.8000000000000002, 0]","[0, 0]",76
72,"[0, 1]",133.4999999999961,"[71, 69]","[0, 0]","[0, 0]",76
73,"[0, 1]",133.39999999999608,"[72, 72]","[0, 0]","[0, 0]",76
74,"[0, 3]",164.2500000000031,"[73, 71]","[0, 0]","[0, 0]",76
75,"[0, 3]",166.4000000000036,"[74, 74]","[0, 0]","[0, 0]",76
76,"[0, 1]",137.69999999999706,"[75, 73]","[0, 0]","[0, 0]",76
77,"[0, 3]",168.35000000000403,"[76, 75]","[0, 0]","[0, 0]",76
78,"[0, 1]",135.54999999999657,"[77, 76]","[0, 0]","[0, 0]",76
79,"[2, 1]",77.09999999999776,"[70, 24]","[0.3, 0]","[0, 0]",76
0,"[0, 1]",76.09999999999782,"[-999, 11]","[0, 0]","[3.149999999999997, 0]",77
1,"[2, 3]",67.7499999999983,"[-999, -999]","[0, 0]","[0, 0]",77
2,"[2, 1]",37.15000000000003,"[1, -999]","[0, 0]","[0, 0]",77
3,"[0, 3]",105.29999999999616,"[0, 5]","[0, 0]","[0, 0]",77
4,"[2, 1]",38.89999999999993,"[2, 2]","[0, 0]","[0, 0]",77
5,"[2, 3]",70.79999999999812,"[4, 1]","[0, 0]","[0, 0]",77
6,"[2, 1]",38.749999999999936,"[5, 4]","[0, 0]","[0, 0]",77
7,"[2, 1]",40.99999999999981,"[6, 6]","[0, 0]","[0, 0]",77
8,"[0, 1]",76.4999999999978,"[3, 18]","[0, 0]","[0, 0]",77
9,"[2, 1]",42.59999999999972,"[7, 7]","[0, 0]","[0, 0]",77
10,"[0, 3]",109.19999999999594,"[8, 20]","[0, 0]","[0, 0]",77
11,"[2, 1]",44.09999999999963,"[9, 9]","[0, 0]","[0, 0]",77
12,"[0, 3]",110.44999999999587,"[10, 10]","[0, 0]","[0, 0]",77
13,"[0, 3]",111.5999999999958,"[12, 12]","[0, 0]","[0, 0]",77
14,"[0, 3]",117.99999999999544,"[13, 27]","[2.4499999999999993, 0]","[2.4499999999999993, 0]",77
15,"[0, 3]",118.79999999999539,"[14, 14]","[0, 0]","[0, 0]",77
16,"[0, 1]",88.24999999999713,"[15, 51]","[0, 0]","[0, 0]",77
17,"[0, 3]",120.64999999999529,"[16, 56]","[0, 0]","[0, 0]",77
18,"[2, 1]",51.19999999999923,"[11, 0]","[1.2500000000000004, 0]","[1.2500000000000004, 0]",77
19,"[0, 1]",90.449999999997,"[17, 79]","[0, 0]","[0, 0]",77
20,"[2, 3]",82.59999999999745,"[18, 3]","[3.349999999999996, 0]","[3.349999999999996, 0]",77
21,"[0, 1]",91.69999999999693,"[19, 19]","[0, 0]","[0, 0]",77
22,"[0, 3]",122.79999999999517,"[21, 17]","[0, 0]","[0, 0]",77
23,"[0, 1]",95.44999999999672,"[22, 21]","[0, 0]","[0, 0]",77
24,"[0, 3]",126.84999999999494,"[23, 22]","[0, 0]","[0, 0]",77
25,"[0, 1]",99.3999999999965,"[24, 23]","[0, 0]","[0, 0]",77
26,"[0, 1]",100.49999999999643,"[25, 25]","[0, 0]","[0, 0]",77
27,"[2, 3]",100.19999999999645,"[20, 13]","[9.55, 0]","[9.55, 0]",77
28,"[0, 3]",131.64999999999569,"[26, 24]","[0, 0]","[0, 0]",77
29,"[0, 3]",133.9499999999962,"[28, 28]","[0, 0]","[0, 0]",77
30,"[0, 1]",105.49999999999615,"[29, 26]","[0, 0]","[0, 0]",77
31,"[0, 3]",136.9499999999969,"[30, 29]","[0, 0]","[0, 0]",77
32,"[0, 1]",109.44999999999592,"[31, 30]","[0, 0]","[0, 0]",77
33,"[0, 1]",110.59999999999586,"[32, 32]","[0, 0]","[0, 0]",77
34,"[0, 1]",111.6499999999958,"[33, 33]","[0, 0]","[0, 0]",77
35,"[0, 3]",142.6499999999982,"[34, 31]","[0, 0]","[0, 0]",77
36,"[0, 3]",144.9499999999987,"[35, 35]","[0, 0]","[0, 0]",77
37,"[0, 1]",116.49999999999552,"[36, 34]","[0, 0]","[0, 0]",77
38,"[0, 3]",147.9499999999994,"[37, 36]","[0, 0]","[0, 0]",77
39,"[0, 3]",150.09999999999988,"[38, 38]","[0, 0]","[0, 0]",77
40,"[0, 1]",121.59999999999523,"[39, 37]","[0, 0]","[0, 0]",77
41,"[0, 3]",153.10000000000056,"[40, 39]","[0, 0]","[0, 0]",77
42,"[0, 1]",125.54999999999501,"[41, 40]","[0, 0]","[0, 0]",77
43,"[0, 1]",126.64999999999495,"[42, 42]","[0, 0]","[0, 0]",77
44,"[0, 3]",157.80000000000163,"[43, 41]","[0, 0]","[0, 0]",77
45,"[0, 1]",130.49999999999542,"[44, 43]","[0, 0]","[0, 0]",77
46,"[0, 1]",131.59999999999567,"[45, 45]","[0, 0]","[0, 0]",77
47,"[0, 1]",132.6499999999959,"[46, 46]","[0, 0]","[0, 0]",77
48,"[0, 3]",163.65000000000296,"[47, 44]","[0, 0]","[0, 0]",77
49,"[0, 1]",136.29999999999674,"[48, 47]","[0, 0]","[0, 0]",77
50,"[0, 3]",167.55000000000385,"[49, 48]","[0, 0]","[0, 0]",77
51,"[2, 1]",57.44999999999887,"[27, -999]","[8.599999999999987, 0]","[2.7499999999999982, 0]",77
52,"[0, 1]",139.79999999999754,"[50, 49]","[0, 0]","[0, 0]",77
53,"[0, 3]",168.45000000000405,"[52, 50]","[0, 0]","[0, 0]",77
54,"[0, 1]",139.54999999999748,"[53, 52]","[0, 0]","[0, 0]",77
55,"[0, 3]",170.20000000000445,"[54, 53]","[0, 0]","[0, 0]",77
56,"[2, 3]",93.59999999999683,"[51, 15]","[11.050000000000022, 0]","[0.9000000000000002, 0]",77
57,"[0, 3]",171.50000000000475,"[55, 55]","[0, 0]","[0, 0]",77
58,"[0, 1]",141.74999999999798,"[57, 54]","[0, 0]","[0, 0]",77
59,"[0, 1]",141.74999999999798,"[58, 58]","[0, 0]","[0, 0]",77
60,"[0, 3]",168.05000000000396,"[59, 57]","[0, 0]","[0, 0]",77
61,"[0, 1]",138.89999999999733,"[60, 59]","[0, 0]","[0, 0]",77
62,"[0, 3]",169.80000000000436,"[61, 60]","[0, 0]","[0, 0]",77
63,"[0, 3]",171.3500000000047,"[62, 62]","[0, 0]","[0, 0]",77
64,"[0, 3]",170.55000000000453,"[63, 63]","[0, 0]","[0, 0]",77
65,"[0, 1]",140.64999999999773,"[64, -999]","[0, 0]","[0, 0]",77
66,"[0, 1]",140.9499999999978,"[65, 65]","[0, 0]","[0, 0]",77
67,"[0, 3]",168.250000000004,"[66, 64]","[0.6, 0]","[0, 0]",77
68,"[0, 1]",140.14999999999762,"[67, 66]","[1.1000000000000003, 0]","[0, 0]",77
69,"[0, 3]",171.10000000000466,"[68, 67]","[0.5499999999999999, 0]","[0, 0]",77
70,"[0, 1]",137.99999999999713,"[69, 68]","[0, 0]","[0, 0]",77
71,"[0, 1]",138.14999999999716,"[70, 70]","[0, 0]","[0, 0]",77
72,"[0, 1]",138.94999999999735,"[71, 71]","[0, 0]","[0, 0]",77
73,"[0, 1]",139.6499999999975,"[72, 72]","[0, 0]","[0, 0]",77
74,"[0, 1]",139.29999999999742,"[73, 73]","[0, 0]","[0, 0]",77
75,"[0, 3]",168.80000000000413,"[74, 69]","[0, 0]","[0, 0]",77
76,"[0, 3]",170.50000000000452,"[75, 75]","[0, 0]","[0, 0]",77
77,"[0, 1]",141.24999999999787,"[76, 74]","[0, 0]","[0, 0]",77
78,"[0, 3]",171.20000000000468,"[77, 76]","[0, 0]","[0, 0]",77
79,"[2, 1]",42.24999999999974,"[56, 16]","[0, 0]","[0, 0]",77
0,"[2, 1]",36.40000000000007,"[-999, -999]","[0, 0]","[0, 0]",78
1,"[2, 1]",38.09999999999997,"[0, 0]","[0, 0]","[0, 0]",78
2,"[2, 1]",39.89999999999987,"[1, 1]","[0, 0]","[0, 0]",78
3,"[2, 1]",41.79999999999976,"[2, 2]","[0, 0]","[0, 0]",78
4,"[2, 1]",43.54999999999966,"[3, 3]","[0, 0]","[0, 0]",78
5,"[2, 1]",45.04999999999958,"[4, 4]","[0, 0]","[0, 0]",78
6,"[2, 1]",46.349999999999504,"[5, 5]","[0, 0]","[0, 0]",78
7,"[2, 1]",47.34999999999945,"[6, 6]","[0, 0]","[0, 0]",78
8,"[2, 1]",48.49999999999938,"[7, 7]","[0, 0]","[0, 0]",78
9,"[2, 1]",60.4999999999987,"[8, 13]","[6.849999999999984, 0]","[6.849999999999984, 0]",78
10,"[2, 3]",95.6999999999967,"[9, 15]","[3.349999999999996, 0]","[3.349999999999996, 0]",78
11,"[0, 1]",70.29999999999815,"[-999, 8]","[0, 0]","[0, 0]",78
12,"[2, 1]",66.34999999999837,"[10, 16]","[0, 0]","[0, 0]",78
13,"[0, 1]",71.49999999999808,"[11, 11]","[0, 0]","[0, 0]",78
14,"[0, 3]",100.59999999999643,"[13, -999]","[0, 0]","[0, 0]",78
15,"[0, 3]",102.7499999999963,"[14, 14]","[0, 0]","[0, 0]",78
16,"[0, 1]",74.29999999999792,"[15, 9]","[0, 0]","[0, 0]",78
17,"[0, 3]",106.2499999999961,"[16, 10]","[0, 0]","[0, 0]",78
18,"[0, 1]",77.39999999999775,"[17, 12]","[0, 0]","[0, 0]",78
19,"[0, 3]",109.9499999999959,"[18, 36]","[0, 0]","[0, 0]",78
20,"[0, 3]",116.49999999999552,"[19, 45]","[2.499999999999999, 0]","[2.499999999999999, 0]",78
21,"[0, 3]",117.34999999999548,"[20, 20]","[0, 0]","[0, 0]",78
22,"[0, 3]",118.14999999999543,"[21, 21]","[0, 0]","[0, 0]",78
23,"[0, 3]",118.89999999999539,"[22, 22]","[0, 0]","[0, 0]",78
24,"[0, 3]",119.84999999999533,"[23, 23]","[0, 0]","[0, 0]",78
25,"[0, 1]",89.44999999999706,"[24, 79]","[0, 0]","[0, 0]",78
26,"[0, 3]",120.74999999999528,"[25, 24]","[0, 0]","[0, 0]",78
27,"[0, 3]",122.84999999999516,"[26, 26]","[0, 0]","[0, 0]",78
28,"[0, 1]",94.29999999999679,"[27, 25]","[0, 0]","[0, 0]",78
29,"[0, 1]",95.39999999999672,"[28, 28]","[0, 0]","[0, 0]",78
30,"[0, 1]",96.44999999999666,"[29, 29]","[0, 0]","[0, 0]",78
31,"[0, 1]",97.5499999999966,"[30, 30]","[0, 0]","[0, 0]",78
32,"[0, 3]",128.49999999999497,"[31, 27]","[0, 0]","[0, 0]",78
33,"[0, 1]",101.24999999999639,"[32, 31]","[0, 0]","[0, 0]",78
34,"[0, 1]",102.34999999999633,"[33, 33]","[0, 0]","[0, 0]",78
35,"[0, 1]",103.44999999999627,"[34, 34]","[0, 0]","[0, 0]",78
36,"[2, 3]",99.94999999999646,"[12, 17]","[19.900000000000148, 0]","[0, 0]",78
37,"[0, 1]",104.4999999999962,"[35, 35]","[0, 0]","[0, 0]",78
38,"[0, 3]",135.44999999999655,"[37, 32]","[0, 0]","[0, 0]",78
39,"[0, 1]",108.199999999996,"[38, 37]","[0, 0]","[0, 0]",78
40,"[0, 1]",109.34999999999593,"[39, 39]","[0, 0]","[0, 0]",78
41,"[0, 1]",110.39999999999587,"[40, 40]","[0, 0]","[0, 0]",78
42,"[0, 1]",111.44999999999581,"[41, 41]","[0, 0]","[0, 0]",78
43,"[0, 1]",112.49999999999575,"[42, 42]","[0, 0]","[0, 0]",78
44,"[0, 1]",113.4999999999957,"[43, 43]","[0, 0]","[0, 0]",78
45,"[2, 3]",107.39999999999604,"[36, 19]","[21.750000000000174, 0]","[0, 0]",78
46,"[0, 1]",114.49999999999564,"[44, 44]","[0, 0]","[0, 0]",78
47,"[0, 3]",145.49999999999883,"[46, 38]","[0, 0]","[0, 0]",78
48,"[0, 1]",118.29999999999542,"[47, 46]","[0, 0]","[0, 0]",78
49,"[0, 1]",119.39999999999536,"[48, 48]","[0, 0]","[0, 0]",78
50,"[0, 1]",120.4999999999953,"[49, 49]","[0, 0]","[0, 0]",78
51,"[0, 1]",121.54999999999524,"[50, 50]","[0, 0]","[0, 0]",78
52,"[0, 3]",152.55000000000044,"[51, 47]","[0, 0]","[0, 0]",78
53,"[0, 1]",125.34999999999502,"[52, 51]","[0, 0]","[0, 0]",78
54,"[2, 1]",70.94999999999811,"[45, 18]","[13.650000000000059, 0]","[0, 0]",78
55,"[0, 3]",156.65000000000137,"[53, 52]","[0, 0]","[0, 0]",78
56,"[0, 3]",158.80000000000186,"[55, 55]","[0, 0]","[0, 0]",78
57,"[0, 3]",160.3500000000022,"[56, 56]","[0, 0]","[0, 0]",78
58,"[0, 1]",131.2999999999956,"[57, -999]","[0, 0]","[0, 0]",78
59,"[2, 1]",71.64999999999807,"[54, 54]","[10.550000000000015, 0]","[0, 0]",78
60,"[0, 1]",132.24999999999582,"[58, 58]","[0, 0]","[0, 0]",78
61,"[0, 3]",163.05000000000283,"[60, 57]","[0, 0]","[0, 0]",78
62,"[2, 1]",74.34999999999792,"[59, 59]","[9.099999999999994, 0]","[0, 0]",78
63,"[0, 1]",132.6499999999959,"[61, 60]","[0, 0]","[0, 0]",78
64,"[0, 1]",132.94999999999598,"[63, 63]","[0, 0]","[0, 0]",78
65,"[0, 3]",163.75000000000298,"[64, 61]","[0, 0]","[0, 0]",78
66,"[0, 1]",136.0499999999967,"[65, 64]","[0, 0]","[0, 0]",78
67,"[0, 1]",136.34999999999675,"[66, 66]","[0, 0]","[0, 0]",78
68,"[0, 1]",133.59999999999613,"[67, 67]","[0, 0]","[0, 0]",78
69,"[0, 1]",133.4499999999961,"[68, 68]","[0, 0]","[0, 0]",78
70,"[0, 3]",164.00000000000304,"[69, 65]","[0, 0]","[0, 0]",78
71,"[0, 1]",136.34999999999675,"[70, 69]","[0, 0]","[0, 0]",78
72,"[0, 1]",136.9999999999969,"[71, 71]","[0, 0]","[0, 0]",78
73,"[0, 1]",137.69999999999706,"[72, 72]","[0, 0]","[0, 0]",78
74,"[0, 1]",138.2999999999972,"[73, 73]","[0, 0]","[0, 0]",78
75,"[0, 1]",133.39999999999608,"[74, 74]","[0, 0]","[0, 0]",78
76,"[0, 1]",133.29999999999606,"[75, 75]","[0, 0]","[0, 0]",78
77,"[0, 1]",133.8999999999962,"[76, 76]","[0, 0]","[0, 0]",78
78,"[0, 3]",164.35000000000312,"[77, 70]","[0, 0]","[0, 0]",78
79,"[2, 1]",62.39999999999859,"[62, 62]","[0, 0]","[0, 0]",78
0,"[2, 3]",67.7499999999983,"[-999, -999]","[0, 0]","[0, 0]",79
1,"[0, 3]",101.54999999999637,"[-999, 10]","[0, 0]","[0, 0]",79
2,"[2, 3]",70.84999999999812,"[0, 0]","[0, 0]","[0, 0]",79
3,"[0, 1]",78.64999999999768,"[1, 12]","[3.149999999999997, 0]","[3.149999999999997, 0]",79
4,"[2, 3]",72.69999999999801,"[2, 2]","[0, 0]","[0, 0]",79
5,"[2, 1]",38.69999999999994,"[4, -999]","[0, 0]","[0, 0]",79
6,"[2, 1]",41.0999999999998,"[5, 5]","[0, 0]","[0, 0]",79
7,"[2, 1]",42.649999999999714,"[6, 6]","[0, 0]","[0, 0]",79
8,"[0, 1]",82.44999999999746,"[3, 18]","[2.3, 0]","[2.3, 0]",79
9,"[2, 1]",44.09999999999963,"[7, 7]","[0, 0]","[0, 0]",79
10,"[2, 3]",71.2499999999981,"[9, 4]","[0, 0]","[0, 0]",79
11,"[2, 1]",43.24999999999968,"[10, 9]","[0, 0]","[0, 0]",79
12,"[2, 1]",44.949999999999584,"[11, 11]","[0, 0]","[0, 0]",79
13,"[0, 1]",81.8499999999975,"[8, 8]","[0, 0]","[0, 0]",79
14,"[0, 3]",113.14999999999571,"[13, 1]","[0, 0]","[0, 0]",79
15,"[0, 3]",115.54999999999558,"[14, 14]","[0, 0]","[0, 0]",79
16,"[0, 3]",117.09999999999549,"[15, 15]","[0, 0]","[0, 0]",79
17,"[0, 3]",118.49999999999541,"[16, 16]","[0, 0]","[0, 0]",79
18,"[2, 1]",51.799999999999194,"[12, 3]","[1.1500000000000004, 0]","[1.1500000000000004, 0]",79
19,"[0, 1]",89.24999999999707,"[17, 67]","[0, 0]","[0, 0]",79
20,"[0, 1]",90.09999999999702,"[19, 19]","[0, 0]","[0, 0]",79
21,"[0, 1]",91.14999999999696,"[20, 20]","[0, 0]","[0, 0]",79
22,"[0, 3]",122.1999999999952,"[21, 79]","[0, 0]","[0, 0]",79
23,"[0, 1]",94.84999999999675,"[22, 21]","[0, 0]","[0, 0]",79
24,"[0, 1]",95.99999999999669,"[23, 23]","[0, 0]","[0, 0]",79
25,"[0, 1]",97.09999999999663,"[24, 24]","[0, 0]","[0, 0]",79
26,"[2, 1]",62.349999999998595,"[18, 13]","[9.55, 0]","[9.55, 0]",79
27,"[0, 1]",98.14999999999657,"[25, 25]","[0, 0]","[0, 0]",79
28,"[0, 3]",129.14999999999512,"[27, 22]","[0, 0]","[0, 0]",79
29,"[0, 3]",131.54999999999566,"[28, 28]","[0, 0]","[0, 0]",79
30,"[0, 1]",103.04999999999629,"[29, 27]","[0, 0]","[0, 0]",79
31,"[0, 1]",104.09999999999623,"[30, 30]","[0, 0]","[0, 0]",79
32,"[0, 1]",105.14999999999617,"[31, 31]","[0, 0]","[0, 0]",79
33,"[0, 3]",136.19999999999672,"[32, 29]","[0, 0]","[0, 0]",79
34,"[0, 1]",108.89999999999596,"[33, 32]","[0, 0]","[0, 0]",79
35,"[0, 1]",109.9999999999959,"[34, 34]","[0, 0]","[0, 0]",79
36,"[0, 1]",111.09999999999583,"[35, 35]","[0, 0]","[0, 0]",79
37,"[0, 3]",142.14999999999807,"[36, 33]","[0, 0]","[0, 0]",79
38,"[0, 3]",144.4999999999986,"[37, 37]","[0, 0]","[0, 0]",79
39,"[0, 3]",146.09999999999897,"[38, 38]","[0, 0]","[0, 0]",79
40,"[0, 3]",147.4999999999993,"[39, 39]","[0, 0]","[0, 0]",79
41,"[0, 3]",148.74999999999957,"[40, 40]","[0, 0]","[0, 0]",79
42,"[0, 1]",119.34999999999536,"[41, -999]","[0, 0]","[0, 0]",79
43,"[0, 1]",120.3999999999953,"[42, 42]","[0, 0]","[0, 0]",79
44,"[0, 1]",121.54999999999524,"[43, 43]","[0, 0]","[0, 0]",79
45,"[0, 1]",122.59999999999518,"[44, 44]","[0, 0]","[0, 0]",79
46,"[0, 1]",123.59999999999512,"[45, 45]","[0, 0]","[0, 0]",79
47,"[0, 1]",124.59999999999506,"[46, 46]","[0, 0]","[0, 0]",79
48,"[0, 3]",155.60000000000113,"[47, 41]","[0, 0]","[0, 0]",79
49,"[0, 1]",128.2499999999949,"[48, 47]","[0, 0]","[0, 0]",79
50,"[0, 1]",129.29999999999515,"[49, 49]","[0, 0]","[0, 0]",79
51,"[0, 1]",130.29999999999538,"[50, 50]","[0, 0]","[0, 0]",79
52,"[0, 1]",131.19999999999558,"[51, 51]","[0, 0]","[0, 0]",79
53,"[2, 1]",50.84999999999925,"[26, 26]","[3.599999999999995, 0]","[3.2499999999999964, 0]",79
54,"[0, 3]",161.6500000000025,"[52, 48]","[0, 0]","[0, 0]",79
55,"[0, 3]",159.25000000000196,"[54, 54]","[0, 0]","[0, 0]",79
56,"[0, 1]",130.14999999999534,"[55, 52]","[0, 0]","[0, 0]",79
57,"[0, 3]",161.30000000000243,"[56, 55]","[0, 0]","[0, 0]",79
58,"[0, 1]",133.4499999999961,"[57, 56]","[0, 0]","[0, 0]",79
59,"[2, 1]",49.79999999999931,"[53, 53]","[0, 0]","[0, 0]",79
60,"[0, 1]",133.8999999999962,"[58, 58]","[0.3, 0]","[0, 0]",79
61,"[0, 3]",164.05000000000305,"[60, 57]","[1.0000000000000002, 0]","[0, 0]",79
62,"[0, 3]",164.3000000000031,"[61, 61]","[1.4000000000000006, 0]","[0, 0]",79
63,"[0, 1]",134.09999999999624,"[62, 60]","[1.7000000000000008, 0]","[0, 0]",79
64,"[0, 1]",134.09999999999624,"[63, 63]","[2.000000000000001, 0]","[0, 0]",79
65,"[0, 1]",133.4999999999961,"[64, 64]","[2.25, 0]","[0, 0]",79
66,"[0, 1]",132.39999999999586,"[65, 65]","[2.549999999999999, 0]","[0, 0]",79
67,"[2, 1]",47.199999999999456,"[59, 59]","[0, 0]","[0, 0]",79
68,"[0, 1]",132.69999999999592,"[66, 66]","[2.549999999999999, 0]","[0, 0]",79
69,"[0, 1]",133.34999999999607,"[68, 68]","[1.950000000000001, 0]","[0, 0]",79
70,"[0, 3]",158.0500000000017,"[69, 62]","[0, 0]","[0, 0]",79
71,"[0, 1]",129.64999999999523,"[70, 69]","[0.5499999999999999, 0]","[0, 0]",79
72,"[0, 1]",130.54999999999544,"[71, 71]","[1.0000000000000002, 0]","[0, 0]",79
73,"[0, 3]",161.6000000000025,"[72, 70]","[0.7000000000000001, 0]","[0, 0]",79
74,"[0, 1]",134.24999999999628,"[73, 72]","[0, 0]","[0, 0]",79
75,"[0, 1]",135.2499999999965,"[74, 74]","[0, 0]","[0, 0]",79
76,"[0, 3]",162.40000000000268,"[75, 73]","[0, 0]","[0, 0]",79
77,"[0, 1]",133.9499999999962,"[76, 75]","[0, 0]","[0, 0]",79
78,"[0, 1]",134.7999999999964,"[77, 77]","[0, 0]","[0, 0]",79
79,"[2, 3]",70.74999999999812,"[67, 17]","[0, 0]","[0, 0]",79
0,"[0, 1]",70.29999999999815,"[-999, 7]","[0, 0]","[0, 0]",80
1,"[2, 3]",67.7499999999983,"[-999, -999]","[0, 0]","[0, 0]",80
2,"[2, 1]",37.15000000000003,"[1, -999]","[0, 0]","[0, 0]",80
3,"[2, 3]",69.99999999999817,"[2, 1]","[0, 0]","[0, 0]",80
4,"[2, 3]",72.39999999999803,"[3, 3]","[0, 0]","[0, 0]",80
5,"[2, 1]",38.34999999999996,"[4, 2]","[0, 0]","[0, 0]",80
6,"[2, 1]",40.59999999999983,"[5, 5]","[0, 0]","[0, 0]",80
7,"[2, 1]",42.39999999999973,"[6, 6]","[0, 0]","[0, 0]",80
8,"[0, 3]",102.04999999999634,"[0, 10]","[0, 0]","[0, 0]",80
9,"[2, 3]",73.14999999999799,"[7, 4]","[0, 0]","[0, 0]",80
10,"[2, 3]",75.69999999999784,"[9, 9]","[0, 0]","[0, 0]",80
11,"[0, 1]",78.04999999999771,"[8, 15]","[1.7500000000000009, 0]","[1.7500000000000009, 0]",80
12,"[0, 1]",77.54999999999774,"[11, 11]","[0, 0]","[0, 0]",80
13,"[0, 1]",83.79999999999738,"[12, 18]","[2.4499999999999993, 0]","[2.4499999999999993, 0]",80
14,"[2, 1]",46.59999999999949,"[10, 0]","[0, 0]","[0, 0]",80
15,"[2, 1]",47.59999999999943,"[14, 14]","[0, 0]","[0, 0]",80
16,"[0, 1]",83.74999999999739,"[13, 13]","[0, 0]","[0, 0]",80
17,"[0, 3]",114.39999999999564,"[16, 8]","[0, 0]","[0, 0]",80
18,"[2, 1]",58.999999999998785,"[15, 12]","[6.699999999999984, 0]","[6.699999999999984, 0]",80
19,"[0, 3]",116.74999999999551,"[17, 17]","[0, 0]","[0, 0]",80
20,"[0, 3]",118.39999999999542,"[19, 19]","[0, 0]","[0, 0]",80
21,"[0, 3]",124.99999999999504,"[20, 48]","[2.549999999999999, 0]","[2.549999999999999, 0]",80
22,"[0, 3]",125.94999999999499,"[21, 21]","[0, 0]","[0, 0]",80
23,"[0, 1]",97.4499999999966,"[22, 59]","[0, 0]","[0, 0]",80
24,"[0, 1]",103.74999999999625,"[23, 79]","[2.8999999999999977, 0]","[2.8999999999999977, 0]",80
25,"[0, 3]",132.5499999999959,"[24, 22]","[0, 0]","[0, 0]",80
26,"[0, 3]",134.89999999999642,"[25, 25]","[0, 0]","[0, 0]",80
27,"[0, 1]",106.3499999999961,"[26, 24]","[0, 0]","[0, 0]",80
28,"[2, 1]",69.54999999999819,"[18, 16]","[12.900000000000048, 0]","[5.799999999999987, 0]",80
29,"[0, 1]",107.44999999999604,"[27, 27]","[0, 0]","[0, 0]",80
30,"[0, 3]",138.64999999999728,"[29, 26]","[0, 0]","[0, 0]",80
31,"[0, 1]",111.34999999999582,"[30, 29]","[0, 0]","[0, 0]",80
32,"[0, 3]",142.6999999999982,"[31, 30]","[0, 0]","[0, 0]",80
33,"[0, 3]",144.9499999999987,"[32, 32]","[0, 0]","[0, 0]",80
34,"[0, 3]",146.49999999999906,"[33, 33]","[0, 0]","[0, 0]",80
35,"[0, 1]",117.49999999999547,"[34, -999]","[0.9000000000000002, 0]","[0, 0]",80
36,"[0, 1]",118.5499999999954,"[35, 35]","[1.5000000000000007, 0]","[0, 0]",80
37,"[0, 1]",119.64999999999534,"[36, 36]","[1.900000000000001, 0]","[0, 0]",80
38,"[0, 3]",150.65,"[37, 34]","[2.1500000000000004, 0]","[0, 0]",80
39,"[0, 3]",152.95000000000053,"[38, 38]","[2.3999999999999995, 0]","[0, 0]",80
40,"[0, 1]",124.54999999999507,"[39, 37]","[2.549999999999999, 0]","[0, 0]",80
41,"[0, 3]",156.00000000000122,"[40, 39]","[2.6499999999999986, 0]","[0, 0]",80
42,"[0, 3]",158.20000000000172,"[41, 41]","[2.799999999999998, 0]","[0, 0]",80
43,"[2, 1]",70.29999999999815,"[28, 28]","[21.650000000000173, 0]","[0, 0]",80
44,"[0, 3]",159.70000000000206,"[42, 42]","[2.9499999999999975, 0]","[0, 0]",80
45,"[0, 1]",130.74999999999548,"[44, -999]","[3.2499999999999964, 0]","[0, 0]",80
46,"[0, 1]",131.79999999999572,"[45, 45]","[3.599999999999995, 0]","[0, 0]",80
47,"[0, 1]",132.89999999999597,"[46, 46]","[3.599999999999995, 0]","[0, 0]",80
48,"[2, 3]",108.39999999999598,"[43, 20]","[24.25000000000021, 0]","[0, 0]",80
49,"[0, 1]",133.9499999999962,"[47, 47]","[3.149999999999997, 0]","[0, 0]",80
50,"[0, 1]",134.94999999999644,"[49, 49]","[2.5999999999999988, 0]","[0, 0]",80
51,"[2, 1]",78.0999999999977,"[48, 43]","[32.00000000000032, 0]","[0.05, 0]",80
52,"[0, 1]",135.94999999999666,"[50, 50]","[2.000000000000001, 0]","[0, 0]",80
53,"[0, 1]",136.89999999999688,"[52, 52]","[1.3000000000000005, 0]","[0, 0]",80
54,"[0, 3]",162.30000000000265,"[53, 44]","[0, 0]","[0, 0]",80
55,"[0, 1]",133.59999999999613,"[54, 53]","[0, 0]","[0, 0]",80
56,"[0, 3]",161.6000000000025,"[55, 54]","[0, 0]","[0, 0]",80
57,"[0, 1]",133.24999999999605,"[56, 55]","[0, 0]","[0, 0]",80
58,"[0, 1]",134.09999999999624,"[57, 57]","[0, 0]","[0, 0]",80
59,"[2, 1]",78.04999999999771,"[51, 51]","[27.00000000000025, 0]","[0, 0]",80
60,"[0, 3]",164.90000000000325,"[58, 56]","[0, 0]","[0, 0]",80
61,"[0, 3]",166.5000000000036,"[60, 60]","[0, 0]","[0, 0]",80
62,"[0, 1]",135.14999999999648,"[61, 58]","[0, 0]","[0, 0]",80
63,"[0, 3]",163.05000000000283,"[62, 61]","[0, 0]","[0, 0]",80
64,"[0, 1]",135.09999999999647,"[63, 62]","[0, 0]","[0, 0]",80
65,"[0, 3]",165.90000000000347,"[64, 63]","[0, 0]","[0, 0]",80
66,"[0, 3]",166.4000000000036,"[65, 65]","[0, 0]","[0, 0]",80
67,"[0, 1]",136.84999999999687,"[66, 64]","[0, 0]","[0, 0]",80
68,"[0, 1]",136.89999999999688,"[67, 67]","[0, 0]","[0, 0]",80
69,"[0, 3]",165.35000000000335,"[68, 66]","[0, 0]","[0, 0]",80
70,"[0, 3]",166.9500000000037,"[69, 69]","[0, 0]","[0, 0]",80
71,"[0, 1]",137.74999999999707,"[70, 68]","[0, 0]","[0, 0]",80
72,"[0, 1]",136.84999999999687,"[71, 71]","[0, 0]","[0, 0]",80
73,"[0, 3]",166.60000000000363,"[72, 70]","[0, 0]","[0, 0]",80
74,"[0, 3]",167.65000000000387,"[73, 73]","[0, 0]","[0, 0]",80
75,"[0, 1]",136.74999999999685,"[74, 72]","[0, 0]","[0, 0]",80
76,"[0, 1]",137.14999999999694,"[75, 75]","[0, 0]","[0, 0]",80
77,"[0, 3]",168.10000000000397,"[76, 74]","[0, 0]","[0, 0]",80
78,"[0, 1]",140.59999999999772,"[77, 76]","[0, 0]","[0, 0]",80
79,"[2, 1]",68.09999999999827,"[59, 23]","[7.4499999999999815, 0]","[0, 0]",80
0,"[2, 1]",36.40000000000007,"[-999, -999]","[0, 0]","[0, 0]",81
1,"[2, 3]",68.49999999999825,"[0, -999]","[0, 0]","[0, 0]",81
2,"[2, 3]",71.1999999999981,"[1, 1]","[0, 0]","[0, 0]",81
3,"[2, 3]",73.09999999999799,"[2, 2]","[0, 0]","[0, 0]",81
4,"[2, 1]",38.599999999999945,"[3, -999]","[0, 0]","[0, 0]",81
5,"[2, 3]",71.94999999999806,"[4, 3]","[0, 0]","[0, 0]",81
6,"[2, 3]",73.89999999999795,"[5, 5]","[0, 0]","[0, 0]",81
7,"[2, 1]",39.59999999999989,"[6, 4]","[0, 0]","[0, 0]",81
8,"[2, 1]",41.84999999999976,"[7, 7]","[0, 0]","[0, 0]",81
9,"[2, 1]",42.8999999999997,"[8, 8]","[0, 0]","[0, 0]",81
10,"[0, 1]",80.0499999999976,"[-999, 16]","[0, 0]","[6.149999999999986, 0]",81
11,"[0, 1]",84.59999999999734,"[10, 18]","[2.3999999999999995, 0]","[2.3999999999999995, 0]",81
12,"[2, 1]",44.199999999999626,"[9, 9]","[0, 0]","[0, 0]",81
13,"[0, 1]",85.04999999999731,"[11, 11]","[0, 0]","[0, 0]",81
14,"[0, 1]",85.99999999999726,"[13, 13]","[0, 0]","[0, 0]",81
15,"[0, 3]",116.74999999999551,"[14, 29]","[0, 0]","[0, 0]",81
16,"[2, 1]",45.54999999999955,"[12, 12]","[0, 0]","[0, 0]",81
17,"[0, 3]",118.79999999999539,"[15, 15]","[0, 0]","[0, 0]",81
18,"[2, 1]",52.09999999999918,"[16, 10]","[0.9500000000000003, 0]","[0.9500000000000003, 0]",81
19,"[0, 3]",120.3499999999953,"[17, 17]","[0, 0]","[0, 0]",81
20,"[0, 1]",91.09999999999697,"[19, 47]","[0, 0]","[0, 0]",81
21,"[0, 1]",92.04999999999691,"[20, 20]","[0, 0]","[0, 0]",81
22,"[2, 3]",80.69999999999756,"[18, 6]","[0, 0]","[0, 0]",81
23,"[0, 3]",123.04999999999515,"[21, 19]","[0, 0]","[0, 0]",81
24,"[0, 3]",125.34999999999502,"[23, 23]","[0, 0]","[0, 0]",81
25,"[0, 3]",126.89999999999493,"[24, 24]","[0, 0]","[0, 0]",81
26,"[0, 3]",128.29999999999492,"[25, 25]","[0, 0]","[0, 0]",81
27,"[0, 3]",134.69999999999638,"[26, 55]","[2.3, 0]","[2.3, 0]",81
28,"[0, 3]",135.44999999999655,"[27, 27]","[0, 0]","[0, 0]",81
29,"[2, 3]",83.99999999999737,"[22, 22]","[0, 0]","[0, 0]",81
30,"[0, 3]",140.8999999999978,"[28, 66]","[2.4499999999999993, 0]","[2.4499999999999993, 0]",81
31,"[0, 1]",110.14999999999588,"[30, -999]","[0, 0]","[0, 0]",81
32,"[0, 3]",142.89999999999824,"[31, 74]","[0, 0]","[0, 0]",81
33,"[0, 3]",143.89999999999847,"[32, 32]","[0, 0]","[0, 0]",81
34,"[0, 1]",114.59999999999563,"[33, 31]","[0, 0]","[0, 0]",81
35,"[0, 1]",115.64999999999557,"[34, 34]","[0, 0]","[0, 0]",81
36,"[0, 3]",146.84999999999914,"[35, 33]","[0, 0]","[0, 0]",81
37,"[0, 1]",119.49999999999535,"[36, 35]","[0.5499999999999999, 0]","[0, 0]",81
38,"[0, 3]",150.90000000000006,"[37, 36]","[1.0500000000000003, 0]","[0, 0]",81
39,"[0, 1]",123.39999999999513,"[38, 37]","[0.9000000000000002, 0]","[0, 0]",81
40,"[0, 1]",124.49999999999507,"[39, 39]","[0.35, 0]","[0, 0]",81
41,"[0, 1]",125.599999999995,"[40, 40]","[0, 0]","[0, 0]",81
42,"[2, 1]",59.349999999998765,"[29, 14]","[7.599999999999981, 0]","[0.05, 0]",81
43,"[2, 1]",59.549999999998754,"[42, 42]","[7.7499999999999805, 0]","[0, 0]",81
44,"[0, 1]",126.69999999999494,"[41, 41]","[0, 0]","[0, 0]",81
45,"[0, 3]",157.7000000000016,"[44, 38]","[0, 0]","[0, 0]",81
46,"[0, 1]",130.3999999999954,"[45, 44]","[0, 0]","[0, 0]",81
47,"[2, 1]",61.49999999999864,"[43, 43]","[12.650000000000045, 0]","[0, 0]",81
48,"[0, 3]",161.75000000000253,"[46, 45]","[0, 0]","[0, 0]",81
49,"[0, 3]",164.00000000000304,"[48, 48]","[0, 0]","[0, 0]",81
50,"[0, 3]",165.6000000000034,"[49, 49]","[0, 0]","[0, 0]",81
51,"[0, 1]",136.4999999999968,"[50, -999]","[0, 0]","[0, 0]",81
52,"[0, 3]",167.7500000000039,"[51, 50]","[0, 0]","[0, 0]",81
53,"[0, 1]",140.0999999999976,"[52, 51]","[0, 0]","[0, 0]",81
54,"[2, 1]",75.34999999999786,"[47, 21]","[13.70000000000006, 0]","[3.399999999999996, 0]",81
55,"[2, 3]",123.24999999999514,"[54, 26]","[18.350000000000126, 0]","[9.700000000000003, 0]",81
56,"[0, 3]",171.3500000000047,"[53, 52]","[0, 0]","[0, 0]",81
57,"[0, 1]",143.79999999999845,"[56, 53]","[0, 0]","[0, 0]",81
58,"[0, 1]",144.8499999999987,"[57, 57]","[0, 0]","[0, 0]",81
59,"[2, 1]",92.09999999999691,"[55, -999]","[7.049999999999983, 0]","[0, 0]",81
60,"[0, 1]",145.89999999999893,"[58, 58]","[0, 0]","[0, 0]",81
61,"[0, 1]",146.59999999999908,"[60, 60]","[1.1000000000000003, 0]","[0, 0]",81
62,"[0, 1]",142.89999999999824,"[61, 61]","[1.4500000000000006, 0]","[0, 0]",81
63,"[0, 3]",171.3500000000047,"[62, 56]","[0, 0]","[0, 0]",81
64,"[0, 1]",137.99999999999713,"[63, 62]","[0, 0]","[0, 0]",81
65,"[0, 1]",137.8499999999971,"[64, 64]","[0, 0]","[0, 0]",81
66,"[2, 3]",130.69999999999547,"[59, 28]","[5.599999999999988, 0]","[0, 0]",81
67,"[0, 1]",137.69999999999706,"[65, 65]","[0, 0]","[0, 0]",81
68,"[0, 1]",136.34999999999675,"[67, 67]","[0, 0]","[0, 0]",81
69,"[0, 3]",166.20000000000354,"[68, 63]","[0, 0]","[0, 0]",81
70,"[0, 3]",168.00000000000395,"[69, 69]","[0, 0]","[0, 0]",81
71,"[0, 1]",138.7499999999973,"[70, 68]","[0, 0]","[0, 0]",81
72,"[0, 1]",135.1999999999965,"[71, 71]","[0, 0]","[0, 0]",81
73,"[0, 1]",135.14999999999648,"[72, 72]","[0, 0]","[0, 0]",81
74,"[2, 3]",136.69999999999683,"[66, 30]","[7.299999999999982, 0]","[3.149999999999997, 0]",81
75,"[0, 1]",135.6499999999966,"[73, 73]","[0, 0]","[0, 0]",81
76,"[0, 1]",136.0499999999967,"[75, 75]","[0, 0]","[0, 0]",81
77,"[0, 3]",162.85000000000278,"[76, 70]","[0, 0]","[0, 0]",81
78,"[0, 1]",134.64999999999637,"[77, 76]","[0, 0]","[0, 0]",81
79,"[0, 1]",134.8499999999964,"[78, 78]","[0, 0]","[0, 0]",81
0,"[2, 1]",36.40000000000007,"[-999, -999]","[0, 0]","[0, 0]",82
1,"[2, 1]",38.09999999999997,"[0, 0]","[0, 0]","[0, 0]",82
2,"[2, 1]",39.89999999999987,"[1, 1]","[0, 0]","[0, 0]",82
3,"[2, 3]",69.24999999999821,"[2, -999]","[0, 0]","[0, 0]",82
4,"[2, 1]",37.74999999999999,"[3, 2]","[0, 0]","[0, 0]",82
5,"[2, 1]",39.54999999999989,"[4, 4]","[0, 0]","[0, 0]",82
6,"[0, 1]",73.74999999999795,"[-999, 13]","[0, 0]","[2.4499999999999993, 0]",82
7,"[2, 1]",41.34999999999979,"[5, 5]","[0, 0]","[0, 0]",82
8,"[2, 3]",72.59999999999802,"[7, 3]","[0, 0]","[0, 0]",82
9,"[0, 3]",105.14999999999617,"[6, 22]","[0, 0]","[0, 0]",82
10,"[2, 1]",40.59999999999983,"[8, 7]","[0, 0]","[0, 0]",82
11,"[0, 1]",79.49999999999763,"[9, 43]","[2.499999999999999, 0]","[2.499999999999999, 0]",82
12,"[0, 1]",85.94999999999726,"[11, 55]","[3.5499999999999954, 0]","[3.5499999999999954, 0]",82
13,"[2, 1]",42.8999999999997,"[10, 10]","[0, 0]","[0, 0]",82
14,"[0, 3]",114.54999999999563,"[12, 9]","[0, 0]","[0, 0]",82
15,"[0, 3]",116.8999999999955,"[14, 14]","[0, 0]","[0, 0]",82
16,"[0, 3]",118.49999999999541,"[15, 15]","[0, 0]","[0, 0]",82
17,"[0, 3]",119.79999999999534,"[16, 16]","[0, 0]","[0, 0]",82
18,"[0, 1]",90.599999999997,"[17, -999]","[0, 0]","[0, 0]",82
19,"[0, 3]",122.79999999999517,"[18, 79]","[0, 0]","[0, 0]",82
20,"[0, 1]",93.89999999999681,"[19, 18]","[0, 0]","[0, 0]",82
21,"[0, 3]",125.19999999999503,"[20, 19]","[0, 0]","[0, 0]",82
22,"[2, 3]",72.849999999998,"[13, 8]","[0, 0]","[0, 0]",82
23,"[0, 3]",127.4499999999949,"[21, 21]","[0, 0]","[0, 0]",82
24,"[0, 1]",98.89999999999652,"[23, 20]","[0, 0]","[0, 0]",82
25,"[0, 1]",99.94999999999646,"[24, 24]","[0, 0]","[0, 0]",82
26,"[0, 1]",101.0499999999964,"[25, 25]","[0, 0]","[0, 0]",82
27,"[0, 3]",132.1999999999958,"[26, 23]","[0, 0]","[0, 0]",82
28,"[2, 1]",45.49999999999955,"[22, 6]","[0, 0]","[0, 0]",82
29,"[0, 3]",134.49999999999633,"[27, 27]","[0, 0]","[0, 0]",82
30,"[0, 3]",136.0999999999967,"[29, 29]","[0, 0]","[0, 0]",82
31,"[0, 1]",107.09999999999606,"[30, -999]","[0, 0]","[0, 0]",82
32,"[0, 1]",108.199999999996,"[31, 31]","[0, 0]","[0, 0]",82
33,"[0, 3]",139.39999999999745,"[32, 30]","[0, 0]","[0, 0]",82
34,"[0, 1]",112.04999999999578,"[33, 32]","[0, 0]","[0, 0]",82
35,"[0, 1]",113.19999999999571,"[34, 34]","[0, 0]","[0, 0]",82
36,"[0, 1]",114.24999999999565,"[35, 35]","[0, 0]","[0, 0]",82
37,"[0, 1]",115.29999999999559,"[36, 36]","[0, 0]","[0, 0]",82
38,"[0, 3]",146.29999999999902,"[37, 33]","[0, 0]","[0, 0]",82
39,"[0, 1]",119.14999999999537,"[38, 37]","[0, 0]","[0, 0]",82
40,"[0, 3]",150.49999999999997,"[39, 38]","[0.6, 0]","[0, 0]",82
41,"[0, 3]",152.75000000000048,"[40, 40]","[1.1000000000000003, 0]","[0, 0]",82
42,"[0, 1]",124.14999999999509,"[41, 39]","[1.0000000000000002, 0]","[0, 0]",82
43,"[2, 1]",44.549999999999606,"[28, 28]","[0, 0]","[0, 0]",82
44,"[0, 3]",155.65000000000114,"[42, 41]","[0.44999999999999996, 0]","[0, 0]",82
45,"[0, 1]",128.1499999999949,"[44, 42]","[0, 0]","[0, 0]",82
46,"[0, 1]",129.24999999999514,"[45, 45]","[0, 0]","[0, 0]",82
47,"[0, 1]",130.29999999999538,"[46, 46]","[0, 0]","[0, 0]",82
48,"[0, 1]",131.34999999999562,"[47, 47]","[0, 0]","[0, 0]",82
49,"[0, 3]",162.15000000000262,"[48, 44]","[0, 0]","[0, 0]",82
50,"[0, 1]",133.59999999999613,"[49, 48]","[0, 0]","[0, 0]",82
51,"[0, 1]",133.59999999999613,"[50, 50]","[0, 0]","[0, 0]",82
52,"[0, 3]",164.45000000000314,"[51, 49]","[0, 0]","[0, 0]",82
53,"[0, 1]",136.9499999999969,"[52, 51]","[0, 0]","[0, 0]",82
54,"[0, 1]",137.54999999999703,"[53, 53]","[0, 0]","[0, 0]",82
55,"[2, 1]",39.299999999999905,"[43, 11]","[0, 0]","[0, 0]",82
56,"[0, 1]",136.74999999999685,"[54, 54]","[0, 0]","[0, 0]",82
57,"[0, 1]",135.89999999999665,"[56, 56]","[0, 0]","[0, 0]",82
58,"[0, 1]",136.19999999999672,"[57, 57]","[0, 0]","[0, 0]",82
59,"[2, 1]",46.64999999999949,"[55, 12]","[3.2999999999999963, 0]","[3.2999999999999963, 0]",82
60,"[0, 1]",135.6499999999966,"[58, 58]","[0, 0]","[0, 0]",82
61,"[0, 1]",133.69999999999615,"[60, 60]","[0, 0]","[0, 0]",82
62,"[0, 1]",134.19999999999627,"[61, 61]","[0, 0]","[0, 0]",82
63,"[0, 1]",134.64999999999637,"[62, 62]","[0, 0]","[0, 0]",82
64,"[0, 1]",133.9499999999962,"[63, 63]","[0, 0]","[0, 0]",82
65,"[0, 3]",163.65000000000296,"[64, -999]","[0, 0]","[0, 0]",82
66,"[0, 1]",135.74999999999662,"[65, 64]","[0, 0]","[0, 0]",82
67,"[0, 1]",133.64999999999614,"[66, 66]","[0.35, 0]","[0, 0]",82
68,"[0, 3]",163.45000000000292,"[67, 65]","[0, 0]","[0, 0]",82
69,"[0, 3]",164.15000000000308,"[68, 68]","[0, 0]","[0, 0]",82
70,"[0, 3]",161.2000000000024,"[69, 69]","[0, 0]","[0, 0]",82
71,"[0, 1]",131.94999999999575,"[70, -999]","[0, 0]","[0, 0]",82
72,"[0, 1]",132.74999999999594,"[71, 71]","[0, 0]","[0, 0]",82
73,"[0, 3]",160.00000000000213,"[72, 70]","[0, 0]","[0, 0]",82
74,"[0, 3]",160.95000000000235,"[73, 73]","[0, 0]","[0, 0]",82
75,"[0, 1]",132.1999999999958,"[74, 72]","[0, 0]","[0, 0]",82
76,"[0, 1]",132.999999999996,"[75, 75]","[0, 0]","[0, 0]",82
77,"[0, 3]",162.0500000000026,"[76, 74]","[0, 0]","[0, 0]",82
78,"[0, 1]",133.049999999996,"[77, 76]","[0, 0]","[0, 0]",82
79,"[2, 3]",76.69999999999779,"[59, 17]","[2.1500000000000004, 0]","[2.1500000000000004, 0]",82
0,"[0, 1]",79.79999999999761,"[-999, 13]","[0, 0]","[5.749999999999988, 0]",83
1,"[0, 3]",108.94999999999595,"[0, 8]","[0, 0]","[0, 0]",83
2,"[2, 1]",36.40000000000007,"[-999, -999]","[0, 0]","[0, 0]",83
3,"[2, 3]",68.49999999999825,"[2, -999]","[0, 0]","[0, 0]",83
4,"[2, 3]",71.1999999999981,"[3, 3]","[0, 0]","[0, 0]",83
5,"[0, 3]",111.34999999999582,"[1, 1]","[0, 0]","[0, 0]",83
6,"[2, 1]",37.699999999999996,"[4, 2]","[0, 0]","[0, 0]",83
7,"[2, 1]",39.799999999999876,"[6, 6]","[0, 0]","[0, 0]",83
8,"[2, 3]",71.54999999999808,"[7, 4]","[0, 0]","[0, 0]",83
9,"[2, 1]",39.3499999999999,"[8, 7]","[0, 0]","[0, 0]",83
10,"[2, 1]",41.69999999999977,"[9, 9]","[0, 0]","[0, 0]",83
11,"[0, 1]",81.89999999999749,"[5, 18]","[0, 0]","[0, 0]",83
12,"[0, 1]",83.19999999999742,"[11, 11]","[0, 0]","[0, 0]",83
13,"[2, 1]",42.8499999999997,"[10, 10]","[0, 0]","[0, 0]",83
14,"[2, 1]",50.29999999999928,"[13, 0]","[1.4000000000000006, 0]","[1.4000000000000006, 0]",83
15,"[0, 3]",116.9499999999955,"[12, 25]","[0, 0]","[0, 0]",83
16,"[0, 3]",118.24999999999542,"[15, 15]","[0, 0]","[0, 0]",83
17,"[0, 3]",119.34999999999536,"[16, 16]","[0, 0]","[0, 0]",83
18,"[2, 1]",50.49999999999927,"[14, 14]","[3.2499999999999964, 0]","[3.2499999999999964, 0]",83
19,"[0, 3]",125.34999999999502,"[17, 52]","[2.3499999999999996, 0]","[2.3499999999999996, 0]",83
20,"[0, 1]",94.64999999999677,"[19, -999]","[0, 0]","[0, 0]",83
21,"[2, 3]",83.5499999999974,"[18, 5]","[3.349999999999996, 0]","[0.05, 0]",83
22,"[0, 3]",127.19999999999492,"[20, 56]","[0, 0]","[0, 0]",83
23,"[0, 1]",97.99999999999658,"[22, 59]","[0, 0]","[0, 0]",83
24,"[0, 1]",104.94999999999618,"[23, 62]","[1.950000000000001, 0]","[1.950000000000001, 0]",83
25,"[2, 3]",85.79999999999727,"[21, 21]","[6.249999999999986, 0]","[0, 0]",83
26,"[0, 1]",104.39999999999621,"[24, 24]","[0, 0]","[0, 0]",83
27,"[0, 1]",109.8499999999959,"[26, 66]","[2.499999999999999, 0]","[2.499999999999999, 0]",83
28,"[0, 3]",139.79999999999754,"[27, 22]","[0, 0]","[0, 0]",83
29,"[0, 1]",111.6999999999958,"[28, 79]","[0, 0]","[0, 0]",83
30,"[0, 1]",112.79999999999573,"[29, 29]","[0, 0]","[0, 0]",83
31,"[0, 1]",113.84999999999567,"[30, 30]","[0.49999999999999994, 0]","[0, 0]",83
32,"[0, 1]",114.89999999999561,"[31, 31]","[0.9500000000000003, 0]","[0, 0]",83
33,"[0, 3]",145.89999999999893,"[32, 28]","[1.3000000000000005, 0]","[0, 0]",83
34,"[0, 3]",148.29999999999947,"[33, 33]","[1.6500000000000008, 0]","[0, 0]",83
35,"[0, 1]",119.79999999999534,"[34, 32]","[2.1500000000000004, 0]","[0, 0]",83
36,"[0, 1]",120.84999999999528,"[35, 35]","[2.6499999999999986, 0]","[0, 0]",83
37,"[0, 1]",121.94999999999521,"[36, 36]","[3.149999999999997, 0]","[0, 0]",83
38,"[0, 1]",123.04999999999515,"[37, 37]","[3.649999999999995, 0]","[0, 0]",83
39,"[0, 1]",124.0499999999951,"[38, 38]","[4.099999999999993, 0]","[0, 0]",83
40,"[2, 1]",56.39999999999893,"[25, 12]","[7.199999999999982, 0]","[0, 0]",83
41,"[2, 1]",58.799999999998796,"[40, 40]","[10.15000000000001, 0]","[0, 0]",83
42,"[0, 1]",125.09999999999503,"[39, 39]","[4.449999999999992, 0]","[0, 0]",83
43,"[0, 1]",126.14999999999498,"[42, 42]","[4.799999999999991, 0]","[0, 0]",83
44,"[0, 1]",127.19999999999492,"[43, 43]","[5.09999999999999, 0]","[0, 0]",83
45,"[0, 1]",128.1999999999949,"[44, 44]","[6.099999999999986, 0]","[0, 0]",83
46,"[0, 1]",129.19999999999513,"[45, 45]","[6.649999999999984, 0]","[0, 0]",83
47,"[0, 3]",160.20000000000218,"[46, -999]","[7.049999999999983, 0]","[0, 0]",83
48,"[0, 3]",162.60000000000272,"[47, 47]","[7.399999999999982, 0]","[0, 0]",83
49,"[0, 1]",134.14999999999625,"[48, 46]","[7.699999999999981, 0]","[0, 0]",83
50,"[0, 3]",165.5500000000034,"[49, 48]","[7.99999999999998, 0]","[0, 0]",83
51,"[0, 1]",137.8499999999971,"[50, 49]","[8.299999999999983, 0]","[0, 0]",83
52,"[2, 3]",96.19999999999668,"[41, 17]","[7.79999999999998, 0]","[0, 0]",83
53,"[0, 1]",138.7499999999973,"[51, 51]","[8.199999999999982, 0]","[0, 0]",83
54,"[0, 1]",139.69999999999752,"[53, 53]","[7.599999999999981, 0]","[0, 0]",83
55,"[0, 3]",170.10000000000443,"[54, 50]","[6.349999999999985, 0]","[0, 0]",83
56,"[2, 3]",102.34999999999633,"[52, 19]","[6.099999999999986, 0]","[0, 0]",83
57,"[0, 1]",132.0999999999958,"[55, 54]","[1.2000000000000004, 0]","[0, 0]",83
58,"[0, 1]",132.6499999999959,"[57, 57]","[0.35, 0]","[0, 0]",83
59,"[2, 1]",71.89999999999806,"[56, 20]","[4.549999999999992, 0]","[0, 0]",83
60,"[0, 1]",127.89999999999488,"[58, 58]","[0.35, 0]","[0, 0]",83
61,"[0, 1]",128.599999999995,"[60, 60]","[0, 0]","[0, 0]",83
62,"[2, 1]",80.34999999999758,"[59, 23]","[2.9999999999999973, 0]","[0, 0]",83
63,"[0, 1]",129.44999999999519,"[61, 61]","[0, 0]","[0, 0]",83
64,"[0, 1]",129.64999999999523,"[63, 63]","[0, 0]","[0, 0]",83
65,"[0, 1]",126.84999999999494,"[64, 64]","[0, 0]","[0, 0]",83
66,"[2, 1]",91.49999999999694,"[62, 26]","[3.899999999999994, 0]","[2.3499999999999996, 0]",83
67,"[0, 1]",127.5499999999949,"[65, 65]","[0, 0]","[0, 0]",83
68,"[0, 1]",128.44999999999496,"[67, 67]","[0, 0]","[0, 0]",83
69,"[0, 1]",129.24999999999514,"[68, 68]","[0, 0]","[0, 0]",83
70,"[0, 3]",159.8500000000021,"[69, -999]","[0, 0]","[0, 0]",83
71,"[0, 1]",132.34999999999584,"[70, 69]","[0, 0]","[0, 0]",83
72,"[0, 1]",133.19999999999604,"[71, 71]","[0, 0]","[0, 0]",83
73,"[0, 1]",134.04999999999623,"[72, 72]","[0, 0]","[0, 0]",83
74,"[0, 1]",134.64999999999637,"[73, 73]","[0, 0]","[0, 0]",83
75,"[0, 3]",164.7000000000032,"[74, 70]","[0, 0]","[0, 0]",83
76,"[0, 3]",165.95000000000348,"[75, 75]","[0, 0]","[0, 0]",83
77,"[0, 3]",160.85000000000232,"[76, 76]","[0, 0]","[0, 0]",83
78,"[0, 1]",130.64999999999546,"[77, -999]","[0, 0]","[0, 0]",83
79,"[2, 1]",88.04999999999714,"[66, 27]","[0, 0]","[0, 0]",83
0,"[2, 1]",36.40000000000007,"[-999, -999]","[0, 0]","[0, 0]",84
1,"[2, 3]",68.49999999999825,"[0, -999]","[0, 0]","[0, 0]",84
2,"[0, 1]",71.2999999999981,"[-999, 9]","[0, 0]","[0, 0]",84
3,"[2, 3]",71.1999999999981,"[1, 1]","[0, 0]","[0, 0]",84
4,"[2, 3]",73.049999999998,"[3, 3]","[0, 0]","[0, 0]",84
5,"[2, 3]",74.6499999999979,"[4, 4]","[0, 0]","[0, 0]",84
6,"[2, 1]",40.04999999999986,"[5, -999]","[0, 0]","[0, 0]",84
7,"[2, 1]",42.299999999999734,"[6, 6]","[0, 0]","[0, 0]",84
8,"[0, 3]",104.99999999999618,"[2, 11]","[2.9999999999999973, 0]","[2.9999999999999973, 0]",84
9,"[2, 1]",43.349999999999675,"[7, 7]","[0, 0]","[0, 0]",84
10,"[2, 3]",73.39999999999797,"[9, 5]","[0, 0]","[0, 0]",84
11,"[2, 3]",75.89999999999783,"[10, 10]","[0, 0]","[0, 0]",84
12,"[0, 1]",79.9999999999976,"[8, 16]","[2.3999999999999995, 0]","[2.3999999999999995, 0]",84
13,"[2, 1]",46.64999999999949,"[11, 2]","[0, 0]","[0, 0]",84
14,"[0, 1]",79.79999999999761,"[12, 12]","[0, 0]","[0, 0]",84
15,"[0, 3]",110.39999999999587,"[14, 8]","[0, 0]","[0, 0]",84
16,"[2, 1]",47.64999999999943,"[13, 13]","[0, 0]","[0, 0]",84
17,"[0, 3]",112.74999999999574,"[15, 15]","[0, 0]","[0, 0]",84
18,"[2, 1]",58.84999999999879,"[16, 14]","[6.649999999999984, 0]","[6.649999999999984, 0]",84
19,"[0, 3]",114.39999999999564,"[17, 17]","[0, 0]","[0, 0]",84
20,"[0, 3]",120.99999999999527,"[19, 27]","[2.3999999999999995, 0]","[2.3999999999999995, 0]",84
21,"[0, 1]",90.39999999999701,"[20, -999]","[0, 0]","[0, 0]",84
22,"[0, 3]",122.84999999999516,"[21, 30]","[0, 0]","[0, 0]",84
23,"[0, 3]",123.9499999999951,"[22, 22]","[0, 0]","[0, 0]",84
24,"[0, 1]",95.7499999999967,"[23, 44]","[0, 0]","[0, 0]",84
25,"[0, 1]",96.34999999999667,"[24, 24]","[0, 0]","[0, 0]",84
26,"[0, 1]",101.74999999999636,"[25, 56]","[2.4499999999999993, 0]","[2.4499999999999993, 0]",84
27,"[2, 3]",101.39999999999638,"[18, 19]","[13.950000000000063, 0]","[6.449999999999985, 0]",84
28,"[0, 3]",131.84999999999573,"[26, 52]","[0, 0]","[0, 0]",84
29,"[0, 3]",134.19999999999627,"[28, 28]","[0, 0]","[0, 0]",84
30,"[2, 3]",107.84999999999602,"[27, 20]","[7.549999999999981, 0]","[0, 0]",84
31,"[0, 1]",105.64999999999614,"[29, 59]","[0, 0]","[0, 0]",84
32,"[0, 1]",106.74999999999608,"[31, 31]","[0, 0]","[0, 0]",84
33,"[0, 3]",137.99999999999713,"[32, 64]","[0, 0]","[0, 0]",84
34,"[0, 1]",109.59999999999592,"[33, 67]","[0, 0]","[0, 0]",84
35,"[0, 1]",110.69999999999585,"[34, 34]","[0, 0]","[0, 0]",84
36,"[0, 3]",141.799999999998,"[35, 33]","[0, 0]","[0, 0]",84
37,"[0, 1]",114.44999999999564,"[36, 35]","[0, 0]","[0, 0]",84
38,"[0, 1]",115.59999999999557,"[37, 37]","[0, 0]","[0, 0]",84
39,"[0, 3]",146.74999999999912,"[38, 36]","[0, 0]","[0, 0]",84
40,"[0, 1]",119.44999999999536,"[39, 38]","[0, 0]","[0, 0]",84
41,"[2, 1]",77.54999999999774,"[30, 21]","[29.450000000000284, 0]","[0, 0]",84
42,"[0, 1]",120.5499999999953,"[40, 40]","[0, 0]","[0, 0]",84
43,"[0, 1]",121.64999999999523,"[42, 42]","[0, 0]","[0, 0]",84
44,"[2, 1]",79.74999999999761,"[41, 41]","[27.250000000000252, 0]","[0, 0]",84
45,"[0, 3]",152.70000000000047,"[43, 39]","[0, 0]","[0, 0]",84
46,"[0, 1]",125.39999999999502,"[45, 43]","[0, 0]","[0, 0]",84
47,"[0, 1]",126.49999999999496,"[46, 46]","[0.65, 0]","[0, 0]",84
48,"[0, 1]",127.59999999999489,"[47, 47]","[1.4000000000000006, 0]","[0, 0]",84
49,"[0, 3]",158.6000000000018,"[48, 45]","[1.900000000000001, 0]","[0, 0]",84
50,"[0, 3]",160.95000000000235,"[49, 49]","[2.0500000000000007, 0]","[0, 0]",84
51,"[0, 1]",132.44999999999587,"[50, 48]","[1.850000000000001, 0]","[0, 0]",84
52,"[2, 3]",113.24999999999571,"[44, 23]","[25.70000000000023, 0]","[0, 0]",84
53,"[0, 3]",163.90000000000302,"[51, 50]","[1.4000000000000006, 0]","[0, 0]",84
54,"[0, 3]",166.0500000000035,"[53, 53]","[0.8500000000000002, 0]","[0, 0]",84
55,"[0, 1]",137.49999999999702,"[54, 51]","[0, 0]","[0, 0]",84
56,"[2, 1]",89.24999999999707,"[52, 25]","[25.350000000000225, 0]","[0, 0]",84
57,"[0, 3]",168.85000000000414,"[55, 54]","[0, 0]","[0, 0]",84
58,"[0, 1]",139.79999999999754,"[57, 55]","[0, 0]","[0, 0]",84
59,"[2, 1]",94.79999999999676,"[56, 26]","[24.500000000000213, 0]","[0, 0]",84
60,"[0, 1]",137.29999999999697,"[58, 58]","[0, 0]","[0, 0]",84
61,"[0, 1]",136.9499999999969,"[60, 60]","[0, 0]","[0, 0]",84
62,"[0, 1]",136.34999999999675,"[61, 61]","[0, 0]","[0, 0]",84
63,"[0, 1]",136.74999999999685,"[62, 62]","[0, 0]","[0, 0]",84
64,"[2, 3]",132.6499999999959,"[59, 29]","[26.45000000000024, 0]","[3.2499999999999964, 0]",84
65,"[0, 3]",167.20000000000377,"[63, 57]","[0, 0]","[0, 0]",84
66,"[0, 1]",139.2499999999974,"[65, 63]","[0, 0]","[0, 0]",84
67,"[2, 1]",109.34999999999593,"[64, 32]","[21.850000000000176, 0]","[0, 0]",84
68,"[0, 1]",137.399999999997,"[66, 66]","[0, 0]","[0, 0]",84
69,"[0, 3]",165.65000000000342,"[68, 65]","[0, 0]","[0, 0]",84
70,"[0, 3]",167.20000000000377,"[69, 69]","[0, 0]","[0, 0]",84
71,"[0, 1]",135.89999999999665,"[70, 68]","[0, 0]","[0, 0]",84
72,"[0, 1]",135.34999999999653,"[71, 71]","[0, 0]","[0, 0]",84
73,"[0, 1]",135.84999999999664,"[72, 72]","[0, 0]","[0, 0]",84
74,"[0, 3]",165.85000000000346,"[73, 70]","[0, 0]","[0, 0]",84
75,"[0, 3]",166.5000000000036,"[74, 74]","[0, 0]","[0, 0]",84
76,"[0, 1]",137.09999999999692,"[75, 73]","[0, 0]","[0, 0]",84
77,"[0, 1]",136.64999999999682,"[76, 76]","[0, 0]","[0, 0]",84
78,"[0, 1]",135.59999999999658,"[77, 77]","[0, 0]","[0, 0]",84
79,"[0, 1]",135.6499999999966,"[78, 78]","[0, 0]","[0, 0]",84
0,"[2, 1]",36.40000000000007,"[-999, -999]","[0, 0]","[0, 0]",85
1,"[2, 1]",38.09999999999997,"[0, 0]","[0, 0]","[0, 0]",85
2,"[2, 1]",39.89999999999987,"[1, 1]","[0, 0]","[0, 0]",85
3,"[2, 1]",41.79999999999976,"[2, 2]","[0, 0]","[0, 0]",85
4,"[2, 1]",43.54999999999966,"[3, 3]","[0, 0]","[0, 0]",85
5,"[2, 3]",71.1499999999981,"[4, -999]","[0, 0]","[0, 0]",85
6,"[2, 1]",39.94999999999987,"[5, 4]","[0, 0]","[0, 0]",85
7,"[2, 1]",42.04999999999975,"[6, 6]","[0, 0]","[0, 0]",85
8,"[2, 3]",72.999999999998,"[7, 5]","[0, 0]","[0, 0]",85
9,"[2, 3]",75.54999999999785,"[8, 8]","[0, 0]","[0, 0]",85
10,"[0, 1]",67.39999999999831,"[-999, 7]","[0, 0]","[0, 0]",85
11,"[0, 1]",70.09999999999816,"[10, 10]","[0, 0]","[0, 0]",85
12,"[0, 1]",76.24999999999781,"[11, 13]","[2.3, 0]","[2.3, 0]",85
13,"[2, 1]",54.69999999999903,"[9, 11]","[5.799999999999987, 0]","[5.799999999999987, 0]",85
14,"[2, 1]",59.94999999999873,"[13, 12]","[2.9999999999999973, 0]","[2.9999999999999973, 0]",85
15,"[0, 3]",106.3999999999961,"[12, 9]","[0, 0]","[0, 0]",85
16,"[0, 1]",78.54999999999768,"[15, 14]","[0, 0]","[0, 0]",85
17,"[0, 3]",109.74999999999591,"[16, 15]","[0, 0]","[0, 0]",85
18,"[2, 1]",67.29999999999832,"[14, 16]","[12.600000000000044, 0]","[0, 0]",85
19,"[0, 3]",111.99999999999578,"[17, 17]","[0, 0]","[0, 0]",85
20,"[0, 3]",113.4999999999957,"[19, 19]","[0, 0]","[0, 0]",85
21,"[0, 1]",85.74999999999727,"[20, 45]","[0, 0]","[0, 0]",85
22,"[0, 1]",86.09999999999725,"[21, 21]","[0, 0]","[0, 0]",85
23,"[0, 3]",117.04999999999549,"[22, 20]","[0, 0]","[0, 0]",85
24,"[0, 3]",119.29999999999536,"[23, 23]","[0, 0]","[0, 0]",85
25,"[0, 1]",90.79999999999698,"[24, 49]","[0, 0]","[0, 0]",85
26,"[0, 3]",122.79999999999517,"[25, 57]","[0, 0]","[0, 0]",85
27,"[0, 1]",93.9499999999968,"[26, 59]","[0, 0]","[0, 0]",85
28,"[0, 3]",124.74999999999505,"[27, 26]","[0, 0]","[0, 0]",85
29,"[0, 1]",96.64999999999665,"[28, 64]","[0, 0]","[0, 0]",85
30,"[0, 3]",129.19999999999513,"[29, 65]","[0, 0]","[0, 0]",85
31,"[0, 3]",130.54999999999544,"[30, 30]","[0, 0]","[0, 0]",85
32,"[0, 1]",100.9999999999964,"[31, 67]","[0, 0]","[0, 0]",85
33,"[0, 3]",133.09999999999602,"[32, 79]","[0, 0]","[0, 0]",85
34,"[0, 1]",103.94999999999624,"[33, 32]","[0, 0]","[0, 0]",85
35,"[0, 3]",135.39999999999654,"[34, 33]","[0, 0]","[0, 0]",85
36,"[0, 3]",137.59999999999704,"[35, 35]","[0, 0]","[0, 0]",85
37,"[0, 3]",139.1499999999974,"[36, 36]","[0, 0]","[0, 0]",85
38,"[2, 1]",68.29999999999826,"[18, 18]","[14.950000000000077, 0]","[0, 0]",85
39,"[0, 3]",140.4999999999977,"[37, 37]","[0, 0]","[0, 0]",85
40,"[0, 1]",111.29999999999582,"[39, -999]","[0, 0]","[0, 0]",85
41,"[0, 1]",112.44999999999575,"[40, 40]","[0, 0]","[0, 0]",85
42,"[0, 1]",113.54999999999569,"[41, 41]","[0, 0]","[0, 0]",85
43,"[0, 1]",114.59999999999563,"[42, 42]","[0, 0]","[0, 0]",85
44,"[0, 3]",145.54999999999885,"[43, 39]","[0, 0]","[0, 0]",85
45,"[2, 1]",70.39999999999814,"[38, 38]","[21.900000000000176, 0]","[0, 0]",85
46,"[0, 3]",147.9499999999994,"[44, 44]","[0, 0]","[0, 0]",85
47,"[0, 3]",149.49999999999974,"[46, 46]","[0, 0]","[0, 0]",85
48,"[0, 3]",150.90000000000006,"[47, 47]","[0, 0]","[0, 0]",85
49,"[2, 1]",84.29999999999735,"[45, 22]","[22.500000000000185, 0]","[2.9499999999999975, 0]",85
50,"[0, 3]",152.15000000000035,"[48, 48]","[0, 0]","[0, 0]",85
51,"[0, 1]",122.84999999999516,"[50, -999]","[0, 0]","[0, 0]",85
52,"[0, 3]",154.30000000000084,"[51, 50]","[0, 0]","[0, 0]",85
53,"[0, 1]",126.69999999999494,"[52, 51]","[0, 0]","[0, 0]",85
54,"[0, 1]",127.79999999999488,"[53, 53]","[0, 0]","[0, 0]",85
55,"[0, 3]",158.9500000000019,"[54, 52]","[0, 0]","[0, 0]",85
56,"[0, 3]",161.2000000000024,"[55, 55]","[0, 0]","[0, 0]",85
57,"[2, 3]",119.89999999999533,"[49, 24]","[19.700000000000145, 0]","[3.349999999999996, 0]",85
58,"[0, 3]",162.65000000000273,"[56, 56]","[0, 0]","[0, 0]",85
59,"[2, 1]",90.74999999999699,"[57, 25]","[14.900000000000077, 0]","[0, 0]",85
60,"[0, 1]",133.24999999999605,"[58, -999]","[0, 0]","[0, 0]",85
61,"[0, 3]",164.15000000000308,"[60, 58]","[0, 0]","[0, 0]",85
62,"[0, 3]",166.0000000000035,"[61, 61]","[0, 0]","[0, 0]",85
63,"[0, 1]",137.14999999999694,"[62, 60]","[0, 0]","[0, 0]",85
64,"[2, 1]",98.79999999999653,"[59, 27]","[16.250000000000096, 0]","[3.149999999999997, 0]",85
65,"[2, 3]",131.19999999999558,"[64, 28]","[11.60000000000003, 0]","[0, 0]",85
66,"[0, 3]",168.00000000000395,"[63, 62]","[0, 0]","[0, 0]",85
67,"[2, 1]",102.29999999999633,"[65, 29]","[10.20000000000001, 0]","[0, 0]",85
68,"[0, 1]",138.2499999999972,"[66, 63]","[0, 0]","[0, 0]",85
69,"[0, 3]",163.05000000000283,"[68, 66]","[0.44999999999999996, 0]","[0, 0]",85
70,"[0, 3]",164.3000000000031,"[69, 69]","[0.6, 0]","[0, 0]",85
71,"[0, 1]",135.49999999999656,"[70, 68]","[0, 0]","[0, 0]",85
72,"[0, 1]",135.99999999999667,"[71, 71]","[0, 0]","[0, 0]",85
73,"[0, 3]",162.30000000000265,"[72, 70]","[0.35, 0]","[0, 0]",85
74,"[0, 1]",134.59999999999636,"[73, 72]","[0.9500000000000003, 0]","[0, 0]",85
75,"[0, 3]",165.80000000000345,"[74, 73]","[1.2000000000000004, 0]","[0, 0]",85
76,"[0, 3]",167.50000000000384,"[75, 75]","[1.3500000000000005, 0]","[0, 0]",85
77,"[0, 1]",135.14999999999648,"[76, 74]","[1.5000000000000007, 0]","[0, 0]",85
78,"[0, 1]",135.79999999999663,"[77, 77]","[1.3000000000000005, 0]","[0, 0]",85
79,"[2, 3]",135.14999999999648,"[67, 31]","[3.5499999999999954, 0]","[0, 0]",85
0,"[0, 1]",67.44999999999831,"[-999, 6]","[0, 0]","[0, 0]",86
1,"[2, 1]",36.40000000000007,"[-999, -999]","[0, 0]","[0, 0]",86
2,"[2, 3]",68.49999999999825,"[1, -999]","[0, 0]","[0, 0]",86
3,"[2, 1]",37.30000000000002,"[2, 1]","[0, 0]","[0, 0]",86
4,"[2, 3]",70.09999999999816,"[3, 2]","[0, 0]","[0, 0]",86
5,"[2, 1]",37.74999999999999,"[4, 3]","[0, 0]","[0, 0]",86
6,"[2, 1]",39.69999999999988,"[5, 5]","[0, 0]","[0, 0]",86
7,"[2, 3]",71.39999999999809,"[6, 4]","[0, 0]","[0, 0]",86
8,"[2, 3]",74.04999999999794,"[7, 7]","[0, 0]","[0, 0]",86
9,"[0, 3]",97.79999999999659,"[0, 8]","[0, 0]","[0, 0]",86
10,"[2, 1]",44.949999999999584,"[8, 0]","[0, 0]","[0, 0]",86
11,"[2, 1]",45.69999999999954,"[10, 10]","[0, 0]","[0, 0]",86
12,"[0, 3]",100.74999999999642,"[9, 9]","[0, 0]","[0, 0]",86
13,"[0, 1]",75.34999999999786,"[12, 21]","[0, 0]","[0, 0]",86
14,"[0, 1]",80.89999999999755,"[13, 29]","[2.3499999999999996, 0]","[2.3499999999999996, 0]",86
15,"[0, 3]",110.89999999999584,"[14, 12]","[0, 0]","[0, 0]",86
16,"[0, 1]",82.79999999999744,"[15, 36]","[0, 0]","[0, 0]",86
17,"[2, 1]",46.499999999999496,"[11, 11]","[0, 0]","[0, 0]",86
18,"[0, 1]",88.34999999999712,"[16, 38]","[2.499999999999999, 0]","[2.499999999999999, 0]",86
19,"[0, 3]",118.49999999999541,"[18, 15]","[0, 0]","[0, 0]",86
20,"[0, 1]",95.39999999999672,"[19, 48]","[2.8999999999999977, 0]","[2.8999999999999977, 0]",86
21,"[2, 1]",47.399999999999444,"[17, 17]","[0, 0]","[0, 0]",86
22,"[0, 1]",95.7999999999967,"[20, 20]","[0, 0]","[0, 0]",86
23,"[0, 3]",126.64999999999495,"[22, 19]","[0, 0]","[0, 0]",86
24,"[0, 1]",103.94999999999624,"[23, 59]","[3.049999999999997, 0]","[3.049999999999997, 0]",86
25,"[0, 3]",133.64999999999614,"[24, 23]","[0, 0]","[0, 0]",86
26,"[0, 1]",105.79999999999613,"[25, 62]","[0, 0]","[0, 0]",86
27,"[0, 3]",138.2999999999972,"[26, 64]","[0, 0]","[0, 0]",86
28,"[0, 3]",139.69999999999752,"[27, 27]","[0, 0]","[0, 0]",86
29,"[2, 1]",54.14999999999906,"[21, 13]","[2.9999999999999973, 0]","[2.9999999999999973, 0]",86
30,"[0, 3]",140.8999999999978,"[28, 28]","[0.3, 0]","[0, 0]",86
31,"[0, 1]",111.09999999999583,"[30, 79]","[1.1000000000000003, 0]","[0, 0]",86
32,"[0, 1]",112.19999999999577,"[31, 31]","[1.5500000000000007, 0]","[0, 0]",86
33,"[0, 3]",143.34999999999835,"[32, 30]","[1.950000000000001, 0]","[0, 0]",86
34,"[0, 1]",116.04999999999555,"[33, 32]","[2.3499999999999996, 0]","[0, 0]",86
35,"[0, 1]",117.19999999999548,"[34, 34]","[2.6999999999999984, 0]","[0, 0]",86
36,"[2, 1]",59.49999999999876,"[29, 14]","[3.4499999999999957, 0]","[3.4499999999999957, 0]",86
37,"[0, 1]",118.34999999999542,"[35, 35]","[2.9999999999999973, 0]","[0, 0]",86
38,"[2, 1]",66.04999999999839,"[36, 16]","[0, 0]","[0, 0]",86
39,"[0, 3]",149.3499999999997,"[37, 33]","[3.2499999999999964, 0]","[0, 0]",86
40,"[0, 1]",122.04999999999521,"[39, 37]","[3.4999999999999956, 0]","[0, 0]",86
41,"[2, 1]",71.1499999999981,"[38, 18]","[0, 0]","[0, 0]",86
42,"[0, 1]",123.14999999999515,"[40, 40]","[3.699999999999995, 0]","[0, 0]",86
43,"[0, 3]",154.40000000000086,"[42, 39]","[3.8499999999999943, 0]","[0, 0]",86
44,"[0, 1]",127.09999999999492,"[43, 42]","[5.04999999999999, 0]","[0, 0]",86
45,"[0, 3]",158.5000000000018,"[44, 43]","[5.749999999999988, 0]","[0, 0]",86
46,"[0, 1]",131.09999999999556,"[45, 44]","[5.549999999999988, 0]","[0, 0]",86
47,"[0, 3]",162.4500000000027,"[46, 45]","[5.1999999999999895, 0]","[0, 0]",86
48,"[2, 1]",71.0999999999981,"[41, 41]","[19.000000000000135, 0]","[0, 0]",86
49,"[0, 3]",164.6500000000032,"[47, 47]","[4.449999999999992, 0]","[0, 0]",86
50,"[0, 1]",136.0999999999967,"[49, 46]","[4.499999999999992, 0]","[0, 0]",86
51,"[0, 1]",137.19999999999695,"[50, 50]","[4.499999999999992, 0]","[0, 0]",86
52,"[0, 1]",138.14999999999716,"[51, 51]","[4.549999999999992, 0]","[0, 0]",86
53,"[0, 1]",138.09999999999715,"[52, 52]","[4.599999999999992, 0]","[0, 0]",86
54,"[0, 1]",136.9499999999969,"[53, 53]","[4.499999999999992, 0]","[0, 0]",86
55,"[0, 3]",167.55000000000385,"[54, 49]","[3.949999999999994, 0]","[0, 0]",86
56,"[2, 1]",84.79999999999733,"[48, 22]","[26.950000000000248, 0]","[2.9999999999999973, 0]",86
57,"[0, 1]",139.54999999999748,"[55, 54]","[2.6499999999999986, 0]","[0, 0]",86
58,"[0, 1]",132.1999999999958,"[57, 57]","[0, 0]","[0, 0]",86
59,"[2, 1]",84.59999999999734,"[56, 56]","[21.600000000000172, 0]","[0, 0]",86
60,"[0, 1]",132.999999999996,"[58, 58]","[0, 0]","[0, 0]",86
61,"[0, 1]",133.9499999999962,"[60, 60]","[0, 0]","[0, 0]",86
62,"[2, 1]",92.64999999999688,"[59, 24]","[23.200000000000195, 0]","[3.2999999999999963, 0]",86
63,"[0, 1]",134.89999999999642,"[61, 61]","[0, 0]","[0, 0]",86
64,"[2, 3]",124.44999999999507,"[62, 25]","[18.350000000000126, 0]","[0, 0]",86
65,"[0, 3]",165.25000000000333,"[63, 55]","[0, 0]","[0, 0]",86
66,"[2, 1]",95.64999999999671,"[64, 26]","[16.850000000000104, 0]","[0, 0]",86
67,"[0, 1]",134.2999999999963,"[65, 63]","[0, 0]","[0, 0]",86
68,"[0, 3]",165.2000000000033,"[67, 65]","[0, 0]","[0, 0]",86
69,"[0, 3]",167.05000000000373,"[68, 68]","[0, 0]","[0, 0]",86
70,"[0, 3]",167.65000000000387,"[69, 69]","[0, 0]","[0, 0]",86
71,"[0, 1]",137.0499999999969,"[70, -999]","[0, 0]","[0, 0]",86
72,"[0, 1]",137.19999999999695,"[71, 71]","[0, 0]","[0, 0]",86
73,"[0, 1]",136.44999999999678,"[72, 72]","[0, 0]","[0, 0]",86
74,"[0, 1]",134.44999999999632,"[73, 73]","[0, 0]","[0, 0]",86
75,"[0, 1]",134.49999999999633,"[74, 74]","[0, 0]","[0, 0]",86
76,"[0, 1]",134.8499999999964,"[75, 75]","[0, 0]","[0, 0]",86
77,"[0, 1]",135.09999999999647,"[76, 76]","[0, 0]","[0, 0]",86
78,"[0, 3]",162.5500000000027,"[77, 70]","[0, 0]","[0, 0]",86
79,"[2, 1]",95.59999999999671,"[66, 66]","[13.150000000000052, 0]","[0, 0]",86
0,"[0, 1]",71.44999999999808,"[-999, 22]","[0, 0]","[0, 0]",87
1,"[2, 3]",67.7499999999983,"[-999, -999]","[0, 0]","[0, 0]",87
2,"[2, 3]",70.79999999999812,"[1, 1]","[0, 0]","[0, 0]",87
3,"[2, 3]",72.74999999999801,"[2, 2]","[0, 0]","[0, 0]",87
4,"[0, 1]",71.59999999999808,"[0, 0]","[0, 0]","[0, 0]",87
5,"[0, 1]",78.0999999999977,"[4, 33]","[2.6499999999999986, 0]","[2.6499999999999986, 0]",87
6,"[0, 3]",108.099999999996,"[5, 27]","[0, 0]","[0, 0]",87
7,"[2, 1]",38.249999999999964,"[3, -999]","[0, 0]","[0, 0]",87
8,"[0, 1]",80.14999999999759,"[6, 34]","[0, 0]","[0, 0]",87
9,"[2, 1]",40.44999999999984,"[7, 7]","[0, 0]","[0, 0]",87
10,"[0, 3]",112.69999999999574,"[8, 35]","[0, 0]","[0, 0]",87
11,"[0, 3]",119.49999999999535,"[10, 39]","[1.850000000000001, 0]","[1.850000000000001, 0]",87
12,"[2, 1]",42.299999999999734,"[9, 9]","[0, 0]","[0, 0]",87
13,"[0, 1]",90.89999999999698,"[11, 41]","[0, 0]","[0, 0]",87
14,"[0, 3]",120.69999999999528,"[13, 11]","[0, 0]","[0, 0]",87
15,"[0, 3]",122.89999999999516,"[14, 14]","[0, 0]","[0, 0]",87
16,"[0, 3]",124.44999999999507,"[15, 15]","[0, 0]","[0, 0]",87
17,"[0, 3]",125.699999999995,"[16, 16]","[0, 0]","[0, 0]",87
18,"[0, 1]",96.49999999999666,"[17, -999]","[0, 0]","[0, 0]",87
19,"[0, 3]",133.64999999999614,"[18, 56]","[3.149999999999997, 0]","[3.149999999999997, 0]",87
20,"[0, 1]",104.74999999999619,"[19, 57]","[0, 0]","[0, 0]",87
21,"[0, 3]",135.1999999999965,"[20, 19]","[0, 0]","[0, 0]",87
22,"[2, 1]",43.59999999999966,"[12, 12]","[0, 0]","[0, 0]",87
23,"[0, 3]",137.399999999997,"[21, 21]","[0, 0]","[0, 0]",87
24,"[0, 3]",138.89999999999733,"[23, 23]","[0, 0]","[0, 0]",87
25,"[0, 1]",109.8499999999959,"[24, 59]","[0, 0]","[0, 0]",87
26,"[0, 1]",110.89999999999584,"[25, 25]","[0, 0]","[0, 0]",87
27,"[2, 3]",72.44999999999803,"[22, 3]","[0, 0]","[0, 0]",87
28,"[0, 3]",142.2499999999981,"[26, 64]","[0, 0]","[0, 0]",87
29,"[0, 3]",144.39999999999858,"[28, 28]","[0, 0]","[0, 0]",87
30,"[0, 1]",114.79999999999562,"[29, 79]","[0, 0]","[0, 0]",87
31,"[0, 1]",115.94999999999555,"[30, 30]","[0, 0]","[0, 0]",87
32,"[0, 1]",117.04999999999549,"[31, 31]","[0, 0]","[0, 0]",87
33,"[2, 1]",48.64999999999937,"[27, 4]","[1.6500000000000008, 0]","[1.6500000000000008, 0]",87
34,"[2, 1]",54.599999999999035,"[33, 5]","[6.699999999999984, 0]","[6.699999999999984, 0]",87
35,"[2, 3]",86.29999999999724,"[34, 6]","[6.099999999999986, 0]","[0.05, 0]",87
36,"[0, 1]",118.09999999999543,"[32, 32]","[0, 0]","[0, 0]",87
37,"[0, 1]",119.09999999999538,"[36, 36]","[0, 0]","[0, 0]",87
38,"[0, 1]",120.19999999999531,"[37, 37]","[0, 0]","[0, 0]",87
39,"[2, 3]",93.9499999999968,"[35, 10]","[4.299999999999993, 0]","[0, 0]",87
40,"[0, 1]",121.29999999999525,"[38, 38]","[0, 0]","[0, 0]",87
41,"[2, 1]",63.49999999999853,"[39, 8]","[17.35000000000011, 0]","[0.3, 0]",87
42,"[0, 1]",122.2499999999952,"[40, 40]","[0, 0]","[0, 0]",87
43,"[0, 1]",123.24999999999514,"[42, 42]","[0.7000000000000001, 0]","[0, 0]",87
44,"[0, 1]",124.29999999999508,"[43, 43]","[1.2500000000000004, 0]","[0, 0]",87
45,"[0, 3]",155.25000000000105,"[44, -999]","[1.6500000000000008, 0]","[0, 0]",87
46,"[0, 1]",128.04999999999487,"[45, 44]","[1.950000000000001, 0]","[0, 0]",87
47,"[2, 1]",71.99999999999805,"[41, 13]","[17.30000000000011, 0]","[0, 0]",87
48,"[0, 1]",129.14999999999512,"[46, 46]","[2.1500000000000004, 0]","[0, 0]",87
49,"[0, 1]",130.19999999999536,"[48, 48]","[2.3499999999999996, 0]","[0, 0]",87
50,"[0, 1]",131.2499999999956,"[49, 49]","[2.549999999999999, 0]","[0, 0]",87
51,"[0, 1]",132.04999999999578,"[50, 50]","[2.7499999999999982, 0]","[0, 0]",87
52,"[2, 3]",120.04999999999532,"[47, 17]","[24.450000000000212, 0]","[9.55, 0]",87
53,"[0, 1]",132.34999999999584,"[51, 51]","[2.9499999999999975, 0]","[0, 0]",87
54,"[0, 1]",132.5999999999959,"[53, 53]","[2.8999999999999977, 0]","[0, 0]",87
55,"[0, 3]",163.0000000000028,"[54, 45]","[2.0500000000000007, 0]","[0, 0]",87
56,"[2, 3]",121.69999999999523,"[52, 52]","[13.250000000000053, 0]","[0, 0]",87
57,"[2, 1]",91.59999999999694,"[56, 18]","[11.65000000000003, 0]","[0, 0]",87
58,"[0, 1]",128.04999999999487,"[55, 54]","[0, 0]","[0, 0]",87
59,"[2, 1]",99.94999999999646,"[57, 20]","[10.20000000000001, 0]","[0, 0]",87
60,"[0, 1]",128.44999999999496,"[58, 58]","[0, 0]","[0, 0]",87
61,"[0, 1]",128.94999999999507,"[60, 60]","[0, 0]","[0, 0]",87
62,"[0, 1]",129.19999999999513,"[61, 61]","[0, 0]","[0, 0]",87
63,"[0, 3]",158.40000000000177,"[62, 55]","[0, 0]","[0, 0]",87
64,"[2, 3]",143.04999999999828,"[59, 24]","[15.350000000000083, 0]","[6.649999999999984, 0]",87
65,"[0, 1]",129.8999999999953,"[63, 62]","[0, 0]","[0, 0]",87
66,"[0, 3]",160.65000000000228,"[65, 63]","[0, 0]","[0, 0]",87
67,"[0, 1]",132.49999999999588,"[66, 65]","[0, 0]","[0, 0]",87
68,"[0, 1]",132.89999999999597,"[67, 67]","[0, 0]","[0, 0]",87
69,"[0, 3]",163.55000000000294,"[68, 66]","[0, 0]","[0, 0]",87
70,"[0, 3]",165.50000000000338,"[69, 69]","[0, 0]","[0, 0]",87
71,"[0, 3]",166.60000000000363,"[70, 70]","[0, 0]","[0, 0]",87
72,"[0, 1]",136.69999999999683,"[71, -999]","[0, 0]","[0, 0]",87
73,"[0, 3]",167.00000000000372,"[72, 71]","[0, 0]","[0, 0]",87
74,"[0, 1]",138.54999999999725,"[73, 72]","[0, 0]","[0, 0]",87
75,"[0, 3]",168.90000000000416,"[74, 73]","[0, 0]","[0, 0]",87
76,"[0, 1]",135.6999999999966,"[75, 74]","[0, 0]","[0, 0]",87
77,"[0, 1]",134.89999999999642,"[76, 76]","[0, 0]","[0, 0]",87
78,"[2, 1]",111.29999999999582,"[64, 26]","[0, 0]","[0, 0]",87
79,"[2, 1]",111.94999999999578,"[78, 78]","[0, 0]","[0, 0]",87
0,"[2, 3]",67.7499999999983,"[-999, -999]","[0, 0]","[0, 0]",88
1,"[2, 1]",37.15000000000003,"[0, -999]","[0, 0]","[0, 0]",88
2,"[2, 1]",38.89999999999993,"[1, 1]","[0, 0]","[0, 0]",88
3,"[2, 1]",40.74999999999982,"[2, 2]","[0, 0]","[0, 0]",88
4,"[0, 3]",97.14999999999662,"[-999, 8]","[0, 0]","[0, 0]",88
5,"[2, 1]",42.54999999999972,"[3, 3]","[0, 0]","[0, 0]",88
6,"[0, 3]",100.44999999999644,"[4, 4]","[0, 0]","[0, 0]",88
7,"[2, 1]",44.09999999999963,"[5, 5]","[0, 0]","[0, 0]",88
8,"[2, 3]",71.1499999999981,"[7, 0]","[0, 0]","[0, 0]",88
9,"[2, 1]",43.19999999999968,"[8, 7]","[0, 0]","[0, 0]",88
10,"[2, 1]",44.949999999999584,"[9, 9]","[0, 0]","[0, 0]",88
11,"[2, 1]",46.4499999999995,"[10, 10]","[0, 0]","[0, 0]",88
12,"[0, 3]",101.29999999999639,"[6, 6]","[0, 0]","[0, 0]",88
13,"[0, 3]",103.04999999999629,"[12, 12]","[0, 0]","[0, 0]",88
14,"[2, 1]",47.549999999999436,"[11, 11]","[0, 0]","[0, 0]",88
15,"[0, 1]",76.19999999999781,"[13, 45]","[0, 0]","[0, 0]",88
16,"[0, 1]",76.94999999999777,"[15, 15]","[0, 0]","[0, 0]",88
17,"[0, 3]",107.89999999999601,"[16, 13]","[0, 0]","[0, 0]",88
18,"[0, 1]",79.69999999999762,"[17, 64]","[0, 0]","[0, 0]",88
19,"[0, 3]",111.49999999999581,"[18, 65]","[0, 0]","[0, 0]",88
20,"[0, 1]",81.8499999999975,"[19, 66]","[0, 0]","[0, 0]",88
21,"[0, 3]",113.89999999999567,"[20, 77]","[0, 0]","[0, 0]",88
22,"[0, 3]",115.0999999999956,"[21, 21]","[0, 0]","[0, 0]",88
23,"[0, 3]",116.34999999999553,"[22, 22]","[0, 0]","[0, 0]",88
24,"[0, 1]",87.0999999999972,"[23, -999]","[0, 0]","[0, 0]",88
25,"[0, 1]",88.29999999999713,"[24, 24]","[0, 0]","[0, 0]",88
26,"[0, 1]",89.34999999999707,"[25, 25]","[0, 0]","[0, 0]",88
27,"[0, 3]",120.3499999999953,"[26, 23]","[0, 0]","[0, 0]",88
28,"[0, 3]",122.64999999999517,"[27, 27]","[0, 0]","[0, 0]",88
29,"[0, 1]",94.19999999999679,"[28, 26]","[0, 0]","[0, 0]",88
30,"[0, 1]",95.24999999999673,"[29, 29]","[0, 0]","[0, 0]",88
31,"[0, 3]",126.49999999999496,"[30, 28]","[0, 0]","[0, 0]",88
32,"[0, 3]",128.84999999999505,"[31, 31]","[0, 0]","[0, 0]",88
33,"[0, 3]",130.3999999999954,"[32, 32]","[0, 0]","[0, 0]",88
34,"[0, 1]",101.39999999999638,"[33, -999]","[0, 0]","[0, 0]",88
35,"[0, 1]",102.44999999999632,"[34, 34]","[0, 0]","[0, 0]",88
36,"[0, 1]",103.59999999999626,"[35, 35]","[0, 0]","[0, 0]",88
37,"[0, 3]",134.64999999999637,"[36, 33]","[0, 0]","[0, 0]",88
38,"[0, 3]",136.89999999999688,"[37, 37]","[0, 0]","[0, 0]",88
39,"[0, 3]",138.49999999999724,"[38, 38]","[0, 0]","[0, 0]",88
40,"[0, 3]",139.84999999999755,"[39, 39]","[0, 0]","[0, 0]",88
41,"[2, 1]",45.39999999999956,"[14, 14]","[0, 0]","[0, 0]",88
42,"[0, 1]",110.59999999999586,"[40, -999]","[0, 0]","[0, 0]",88
43,"[0, 1]",111.6999999999958,"[42, 42]","[0, 0]","[0, 0]",88
44,"[0, 1]",112.79999999999573,"[43, 43]","[0, 0]","[0, 0]",88
45,"[2, 1]",45.54999999999955,"[41, 41]","[0, 0]","[0, 0]",88
46,"[0, 1]",113.84999999999567,"[44, 44]","[0, 0]","[0, 0]",88
47,"[0, 1]",114.89999999999561,"[46, 46]","[0, 0]","[0, 0]",88
48,"[0, 1]",115.89999999999556,"[47, 47]","[0, 0]","[0, 0]",88
49,"[0, 1]",116.9499999999955,"[48, 48]","[0, 0]","[0, 0]",88
50,"[0, 3]",147.84999999999937,"[49, 40]","[0, 0]","[0, 0]",88
51,"[0, 1]",120.59999999999529,"[50, 49]","[0, 0]","[0, 0]",88
52,"[0, 1]",121.74999999999523,"[51, 51]","[0, 0]","[0, 0]",88
53,"[0, 1]",122.84999999999516,"[52, 52]","[0, 0]","[0, 0]",88
54,"[0, 3]",153.90000000000074,"[53, 50]","[0, 0]","[0, 0]",88
55,"[0, 1]",126.54999999999495,"[54, 53]","[0, 0]","[0, 0]",88
56,"[0, 1]",127.64999999999489,"[55, 55]","[0, 0]","[0, 0]",88
57,"[0, 3]",158.75000000000185,"[56, 54]","[0, 0]","[0, 0]",88
58,"[0, 1]",131.2499999999956,"[57, 56]","[0, 0]","[0, 0]",88
59,"[0, 1]",132.04999999999578,"[58, 58]","[0, 0]","[0, 0]",88
60,"[0, 1]",132.6499999999959,"[59, 59]","[0, 0]","[0, 0]",88
61,"[0, 3]",163.0000000000028,"[60, 57]","[0, 0]","[0, 0]",88
62,"[0, 3]",162.15000000000262,"[61, 61]","[0, 0]","[0, 0]",88
63,"[0, 1]",132.1499999999958,"[62, 60]","[0, 0]","[0, 0]",88
64,"[2, 1]",37.899999999999984,"[45, 16]","[0, 0]","[0, 0]",88
65,"[2, 3]",72.29999999999804,"[64, 17]","[0, 0]","[0, 0]",88
66,"[2, 1]",42.8999999999997,"[65, 18]","[0, 0]","[0, 0]",88
67,"[0, 1]",132.74999999999594,"[63, 63]","[0, 0]","[0, 0]",88
68,"[0, 1]",132.94999999999598,"[67, 67]","[0, 0]","[0, 0]",88
69,"[0, 3]",161.75000000000253,"[68, 62]","[0.5499999999999999, 0]","[0, 0]",88
70,"[0, 3]",163.30000000000288,"[69, 69]","[0.39999999999999997, 0]","[0, 0]",88
71,"[0, 1]",134.09999999999624,"[70, 68]","[0, 0]","[0, 0]",88
72,"[0, 1]",129.84999999999528,"[71, 71]","[0, 0]","[0, 0]",88
73,"[0, 3]",160.7500000000023,"[72, 70]","[0, 0]","[0, 0]",88
74,"[0, 3]",162.9000000000028,"[73, 73]","[0, 0]","[0, 0]",88
75,"[0, 1]",134.3499999999963,"[74, 72]","[0, 0]","[0, 0]",88
76,"[0, 3]",165.70000000000343,"[75, 74]","[0, 0]","[0, 0]",88
77,"[2, 3]",72.59999999999802,"[66, 19]","[0, 0]","[0, 0]",88
78,"[0, 3]",167.70000000000388,"[76, 76]","[0, 0]","[0, 0]",88
79,"[0, 1]",135.44999999999655,"[78, 75]","[0, 0]","[0, 0]",88
0,"[2, 1]",36.40000000000007,"[-999, -999]","[0, 0]","[0, 0]",89
1,"[2, 1]",38.09999999999997,"[0, 0]","[0, 0]","[0, 0]",89
2,"[2, 1]",39.89999999999987,"[1, 1]","[0, 0]","[0, 0]",89
3,"[0, 1]",75.39999999999786,"[-999, 9]","[0, 0]","[3.099999999999997, 0]",89
4,"[2, 3]",69.24999999999821,"[2, -999]","[0, 0]","[0, 0]",89
5,"[2, 3]",71.94999999999806,"[4, 4]","[0, 0]","[0, 0]",89
6,"[2, 1]",38.09999999999997,"[5, 2]","[0, 0]","[0, 0]",89
7,"[2, 1]",40.24999999999985,"[6, 6]","[0, 0]","[0, 0]",89
8,"[2, 1]",42.099999999999746,"[7, 7]","[0, 0]","[0, 0]",89
9,"[2, 1]",43.74999999999965,"[8, 8]","[0, 0]","[0, 0]",89
10,"[2, 1]",50.99999999999924,"[9, 3]","[1.5000000000000007, 0]","[1.5000000000000007, 0]",89
11,"[2, 1]",51.249999999999226,"[10, 10]","[3.2499999999999964, 0]","[3.2499999999999964, 0]",89
12,"[0, 3]",99.2499999999965,"[3, 5]","[0, 0]","[0, 0]",89
13,"[2, 3]",82.74999999999744,"[11, 12]","[6.149999999999986, 0]","[2.1500000000000004, 0]",89
14,"[0, 1]",75.99999999999783,"[12, 11]","[1.6500000000000008, 0]","[1.6500000000000008, 0]",89
15,"[0, 3]",108.49999999999598,"[14, 13]","[0, 0]","[0, 0]",89
16,"[0, 1]",81.09999999999754,"[15, 18]","[0, 0]","[0, 0]",89
17,"[0, 3]",113.04999999999572,"[16, 27]","[0, 0]","[0, 0]",89
18,"[2, 1]",54.949999999999015,"[13, 14]","[8.649999999999988, 0]","[1.1000000000000003, 0]",89
19,"[0, 3]",114.39999999999564,"[17, 17]","[0, 0]","[0, 0]",89
20,"[0, 3]",115.54999999999558,"[19, 19]","[0, 0]","[0, 0]",89
21,"[0, 1]",88.6999999999971,"[20, 61]","[0, 0]","[0, 0]",89
22,"[0, 3]",120.3999999999953,"[21, 65]","[0, 0]","[0, 0]",89
23,"[0, 3]",121.74999999999523,"[22, 22]","[0, 0]","[0, 0]",89
24,"[0, 1]",92.44999999999689,"[23, 21]","[0, 0]","[0, 0]",89
25,"[0, 1]",93.59999999999683,"[24, 24]","[0, 0]","[0, 0]",89
26,"[0, 3]",124.94999999999504,"[25, 66]","[0, 0]","[0, 0]",89
27,"[2, 3]",88.39999999999712,"[18, 15]","[8.699999999999989, 0]","[0, 0]",89
28,"[0, 1]",96.54999999999666,"[26, 67]","[0, 0]","[0, 0]",89
29,"[0, 1]",97.69999999999659,"[28, 28]","[0, 0]","[0, 0]",89
30,"[0, 3]",131.14999999999557,"[29, 79]","[0, 0]","[0, 0]",89
31,"[0, 1]",101.64999999999637,"[30, 29]","[0, 0]","[0, 0]",89
32,"[0, 1]",102.7499999999963,"[31, 31]","[0, 0]","[0, 0]",89
33,"[0, 3]",133.9499999999962,"[32, 30]","[0, 0]","[0, 0]",89
34,"[0, 1]",106.59999999999609,"[33, 32]","[0, 0]","[0, 0]",89
35,"[0, 3]",137.99999999999713,"[34, 33]","[0, 0]","[0, 0]",89
36,"[0, 1]",110.49999999999586,"[35, 34]","[0, 0]","[0, 0]",89
37,"[0, 3]",141.94999999999803,"[36, 35]","[0, 0]","[0, 0]",89
38,"[0, 3]",144.14999999999853,"[37, 37]","[0, 0]","[0, 0]",89
39,"[0, 3]",145.7499999999989,"[38, 38]","[0, 0]","[0, 0]",89
40,"[0, 3]",146.99999999999918,"[39, 39]","[0, 0]","[0, 0]",89
41,"[2, 1]",59.59999999999875,"[27, 16]","[10.85000000000002, 0]","[0, 0]",89
42,"[0, 1]",117.94999999999544,"[40, -999]","[0, 0]","[0, 0]",89
43,"[0, 1]",119.04999999999538,"[42, 42]","[0, 0]","[0, 0]",89
44,"[0, 1]",120.09999999999532,"[43, 43]","[0, 0]","[0, 0]",89
45,"[0, 1]",121.19999999999526,"[44, 44]","[0, 0]","[0, 0]",89
46,"[0, 1]",122.1999999999952,"[45, 45]","[0.8000000000000002, 0]","[0, 0]",89
47,"[0, 1]",123.19999999999514,"[46, 46]","[1.4500000000000006, 0]","[0, 0]",89
48,"[0, 1]",124.24999999999508,"[47, 47]","[1.950000000000001, 0]","[0, 0]",89
49,"[0, 1]",125.24999999999503,"[48, 48]","[2.3, 0]","[0, 0]",89
50,"[0, 3]",156.3000000000013,"[49, 40]","[2.6499999999999986, 0]","[0, 0]",89
51,"[0, 1]",128.99999999999508,"[50, 49]","[2.9499999999999975, 0]","[0, 0]",89
52,"[0, 3]",160.40000000000222,"[51, 50]","[3.2499999999999964, 0]","[0, 0]",89
53,"[0, 1]",132.89999999999597,"[52, 51]","[3.5499999999999954, 0]","[0, 0]",89
54,"[0, 1]",133.9499999999962,"[53, 53]","[3.949999999999994, 0]","[0, 0]",89
55,"[0, 1]",134.94999999999644,"[54, 54]","[4.299999999999993, 0]","[0, 0]",89
56,"[0, 3]",165.90000000000347,"[55, 52]","[3.999999999999994, 0]","[0, 0]",89
57,"[0, 1]",138.3499999999972,"[56, 55]","[3.2499999999999964, 0]","[0, 0]",89
58,"[0, 3]",161.55000000000248,"[57, 56]","[0, 0]","[0, 0]",89
59,"[2, 1]",54.54999999999904,"[41, 41]","[1.0000000000000002, 0]","[0, 0]",89
60,"[0, 3]",163.10000000000284,"[58, 58]","[0, 0]","[0, 0]",89
61,"[2, 1]",56.9999999999989,"[59, 59]","[0, 0]","[0, 0]",89
62,"[0, 1]",134.3999999999963,"[60, 57]","[0, 0]","[0, 0]",89
63,"[0, 1]",135.39999999999654,"[62, 62]","[0, 0]","[0, 0]",89
64,"[0, 1]",136.0499999999967,"[63, 63]","[0, 0]","[0, 0]",89
65,"[2, 3]",90.24999999999702,"[61, 20]","[0, 0]","[0, 0]",89
66,"[2, 3]",103.34999999999627,"[65, 23]","[2.6999999999999984, 0]","[2.6999999999999984, 0]",89
67,"[2, 1]",80.0499999999976,"[66, 25]","[0, 0]","[0, 0]",89
68,"[0, 1]",135.1999999999965,"[64, 64]","[0, 0]","[0, 0]",89
69,"[0, 3]",164.2500000000031,"[68, 60]","[0.49999999999999994, 0]","[0, 0]",89
70,"[0, 3]",163.65000000000296,"[69, 69]","[1.0000000000000002, 0]","[0, 0]",89
71,"[0, 1]",134.3999999999963,"[70, 68]","[0.8500000000000002, 0]","[0, 0]",89
72,"[0, 3]",165.1000000000033,"[71, 70]","[0, 0]","[0, 0]",89
73,"[0, 1]",131.99999999999577,"[72, 71]","[0, 0]","[0, 0]",89
74,"[2, 3]",112.39999999999576,"[67, 26]","[0, 0]","[0, 0]",89
75,"[0, 1]",132.74999999999594,"[73, 73]","[0, 0]","[0, 0]",89
76,"[0, 1]",133.69999999999615,"[75, 75]","[0, 0]","[0, 0]",89
77,"[0, 3]",164.7000000000032,"[76, 72]","[0, 0]","[0, 0]",89
78,"[0, 1]",137.34999999999698,"[77, 76]","[0, 0]","[0, 0]",89
79,"[2, 3]",114.84999999999562,"[74, 74]","[0, 0]","[0, 0]",89
0,"[2, 1]",36.40000000000007,"[-999, -999]","[0, 0]","[0, 0]",90
1,"[0, 1]",67.39999999999831,"[-999, 7]","[0, 0]","[0, 0]",90
2,"[2, 1]",38.09999999999997,"[0, 0]","[0, 0]","[0, 0]",90
3,"[0, 3]",109.34999999999593,"[1, 18]","[3.049999999999997, 0]","[3.049999999999997, 0]",90
4,"[2, 1]",39.89999999999987,"[2, 2]","[0, 0]","[0, 0]",90
5,"[2, 1]",41.79999999999976,"[4, 4]","[0, 0]","[0, 0]",90
6,"[2, 3]",70.24999999999815,"[5, -999]","[0, 0]","[0, 0]",90
7,"[2, 1]",38.69999999999994,"[6, 5]","[0, 0]","[0, 0]",90
8,"[2, 3]",71.1999999999981,"[7, 6]","[0, 0]","[0, 0]",90
9,"[2, 3]",73.59999999999796,"[8, 8]","[0, 0]","[0, 0]",90
10,"[2, 3]",75.29999999999787,"[9, 9]","[0, 0]","[0, 0]",90
11,"[0, 1]",81.04999999999754,"[3, 38]","[2.549999999999999, 0]","[2.549999999999999, 0]",90
12,"[0, 1]",81.09999999999754,"[11, 11]","[0, 0]","[0, 0]",90
13,"[0, 1]",81.7999999999975,"[12, 12]","[0, 0]","[0, 0]",90
14,"[0, 3]",112.64999999999574,"[13, 3]","[0, 0]","[0, 0]",90
15,"[0, 3]",115.0499999999956,"[14, 14]","[0, 0]","[0, 0]",90
16,"[0, 1]",86.54999999999723,"[15, 40]","[0, 0]","[0, 0]",90
17,"[0, 3]",118.5499999999954,"[16, 52]","[0, 0]","[0, 0]",90
18,"[2, 3]",76.79999999999778,"[10, 10]","[0, 0]","[0, 0]",90
19,"[0, 3]",119.94999999999533,"[17, 17]","[0, 0]","[0, 0]",90
20,"[0, 1]",91.79999999999693,"[19, 61]","[0, 0]","[0, 0]",90
21,"[0, 1]",92.49999999999689,"[20, 20]","[0, 0]","[0, 0]",90
22,"[0, 3]",123.49999999999513,"[21, 19]","[0, 0]","[0, 0]",90
23,"[0, 3]",125.799999999995,"[22, 22]","[0, 0]","[0, 0]",90
24,"[0, 3]",127.3499999999949,"[23, 23]","[0, 0]","[0, 0]",90
25,"[0, 1]",98.39999999999655,"[24, -999]","[0, 0]","[0, 0]",90
26,"[2, 1]",46.64999999999949,"[18, 1]","[0, 0]","[0, 0]",90
27,"[0, 1]",99.49999999999649,"[25, 25]","[0, 0]","[0, 0]",90
28,"[0, 3]",130.74999999999548,"[27, 24]","[0, 0]","[0, 0]",90
29,"[0, 3]",133.049999999996,"[28, 28]","[0, 0]","[0, 0]",90
30,"[0, 1]",104.4999999999962,"[29, 27]","[0, 0]","[0, 0]",90
31,"[0, 1]",105.54999999999615,"[30, 30]","[0, 0]","[0, 0]",90
32,"[0, 1]",106.59999999999609,"[31, 31]","[0, 0]","[0, 0]",90
33,"[0, 3]",137.69999999999706,"[32, 29]","[0, 0]","[0, 0]",90
34,"[0, 1]",110.39999999999587,"[33, 32]","[0, 0]","[0, 0]",90
35,"[0, 1]",111.49999999999581,"[34, 34]","[0, 0]","[0, 0]",90
36,"[0, 3]",142.6499999999982,"[35, 33]","[0, 0]","[0, 0]",90
37,"[0, 3]",144.99999999999872,"[36, 36]","[0.2, 0]","[0, 0]",90
38,"[2, 1]",47.749999999999424,"[26, 26]","[0, 0]","[0, 0]",90
39,"[0, 1]",116.44999999999553,"[37, 35]","[0, 0]","[0, 0]",90
40,"[2, 1]",63.949999999998504,"[38, 13]","[9.750000000000004, 0]","[9.750000000000004, 0]",90
41,"[0, 1]",117.49999999999547,"[39, 39]","[0, 0]","[0, 0]",90
42,"[0, 1]",118.5999999999954,"[41, 41]","[0, 0]","[0, 0]",90
43,"[0, 1]",119.64999999999534,"[42, 42]","[0, 0]","[0, 0]",90
44,"[0, 1]",120.64999999999529,"[43, 43]","[0, 0]","[0, 0]",90
45,"[0, 1]",121.69999999999523,"[44, 44]","[0, 0]","[0, 0]",90
46,"[0, 1]",122.79999999999517,"[45, 45]","[0, 0]","[0, 0]",90
47,"[0, 1]",123.74999999999511,"[46, 46]","[0, 0]","[0, 0]",90
48,"[0, 1]",124.74999999999505,"[47, 47]","[0, 0]","[0, 0]",90
49,"[0, 1]",125.749999999995,"[48, 48]","[0, 0]","[0, 0]",90
50,"[0, 1]",126.79999999999494,"[49, 49]","[0, 0]","[0, 0]",90
51,"[0, 1]",127.69999999999489,"[50, 50]","[0, 0]","[0, 0]",90
52,"[2, 3]",93.9999999999968,"[40, 15]","[12.600000000000044, 0]","[6.349999999999985, 0]",90
53,"[0, 1]",128.599999999995,"[51, 51]","[0, 0]","[0, 0]",90
54,"[0, 1]",129.39999999999517,"[53, 53]","[0, 0]","[0, 0]",90
55,"[0, 3]",158.20000000000172,"[54, -999]","[0, 0]","[0, 0]",90
56,"[0, 1]",129.39999999999517,"[55, 54]","[0, 0]","[0, 0]",90
57,"[0, 3]",160.20000000000218,"[56, 55]","[0, 0]","[0, 0]",90
58,"[0, 1]",131.94999999999575,"[57, 56]","[0, 0]","[0, 0]",90
59,"[2, 1]",61.54999999999864,"[52, 16]","[13.400000000000055, 0]","[0.05, 0]",90
60,"[0, 1]",131.44999999999564,"[58, 58]","[0, 0]","[0, 0]",90
61,"[2, 1]",63.749999999998515,"[59, 59]","[15.700000000000088, 0]","[0, 0]",90
62,"[0, 1]",131.54999999999566,"[60, 60]","[0, 0]","[0, 0]",90
63,"[0, 1]",131.89999999999574,"[62, 62]","[0, 0]","[0, 0]",90
64,"[0, 3]",161.85000000000255,"[63, 57]","[0, 0]","[0, 0]",90
65,"[0, 3]",161.6500000000025,"[64, 64]","[0, 0]","[0, 0]",90
66,"[0, 1]",130.69999999999547,"[65, 63]","[0, 0]","[0, 0]",90
67,"[0, 1]",130.04999999999532,"[66, 66]","[0, 0]","[0, 0]",90
68,"[0, 1]",130.24999999999537,"[67, 67]","[0, 0]","[0, 0]",90
69,"[0, 3]",160.20000000000218,"[68, 65]","[0, 0]","[0, 0]",90
70,"[0, 3]",161.2000000000024,"[69, 69]","[0, 0]","[0, 0]",90
71,"[0, 1]",131.94999999999575,"[70, 68]","[0, 0]","[0, 0]",90
72,"[0, 1]",132.6499999999959,"[71, 71]","[0, 0]","[0, 0]",90
73,"[0, 3]",163.60000000000295,"[72, 70]","[0, 0]","[0, 0]",90
74,"[0, 1]",135.94999999999666,"[73, 72]","[0, 0]","[0, 0]",90
75,"[0, 3]",166.8500000000037,"[74, 73]","[0, 0]","[0, 0]",90
76,"[0, 3]",168.10000000000397,"[75, 75]","[0, 0]","[0, 0]",90
77,"[0, 3]",168.6500000000041,"[76, 76]","[0, 0]","[0, 0]",90
78,"[0, 1]",138.7999999999973,"[77, -999]","[0, 0]","[0, 0]",90
79,"[0, 3]",169.30000000000425,"[78, 77]","[0, 0]","[0, 0]",90
0,"[2, 3]",67.7499999999983,"[-999, -999]","[0, 0]","[0, 0]",91
1,"[2, 3]",70.84999999999812,"[0, 0]","[0, 0]","[0, 0]",91
2,"[2, 1]",37.550000000000004,"[1, -999]","[0, 0]","[0, 0]",91
3,"[2, 1]",39.49999999999989,"[2, 2]","[0, 0]","[0, 0]",91
4,"[2, 3]",71.39999999999809,"[3, 1]","[0, 0]","[0, 0]",91
5,"[0, 1]",67.44999999999831,"[-999, 7]","[0, 0]","[0, 0]",91
6,"[2, 1]",39.19999999999991,"[4, 3]","[0, 0]","[0, 0]",91
7,"[2, 1]",41.49999999999978,"[6, 6]","[0, 0]","[0, 0]",91
8,"[2, 3]",72.24999999999804,"[7, 4]","[0, 0]","[0, 0]",91
9,"[2, 3]",74.6999999999979,"[8, 8]","[0, 0]","[0, 0]",91
10,"[2, 1]",46.09999999999952,"[9, 5]","[0, 0]","[0, 0]",91
11,"[0, 1]",70.79999999999812,"[5, 10]","[0, 0]","[0, 0]",91
12,"[0, 1]",81.6499999999975,"[11, 43]","[5.399999999999989, 0]","[5.399999999999989, 0]",91
13,"[0, 1]",81.6499999999975,"[12, 12]","[0, 0]","[0, 0]",91
14,"[0, 1]",82.49999999999746,"[13, 13]","[0, 0]","[0, 0]",91
15,"[0, 3]",113.3999999999957,"[14, 52]","[0, 0]","[0, 0]",91
16,"[0, 1]",85.1999999999973,"[15, 67]","[0, 0]","[0, 0]",91
17,"[0, 3]",117.79999999999545,"[16, 74]","[0, 0]","[0, 0]",91
18,"[2, 3]",75.94999999999783,"[10, 9]","[0, 0]","[0, 0]",91
19,"[0, 3]",119.24999999999537,"[17, 17]","[0, 0]","[0, 0]",91
20,"[0, 3]",120.4499999999953,"[19, 19]","[0, 0]","[0, 0]",91
21,"[0, 3]",121.64999999999523,"[20, 20]","[0, 0]","[0, 0]",91
22,"[0, 1]",92.2999999999969,"[21, -999]","[0, 0]","[0, 0]",91
23,"[0, 3]",123.74999999999511,"[22, 21]","[0, 0]","[0, 0]",91
24,"[0, 1]",96.24999999999667,"[23, 22]","[0, 0]","[0, 0]",91
25,"[0, 3]",127.59999999999489,"[24, 23]","[0, 0]","[0, 0]",91
26,"[0, 3]",129.74999999999525,"[25, 25]","[0, 0]","[0, 0]",91
27,"[0, 1]",101.29999999999639,"[26, 24]","[0, 0]","[0, 0]",91
28,"[0, 3]",132.74999999999594,"[27, 26]","[0, 0]","[0, 0]",91
29,"[0, 3]",134.94999999999644,"[28, 28]","[0, 0]","[0, 0]",91
30,"[0, 3]",136.4999999999968,"[29, 29]","[0, 0]","[0, 0]",91
31,"[0, 3]",137.79999999999708,"[30, 30]","[0, 0]","[0, 0]",91
32,"[0, 3]",139.04999999999737,"[31, 31]","[0, 0]","[0, 0]",91
33,"[0, 1]",109.69999999999591,"[32, -999]","[0, 0]","[0, 0]",91
34,"[0, 1]",110.74999999999585,"[33, 33]","[0, 0]","[0, 0]",91
35,"[0, 3]",141.99999999999804,"[34, 32]","[0, 0]","[0, 0]",91
36,"[0, 3]",144.24999999999855,"[35, 35]","[0, 0]","[0, 0]",91
37,"[0, 3]",145.7999999999989,"[36, 36]","[0, 0]","[0, 0]",91
38,"[0, 3]",147.1499999999992,"[37, 37]","[0, 0]","[0, 0]",91
39,"[0, 1]",117.99999999999544,"[38, -999]","[0, 0]","[0, 0]",91
40,"[0, 1]",119.09999999999538,"[39, 39]","[0, 0]","[0, 0]",91
41,"[2, 1]",45.14999999999957,"[18, 11]","[0, 0]","[0, 0]",91
42,"[0, 1]",120.14999999999532,"[40, 40]","[0, 0]","[0, 0]",91
43,"[2, 1]",46.4499999999995,"[41, 41]","[0, 0]","[0, 0]",91
44,"[0, 1]",121.24999999999525,"[42, 42]","[0, 0]","[0, 0]",91
45,"[0, 3]",152.25000000000037,"[44, 38]","[0, 0]","[0, 0]",91
46,"[0, 1]",124.99999999999504,"[45, 44]","[0, 0]","[0, 0]",91
47,"[0, 3]",156.4000000000013,"[46, 45]","[0, 0]","[0, 0]",91
48,"[0, 1]",128.89999999999506,"[47, 46]","[0, 0]","[0, 0]",91
49,"[0, 1]",129.9999999999953,"[48, 48]","[0, 0]","[0, 0]",91
50,"[0, 3]",161.10000000000238,"[49, 47]","[0, 0]","[0, 0]",91
51,"[0, 1]",133.79999999999617,"[50, 49]","[0, 0]","[0, 0]",91
52,"[2, 3]",70.29999999999815,"[43, 18]","[0, 0]","[0, 0]",91
53,"[0, 1]",134.69999999999638,"[51, 51]","[0.7500000000000001, 0]","[0, 0]",91
54,"[0, 1]",134.69999999999638,"[53, 53]","[1.2000000000000004, 0]","[0, 0]",91
55,"[0, 1]",134.14999999999625,"[54, 54]","[1.5500000000000007, 0]","[0, 0]",91
56,"[0, 1]",134.2999999999963,"[55, 55]","[1.800000000000001, 0]","[0, 0]",91
57,"[0, 3]",164.35000000000312,"[56, 50]","[2.1000000000000005, 0]","[0, 0]",91
58,"[0, 1]",135.14999999999648,"[57, 56]","[2.3499999999999996, 0]","[0, 0]",91
59,"[0, 1]",134.99999999999645,"[58, 58]","[2.499999999999999, 0]","[0, 0]",91
60,"[0, 1]",135.54999999999657,"[59, 59]","[2.0500000000000007, 0]","[0, 0]",91
61,"[0, 1]",130.3499999999954,"[60, 60]","[0, 0]","[0, 0]",91
62,"[0, 1]",129.9499999999953,"[61, 61]","[0, 0]","[0, 0]",91
63,"[0, 1]",130.7999999999955,"[62, 62]","[0, 0]","[0, 0]",91
64,"[0, 1]",131.64999999999569,"[63, 63]","[0, 0]","[0, 0]",91
65,"[0, 3]",162.30000000000265,"[64, 57]","[0.7500000000000001, 0]","[0, 0]",91
66,"[0, 3]",164.2500000000031,"[65, 65]","[0.9500000000000003, 0]","[0, 0]",91
67,"[2, 1]",38.84999999999993,"[52, 14]","[0, 0]","[0, 0]",91
68,"[0, 1]",134.89999999999642,"[66, 64]","[0, 0]","[0, 0]",91
69,"[0, 3]",160.55000000000226,"[68, 66]","[0, 0]","[0, 0]",91
70,"[0, 3]",162.4500000000027,"[69, 69]","[0, 0]","[0, 0]",91
71,"[0, 1]",133.69999999999615,"[70, 68]","[0, 0]","[0, 0]",91
72,"[0, 1]",134.44999999999632,"[71, 71]","[0, 0]","[0, 0]",91
73,"[0, 3]",162.75000000000276,"[72, 70]","[0, 0]","[0, 0]",91
74,"[2, 3]",69.84999999999818,"[67, 15]","[0, 0]","[0, 0]",91
75,"[0, 1]",134.59999999999636,"[73, 72]","[0, 0]","[0, 0]",91
76,"[0, 1]",135.34999999999653,"[75, 75]","[0, 0]","[0, 0]",91
77,"[0, 3]",162.30000000000265,"[76, 73]","[0, 0]","[0, 0]",91
78,"[0, 1]",133.9499999999962,"[77, 76]","[0, 0]","[0, 0]",91
79,"[2, 1]",37.50000000000001,"[74, 16]","[0, 0]","[0, 0]",91
0,"[0, 1]",67.5499999999983,"[-999, 7]","[0, 0]","[0, 0]",92
1,"[0, 3]",104.14999999999623,"[0, 10]","[0, 0]","[0, 0]",92
2,"[2, 1]",36.40000000000007,"[-999, -999]","[0, 0]","[0, 0]",92
3,"[2, 3]",68.49999999999825,"[2, -999]","[0, 0]","[0, 0]",92
4,"[2, 3]",71.1999999999981,"[3, 3]","[0, 0]","[0, 0]",92
5,"[2, 1]",37.699999999999996,"[4, 2]","[0, 0]","[0, 0]",92
6,"[2, 1]",39.799999999999876,"[5, 5]","[0, 0]","[0, 0]",92
7,"[2, 1]",41.749999999999766,"[6, 6]","[0, 0]","[0, 0]",92
8,"[2, 3]",72.74999999999801,"[7, 4]","[0, 0]","[0, 0]",92
9,"[0, 3]",103.34999999999627,"[1, 1]","[0, 0]","[0, 0]",92
10,"[2, 3]",75.34999999999786,"[8, 8]","[0, 0]","[0, 0]",92
11,"[2, 1]",46.09999999999952,"[10, 0]","[0, 0]","[0, 0]",92
12,"[0, 1]",79.19999999999764,"[9, 18]","[3.149999999999997, 0]","[3.149999999999997, 0]",92
13,"[2, 1]",47.34999999999945,"[11, 11]","[0, 0]","[0, 0]",92
14,"[0, 3]",108.39999999999598,"[12, 9]","[0, 0]","[0, 0]",92
15,"[0, 3]",110.74999999999585,"[14, 14]","[0, 0]","[0, 0]",92
16,"[0, 1]",83.24999999999741,"[15, 38]","[0, 0]","[0, 0]",92
17,"[0, 3]",113.4499999999957,"[16, 15]","[0, 0]","[0, 0]",92
18,"[2, 1]",48.449999999999385,"[13, 13]","[0, 0]","[0, 0]",92
19,"[0, 3]",115.69999999999557,"[17, 17]","[0, 0]","[0, 0]",92
20,"[0, 1]",86.9499999999972,"[19, 41]","[0, 0]","[0, 0]",92
21,"[0, 1]",87.99999999999714,"[20, 20]","[0, 0]","[0, 0]",92
22,"[0, 1]",93.54999999999683,"[21, 51]","[2.3999999999999995, 0]","[2.3999999999999995, 0]",92
23,"[0, 1]",100.04999999999646,"[22, 54]","[2.3499999999999996, 0]","[2.3499999999999996, 0]",92
24,"[0, 3]",128.49999999999497,"[23, 45]","[0, 0]","[0, 0]",92
25,"[0, 3]",130.89999999999552,"[24, 24]","[0, 0]","[0, 0]",92
26,"[0, 3]",132.49999999999588,"[25, 25]","[0, 0]","[0, 0]",92
27,"[0, 3]",133.8499999999962,"[26, 26]","[0, 0]","[0, 0]",92
28,"[0, 3]",140.29999999999765,"[27, 63]","[2.3499999999999996, 0]","[2.3499999999999996, 0]",92
29,"[0, 3]",141.09999999999783,"[28, 28]","[0, 0]","[0, 0]",92
30,"[2, 1]",55.249999999999,"[18, 12]","[3.2499999999999964, 0]","[3.2499999999999964, 0]",92
31,"[0, 1]",111.6999999999958,"[29, 79]","[0, 0]","[0, 0]",92
32,"[0, 3]",142.54999999999816,"[31, 29]","[0, 0]","[0, 0]",92
33,"[0, 1]",114.94999999999561,"[32, 31]","[0.8500000000000002, 0]","[0, 0]",92
34,"[0, 3]",146.249999999999,"[33, 32]","[1.5500000000000007, 0]","[0, 0]",92
35,"[0, 3]",148.54999999999953,"[34, 34]","[2.000000000000001, 0]","[0, 0]",92
36,"[0, 3]",150.09999999999988,"[35, 35]","[2.3499999999999996, 0]","[0, 0]",92
37,"[0, 1]",121.14999999999526,"[36, -999]","[2.7499999999999982, 0]","[0, 0]",92
38,"[2, 1]",56.79999999999891,"[30, 30]","[0, 0]","[0, 0]",92
39,"[0, 1]",122.1999999999952,"[37, 37]","[3.1999999999999966, 0]","[0, 0]",92
40,"[0, 1]",123.29999999999514,"[39, 39]","[3.1999999999999966, 0]","[0, 0]",92
41,"[2, 1]",64.54999999999848,"[38, 16]","[0, 0]","[0, 0]",92
42,"[0, 1]",124.34999999999508,"[40, 40]","[2.799999999999998, 0]","[0, 0]",92
43,"[0, 1]",125.39999999999502,"[42, 42]","[2.3, 0]","[0, 0]",92
44,"[0, 1]",126.44999999999496,"[43, 43]","[1.7000000000000008, 0]","[0, 0]",92
45,"[2, 3]",102.39999999999633,"[41, 19]","[16.850000000000104, 0]","[0, 0]",92
46,"[0, 1]",127.4499999999949,"[44, 44]","[1.0500000000000003, 0]","[0, 0]",92
47,"[0, 1]",128.44999999999496,"[46, 46]","[0.35, 0]","[0, 0]",92
48,"[0, 1]",129.4999999999952,"[47, 47]","[0, 0]","[0, 0]",92
49,"[0, 3]",160.50000000000225,"[48, -999]","[0, 0]","[0, 0]",92
50,"[0, 1]",133.29999999999606,"[49, 48]","[0, 0]","[0, 0]",92
51,"[2, 1]",78.74999999999767,"[45, 21]","[23.800000000000203, 0]","[0, 0]",92
52,"[0, 3]",164.6500000000032,"[50, 49]","[0, 0]","[0, 0]",92
53,"[0, 1]",137.0499999999969,"[52, 50]","[0.7500000000000001, 0]","[0, 0]",92
54,"[2, 1]",84.14999999999736,"[51, 22]","[21.45000000000017, 0]","[0, 0]",92
55,"[0, 1]",137.449999999997,"[53, 53]","[1.1000000000000003, 0]","[0, 0]",92
56,"[0, 1]",137.0499999999969,"[55, 55]","[1.4000000000000006, 0]","[0, 0]",92
57,"[0, 3]",166.4500000000036,"[56, 52]","[1.6000000000000008, 0]","[0, 0]",92
58,"[0, 1]",137.54999999999703,"[57, 56]","[2.6999999999999984, 0]","[0, 0]",92
59,"[2, 1]",89.24999999999707,"[54, 23]","[19.700000000000145, 0]","[0, 0]",92
60,"[0, 1]",138.14999999999716,"[58, 58]","[2.799999999999998, 0]","[0, 0]",92
61,"[0, 1]",138.94999999999735,"[60, 60]","[2.25, 0]","[0, 0]",92
62,"[0, 3]",164.60000000000318,"[61, 57]","[1.6000000000000008, 0]","[0, 0]",92
63,"[2, 3]",137.49999999999702,"[59, 27]","[27.650000000000258, 0]","[9.5, 0]",92
64,"[0, 1]",136.34999999999675,"[62, 61]","[1.2000000000000004, 0]","[0, 0]",92
65,"[0, 3]",167.10000000000375,"[64, 62]","[0, 0]","[0, 0]",92
66,"[2, 1]",106.2499999999961,"[63, -999]","[16.6500000000001, 0]","[0, 0]",92
67,"[0, 1]",133.64999999999614,"[65, 64]","[0, 0]","[0, 0]",92
68,"[0, 1]",134.3499999999963,"[67, 67]","[0, 0]","[0, 0]",92
69,"[0, 3]",164.7500000000032,"[68, 65]","[0, 0]","[0, 0]",92
70,"[0, 1]",135.99999999999667,"[69, 68]","[0, 0]","[0, 0]",92
71,"[0, 1]",135.49999999999656,"[70, 70]","[0, 0]","[0, 0]",92
72,"[0, 1]",134.3499999999963,"[71, 71]","[0, 0]","[0, 0]",92
73,"[0, 1]",134.69999999999638,"[72, 72]","[0, 0]","[0, 0]",92
74,"[0, 1]",135.49999999999656,"[73, 73]","[0, 0]","[0, 0]",92
75,"[0, 1]",136.39999999999677,"[74, 74]","[0, 0]","[0, 0]",92
76,"[0, 1]",137.19999999999695,"[75, 75]","[0, 0]","[0, 0]",92
77,"[0, 1]",137.8499999999971,"[76, 76]","[0, 0]","[0, 0]",92
78,"[0, 1]",138.09999999999715,"[77, 77]","[0, 0]","[0, 0]",92
79,"[2, 1]",100.49999999999643,"[66, 66]","[6.549999999999985, 0]","[0, 0]",92
0,"[2, 1]",36.40000000000007,"[-999, -999]","[0, 0]","[0, 0]",93
1,"[0, 1]",75.44999999999786,"[-999, 13]","[0, 0]","[3.399999999999996, 0]",93
2,"[2, 3]",68.49999999999825,"[0, -999]","[0, 0]","[0, 0]",93
3,"[2, 3]",71.2499999999981,"[2, 2]","[0, 0]","[0, 0]",93
4,"[0, 1]",75.64999999999785,"[1, 1]","[0, 0]","[0, 0]",93
5,"[2, 1]",37.699999999999996,"[3, 0]","[0, 0]","[0, 0]",93
6,"[2, 3]",70.94999999999811,"[5, 3]","[0, 0]","[0, 0]",93
7,"[2, 1]",38.14999999999997,"[6, 5]","[0, 0]","[0, 0]",93
8,"[0, 1]",81.24999999999753,"[4, 18]","[2.499999999999999, 0]","[2.499999999999999, 0]",93
9,"[2, 3]",71.0999999999981,"[7, 6]","[0, 0]","[0, 0]",93
10,"[0, 1]",81.7499999999975,"[8, 8]","[0, 0]","[0, 0]",93
11,"[2, 1]",38.49999999999995,"[9, 7]","[0, 0]","[0, 0]",93
12,"[0, 3]",112.49999999999575,"[10, 9]","[0, 0]","[0, 0]",93
13,"[2, 1]",40.699999999999825,"[11, 11]","[0, 0]","[0, 0]",93
14,"[0, 3]",114.79999999999562,"[12, 12]","[0, 0]","[0, 0]",93
15,"[0, 1]",86.24999999999724,"[14, 33]","[0, 0]","[0, 0]",93
16,"[0, 1]",87.34999999999718,"[15, 15]","[0, 0]","[0, 0]",93
17,"[0, 3]",118.6499999999954,"[16, 37]","[0, 0]","[0, 0]",93
18,"[2, 1]",54.09999999999906,"[13, 4]","[6.5999999999999845, 0]","[6.5999999999999845, 0]",93
19,"[0, 3]",120.84999999999528,"[17, 17]","[0, 0]","[0, 0]",93
20,"[0, 1]",92.14999999999691,"[19, 41]","[0, 0]","[0, 0]",93
21,"[0, 1]",97.4999999999966,"[20, 43]","[2.3999999999999995, 0]","[2.3999999999999995, 0]",93
22,"[0, 3]",129.24999999999514,"[21, 49]","[0, 0]","[0, 0]",93
23,"[0, 3]",130.7999999999955,"[22, 22]","[0, 0]","[0, 0]",93
24,"[0, 3]",131.99999999999577,"[23, 23]","[0, 0]","[0, 0]",93
25,"[0, 1]",105.34999999999616,"[24, 65]","[0, 0]","[0, 0]",93
26,"[0, 1]",105.39999999999615,"[25, 25]","[0, 0]","[0, 0]",93
27,"[0, 1]",106.3999999999961,"[26, 26]","[0, 0]","[0, 0]",93
28,"[0, 3]",137.399999999997,"[27, 73]","[0, 0]","[0, 0]",93
29,"[0, 3]",139.6499999999975,"[28, 28]","[0, 0]","[0, 0]",93
30,"[0, 3]",141.29999999999788,"[29, 29]","[0, 0]","[0, 0]",93
31,"[0, 3]",142.54999999999816,"[30, 30]","[0, 0]","[0, 0]",93
32,"[0, 1]",113.2999999999957,"[31, -999]","[0, 0]","[0, 0]",93
33,"[2, 1]",64.59999999999847,"[18, 10]","[6.5999999999999845, 0]","[6.5999999999999845, 0]",93
34,"[0, 3]",144.79999999999868,"[32, 31]","[0, 0]","[0, 0]",93
35,"[0, 3]",146.94999999999916,"[34, 34]","[0, 0]","[0, 0]",93
36,"[0, 1]",118.44999999999541,"[35, 32]","[0, 0]","[0, 0]",93
37,"[2, 3]",101.54999999999637,"[33, 14]","[16.700000000000102, 0]","[0.05, 0]",93
38,"[0, 3]",149.89999999999984,"[36, 35]","[0, 0]","[0, 0]",93
39,"[2, 1]",78.89999999999766,"[37, 16]","[27.550000000000257, 0]","[3.2499999999999964, 0]",93
40,"[0, 3]",152.05000000000032,"[38, 38]","[0, 0]","[0, 0]",93
41,"[2, 1]",79.69999999999762,"[39, 39]","[21.950000000000177, 0]","[0, 0]",93
42,"[0, 1]",123.59999999999512,"[40, 36]","[0, 0]","[0, 0]",93
43,"[2, 1]",87.94999999999715,"[41, 20]","[20.600000000000158, 0]","[0, 0]",93
44,"[0, 3]",155.050000000001,"[42, 40]","[0, 0]","[0, 0]",93
45,"[0, 3]",157.2000000000015,"[44, 44]","[0, 0]","[0, 0]",93
46,"[0, 1]",128.649999999995,"[45, 42]","[0, 0]","[0, 0]",93
47,"[0, 1]",129.79999999999526,"[46, 46]","[0, 0]","[0, 0]",93
48,"[0, 1]",130.8499999999955,"[47, 47]","[0, 0]","[0, 0]",93
49,"[2, 3]",117.44999999999547,"[43, 19]","[20.350000000000154, 0]","[0, 0]",93
50,"[0, 1]",131.89999999999574,"[48, 48]","[0, 0]","[0, 0]",93
51,"[0, 1]",132.94999999999598,"[50, 50]","[0, 0]","[0, 0]",93
52,"[2, 1]",89.64999999999705,"[49, 21]","[19.650000000000144, 0]","[0, 0]",93
53,"[0, 1]",133.9499999999962,"[51, 51]","[0, 0]","[0, 0]",93
54,"[0, 3]",164.7000000000032,"[53, 45]","[0, 0]","[0, 0]",93
55,"[0, 3]",166.60000000000363,"[54, 54]","[1.3000000000000005, 0]","[0, 0]",93
56,"[0, 1]",137.79999999999708,"[55, 53]","[1.950000000000001, 0]","[0, 0]",93
57,"[0, 1]",138.54999999999725,"[56, 56]","[2.3499999999999996, 0]","[0, 0]",93
58,"[0, 1]",138.84999999999732,"[57, 57]","[2.6499999999999986, 0]","[0, 0]",93
59,"[2, 1]",91.74999999999693,"[52, 52]","[18.450000000000127, 0]","[0, 0]",93
60,"[0, 1]",137.79999999999708,"[58, 58]","[2.799999999999998, 0]","[0, 0]",93
61,"[0, 1]",136.4999999999968,"[60, 60]","[0.25, 0]","[0, 0]",93
62,"[0, 1]",130.74999999999548,"[61, 61]","[0, 0]","[0, 0]",93
63,"[0, 1]",131.44999999999564,"[62, 62]","[0, 0]","[0, 0]",93
64,"[0, 1]",132.24999999999582,"[63, 63]","[0, 0]","[0, 0]",93
65,"[2, 1]",91.14999999999696,"[59, 59]","[14.600000000000072, 0]","[0, 0]",93
66,"[0, 3]",162.70000000000275,"[64, 55]","[0, 0]","[0, 0]",93
67,"[0, 3]",160.55000000000226,"[66, 66]","[0, 0]","[0, 0]",93
68,"[0, 1]",131.64999999999569,"[67, 64]","[0, 0]","[0, 0]",93
69,"[0, 3]",162.4500000000027,"[68, 67]","[0, 0]","[0, 0]",93
70,"[0, 1]",133.19999999999604,"[69, 68]","[0, 0]","[0, 0]",93
71,"[0, 1]",133.19999999999604,"[70, 70]","[0, 0]","[0, 0]",93
72,"[0, 1]",130.8499999999955,"[71, 71]","[0, 0]","[0, 0]",93
73,"[2, 3]",119.44999999999536,"[65, 24]","[8.499999999999986, 0]","[0, 0]",93
74,"[0, 1]",130.64999999999546,"[72, 72]","[0, 0]","[0, 0]",93
75,"[0, 1]",131.04999999999555,"[74, 74]","[0, 0]","[0, 0]",93
76,"[0, 1]",128.39999999999495,"[75, 75]","[0, 0]","[0, 0]",93
77,"[0, 1]",128.49999999999497,"[76, 76]","[0.35, 0]","[0, 0]",93
78,"[0, 1]",129.24999999999514,"[77, 77]","[1.2500000000000004, 0]","[0, 0]",93
79,"[0, 3]",159.95000000000212,"[78, 69]","[1.950000000000001, 0]","[0, 0]",93
0,"[0, 1]",77.74999999999773,"[-999, 10]","[0, 0]","[5.949999999999987, 0]",94
1,"[2, 3]",67.7499999999983,"[-999, -999]","[0, 0]","[0, 0]",94
2,"[2, 1]",37.15000000000003,"[1, -999]","[0, 0]","[0, 0]",94
3,"[2, 1]",38.89999999999993,"[2, 2]","[0, 0]","[0, 0]",94
4,"[0, 1]",77.09999999999776,"[0, 0]","[0, 0]","[0, 0]",94
5,"[2, 1]",40.74999999999982,"[3, 3]","[0, 0]","[0, 0]",94
6,"[0, 1]",83.19999999999742,"[4, 12]","[2.3999999999999995, 0]","[2.3999999999999995, 0]",94
7,"[2, 1]",42.54999999999972,"[5, 5]","[0, 0]","[0, 0]",94
8,"[2, 1]",44.09999999999963,"[7, 7]","[0, 0]","[0, 0]",94
9,"[2, 1]",45.59999999999955,"[8, 8]","[0, 0]","[0, 0]",94
10,"[2, 1]",46.849999999999476,"[9, 9]","[0, 0]","[0, 0]",94
11,"[2, 3]",76.19999999999781,"[10, 1]","[0, 0]","[0, 0]",94
12,"[2, 1]",54.39999999999905,"[11, 4]","[3.099999999999997, 0]","[3.099999999999997, 0]",94
13,"[0, 1]",81.94999999999749,"[6, 6]","[0, 0]","[0, 0]",94
14,"[0, 3]",113.3499999999957,"[13, 11]","[0, 0]","[0, 0]",94
15,"[0, 3]",115.84999999999556,"[14, 14]","[0, 0]","[0, 0]",94
16,"[2, 1]",64.89999999999846,"[12, 13]","[6.699999999999984, 0]","[6.699999999999984, 0]",94
17,"[0, 3]",117.39999999999547,"[15, 15]","[0, 0]","[0, 0]",94
18,"[2, 3]",112.74999999999574,"[16, 19]","[9.650000000000002, 0]","[9.650000000000002, 0]",94
19,"[0, 3]",118.7499999999954,"[17, 17]","[0, 0]","[0, 0]",94
20,"[0, 1]",89.54999999999706,"[19, -999]","[0, 0]","[0, 0]",94
21,"[0, 1]",90.599999999997,"[20, 20]","[0, 0]","[0, 0]",94
22,"[0, 1]",91.74999999999693,"[21, 21]","[0, 0]","[0, 0]",94
23,"[0, 3]",122.89999999999516,"[22, 18]","[0, 0]","[0, 0]",94
24,"[0, 1]",94.79999999999676,"[23, 43]","[0, 0]","[0, 0]",94
25,"[0, 1]",95.8999999999967,"[24, 24]","[0, 0]","[0, 0]",94
26,"[0, 1]",96.89999999999664,"[25, 25]","[0, 0]","[0, 0]",94
27,"[0, 1]",102.29999999999633,"[26, 56]","[2.4499999999999993, 0]","[2.4499999999999993, 0]",94
28,"[0, 3]",134.2999999999963,"[27, 58]","[0, 0]","[0, 0]",94
29,"[0, 1]",106.3499999999961,"[28, 62]","[0, 0]","[0, 0]",94
30,"[0, 3]",136.69999999999683,"[29, 28]","[0, 0]","[0, 0]",94
31,"[0, 1]",107.999999999996,"[30, 63]","[0, 0]","[0, 0]",94
32,"[0, 1]",115.34999999999559,"[31, 64]","[1.7500000000000009, 0]","[1.7500000000000009, 0]",94
33,"[0, 1]",120.4999999999953,"[32, 66]","[2.3, 0]","[2.3, 0]",94
34,"[0, 1]",119.94999999999533,"[33, 33]","[0, 0]","[0, 0]",94
35,"[0, 3]",149.89999999999984,"[34, 79]","[0, 0]","[0, 0]",94
36,"[0, 1]",121.99999999999521,"[35, 34]","[0, 0]","[0, 0]",94
37,"[0, 3]",153.35000000000062,"[36, 35]","[0, 0]","[0, 0]",94
38,"[0, 3]",155.60000000000113,"[37, 37]","[0, 0]","[0, 0]",94
39,"[0, 3]",157.2000000000015,"[38, 38]","[0.25, 0]","[0, 0]",94
40,"[0, 1]",128.1999999999949,"[39, -999]","[0.9000000000000002, 0]","[0, 0]",94
41,"[0, 1]",129.29999999999515,"[40, 40]","[1.3000000000000005, 0]","[0, 0]",94
42,"[0, 3]",160.55000000000226,"[41, 39]","[1.6500000000000008, 0]","[0, 0]",94
43,"[2, 1]",94.54999999999677,"[18, 22]","[6.699999999999984, 0]","[6.699999999999984, 0]",94
44,"[2, 3]",126.64999999999495,"[43, 23]","[46.54999999999949, 0]","[0, 0]",94
45,"[0, 1]",133.19999999999604,"[42, 41]","[1.950000000000001, 0]","[0, 0]",94
46,"[0, 1]",134.3999999999963,"[45, 45]","[2.1500000000000004, 0]","[0, 0]",94
47,"[0, 1]",135.49999999999656,"[46, 46]","[2.4499999999999993, 0]","[0, 0]",94
48,"[0, 1]",136.4999999999968,"[47, 47]","[2.6999999999999984, 0]","[0, 0]",94
49,"[0, 1]",137.49999999999702,"[48, 48]","[2.8999999999999977, 0]","[0, 0]",94
50,"[0, 1]",138.54999999999725,"[49, 49]","[3.149999999999997, 0]","[0, 0]",94
51,"[0, 1]",139.5999999999975,"[50, 50]","[3.4999999999999956, 0]","[0, 0]",94
52,"[0, 3]",170.50000000000452,"[51, 42]","[4.049999999999994, 0]","[0, 0]",94
53,"[0, 1]",143.29999999999833,"[52, 51]","[3.8499999999999943, 0]","[0, 0]",94
54,"[0, 1]",144.39999999999858,"[53, 53]","[4.049999999999994, 0]","[0, 0]",94
55,"[2, 3]",123.49999999999513,"[44, 44]","[38.69999999999994, 0]","[0, 0]",94
56,"[2, 1]",98.89999999999652,"[55, 26]","[37.350000000000016, 0]","[0, 0]",94
57,"[0, 1]",145.09999999999874,"[54, 54]","[4.249999999999993, 0]","[0, 0]",94
58,"[2, 3]",128.99999999999508,"[56, 55]","[35.8500000000001, 0]","[0, 0]",94
59,"[0, 1]",141.89999999999802,"[57, 57]","[5.4999999999999885, 0]","[0, 0]",94
60,"[0, 1]",142.44999999999814,"[59, 59]","[5.549999999999988, 0]","[0, 0]",94
61,"[0, 1]",142.7499999999982,"[60, 60]","[5.04999999999999, 0]","[0, 0]",94
62,"[2, 1]",100.9999999999964,"[58, 27]","[34.350000000000186, 0]","[0, 0]",94
63,"[2, 1]",109.49999999999592,"[62, 29]","[33.00000000000026, 0]","[0, 0]",94
64,"[2, 1]",116.19999999999554,"[63, 31]","[31.600000000000314, 0]","[0, 0]",94
65,"[0, 3]",167.8000000000039,"[61, 52]","[5.299999999999989, 0]","[0, 0]",94
66,"[2, 1]",121.54999999999524,"[64, 32]","[30.250000000000295, 0]","[0, 0]",94
67,"[0, 1]",140.0499999999976,"[65, 61]","[5.04999999999999, 0]","[0, 0]",94
68,"[0, 1]",140.59999999999772,"[67, 67]","[5.04999999999999, 0]","[0, 0]",94
69,"[0, 3]",162.0000000000026,"[68, 65]","[1.4500000000000006, 0]","[0, 0]",94
70,"[0, 1]",134.3499999999963,"[69, 68]","[1.2000000000000004, 0]","[0, 0]",94
71,"[0, 1]",135.14999999999648,"[70, 70]","[0.35, 0]","[0, 0]",94
72,"[0, 1]",130.3999999999954,"[71, 71]","[0, 0]","[0, 0]",94
73,"[0, 3]",160.7500000000023,"[72, 69]","[0, 0]","[0, 0]",94
74,"[0, 1]",133.14999999999603,"[73, 72]","[0, 0]","[0, 0]",94
75,"[0, 3]",163.75000000000298,"[74, 73]","[0, 0]","[0, 0]",94
76,"[0, 1]",133.59999999999613,"[75, 74]","[0, 0]","[0, 0]",94
77,"[0, 1]",134.04999999999623,"[76, 76]","[0, 0]","[0, 0]",94
78,"[0, 1]",134.59999999999636,"[77, 77]","[0, 0]","[0, 0]",94
79,"[2, 3]",151.70000000000024,"[66, 30]","[28.50000000000027, 0]","[0, 0]",94
