Vehicle_label,Road_order,Total_time,Leading_vehicles,Stopped_time,Stop_while_front,Round_number
0,"[2, 3]",67.7499999999983,"[-999, -999]","[0, 0]","[0, 0]",1
1,"[2, 3]",70.84999999999812,"[0, 0]","[0, 0]","[0, 0]",1
2,"[2, 1]",37.550000000000004,"[1, -999]","[0, 0]","[0, 0]",1
3,"[0, 1]",81.94999999999749,"[-999, 15]","[0, 0]","[9.950000000000006, 0]",1
4,"[2, 1]",39.49999999999989,"[2, 2]","[0, 0]","[0, 0]",1
5,"[2, 3]",71.39999999999809,"[4, 1]","[0, 0]","[0, 0]",1
6,"[2, 3]",73.94999999999794,"[5, 5]","[0, 0]","[0, 0]",1
7,"[0, 1]",81.19999999999753,"[3, 3]","[0, 0]","[0, 0]",1
8,"[2, 1]",39.999999999999865,"[6, 4]","[0, 0]","[0, 0]",1
9,"[2, 3]",73.09999999999799,"[8, 6]","[0, 0]","[0, 0]",1
10,"[0, 1]",86.64999999999722,"[7, 18]","[2.499999999999999, 0]","[2.499999999999999, 0]",1
11,"[2, 1]",40.04999999999986,"[9, 8]","[0, 0]","[0, 0]",1
12,"[2, 1]",42.39999999999973,"[11, 11]","[0, 0]","[0, 0]",1
13,"[0, 3]",117.64999999999546,"[10, 20]","[0, 0]","[0, 0]",1
14,"[0, 3]",119.19999999999537,"[13, 13]","[0, 0]","[0, 0]",1
15,"[2, 1]",43.39999999999967,"[12, 12]","[0, 0]","[0, 0]",1
16,"[2, 3]",73.39999999999797,"[15, 9]","[0, 0]","[0, 0]",1
17,"[2, 3]",75.89999999999783,"[16, 16]","[0, 0]","[0, 0]",1
18,"[2, 1]",47.09999999999946,"[17, 7]","[0, 0]","[0, 0]",1
19,"[0, 3]",120.4499999999953,"[14, 14]","[0, 0]","[0, 0]",1
20,"[2, 3]",76.69999999999779,"[18, 17]","[0, 0]","[0, 0]",1
21,"[0, 1]",91.24999999999696,"[19, 23]","[0, 0]","[0, 0]",1
22,"[0, 3]",123.34999999999513,"[21, 25]","[0, 0]","[0, 0]",1
23,"[2, 1]",49.24999999999934,"[20, 10]","[0, 0]","[0, 0]",1
24,"[0, 1]",94.49999999999677,"[22, 29]","[0, 0]","[0, 0]",1
25,"[2, 3]",91.64999999999694,"[23, 19]","[6.749999999999984, 0]","[6.749999999999984, 0]",1
26,"[0, 3]",125.34999999999502,"[24, 22]","[0, 0]","[0, 0]",1
27,"[0, 3]",127.5499999999949,"[26, 26]","[0, 0]","[0, 0]",1
28,"[0, 3]",129.0999999999951,"[27, 27]","[0, 0]","[0, 0]",1
29,"[2, 1]",62.699999999998575,"[25, 21]","[0, 0]","[0, 0]",1
30,"[2, 1]",70.74999999999812,"[29, 24]","[13.500000000000057, 0]","[3.1999999999999966, 0]",1
31,"[2, 1]",71.69999999999807,"[30, 30]","[18.250000000000124, 0]","[0, 0]",1
32,"[0, 3]",130.3999999999954,"[28, 28]","[0, 0]","[0, 0]",1
33,"[0, 3]",136.9999999999969,"[32, 43]","[1.900000000000001, 0]","[1.900000000000001, 0]",1
34,"[0, 3]",137.99999999999713,"[33, 33]","[0, 0]","[0, 0]",1
35,"[0, 3]",143.5499999999984,"[34, 44]","[2.4499999999999993, 0]","[2.4499999999999993, 0]",1
36,"[0, 1]",113.14999999999571,"[35, 45]","[0, 0]","[0, 0]",1
37,"[2, 1]",73.69999999999796,"[31, 31]","[15.900000000000091, 0]","[0, 0]",1
38,"[0, 3]",143.84999999999846,"[36, 35]","[0, 0]","[0, 0]",1
39,"[0, 3]",145.94999999999894,"[38, 38]","[0.15000000000000002, 0]","[0, 0]",1
40,"[0, 1]",117.19999999999548,"[39, 46]","[0.7000000000000001, 0]","[0, 0]",1
41,"[0, 3]",149.44999999999973,"[40, 49]","[1.1000000000000003, 0]","[0, 0]",1
42,"[0, 3]",150.70000000000002,"[41, 41]","[1.4000000000000006, 0]","[0, 0]",1
43,"[2, 3]",111.44999999999581,"[37, 32]","[20.300000000000153, 0]","[0, 0]",1
44,"[2, 3]",122.99999999999515,"[43, 34]","[23.300000000000196, 0]","[2.5999999999999988, 0]",1
45,"[2, 1]",90.79999999999698,"[44, -999]","[19.200000000000138, 0]","[0, 0]",1
46,"[2, 1]",99.3999999999965,"[45, 36]","[17.700000000000117, 0]","[0, 0]",1
47,"[0, 1]",121.54999999999524,"[42, 40]","[1.7500000000000009, 0]","[0, 0]",1
48,"[0, 1]",122.64999999999517,"[47, 47]","[2.000000000000001, 0]","[0, 0]",1
49,"[2, 3]",137.24999999999696,"[46, 39]","[19.45000000000014, 0]","[3.1999999999999966, 0]",1
50,"[0, 3]",153.95000000000076,"[48, 51]","[2.849999999999998, 0]","[0, 0]",1
51,"[2, 3]",149.94999999999985,"[49, 42]","[21.45000000000017, 0]","[6.649999999999984, 0]",1
52,"[2, 1]",126.79999999999494,"[51, 48]","[16.6000000000001, 0]","[3.2499999999999964, 0]",1
53,"[2, 1]",134.09999999999624,"[52, 54]","[15.200000000000081, 0]","[3.349999999999996, 0]",1
54,"[0, 1]",125.54999999999501,"[50, 52]","[3.699999999999995, 0]","[0, 0]",1
55,"[0, 3]",156.65000000000137,"[54, 50]","[4.449999999999992, 0]","[0, 0]",1
56,"[2, 3]",166.10000000000352,"[53, 55]","[10.95000000000002, 0]","[0, 0]",1
57,"[2, 1]",142.2499999999981,"[56, 59]","[11.050000000000022, 0]","[0, 0]",1
58,"[0, 1]",128.34999999999494,"[55, 53]","[5.299999999999989, 0]","[0, 0]",1
59,"[0, 1]",129.4999999999952,"[58, 58]","[5.899999999999987, 0]","[0, 0]",1
60,"[0, 1]",134.99999999999645,"[59, 57]","[8.599999999999987, 0]","[2.499999999999999, 0]",1
61,"[0, 1]",135.49999999999656,"[60, 60]","[5.949999999999987, 0]","[0, 0]",1
62,"[2, 3]",172.10000000000488,"[57, 56]","[13.300000000000054, 0]","[0, 0]",1
63,"[0, 1]",136.44999999999678,"[61, 61]","[5.4999999999999885, 0]","[0, 0]",1
64,"[0, 3]",170.95000000000462,"[63, 67]","[6.8999999999999835, 0]","[0, 0]",1
65,"[0, 1]",141.49999999999793,"[64, 63]","[7.699999999999981, 0]","[0, 0]",1
66,"[2, 3]",175.3000000000056,"[62, 62]","[13.70000000000006, 0]","[0, 0]",1
67,"[2, 3]",177.80000000000618,"[66, 66]","[13.650000000000059, 0]","[0, 0]",1
68,"[2, 3]",185.25000000000787,"[67, 64]","[19.650000000000144, 0]","[0, 0]",1
69,"[2, 1]",155.60000000000113,"[68, 65]","[21.40000000000017, 0]","[0, 0]",1
70,"[0, 3]",173.5000000000052,"[65, 68]","[8.199999999999982, 0]","[0, 0]",1
71,"[0, 3]",173.35000000000517,"[70, 70]","[8.399999999999984, 0]","[0, 0]",1
72,"[0, 1]",141.99999999999804,"[71, 69]","[8.599999999999987, 0]","[0, 0]",1
73,"[2, 3]",194.00000000000986,"[69, 71]","[21.50000000000017, 0]","[0, 0]",1
74,"[0, 3]",173.4500000000052,"[72, 73]","[8.399999999999984, 0]","[0, 0]",1
75,"[2, 3]",205.70000000001252,"[73, 76]","[27.550000000000257, 0]","[3.049999999999997, 0]",1
76,"[0, 3]",174.4000000000054,"[74, 74]","[7.94999999999998, 0]","[0, 0]",1
77,"[2, 1]",182.7500000000073,"[75, 79]","[33.80000000000022, 0]","[3.4999999999999956, 0]",1
78,"[0, 1]",144.8999999999987,"[76, 72]","[7.299999999999982, 0]","[0, 0]",1
79,"[0, 1]",145.3999999999988,"[78, 78]","[6.099999999999986, 0]","[0, 0]",1
0,"[0, 1]",72.14999999999804,"[-999, 13]","[0, 0]","[0, 0]",2
1,"[0, 3]",107.89999999999601,"[0, 15]","[2.0500000000000007, 0]","[2.0500000000000007, 0]",2
2,"[0, 3]",109.49999999999592,"[1, 1]","[0, 0]","[0, 0]",2
3,"[0, 3]",116.19999999999554,"[2, 23]","[1.800000000000001, 0]","[1.800000000000001, 0]",2
4,"[2, 3]",67.7499999999983,"[-999, -999]","[0, 0]","[0, 0]",2
5,"[2, 1]",37.15000000000003,"[4, -999]","[0, 0]","[0, 0]",2
6,"[0, 3]",117.19999999999548,"[3, 3]","[0, 0]","[0, 0]",2
7,"[2, 3]",69.99999999999817,"[5, 4]","[0, 0]","[0, 0]",2
8,"[2, 3]",72.39999999999803,"[7, 7]","[0, 0]","[0, 0]",2
9,"[2, 1]",38.34999999999996,"[8, 5]","[0, 0]","[0, 0]",2
10,"[2, 3]",71.59999999999808,"[9, 8]","[0, 0]","[0, 0]",2
11,"[0, 1]",86.74999999999721,"[6, -999]","[0, 0]","[0, 0]",2
12,"[0, 3]",119.09999999999538,"[11, 24]","[0, 0]","[0, 0]",2
13,"[2, 1]",38.54999999999995,"[10, 9]","[0, 0]","[0, 0]",2
14,"[2, 1]",48.39999999999939,"[13, 0]","[0.8500000000000002, 0]","[0.8500000000000002, 0]",2
15,"[2, 3]",72.44999999999803,"[14, 10]","[0, 0]","[0, 0]",2
16,"[2, 1]",44.6999999999996,"[15, 14]","[0, 0]","[0, 0]",2
17,"[0, 3]",124.74999999999505,"[12, 26]","[2.499999999999999, 0]","[2.499999999999999, 0]",2
18,"[0, 1]",94.19999999999679,"[17, -999]","[0, 0]","[0, 0]",2
19,"[0, 1]",95.29999999999673,"[18, 18]","[0, 0]","[0, 0]",2
20,"[0, 3]",127.19999999999492,"[19, 30]","[0, 0]","[0, 0]",2
21,"[2, 1]",45.799999999999535,"[16, 16]","[0, 0]","[0, 0]",2
22,"[0, 1]",97.5499999999966,"[20, 19]","[0, 0]","[0, 0]",2
23,"[2, 3]",78.89999999999766,"[21, 2]","[0, 0]","[0, 0]",2
24,"[2, 3]",90.549999999997,"[23, 6]","[6.499999999999985, 0]","[6.499999999999985, 0]",2
25,"[0, 3]",129.39999999999517,"[22, 35]","[0, 0]","[0, 0]",2
26,"[2, 3]",96.69999999999665,"[24, 12]","[0, 0]","[0, 0]",2
27,"[0, 1]",99.69999999999648,"[25, 22]","[0, 0]","[0, 0]",2
28,"[2, 3]",102.7499999999963,"[26, 17]","[0, 0]","[0, 0]",2
29,"[0, 1]",100.74999999999642,"[27, 27]","[0, 0]","[0, 0]",2
30,"[2, 3]",103.79999999999625,"[28, 28]","[19.25000000000014, 0]","[0, 0]",2
31,"[0, 1]",101.84999999999636,"[29, 29]","[0, 0]","[0, 0]",2
32,"[0, 1]",102.9499999999963,"[31, 31]","[0, 0]","[0, 0]",2
33,"[0, 1]",108.89999999999596,"[32, 40]","[2.499999999999999, 0]","[2.499999999999999, 0]",2
34,"[0, 1]",113.79999999999568,"[33, 41]","[2.549999999999999, 0]","[2.549999999999999, 0]",2
35,"[2, 3]",110.29999999999588,"[30, 20]","[24.25000000000021, 0]","[0, 0]",2
36,"[0, 3]",143.79999999999845,"[34, 39]","[0, 0]","[0, 0]",2
37,"[0, 3]",146.14999999999898,"[36, 36]","[0, 0]","[0, 0]",2
38,"[0, 1]",115.69999999999557,"[37, 47]","[0, 0]","[0, 0]",2
39,"[2, 3]",116.69999999999551,"[35, 25]","[21.900000000000176, 0]","[0, 0]",2
40,"[2, 1]",103.94999999999624,"[39, 32]","[30.00000000000029, 0]","[9.800000000000004, 0]",2
41,"[2, 1]",108.84999999999596,"[40, 33]","[18.65000000000013, 0]","[0, 0]",2
42,"[2, 1]",114.19999999999565,"[41, 34]","[17.15000000000011, 0]","[0, 0]",2
43,"[0, 1]",121.34999999999525,"[38, 49]","[2.4499999999999993, 0]","[2.4499999999999993, 0]",2
44,"[0, 3]",153.45000000000064,"[43, 50]","[0, 0]","[0, 0]",2
45,"[0, 1]",125.44999999999501,"[44, 51]","[0, 0]","[0, 0]",2
46,"[0, 3]",155.75000000000117,"[45, 44]","[0, 0]","[0, 0]",2
47,"[2, 1]",114.04999999999566,"[42, 42]","[15.650000000000087, 0]","[0, 0]",2
48,"[0, 3]",157.90000000000165,"[46, 46]","[0, 0]","[0, 0]",2
49,"[2, 1]",121.64999999999523,"[47, 38]","[14.200000000000067, 0]","[0, 0]",2
50,"[2, 3]",151.5500000000002,"[49, 37]","[12.750000000000046, 0]","[0, 0]",2
51,"[2, 1]",123.64999999999512,"[50, 43]","[12.35000000000004, 0]","[0, 0]",2
52,"[0, 3]",159.50000000000202,"[48, 48]","[0, 0]","[0, 0]",2
53,"[0, 1]",131.6999999999957,"[52, 60]","[0, 0]","[0, 0]",2
54,"[2, 1]",132.24999999999582,"[51, 45]","[12.200000000000038, 0]","[0, 0]",2
55,"[2, 1]",133.19999999999604,"[54, 54]","[13.70000000000006, 0]","[0, 0]",2
56,"[0, 1]",132.1499999999958,"[53, 53]","[0, 0]","[0, 0]",2
57,"[0, 3]",163.15000000000285,"[56, 52]","[0, 0]","[0, 0]",2
58,"[0, 3]",165.50000000000338,"[57, 57]","[0, 0]","[0, 0]",2
59,"[0, 3]",167.05000000000373,"[58, 58]","[1.950000000000001, 0]","[0, 0]",2
60,"[2, 1]",135.14999999999648,"[55, 55]","[15.650000000000087, 0]","[0, 0]",2
61,"[2, 1]",149.14999999999966,"[60, 56]","[19.150000000000137, 0]","[3.099999999999997, 0]",2
62,"[0, 3]",168.35000000000403,"[59, 59]","[2.9999999999999973, 0]","[0, 0]",2
63,"[2, 3]",196.8500000000105,"[61, 62]","[25.10000000000022, 0]","[9.5, 0]",2
64,"[2, 1]",165.6000000000034,"[63, -999]","[20.350000000000154, 0]","[0, 0]",2
65,"[2, 1]",175.00000000000554,"[64, 67]","[23.200000000000195, 0]","[2.8999999999999977, 0]",2
66,"[0, 3]",174.60000000000545,"[62, 63]","[6.099999999999986, 0]","[2.3499999999999996, 0]",2
67,"[0, 1]",145.69999999999888,"[66, 64]","[4.299999999999993, 0]","[0, 0]",2
68,"[0, 3]",175.2000000000056,"[67, 66]","[4.799999999999991, 0]","[0, 0]",2
69,"[0, 3]",177.15000000000603,"[68, 68]","[5.1999999999999895, 0]","[0, 0]",2
70,"[2, 1]",175.10000000000556,"[65, 65]","[19.550000000000143, 0]","[0, 0]",2
71,"[2, 3]",213.85000000001438,"[70, 77]","[23.050000000000193, 0]","[3.149999999999997, 0]",2
72,"[2, 3]",215.85000000001483,"[71, 71]","[21.150000000000166, 0]","[0, 0]",2
73,"[2, 1]",186.3000000000081,"[72, -999]","[22.85000000000019, 0]","[0, 0]",2
74,"[2, 3]",220.5500000000159,"[73, 72]","[25.00000000000022, 0]","[0, 0]",2
75,"[2, 1]",192.50000000000952,"[74, 73]","[29.600000000000286, 0]","[0, 0]",2
76,"[2, 1]",195.0500000000101,"[75, 75]","[34.0500000000002, 0]","[0, 0]",2
77,"[0, 3]",178.40000000000632,"[69, 69]","[5.549999999999988, 0]","[0, 0]",2
78,"[2, 3]",227.40000000001746,"[76, 74]","[38.249999999999964, 0]","[0, 0]",2
79,"[2, 3]",230.6500000000182,"[78, 78]","[40.99999999999981, 0]","[0, 0]",2
0,"[2, 1]",36.40000000000007,"[-999, -999]","[0, 0]","[0, 0]",3
1,"[2, 1]",38.09999999999997,"[0, 0]","[0, 0]","[0, 0]",3
2,"[0, 1]",67.39999999999831,"[-999, 10]","[0, 0]","[0, 0]",3
3,"[2, 1]",39.89999999999987,"[1, 1]","[0, 0]","[0, 0]",3
4,"[0, 1]",74.6499999999979,"[2, 24]","[2.499999999999999, 0]","[2.499999999999999, 0]",3
5,"[0, 1]",80.19999999999759,"[4, 26]","[2.3999999999999995, 0]","[2.3999999999999995, 0]",3
6,"[0, 1]",80.59999999999756,"[5, 5]","[0, 0]","[0, 0]",3
7,"[2, 1]",41.79999999999976,"[3, 3]","[0, 0]","[0, 0]",3
8,"[0, 1]",81.59999999999751,"[6, 6]","[0, 0]","[0, 0]",3
9,"[0, 1]",82.64999999999745,"[8, 8]","[0, 0]","[0, 0]",3
10,"[2, 1]",43.54999999999966,"[7, 7]","[0, 0]","[0, 0]",3
11,"[2, 3]",71.1499999999981,"[10, -999]","[0, 0]","[0, 0]",3
12,"[0, 1]",88.54999999999711,"[9, 28]","[2.3999999999999995, 0]","[2.3999999999999995, 0]",3
13,"[2, 3]",73.69999999999796,"[11, 11]","[0, 0]","[0, 0]",3
14,"[0, 1]",88.94999999999709,"[12, 12]","[0, 0]","[0, 0]",3
15,"[0, 1]",94.29999999999679,"[14, 32]","[2.4499999999999993, 0]","[2.4499999999999993, 0]",3
16,"[0, 3]",124.39999999999507,"[15, 31]","[0, 0]","[0, 0]",3
17,"[0, 1]",100.9999999999964,"[16, 34]","[2.6499999999999986, 0]","[2.6499999999999986, 0]",3
18,"[0, 3]",131.19999999999558,"[17, 16]","[0, 0]","[0, 0]",3
19,"[2, 3]",75.34999999999786,"[13, 13]","[0, 0]","[0, 0]",3
20,"[0, 1]",102.99999999999629,"[18, 36]","[0, 0]","[0, 0]",3
21,"[0, 3]",135.6999999999966,"[20, 38]","[0, 0]","[0, 0]",3
22,"[2, 3]",76.59999999999779,"[19, 19]","[0, 0]","[0, 0]",3
23,"[0, 1]",106.54999999999609,"[21, 20]","[0, 0]","[0, 0]",3
24,"[2, 1]",41.79999999999976,"[22, 2]","[0, 0]","[0, 0]",3
25,"[0, 1]",107.64999999999603,"[23, 23]","[0, 0]","[0, 0]",3
26,"[2, 1]",50.399999999999274,"[24, 4]","[2.25, 0]","[2.25, 0]",3
27,"[2, 3]",79.29999999999764,"[26, 22]","[0, 0]","[0, 0]",3
28,"[2, 1]",67.49999999999831,"[27, 9]","[9.750000000000004, 0]","[9.750000000000004, 0]",3
29,"[0, 3]",140.59999999999772,"[25, 41]","[0.49999999999999994, 0]","[0, 0]",3
30,"[0, 3]",141.849999999998,"[29, 29]","[1.0000000000000002, 0]","[0, 0]",3
31,"[2, 3]",96.54999999999666,"[28, 27]","[19.800000000000146, 0]","[1.5500000000000007, 0]",3
32,"[2, 1]",73.44999999999797,"[31, 14]","[20.400000000000155, 0]","[0, 0]",3
33,"[2, 1]",78.99999999999766,"[32, 15]","[21.40000000000017, 0]","[0, 0]",3
34,"[2, 1]",78.79999999999767,"[33, 33]","[19.050000000000136, 0]","[0, 0]",3
35,"[0, 1]",112.14999999999577,"[30, 43]","[1.3000000000000005, 0]","[0, 0]",3
36,"[2, 1]",86.79999999999721,"[34, 17]","[17.35000000000011, 0]","[0, 0]",3
37,"[0, 1]",113.3499999999957,"[35, 35]","[1.5000000000000007, 0]","[0, 0]",3
38,"[2, 3]",118.84999999999539,"[36, 18]","[15.950000000000092, 0]","[0, 0]",3
39,"[0, 1]",114.44999999999564,"[37, 37]","[1.7500000000000009, 0]","[0, 0]",3
40,"[2, 3]",126.89999999999493,"[38, 21]","[17.800000000000118, 0]","[3.1999999999999966, 0]",3
41,"[2, 3]",128.84999999999505,"[40, 40]","[13.400000000000055, 0]","[0, 0]",3
42,"[0, 1]",115.54999999999558,"[39, 39]","[1.900000000000001, 0]","[0, 0]",3
43,"[2, 1]",99.3999999999965,"[41, 25]","[12.100000000000037, 0]","[0, 0]",3
44,"[0, 1]",121.09999999999526,"[42, 48]","[4.499999999999992, 0]","[2.4499999999999993, 0]",3
45,"[2, 3]",137.54999999999703,"[43, 30]","[10.85000000000002, 0]","[0, 0]",3
46,"[2, 3]",138.94999999999735,"[45, 45]","[9.600000000000001, 0]","[0, 0]",3
47,"[2, 3]",140.64999999999773,"[46, 46]","[8.349999999999984, 0]","[0, 0]",3
48,"[2, 1]",116.9999999999955,"[47, 42]","[8.299999999999983, 0]","[0, 0]",3
49,"[0, 1]",121.64999999999523,"[44, 44]","[2.25, 0]","[0, 0]",3
50,"[2, 1]",127.99999999999487,"[48, 49]","[10.85000000000002, 0]","[2.6999999999999984, 0]",3
51,"[0, 3]",152.3500000000004,"[49, 47]","[2.3999999999999995, 0]","[0, 0]",3
52,"[2, 3]",159.55000000000203,"[50, 51]","[7.699999999999981, 0]","[0, 0]",3
53,"[2, 3]",172.650000000005,"[52, 61]","[10.350000000000012, 0]","[3.099999999999997, 0]",3
54,"[2, 3]",174.25000000000537,"[53, 53]","[8.499999999999986, 0]","[0, 0]",3
55,"[0, 1]",124.54999999999507,"[51, 50]","[2.5999999999999988, 0]","[0, 0]",3
56,"[0, 3]",156.8000000000014,"[55, 52]","[2.6999999999999984, 0]","[0, 0]",3
57,"[2, 3]",181.0000000000069,"[54, 67]","[12.150000000000038, 0]","[3.2499999999999964, 0]",3
58,"[2, 1]",157.55000000000157,"[57, 70]","[9.950000000000006, 0]","[0, 0]",3
59,"[2, 1]",158.35000000000176,"[58, 58]","[11.250000000000025, 0]","[0, 0]",3
60,"[2, 3]",191.90000000000938,"[59, 73]","[12.200000000000038, 0]","[0, 0]",3
61,"[0, 3]",158.20000000000172,"[56, 56]","[2.9499999999999975, 0]","[0, 0]",3
62,"[0, 1]",129.0499999999951,"[61, 55]","[3.099999999999997, 0]","[0, 0]",3
63,"[2, 1]",162.75000000000276,"[60, 75]","[13.00000000000005, 0]","[0, 0]",3
64,"[2, 3]",196.00000000001032,"[63, 60]","[16.150000000000095, 0]","[0, 0]",3
65,"[2, 3]",198.80000000001095,"[64, 64]","[20.350000000000154, 0]","[0, 0]",3
66,"[0, 1]",130.14999999999534,"[62, 62]","[3.349999999999996, 0]","[0, 0]",3
67,"[0, 3]",161.85000000000255,"[66, 54]","[3.5499999999999954, 0]","[0, 0]",3
68,"[2, 1]",169.45000000000428,"[65, -999]","[24.550000000000214, 0]","[0, 0]",3
69,"[0, 1]",132.34999999999584,"[67, 66]","[3.699999999999995, 0]","[0, 0]",3
70,"[0, 1]",133.4499999999961,"[69, 69]","[3.8499999999999943, 0]","[0, 0]",3
71,"[2, 1]",171.7500000000048,"[68, 68]","[28.050000000000264, 0]","[0, 0]",3
72,"[0, 3]",164.7500000000032,"[70, 57]","[3.999999999999994, 0]","[0, 0]",3
73,"[0, 3]",166.9000000000037,"[72, 72]","[4.499999999999992, 0]","[0, 0]",3
74,"[2, 1]",173.9000000000053,"[71, 71]","[31.40000000000031, 0]","[0, 0]",3
75,"[0, 1]",137.94999999999712,"[73, 59]","[5.249999999999989, 0]","[0, 0]",3
76,"[2, 3]",206.5000000000127,"[74, 65]","[35.450000000000124, 0]","[0, 0]",3
77,"[2, 3]",209.65000000001342,"[76, 76]","[37.99999999999998, 0]","[0, 0]",3
78,"[2, 1]",179.55000000000658,"[77, -999]","[38.64999999999994, 0]","[0, 0]",3
79,"[2, 1]",174.65000000000546,"[78, 78]","[38.19999999999997, 0]","[0, 0]",3
0,"[0, 3]",100.49999999999643,"[-999, 18]","[0, 0]","[0, 0]",4
1,"[0, 1]",70.79999999999812,"[0, 19]","[0, 0]","[0, 0]",4
2,"[2, 3]",67.7499999999983,"[-999, -999]","[0, 0]","[0, 0]",4
3,"[2, 3]",70.84999999999812,"[2, 2]","[0, 0]","[0, 0]",4
4,"[0, 3]",108.74999999999596,"[1, 21]","[3.049999999999997, 0]","[3.049999999999997, 0]",4
5,"[0, 3]",110.09999999999589,"[4, 4]","[0, 0]","[0, 0]",4
6,"[2, 1]",37.550000000000004,"[3, -999]","[0, 0]","[0, 0]",4
7,"[0, 3]",111.04999999999583,"[5, 5]","[0, 0]","[0, 0]",4
8,"[0, 3]",111.99999999999578,"[7, 7]","[0, 0]","[0, 0]",4
9,"[0, 3]",113.04999999999572,"[8, 8]","[0, 0]","[0, 0]",4
10,"[0, 3]",119.19999999999537,"[9, 29]","[2.3999999999999995, 0]","[2.3999999999999995, 0]",4
11,"[0, 3]",119.99999999999532,"[10, 10]","[0, 0]","[0, 0]",4
12,"[2, 3]",70.09999999999816,"[6, 3]","[0, 0]","[0, 0]",4
13,"[0, 1]",89.84999999999704,"[11, -999]","[0, 0]","[0, 0]",4
14,"[2, 3]",72.14999999999804,"[12, 12]","[0, 0]","[0, 0]",4
15,"[0, 3]",126.99999999999493,"[13, 33]","[2.9999999999999973, 0]","[2.9999999999999973, 0]",4
16,"[0, 1]",96.89999999999664,"[15, 13]","[0, 0]","[0, 0]",4
17,"[2, 1]",41.89999999999976,"[14, 6]","[0, 0]","[0, 0]",4
18,"[2, 3]",71.44999999999808,"[17, 14]","[0, 0]","[0, 0]",4
19,"[2, 1]",42.24999999999974,"[18, 17]","[0, 0]","[0, 0]",4
20,"[2, 1]",50.199999999999285,"[19, 1]","[2.549999999999999, 0]","[2.549999999999999, 0]",4
21,"[2, 3]",75.79999999999784,"[20, 0]","[0, 0]","[0, 0]",4
22,"[2, 1]",48.04999999999941,"[21, 20]","[0, 0]","[0, 0]",4
23,"[0, 3]",129.5499999999952,"[16, 34]","[0, 0]","[0, 0]",4
24,"[0, 3]",130.64999999999546,"[23, 23]","[0, 0]","[0, 0]",4
25,"[2, 1]",49.79999999999931,"[22, 22]","[0, 0]","[0, 0]",4
26,"[0, 1]",101.0499999999964,"[24, 35]","[0, 0]","[0, 0]",4
27,"[2, 1]",51.799999999999194,"[25, 25]","[0, 0]","[0, 0]",4
28,"[0, 1]",102.14999999999634,"[26, 26]","[0, 0]","[0, 0]",4
29,"[2, 3]",93.09999999999685,"[27, 9]","[2.6999999999999984, 0]","[2.6999999999999984, 0]",4
30,"[0, 1]",103.29999999999627,"[28, 28]","[0, 0]","[0, 0]",4
31,"[0, 3]",134.44999999999632,"[30, 37]","[0, 0]","[0, 0]",4
32,"[2, 3]",104.19999999999622,"[29, 11]","[7.099999999999983, 0]","[2.799999999999998, 0]",4
33,"[2, 3]",105.54999999999615,"[32, 32]","[14.950000000000077, 0]","[0, 0]",4
34,"[2, 3]",112.34999999999576,"[33, 15]","[15.85000000000009, 0]","[3.2499999999999964, 0]",4
35,"[2, 1]",82.34999999999746,"[34, 16]","[10.90000000000002, 0]","[0, 0]",4
36,"[2, 3]",120.64999999999529,"[35, 24]","[9.349999999999998, 0]","[0, 0]",4
37,"[2, 3]",122.0999999999952,"[36, 36]","[7.84999999999998, 0]","[0, 0]",4
38,"[2, 1]",98.94999999999652,"[37, 30]","[9.700000000000003, 0]","[3.2999999999999963, 0]",4
39,"[2, 1]",99.89999999999647,"[38, 38]","[5.749999999999988, 0]","[0, 0]",4
40,"[0, 3]",136.5499999999968,"[31, 31]","[0, 0]","[0, 0]",4
41,"[0, 1]",108.149999999996,"[40, 39]","[0, 0]","[0, 0]",4
42,"[2, 3]",133.29999999999606,"[39, 40]","[5.799999999999987, 0]","[0, 0]",4
43,"[0, 3]",140.64999999999773,"[41, 42]","[0.15000000000000002, 0]","[0, 0]",4
44,"[2, 1]",104.34999999999621,"[42, 41]","[6.0499999999999865, 0]","[0, 0]",4
45,"[0, 3]",141.94999999999803,"[43, 43]","[1.4000000000000006, 0]","[0, 0]",4
46,"[0, 1]",112.34999999999576,"[45, 44]","[2.0500000000000007, 0]","[0, 0]",4
47,"[0, 3]",149.39999999999972,"[46, 55]","[5.649999999999988, 0]","[3.049999999999997, 0]",4
48,"[2, 3]",142.44999999999814,"[44, 45]","[5.549999999999988, 0]","[0, 0]",4
49,"[0, 3]",150.44999999999996,"[47, 47]","[2.849999999999998, 0]","[0, 0]",4
50,"[0, 1]",120.29999999999531,"[49, 56]","[3.1999999999999966, 0]","[0, 0]",4
51,"[0, 1]",121.39999999999525,"[50, 50]","[3.399999999999996, 0]","[0, 0]",4
52,"[0, 1]",122.54999999999518,"[51, 51]","[3.7499999999999947, 0]","[0, 0]",4
53,"[0, 3]",154.80000000000095,"[52, 61]","[3.949999999999994, 0]","[0, 0]",4
54,"[0, 3]",156.00000000000122,"[53, 53]","[3.7499999999999947, 0]","[0, 0]",4
55,"[2, 3]",143.84999999999846,"[48, 48]","[9.950000000000006, 0]","[0, 0]",4
56,"[2, 1]",113.4999999999957,"[55, 46]","[10.750000000000018, 0]","[0, 0]",4
57,"[0, 1]",127.94999999999487,"[54, 66]","[3.2999999999999963, 0]","[0, 0]",4
58,"[2, 3]",151.9000000000003,"[56, 49]","[11.150000000000023, 0]","[0, 0]",4
59,"[2, 3]",153.15000000000057,"[58, 58]","[11.700000000000031, 0]","[0, 0]",4
60,"[0, 3]",158.40000000000177,"[57, 54]","[2.6999999999999984, 0]","[0, 0]",4
61,"[2, 3]",154.75000000000094,"[59, 59]","[13.450000000000056, 0]","[0, 0]",4
62,"[2, 1]",125.04999999999504,"[61, 52]","[13.950000000000063, 0]","[0, 0]",4
63,"[0, 3]",160.55000000000226,"[60, 60]","[2.1000000000000005, 0]","[0, 0]",4
64,"[0, 1]",131.84999999999573,"[63, 67]","[1.5000000000000007, 0]","[0, 0]",4
65,"[0, 3]",164.05000000000305,"[64, 69]","[0.8500000000000002, 0]","[0, 0]",4
66,"[2, 1]",127.4499999999949,"[62, 62]","[13.300000000000054, 0]","[0, 0]",4
67,"[2, 1]",135.6499999999966,"[66, 57]","[12.35000000000004, 0]","[0, 0]",4
68,"[0, 1]",134.89999999999642,"[65, 64]","[0, 0]","[0, 0]",4
69,"[2, 3]",173.5000000000052,"[67, 63]","[14.600000000000072, 0]","[3.149999999999997, 0]",4
70,"[2, 3]",181.05000000000692,"[69, 65]","[15.200000000000081, 0]","[3.4499999999999957, 0]",4
71,"[0, 1]",135.89999999999665,"[68, 68]","[0, 0]","[0, 0]",4
72,"[2, 1]",168.10000000000397,"[70, 74]","[24.850000000000218, 0]","[9.850000000000005, 0]",4
73,"[0, 1]",136.4999999999968,"[71, 71]","[0, 0]","[0, 0]",4
74,"[0, 1]",133.4999999999961,"[73, 73]","[0, 0]","[0, 0]",4
75,"[0, 3]",164.2000000000031,"[74, 70]","[0, 0]","[0, 0]",4
76,"[0, 1]",136.19999999999672,"[75, 72]","[0, 0]","[0, 0]",4
77,"[0, 1]",135.84999999999664,"[76, 76]","[0, 0]","[0, 0]",4
78,"[0, 3]",165.5500000000034,"[77, 75]","[0, 0]","[0, 0]",4
79,"[0, 3]",167.3500000000038,"[78, 78]","[0, 0]","[0, 0]",4
0,"[2, 1]",36.40000000000007,"[-999, -999]","[0, 0]","[0, 0]",5
1,"[2, 3]",68.49999999999825,"[0, -999]","[0, 0]","[0, 0]",5
2,"[2, 1]",37.30000000000002,"[1, 0]","[0, 0]","[0, 0]",5
3,"[0, 1]",67.6499999999983,"[-999, 8]","[0, 0]","[0, 0]",5
4,"[2, 1]",38.99999999999992,"[2, 2]","[0, 0]","[0, 0]",5
5,"[0, 1]",76.24999999999781,"[3, 14]","[3.099999999999997, 0]","[3.099999999999997, 0]",5
6,"[2, 1]",40.99999999999981,"[4, 4]","[0, 0]","[0, 0]",5
7,"[2, 1]",42.74999999999971,"[6, 6]","[0, 0]","[0, 0]",5
8,"[2, 1]",44.34999999999962,"[7, 7]","[0, 0]","[0, 0]",5
9,"[2, 3]",74.44999999999791,"[8, 1]","[0, 0]","[0, 0]",5
10,"[0, 1]",81.6999999999975,"[5, 15]","[1.5500000000000007, 0]","[1.5500000000000007, 0]",5
11,"[0, 3]",112.79999999999573,"[10, 16]","[0, 0]","[0, 0]",5
12,"[2, 3]",76.99999999999777,"[9, 9]","[0, 0]","[0, 0]",5
13,"[0, 3]",114.34999999999565,"[11, 11]","[0, 0]","[0, 0]",5
14,"[2, 1]",43.849999999999646,"[12, 3]","[0, 0]","[0, 0]",5
15,"[2, 1]",51.54999999999921,"[14, 5]","[2.549999999999999, 0]","[2.549999999999999, 0]",5
16,"[2, 3]",81.6999999999975,"[15, 12]","[4.94999999999999, 0]","[2.799999999999998, 0]",5
17,"[2, 1]",54.39999999999905,"[16, 10]","[7.84999999999998, 0]","[1.7500000000000009, 0]",5
18,"[2, 1]",56.24999999999894,"[17, 17]","[7.94999999999998, 0]","[0, 0]",5
19,"[0, 3]",115.69999999999557,"[13, 13]","[0, 0]","[0, 0]",5
20,"[2, 1]",58.299999999998825,"[18, 18]","[10.20000000000001, 0]","[0, 0]",5
21,"[2, 3]",91.54999999999694,"[20, 19]","[9.750000000000004, 0]","[0, 0]",5
22,"[2, 1]",67.29999999999832,"[21, 24]","[7.4499999999999815, 0]","[0, 0]",5
23,"[0, 1]",89.19999999999708,"[19, 20]","[0, 0]","[0, 0]",5
24,"[0, 1]",89.19999999999708,"[23, 23]","[0, 0]","[0, 0]",5
25,"[2, 1]",73.24999999999798,"[22, 27]","[5.749999999999988, 0]","[0, 0]",5
26,"[2, 1]",90.29999999999701,"[25, 31]","[14.350000000000069, 0]","[10.100000000000009, 0]",5
27,"[0, 1]",94.49999999999677,"[24, 22]","[2.4499999999999993, 0]","[2.4499999999999993, 0]",5
28,"[0, 3]",124.69999999999506,"[27, 21]","[0, 0]","[0, 0]",5
29,"[0, 1]",96.04999999999669,"[28, 25]","[0, 0]","[0, 0]",5
30,"[0, 1]",96.89999999999664,"[29, 29]","[0, 0]","[0, 0]",5
31,"[0, 1]",97.99999999999658,"[30, 30]","[0, 0]","[0, 0]",5
32,"[0, 3]",129.0499999999951,"[31, 28]","[0, 0]","[0, 0]",5
33,"[0, 1]",101.0999999999964,"[32, 26]","[0, 0]","[0, 0]",5
34,"[0, 1]",101.99999999999635,"[33, 33]","[0, 0]","[0, 0]",5
35,"[0, 3]",133.29999999999606,"[34, 42]","[0, 0]","[0, 0]",5
36,"[0, 3]",135.44999999999655,"[35, 35]","[0, 0]","[0, 0]",5
37,"[0, 1]",106.79999999999607,"[36, 44]","[0, 0]","[0, 0]",5
38,"[0, 3]",138.7499999999973,"[37, 49]","[0, 0]","[0, 0]",5
39,"[0, 1]",109.39999999999593,"[38, 37]","[0, 0]","[0, 0]",5
40,"[0, 3]",141.09999999999783,"[39, 57]","[0, 0]","[0, 0]",5
41,"[0, 1]",111.7499999999958,"[40, 39]","[0, 0]","[0, 0]",5
42,"[2, 3]",122.0999999999952,"[26, 32]","[2.6999999999999984, 0]","[0, 0]",5
43,"[0, 3]",143.94999999999848,"[41, 64]","[0, 0]","[0, 0]",5
44,"[2, 1]",98.04999999999657,"[42, 34]","[1.2500000000000004, 0]","[0, 0]",5
45,"[0, 1]",114.89999999999561,"[43, 67]","[0, 0]","[0, 0]",5
46,"[0, 3]",147.39999999999927,"[45, 70]","[0, 0]","[0, 0]",5
47,"[0, 1]",119.09999999999538,"[46, 72]","[0, 0]","[0, 0]",5
48,"[0, 3]",151.5000000000002,"[47, 79]","[0, 0]","[0, 0]",5
49,"[2, 3]",136.5999999999968,"[44, 36]","[3.4999999999999956, 0]","[3.4999999999999956, 0]",5
50,"[0, 1]",122.0999999999952,"[48, 47]","[0, 0]","[0, 0]",5
51,"[0, 3]",153.45000000000064,"[50, 48]","[0, 0]","[0, 0]",5
52,"[0, 3]",155.65000000000114,"[51, 51]","[0, 0]","[0, 0]",5
53,"[0, 1]",126.99999999999493,"[52, 50]","[0, 0]","[0, 0]",5
54,"[0, 1]",128.04999999999487,"[53, 53]","[0, 0]","[0, 0]",5
55,"[0, 3]",159.25000000000196,"[54, 52]","[0, 0]","[0, 0]",5
56,"[0, 1]",131.94999999999575,"[55, 54]","[0, 0]","[0, 0]",5
57,"[2, 3]",143.5999999999984,"[49, 38]","[0, 0]","[0, 0]",5
58,"[0, 3]",163.20000000000286,"[56, 55]","[0, 0]","[0, 0]",5
59,"[0, 1]",135.2499999999965,"[58, 56]","[0, 0]","[0, 0]",5
60,"[0, 3]",165.65000000000342,"[59, 58]","[0, 0]","[0, 0]",5
61,"[0, 3]",167.3000000000038,"[60, 60]","[0, 0]","[0, 0]",5
62,"[0, 1]",138.44999999999723,"[61, 59]","[0, 0]","[0, 0]",5
63,"[0, 3]",169.40000000000427,"[62, 61]","[0, 0]","[0, 0]",5
64,"[2, 3]",150.6,"[57, 40]","[3.4499999999999957, 0]","[3.4499999999999957, 0]",5
65,"[0, 3]",170.9000000000046,"[63, 63]","[0, 0]","[0, 0]",5
66,"[0, 1]",141.19999999999786,"[65, 62]","[0, 0]","[0, 0]",5
67,"[2, 1]",120.84999999999528,"[64, 41]","[2.2, 0]","[0, 0]",5
68,"[0, 1]",138.44999999999723,"[66, 66]","[0, 0]","[0, 0]",5
69,"[0, 3]",168.75000000000412,"[68, 65]","[0, 0]","[0, 0]",5
70,"[2, 3]",154.5500000000009,"[67, 43]","[5.09999999999999, 0]","[0, 0]",5
71,"[0, 1]",140.9999999999978,"[69, 68]","[0, 0]","[0, 0]",5
72,"[2, 1]",125.49999999999501,"[70, 45]","[7.89999999999998, 0]","[0, 0]",5
73,"[0, 1]",141.74999999999798,"[71, 71]","[0, 0]","[0, 0]",5
74,"[0, 1]",142.19999999999808,"[73, 73]","[0.35, 0]","[0, 0]",5
75,"[0, 1]",141.799999999998,"[74, 74]","[1.1500000000000004, 0]","[0, 0]",5
76,"[0, 1]",141.54999999999794,"[75, 75]","[1.6000000000000008, 0]","[0, 0]",5
77,"[0, 1]",141.799999999998,"[76, 76]","[1.900000000000001, 0]","[0, 0]",5
78,"[0, 3]",172.05000000000487,"[77, 69]","[2.25, 0]","[0, 0]",5
79,"[2, 3]",159.25000000000196,"[72, 46]","[14.900000000000077, 0]","[0, 0]",5
0,"[2, 1]",36.40000000000007,"[-999, -999]","[0, 0]","[0, 0]",6
1,"[2, 1]",38.09999999999997,"[0, 0]","[0, 0]","[0, 0]",6
2,"[2, 3]",68.64999999999824,"[1, -999]","[0, 0]","[0, 0]",6
3,"[2, 1]",39.04999999999992,"[2, 1]","[0, 0]","[0, 0]",6
4,"[0, 3]",97.69999999999659,"[-999, 8]","[0, 0]","[0, 0]",6
5,"[2, 1]",41.049999999999805,"[3, 3]","[0, 0]","[0, 0]",6
6,"[2, 3]",69.74999999999818,"[5, 2]","[0, 0]","[0, 0]",6
7,"[2, 1]",40.699999999999825,"[6, 5]","[0, 0]","[0, 0]",6
8,"[2, 3]",70.44999999999814,"[7, 6]","[0, 0]","[0, 0]",6
9,"[2, 1]",41.1499999999998,"[8, 7]","[0, 0]","[0, 0]",6
10,"[0, 1]",78.04999999999771,"[4, 14]","[3.2499999999999964, 0]","[3.2499999999999964, 0]",6
11,"[2, 3]",75.84999999999783,"[9, 4]","[0, 0]","[0, 0]",6
12,"[2, 1]",40.899999999999814,"[11, 9]","[0, 0]","[0, 0]",6
13,"[0, 3]",107.39999999999604,"[10, 11]","[0, 0]","[0, 0]",6
14,"[2, 1]",43.04999999999969,"[12, 12]","[0, 0]","[0, 0]",6
15,"[0, 1]",79.59999999999762,"[13, 16]","[0, 0]","[0, 0]",6
16,"[2, 1]",50.09999999999929,"[14, 10]","[1.1000000000000003, 0]","[1.1000000000000003, 0]",6
17,"[0, 1]",80.49999999999757,"[15, 15]","[0, 0]","[0, 0]",6
18,"[2, 3]",81.44999999999752,"[16, 13]","[3.049999999999997, 0]","[3.049999999999997, 0]",6
19,"[0, 3]",111.84999999999579,"[17, 18]","[0, 0]","[0, 0]",6
20,"[0, 3]",113.99999999999567,"[19, 19]","[0, 0]","[0, 0]",6
21,"[2, 1]",58.39999999999882,"[18, 17]","[7.149999999999983, 0]","[6.699999999999984, 0]",6
22,"[2, 3]",96.04999999999669,"[21, 20]","[3.2499999999999964, 0]","[3.2499999999999964, 0]",6
23,"[0, 1]",85.2999999999973,"[20, 21]","[0, 0]","[0, 0]",6
24,"[2, 3]",108.84999999999596,"[22, 27]","[14.500000000000071, 0]","[6.5999999999999845, 0]",6
25,"[2, 3]",110.74999999999585,"[24, 24]","[20.600000000000158, 0]","[0, 0]",6
26,"[0, 3]",117.44999999999547,"[23, 22]","[0, 0]","[0, 0]",6
27,"[0, 3]",118.79999999999539,"[26, 26]","[0, 0]","[0, 0]",6
28,"[0, 1]",89.59999999999705,"[27, 23]","[0, 0]","[0, 0]",6
29,"[0, 1]",90.69999999999699,"[28, 28]","[0, 0]","[0, 0]",6
30,"[0, 1]",91.74999999999693,"[29, 29]","[0, 0]","[0, 0]",6
31,"[0, 1]",92.84999999999687,"[30, 30]","[0, 0]","[0, 0]",6
32,"[0, 3]",126.94999999999493,"[31, 42]","[0, 0]","[0, 0]",6
33,"[0, 3]",133.59999999999613,"[32, 46]","[1.950000000000001, 0]","[1.950000000000001, 0]",6
34,"[2, 3]",112.84999999999573,"[25, 25]","[32.15000000000031, 0]","[0, 0]",6
35,"[0, 3]",134.54999999999634,"[33, 33]","[0, 0]","[0, 0]",6
36,"[0, 1]",103.19999999999628,"[35, 47]","[0, 0]","[0, 0]",6
37,"[0, 1]",104.34999999999621,"[36, 36]","[0, 0]","[0, 0]",6
38,"[0, 3]",135.6499999999966,"[37, 56]","[0, 0]","[0, 0]",6
39,"[0, 3]",137.74999999999707,"[38, 38]","[0, 0]","[0, 0]",6
40,"[0, 3]",139.2499999999974,"[39, 39]","[0, 0]","[0, 0]",6
41,"[0, 1]",110.24999999999588,"[40, 58]","[0, 0]","[0, 0]",6
42,"[2, 3]",115.0999999999956,"[34, 34]","[29.80000000000029, 0]","[0, 0]",6
43,"[0, 1]",111.29999999999582,"[41, 41]","[0, 0]","[0, 0]",6
44,"[0, 3]",142.6999999999982,"[43, 67]","[0, 0]","[0, 0]",6
45,"[0, 3]",144.8499999999987,"[44, 44]","[0, 0]","[0, 0]",6
46,"[2, 3]",122.39999999999519,"[42, 32]","[28.050000000000264, 0]","[0, 0]",6
47,"[2, 1]",92.1999999999969,"[46, -999]","[26.550000000000242, 0]","[0, 0]",6
48,"[0, 3]",146.39999999999904,"[45, 45]","[0, 0]","[0, 0]",6
49,"[0, 3]",147.74999999999935,"[48, 48]","[0, 0]","[0, 0]",6
50,"[0, 3]",154.1500000000008,"[49, 70]","[2.499999999999999, 0]","[2.499999999999999, 0]",6
51,"[0, 1]",124.09999999999509,"[50, 72]","[0, 0]","[0, 0]",6
52,"[0, 3]",154.85000000000096,"[51, 50]","[0, 0]","[0, 0]",6
53,"[0, 1]",127.24999999999491,"[52, 51]","[0, 0]","[0, 0]",6
54,"[0, 1]",128.34999999999494,"[53, 53]","[0, 0]","[0, 0]",6
55,"[0, 1]",129.44999999999519,"[54, 54]","[0, 0]","[0, 0]",6
56,"[2, 3]",130.19999999999536,"[47, 35]","[25.00000000000022, 0]","[0, 0]",6
57,"[0, 3]",160.50000000000225,"[55, 52]","[0, 0]","[0, 0]",6
58,"[2, 1]",105.34999999999616,"[56, 37]","[23.5500000000002, 0]","[0, 0]",6
59,"[0, 3]",162.85000000000278,"[57, 57]","[0, 0]","[0, 0]",6
60,"[0, 1]",134.3999999999963,"[59, 55]","[0, 0]","[0, 0]",6
61,"[0, 1]",135.44999999999655,"[60, 60]","[0, 0]","[0, 0]",6
62,"[0, 1]",136.5499999999968,"[61, 61]","[0, 0]","[0, 0]",6
63,"[0, 3]",167.60000000000386,"[62, 59]","[0, 0]","[0, 0]",6
64,"[0, 1]",140.29999999999765,"[63, 62]","[0, 0]","[0, 0]",6
65,"[0, 3]",171.40000000000472,"[64, 63]","[0, 0]","[0, 0]",6
66,"[0, 1]",141.4499999999979,"[65, 64]","[0, 0]","[0, 0]",6
67,"[2, 3]",148.4499999999995,"[58, 40]","[24.850000000000218, 0]","[2.7499999999999982, 0]",6
68,"[0, 1]",141.3999999999979,"[66, 66]","[0, 0]","[0, 0]",6
69,"[2, 1]",125.44999999999501,"[67, 43]","[23.900000000000205, 0]","[3.2999999999999963, 0]",6
70,"[2, 3]",173.5500000000052,"[69, 49]","[28.700000000000273, 0]","[9.55, 0]",6
71,"[0, 1]",141.799999999998,"[68, 68]","[0.8500000000000002, 0]","[0, 0]",6
72,"[2, 1]",141.89999999999802,"[70, -999]","[17.700000000000117, 0]","[0, 0]",6
73,"[0, 1]",137.94999999999712,"[71, 71]","[1.6000000000000008, 0]","[0, 0]",6
74,"[0, 1]",137.449999999997,"[73, 73]","[2.000000000000001, 0]","[0, 0]",6
75,"[0, 3]",167.90000000000393,"[74, 65]","[2.849999999999998, 0]","[0, 0]",6
76,"[0, 1]",139.5999999999975,"[75, 74]","[3.649999999999995, 0]","[0, 0]",6
77,"[0, 3]",168.35000000000403,"[76, 75]","[4.199999999999993, 0]","[0, 0]",6
78,"[0, 3]",169.80000000000436,"[77, 77]","[4.599999999999992, 0]","[0, 0]",6
79,"[0, 3]",170.8500000000046,"[78, 78]","[5.04999999999999, 0]","[0, 0]",6
0,"[2, 1]",36.40000000000007,"[-999, -999]","[0, 0]","[0, 0]",7
1,"[2, 1]",38.09999999999997,"[0, 0]","[0, 0]","[0, 0]",7
2,"[2, 3]",68.64999999999824,"[1, -999]","[0, 0]","[0, 0]",7
3,"[2, 1]",39.04999999999992,"[2, 1]","[0, 0]","[0, 0]",7
4,"[2, 1]",41.049999999999805,"[3, 3]","[0, 0]","[0, 0]",7
5,"[2, 3]",69.74999999999818,"[4, 2]","[0, 0]","[0, 0]",7
6,"[2, 1]",40.699999999999825,"[5, 4]","[0, 0]","[0, 0]",7
7,"[2, 3]",70.44999999999814,"[6, 5]","[0, 0]","[0, 0]",7
8,"[2, 1]",41.1499999999998,"[7, 6]","[0, 0]","[0, 0]",7
9,"[2, 1]",43.04999999999969,"[8, 8]","[0, 0]","[0, 0]",7
10,"[2, 1]",44.549999999999606,"[9, 9]","[0, 0]","[0, 0]",7
11,"[2, 1]",45.999999999999524,"[10, 10]","[0, 0]","[0, 0]",7
12,"[2, 3]",73.84999999999795,"[11, 13]","[0, 0]","[0, 0]",7
13,"[0, 3]",96.74999999999665,"[-999, 7]","[0, 0]","[0, 0]",7
14,"[2, 1]",44.6999999999996,"[12, 11]","[0, 0]","[0, 0]",7
15,"[0, 3]",105.74999999999613,"[13, 12]","[3.149999999999997, 0]","[3.149999999999997, 0]",7
16,"[0, 1]",75.69999999999784,"[15, 14]","[0, 0]","[0, 0]",7
17,"[2, 3]",77.74999999999773,"[14, 15]","[0, 0]","[0, 0]",7
18,"[0, 1]",81.39999999999752,"[16, 23]","[2.499999999999999, 0]","[2.499999999999999, 0]",7
19,"[0, 3]",112.94999999999573,"[18, 29]","[0, 0]","[0, 0]",7
20,"[0, 1]",90.39999999999701,"[19, 70]","[2.9499999999999975, 0]","[2.9499999999999975, 0]",7
21,"[0, 1]",95.44999999999672,"[20, 77]","[2.5999999999999988, 0]","[2.5999999999999988, 0]",7
22,"[0, 1]",94.84999999999675,"[21, 21]","[0, 0]","[0, 0]",7
23,"[2, 1]",48.49999999999938,"[17, 16]","[0, 0]","[0, 0]",7
24,"[0, 3]",125.29999999999502,"[22, 71]","[0, 0]","[0, 0]",7
25,"[0, 3]",127.64999999999489,"[24, 24]","[0, 0]","[0, 0]",7
26,"[0, 1]",99.14999999999651,"[25, 22]","[0, 0]","[0, 0]",7
27,"[0, 1]",100.19999999999645,"[26, 26]","[0.5499999999999999, 0]","[0, 0]",7
28,"[0, 1]",101.34999999999638,"[27, 27]","[1.4000000000000006, 0]","[0, 0]",7
29,"[2, 3]",78.49999999999768,"[23, 17]","[0, 0]","[0, 0]",7
30,"[0, 1]",102.39999999999633,"[28, 28]","[1.7500000000000009, 0]","[0, 0]",7
31,"[0, 1]",103.39999999999627,"[30, 30]","[2.1000000000000005, 0]","[0, 0]",7
32,"[0, 1]",104.44999999999621,"[31, 31]","[2.000000000000001, 0]","[0, 0]",7
33,"[0, 3]",135.44999999999655,"[32, 25]","[2.0500000000000007, 0]","[0, 0]",7
34,"[0, 3]",137.79999999999708,"[33, 33]","[2.0500000000000007, 0]","[0, 0]",7
35,"[0, 3]",139.39999999999745,"[34, 34]","[1.950000000000001, 0]","[0, 0]",7
36,"[0, 1]",110.49999999999586,"[35, -999]","[1.800000000000001, 0]","[0, 0]",7
37,"[0, 3]",141.94999999999803,"[36, 35]","[1.7000000000000008, 0]","[0, 0]",7
38,"[0, 3]",144.14999999999853,"[37, 37]","[2.3, 0]","[0, 0]",7
39,"[0, 3]",145.69999999999888,"[38, 38]","[3.2999999999999963, 0]","[0, 0]",7
40,"[0, 3]",147.0999999999992,"[39, 39]","[3.1999999999999966, 0]","[0, 0]",7
41,"[0, 1]",117.94999999999544,"[40, -999]","[2.6999999999999984, 0]","[0, 0]",7
42,"[0, 1]",119.09999999999538,"[41, 41]","[2.1000000000000005, 0]","[0, 0]",7
43,"[0, 1]",120.19999999999531,"[42, 42]","[1.5000000000000007, 0]","[0, 0]",7
44,"[0, 1]",121.24999999999525,"[43, 43]","[0.9000000000000002, 0]","[0, 0]",7
45,"[0, 1]",122.2999999999952,"[44, 44]","[0, 0]","[0, 0]",7
46,"[0, 3]",153.2500000000006,"[45, 40]","[0, 0]","[0, 0]",7
47,"[0, 1]",125.99999999999498,"[46, 45]","[0, 0]","[0, 0]",7
48,"[0, 1]",127.09999999999492,"[47, 47]","[0, 0]","[0, 0]",7
49,"[0, 1]",128.1499999999949,"[48, 48]","[0, 0]","[0, 0]",7
50,"[2, 1]",50.749999999999254,"[29, 18]","[0, 0]","[0, 0]",7
51,"[0, 1]",128.34999999999494,"[49, 49]","[0, 0]","[0, 0]",7
52,"[0, 3]",157.7000000000016,"[51, 46]","[0, 0]","[0, 0]",7
53,"[0, 1]",130.04999999999532,"[52, 51]","[0.65, 0]","[0, 0]",7
54,"[0, 1]",130.89999999999552,"[53, 53]","[1.3000000000000005, 0]","[0, 0]",7
55,"[0, 3]",161.75000000000253,"[54, 52]","[1.7000000000000008, 0]","[0, 0]",7
56,"[0, 1]",134.14999999999625,"[55, 54]","[2.0500000000000007, 0]","[0, 0]",7
57,"[0, 3]",165.2000000000033,"[56, 55]","[2.0500000000000007, 0]","[0, 0]",7
58,"[0, 3]",167.05000000000373,"[57, 57]","[1.4500000000000006, 0]","[0, 0]",7
59,"[0, 3]",162.35000000000267,"[58, 58]","[0, 0]","[0, 0]",7
60,"[0, 3]",162.80000000000277,"[59, 59]","[0, 0]","[0, 0]",7
61,"[0, 1]",133.4499999999961,"[60, -999]","[0, 0]","[0, 0]",7
62,"[0, 1]",134.3499999999963,"[61, 61]","[0, 0]","[0, 0]",7
63,"[0, 3]",165.00000000000327,"[62, 60]","[0, 0]","[0, 0]",7
64,"[0, 1]",135.74999999999662,"[63, 62]","[0, 0]","[0, 0]",7
65,"[0, 3]",166.0500000000035,"[64, 63]","[0, 0]","[0, 0]",7
66,"[0, 1]",137.79999999999708,"[65, 64]","[1.3500000000000005, 0]","[0, 0]",7
67,"[0, 1]",137.69999999999706,"[66, 66]","[0.9000000000000002, 0]","[0, 0]",7
68,"[0, 1]",132.5999999999959,"[67, 67]","[1.2000000000000004, 0]","[0, 0]",7
69,"[0, 3]",163.30000000000288,"[68, 65]","[1.1500000000000004, 0]","[0, 0]",7
70,"[2, 1]",43.849999999999646,"[50, 50]","[0, 0]","[0, 0]",7
71,"[2, 3]",74.99999999999788,"[70, 19]","[0, 0]","[0, 0]",7
72,"[0, 3]",165.40000000000336,"[69, 69]","[0.65, 0]","[0, 0]",7
73,"[0, 1]",136.89999999999688,"[72, 68]","[0, 0]","[0, 0]",7
74,"[0, 1]",135.89999999999665,"[73, 73]","[0, 0]","[0, 0]",7
75,"[0, 1]",133.64999999999614,"[74, 74]","[0, 0]","[0, 0]",7
76,"[0, 1]",134.44999999999632,"[75, 75]","[0, 0]","[0, 0]",7
77,"[2, 1]",46.3999999999995,"[71, 20]","[0, 0]","[0, 0]",7
78,"[0, 1]",135.2499999999965,"[76, 76]","[0, 0]","[0, 0]",7
79,"[0, 3]",165.90000000000347,"[78, 72]","[0, 0]","[0, 0]",7
0,"[2, 1]",36.40000000000007,"[-999, -999]","[0, 0]","[0, 0]",8
1,"[0, 3]",106.14999999999611,"[-999, 14]","[0, 0]","[3.099999999999997, 0]",8
2,"[0, 3]",112.79999999999573,"[1, 15]","[2.3, 0]","[2.3, 0]",8
3,"[2, 1]",38.09999999999997,"[0, 0]","[0, 0]","[0, 0]",8
4,"[2, 1]",39.89999999999987,"[3, 3]","[0, 0]","[0, 0]",8
5,"[0, 1]",81.34999999999752,"[2, 16]","[0, 0]","[0, 0]",8
6,"[0, 3]",114.69999999999563,"[5, 18]","[0, 0]","[0, 0]",8
7,"[2, 3]",69.04999999999822,"[4, -999]","[0, 0]","[0, 0]",8
8,"[2, 1]",39.89999999999987,"[7, 4]","[0, 0]","[0, 0]",8
9,"[2, 1]",41.749999999999766,"[8, 8]","[0, 0]","[0, 0]",8
10,"[0, 1]",84.79999999999733,"[6, 5]","[0, 0]","[0, 0]",8
11,"[2, 1]",43.499999999999666,"[9, 9]","[0, 0]","[0, 0]",8
12,"[0, 1]",85.94999999999726,"[10, 10]","[0, 0]","[0, 0]",8
13,"[2, 3]",70.84999999999812,"[11, 7]","[0, 0]","[0, 0]",8
14,"[2, 3]",73.34999999999798,"[13, 13]","[0, 0]","[0, 0]",8
15,"[2, 3]",80.54999999999757,"[14, 1]","[1.1000000000000003, 0]","[1.1000000000000003, 0]",8
16,"[2, 1]",49.44999999999933,"[15, -999]","[0, 0]","[0, 0]",8
17,"[0, 1]",87.0499999999972,"[12, 12]","[0, 0]","[0, 0]",8
18,"[2, 3]",82.99999999999743,"[16, 2]","[0, 0]","[0, 0]",8
19,"[2, 3]",89.39999999999706,"[18, 6]","[0, 0]","[0, 0]",8
20,"[2, 3]",90.94999999999698,"[19, 19]","[6.699999999999984, 0]","[0, 0]",8
21,"[2, 1]",66.99999999999834,"[20, 17]","[9.099999999999994, 0]","[0, 0]",8
22,"[0, 1]",92.59999999999688,"[17, 21]","[2.4499999999999993, 0]","[2.4499999999999993, 0]",8
23,"[2, 1]",72.39999999999803,"[21, 22]","[7.149999999999983, 0]","[0, 0]",8
24,"[0, 3]",122.74999999999517,"[22, 20]","[0, 0]","[0, 0]",8
25,"[0, 1]",94.64999999999677,"[24, 23]","[0, 0]","[0, 0]",8
26,"[2, 3]",104.4999999999962,"[23, 24]","[6.249999999999986, 0]","[0, 0]",8
27,"[0, 3]",127.14999999999492,"[25, 26]","[0, 0]","[0, 0]",8
28,"[0, 3]",128.54999999999498,"[27, 27]","[0, 0]","[0, 0]",8
29,"[0, 1]",99.09999999999651,"[28, 30]","[0, 0]","[0, 0]",8
30,"[2, 1]",75.54999999999785,"[26, 25]","[5.4999999999999885, 0]","[0, 0]",8
31,"[0, 3]",131.19999999999558,"[29, 36]","[0, 0]","[0, 0]",8
32,"[0, 1]",102.29999999999633,"[31, 37]","[0, 0]","[0, 0]",8
33,"[0, 1]",103.24999999999628,"[32, 32]","[0, 0]","[0, 0]",8
34,"[0, 1]",104.29999999999622,"[33, 33]","[0, 0]","[0, 0]",8
35,"[0, 3]",135.29999999999652,"[34, 31]","[0, 0]","[0, 0]",8
36,"[2, 3]",113.74999999999568,"[30, 28]","[4.6499999999999915, 0]","[0, 0]",8
37,"[2, 1]",84.14999999999736,"[36, 29]","[3.8499999999999943, 0]","[0, 0]",8
38,"[0, 3]",137.59999999999704,"[35, 35]","[0, 0]","[0, 0]",8
39,"[0, 1]",109.09999999999594,"[38, 50]","[0, 0]","[0, 0]",8
40,"[0, 3]",141.19999999999786,"[39, 60]","[0, 0]","[0, 0]",8
41,"[0, 1]",112.04999999999578,"[40, 39]","[0, 0]","[0, 0]",8
42,"[0, 3]",144.09999999999852,"[41, 79]","[0, 0]","[0, 0]",8
43,"[0, 1]",114.94999999999561,"[42, 41]","[0, 0]","[0, 0]",8
44,"[0, 3]",146.29999999999902,"[43, 42]","[0, 0]","[0, 0]",8
45,"[0, 1]",118.7499999999954,"[44, 43]","[0, 0]","[0, 0]",8
46,"[0, 3]",150.09999999999988,"[45, 44]","[0, 0]","[0, 0]",8
47,"[0, 1]",122.69999999999517,"[46, 45]","[0, 0]","[0, 0]",8
48,"[0, 3]",154.00000000000077,"[47, 46]","[0, 0]","[0, 0]",8
49,"[0, 1]",126.54999999999495,"[48, 47]","[0, 0]","[0, 0]",8
50,"[2, 1]",103.24999999999628,"[37, 34]","[12.700000000000045, 0]","[9.750000000000004, 0]",8
51,"[0, 1]",127.69999999999489,"[49, 49]","[0, 0]","[0, 0]",8
52,"[0, 3]",158.90000000000188,"[51, 48]","[0, 0]","[0, 0]",8
53,"[0, 3]",161.2000000000024,"[52, 52]","[0, 0]","[0, 0]",8
54,"[0, 1]",132.69999999999592,"[53, 51]","[0, 0]","[0, 0]",8
55,"[0, 1]",133.74999999999616,"[54, 54]","[0, 0]","[0, 0]",8
56,"[0, 1]",134.7999999999964,"[55, 55]","[0, 0]","[0, 0]",8
57,"[0, 3]",165.75000000000344,"[56, 53]","[0.65, 0]","[0, 0]",8
58,"[0, 1]",138.39999999999722,"[57, 56]","[1.3000000000000005, 0]","[0, 0]",8
59,"[0, 1]",139.34999999999744,"[58, 58]","[1.6500000000000008, 0]","[0, 0]",8
60,"[2, 3]",140.74999999999775,"[50, 38]","[4.99999999999999, 0]","[3.1999999999999966, 0]",8
61,"[0, 3]",170.10000000000443,"[59, 57]","[1.950000000000001, 0]","[0, 0]",8
62,"[0, 1]",141.3999999999979,"[61, 59]","[2.25, 0]","[0, 0]",8
63,"[0, 3]",171.7000000000048,"[62, 61]","[1.7500000000000009, 0]","[0, 0]",8
64,"[0, 1]",136.9999999999969,"[63, 62]","[0, 0]","[0, 0]",8
65,"[0, 3]",167.70000000000388,"[64, 63]","[0, 0]","[0, 0]",8
66,"[0, 1]",140.0499999999976,"[65, 64]","[0, 0]","[0, 0]",8
67,"[0, 3]",171.15000000000467,"[66, 65]","[0, 0]","[0, 0]",8
68,"[0, 1]",143.39999999999836,"[67, 66]","[0, 0]","[0, 0]",8
69,"[0, 1]",143.9999999999985,"[68, 68]","[0, 0]","[0, 0]",8
70,"[0, 1]",144.09999999999852,"[69, 69]","[0, 0]","[0, 0]",8
71,"[0, 3]",172.75000000000503,"[70, 67]","[0, 0]","[0, 0]",8
72,"[0, 1]",143.94999999999848,"[71, 70]","[0, 0]","[0, 0]",8
73,"[0, 1]",141.99999999999804,"[72, 72]","[0, 0]","[0, 0]",8
74,"[0, 1]",141.3499999999979,"[73, 73]","[0, 0]","[0, 0]",8
75,"[0, 1]",141.3999999999979,"[74, 74]","[0, 0]","[0, 0]",8
76,"[0, 1]",139.84999999999755,"[75, 75]","[0, 0]","[0, 0]",8
77,"[0, 1]",138.04999999999714,"[76, 76]","[0, 0]","[0, 0]",8
78,"[0, 3]",165.35000000000335,"[77, 71]","[0, 0]","[0, 0]",8
79,"[2, 3]",144.8999999999987,"[60, 40]","[4.699999999999991, 0]","[3.399999999999996, 0]",8
0,"[2, 3]",67.7499999999983,"[-999, -999]","[0, 0]","[0, 0]",9
1,"[2, 3]",70.84999999999812,"[0, 0]","[0, 0]","[0, 0]",9
2,"[2, 3]",72.69999999999801,"[1, 1]","[0, 0]","[0, 0]",9
3,"[2, 3]",74.29999999999792,"[2, 2]","[0, 0]","[0, 0]",9
4,"[2, 1]",39.54999999999989,"[3, -999]","[0, 0]","[0, 0]",9
5,"[2, 1]",41.84999999999976,"[4, 4]","[0, 0]","[0, 0]",9
6,"[0, 1]",67.6499999999983,"[-999, 9]","[0, 0]","[0, 0]",9
7,"[2, 1]",42.8499999999997,"[5, 5]","[0, 0]","[0, 0]",9
8,"[0, 1]",73.89999999999795,"[6, 12]","[0, 0]","[0, 0]",9
9,"[2, 1]",44.14999999999963,"[7, 7]","[0, 0]","[0, 0]",9
10,"[2, 3]",74.19999999999793,"[9, 3]","[0, 0]","[0, 0]",9
11,"[0, 1]",80.69999999999756,"[8, 14]","[1.4500000000000006, 0]","[1.4500000000000006, 0]",9
12,"[2, 1]",47.749999999999424,"[10, 6]","[0, 0]","[0, 0]",9
13,"[0, 3]",111.6999999999958,"[11, 17]","[0, 0]","[0, 0]",9
14,"[2, 1]",53.899999999999075,"[12, 8]","[3.1999999999999966, 0]","[3.1999999999999966, 0]",9
15,"[0, 1]",84.09999999999737,"[13, 20]","[0, 0]","[0, 0]",9
16,"[0, 1]",84.54999999999734,"[15, 15]","[0, 0]","[0, 0]",9
17,"[2, 3]",83.74999999999739,"[14, 10]","[0, 0]","[0, 0]",9
18,"[0, 3]",115.49999999999558,"[16, 13]","[0, 0]","[0, 0]",9
19,"[0, 1]",86.84999999999721,"[18, 24]","[0, 0]","[0, 0]",9
20,"[2, 1]",56.44999999999893,"[17, 11]","[0, 0]","[0, 0]",9
21,"[0, 1]",92.3999999999969,"[19, 30]","[2.3999999999999995, 0]","[2.3999999999999995, 0]",9
22,"[0, 1]",97.6499999999966,"[21, 37]","[2.549999999999999, 0]","[2.549999999999999, 0]",9
23,"[0, 1]",103.94999999999624,"[22, 38]","[2.1500000000000004, 0]","[2.1500000000000004, 0]",9
24,"[2, 1]",69.69999999999818,"[20, 16]","[15.15000000000008, 0]","[6.149999999999986, 0]",9
25,"[0, 1]",109.04999999999595,"[23, 43]","[2.3, 0]","[2.3, 0]",9
26,"[0, 3]",137.449999999997,"[25, 18]","[0, 0]","[0, 0]",9
27,"[0, 1]",108.64999999999597,"[26, 60]","[0.7000000000000001, 0]","[0, 0]",9
28,"[0, 1]",114.24999999999565,"[27, 62]","[3.7999999999999945, 0]","[2.499999999999999, 0]",9
29,"[0, 3]",146.34999999999903,"[28, 65]","[1.4000000000000006, 0]","[0, 0]",9
30,"[2, 1]",75.94999999999783,"[24, 19]","[12.150000000000038, 0]","[0, 0]",9
31,"[0, 3]",147.89999999999938,"[29, 29]","[1.5000000000000007, 0]","[0, 0]",9
32,"[0, 3]",153.90000000000074,"[31, 70]","[3.999999999999994, 0]","[2.3999999999999995, 0]",9
33,"[0, 1]",124.34999999999508,"[32, 77]","[1.6000000000000008, 0]","[0, 0]",9
34,"[0, 1]",124.74999999999505,"[33, 33]","[1.6500000000000008, 0]","[0, 0]",9
35,"[0, 3]",155.75000000000117,"[34, 32]","[1.6500000000000008, 0]","[0, 0]",9
36,"[0, 1]",128.29999999999492,"[35, 34]","[1.6500000000000008, 0]","[0, 0]",9
37,"[2, 1]",81.34999999999752,"[30, 21]","[9.800000000000004, 0]","[0, 0]",9
38,"[2, 1]",86.8999999999972,"[37, 22]","[8.09999999999998, 0]","[0, 0]",9
39,"[0, 1]",129.39999999999517,"[36, 36]","[1.6000000000000008, 0]","[0, 0]",9
40,"[0, 3]",160.55000000000226,"[39, 35]","[1.5000000000000007, 0]","[0, 0]",9
41,"[0, 1]",133.24999999999605,"[40, 39]","[1.2500000000000004, 0]","[0, 0]",9
42,"[0, 3]",164.55000000000317,"[41, 40]","[0.8500000000000002, 0]","[0, 0]",9
43,"[2, 1]",92.09999999999691,"[38, 23]","[6.799999999999984, 0]","[0, 0]",9
44,"[0, 1]",137.0499999999969,"[42, 41]","[0, 0]","[0, 0]",9
45,"[0, 1]",138.19999999999717,"[44, 44]","[0, 0]","[0, 0]",9
46,"[0, 3]",169.35000000000426,"[45, 42]","[1.6000000000000008, 0]","[0, 0]",9
47,"[0, 1]",141.99999999999804,"[46, 45]","[3.1999999999999966, 0]","[0, 0]",9
48,"[0, 1]",143.0999999999983,"[47, 47]","[2.8999999999999977, 0]","[0, 0]",9
49,"[0, 1]",144.19999999999854,"[48, 48]","[2.3999999999999995, 0]","[0, 0]",9
50,"[0, 3]",175.2000000000056,"[49, 46]","[1.900000000000001, 0]","[0, 0]",9
51,"[0, 3]",177.5000000000061,"[50, 50]","[1.3000000000000005, 0]","[0, 0]",9
52,"[0, 3]",179.05000000000646,"[51, 51]","[0.65, 0]","[0, 0]",9
53,"[0, 1]",149.89999999999984,"[52, -999]","[0.7500000000000001, 0]","[0, 0]",9
54,"[0, 1]",147.29999999999924,"[53, 53]","[1.1500000000000004, 0]","[0, 0]",9
55,"[0, 1]",146.29999999999902,"[54, 54]","[1.7000000000000008, 0]","[0, 0]",9
56,"[0, 3]",172.40000000000495,"[55, 52]","[2.549999999999999, 0]","[0, 0]",9
57,"[0, 1]",143.1999999999983,"[56, 55]","[3.5499999999999954, 0]","[0, 0]",9
58,"[0, 3]",171.7000000000048,"[57, 56]","[4.899999999999991, 0]","[0, 0]",9
59,"[0, 3]",173.5500000000052,"[58, 58]","[5.749999999999988, 0]","[0, 0]",9
60,"[2, 1]",97.5999999999966,"[43, 25]","[5.649999999999988, 0]","[0, 0]",9
61,"[0, 3]",174.8000000000055,"[59, 59]","[5.549999999999988, 0]","[0, 0]",9
62,"[2, 1]",103.59999999999626,"[60, 27]","[5.449999999999989, 0]","[0, 0]",9
63,"[0, 3]",169.1500000000042,"[61, 61]","[2.3499999999999996, 0]","[0, 0]",9
64,"[0, 1]",137.79999999999708,"[63, -999]","[1.900000000000001, 0]","[0, 0]",9
65,"[2, 3]",133.69999999999615,"[62, 26]","[5.799999999999987, 0]","[0, 0]",9
66,"[0, 1]",133.34999999999607,"[64, 64]","[0, 0]","[0, 0]",9
67,"[0, 1]",132.39999999999586,"[66, 66]","[0, 0]","[0, 0]",9
68,"[0, 1]",133.19999999999604,"[67, 67]","[0, 0]","[0, 0]",9
69,"[2, 1]",105.89999999999613,"[65, 28]","[5.09999999999999, 0]","[0, 0]",9
70,"[2, 3]",143.84999999999846,"[69, 31]","[4.699999999999991, 0]","[0, 0]",9
71,"[0, 1]",133.79999999999617,"[68, 68]","[0, 0]","[0, 0]",9
72,"[0, 3]",163.800000000003,"[71, 63]","[0, 0]","[0, 0]",9
73,"[0, 1]",135.79999999999663,"[72, 71]","[0, 0]","[0, 0]",9
74,"[0, 1]",136.24999999999673,"[73, 73]","[0, 0]","[0, 0]",9
75,"[0, 1]",132.5499999999959,"[74, 74]","[0, 0]","[0, 0]",9
76,"[0, 1]",132.49999999999588,"[75, 75]","[0, 0]","[0, 0]",9
77,"[2, 1]",112.34999999999576,"[70, 69]","[4.449999999999992, 0]","[0, 0]",9
78,"[0, 1]",132.84999999999596,"[76, 76]","[0, 0]","[0, 0]",9
79,"[0, 1]",132.999999999996,"[78, 78]","[0, 0]","[0, 0]",9
0,"[2, 3]",67.7499999999983,"[-999, -999]","[0, 0]","[0, 0]",10
1,"[2, 3]",70.84999999999812,"[0, 0]","[0, 0]","[0, 0]",10
2,"[0, 3]",96.69999999999665,"[-999, 6]","[0, 0]","[0, 0]",10
3,"[0, 3]",105.09999999999617,"[2, 12]","[0, 0]","[0, 0]",10
4,"[0, 1]",75.24999999999787,"[3, 11]","[0, 0]","[0, 0]",10
5,"[2, 1]",37.550000000000004,"[1, -999]","[0, 0]","[0, 0]",10
6,"[2, 3]",70.09999999999816,"[5, 1]","[0, 0]","[0, 0]",10
7,"[2, 1]",39.799999999999876,"[6, 5]","[0, 0]","[0, 0]",10
8,"[2, 1]",41.79999999999976,"[7, 7]","[0, 0]","[0, 0]",10
9,"[2, 1]",43.499999999999666,"[8, 8]","[0, 0]","[0, 0]",10
10,"[0, 3]",112.29999999999576,"[4, 16]","[2.549999999999999, 0]","[2.549999999999999, 0]",10
11,"[2, 1]",45.04999999999958,"[9, 9]","[0, 0]","[0, 0]",10
12,"[2, 3]",76.89999999999777,"[11, 2]","[0, 0]","[0, 0]",10
13,"[0, 1]",82.19999999999747,"[10, 4]","[0, 0]","[0, 0]",10
14,"[2, 3]",83.74999999999739,"[12, 3]","[2.9999999999999973, 0]","[2.9999999999999973, 0]",10
15,"[0, 3]",114.44999999999564,"[13, 17]","[0, 0]","[0, 0]",10
16,"[2, 3]",85.1499999999973,"[14, 14]","[0, 0]","[0, 0]",10
17,"[2, 3]",91.44999999999695,"[16, 10]","[0, 0]","[0, 0]",10
18,"[0, 1]",85.3499999999973,"[15, 22]","[0, 0]","[0, 0]",10
19,"[0, 1]",91.64999999999694,"[18, 38]","[2.799999999999998, 0]","[2.799999999999998, 0]",10
20,"[0, 3]",121.29999999999525,"[19, 15]","[0, 0]","[0, 0]",10
21,"[0, 1]",93.14999999999685,"[20, 62]","[0, 0]","[0, 0]",10
22,"[2, 1]",61.54999999999864,"[17, 13]","[12.600000000000044, 0]","[0, 0]",10
23,"[0, 1]",94.24999999999679,"[21, 21]","[0, 0]","[0, 0]",10
24,"[0, 3]",125.39999999999502,"[23, 63]","[0, 0]","[0, 0]",10
25,"[0, 1]",97.09999999999663,"[24, 77]","[0, 0]","[0, 0]",10
26,"[0, 3]",128.29999999999492,"[25, 24]","[0, 0]","[0, 0]",10
27,"[0, 1]",100.79999999999642,"[26, 25]","[0, 0]","[0, 0]",10
28,"[0, 3]",132.1499999999958,"[27, 26]","[0, 0]","[0, 0]",10
29,"[0, 3]",134.3999999999963,"[28, 28]","[0, 0]","[0, 0]",10
30,"[0, 3]",135.99999999999667,"[29, 29]","[0, 0]","[0, 0]",10
31,"[0, 1]",106.94999999999607,"[30, -999]","[0, 0]","[0, 0]",10
32,"[0, 3]",138.44999999999723,"[31, 30]","[0, 0]","[0, 0]",10
33,"[0, 3]",140.64999999999773,"[32, 32]","[0, 0]","[0, 0]",10
34,"[0, 1]",112.09999999999577,"[33, 31]","[0, 0]","[0, 0]",10
35,"[0, 3]",143.49999999999838,"[34, 33]","[0, 0]","[0, 0]",10
36,"[0, 3]",145.7499999999989,"[35, 35]","[0, 0]","[0, 0]",10
37,"[0, 1]",117.14999999999549,"[36, 34]","[0, 0]","[0, 0]",10
38,"[2, 1]",69.74999999999818,"[22, 18]","[11.350000000000026, 0]","[0, 0]",10
39,"[0, 1]",118.19999999999543,"[37, 37]","[0, 0]","[0, 0]",10
40,"[0, 1]",119.29999999999536,"[39, 39]","[0, 0]","[0, 0]",10
41,"[0, 1]",120.3999999999953,"[40, 40]","[0, 0]","[0, 0]",10
42,"[0, 3]",151.35000000000016,"[41, 36]","[0, 0]","[0, 0]",10
43,"[0, 3]",153.6500000000007,"[42, 42]","[0, 0]","[0, 0]",10
44,"[0, 1]",125.14999999999503,"[43, 41]","[0, 0]","[0, 0]",10
45,"[0, 3]",156.60000000000136,"[44, 43]","[0, 0]","[0, 0]",10
46,"[0, 1]",129.0499999999951,"[45, 44]","[0, 0]","[0, 0]",10
47,"[0, 3]",160.45000000000223,"[46, 45]","[0, 0]","[0, 0]",10
48,"[0, 3]",162.65000000000273,"[47, 47]","[0, 0]","[0, 0]",10
49,"[0, 1]",134.04999999999623,"[48, 46]","[0, 0]","[0, 0]",10
50,"[0, 3]",165.40000000000336,"[49, 48]","[0, 0]","[0, 0]",10
51,"[0, 1]",137.79999999999708,"[50, 49]","[0, 0]","[0, 0]",10
52,"[0, 3]",169.00000000000418,"[51, 50]","[0, 0]","[0, 0]",10
53,"[0, 3]",170.95000000000462,"[52, 52]","[0, 0]","[0, 0]",10
54,"[0, 1]",141.04999999999782,"[53, 51]","[0, 0]","[0, 0]",10
55,"[0, 3]",170.0000000000044,"[54, 53]","[0, 0]","[0, 0]",10
56,"[0, 1]",140.39999999999768,"[55, 54]","[0, 0]","[0, 0]",10
57,"[0, 3]",170.9000000000046,"[56, 55]","[0, 0]","[0, 0]",10
58,"[0, 1]",142.49999999999815,"[57, 56]","[0, 0]","[0, 0]",10
59,"[0, 1]",141.14999999999785,"[58, 58]","[0, 0]","[0, 0]",10
60,"[0, 3]",170.0000000000044,"[59, 57]","[0, 0]","[0, 0]",10
61,"[0, 3]",170.70000000000456,"[60, 60]","[0, 0]","[0, 0]",10
62,"[2, 1]",61.449999999998646,"[38, 19]","[0, 0]","[0, 0]",10
63,"[2, 3]",93.9999999999968,"[62, 20]","[0, 0]","[0, 0]",10
64,"[0, 3]",171.3000000000047,"[61, 61]","[0, 0]","[0, 0]",10
65,"[0, 3]",168.45000000000405,"[64, 64]","[0, 0]","[0, 0]",10
66,"[0, 1]",138.3499999999972,"[65, -999]","[0, 0]","[0, 0]",10
67,"[0, 1]",139.09999999999738,"[66, 66]","[0, 0]","[0, 0]",10
68,"[0, 1]",139.89999999999756,"[67, 67]","[0, 0]","[0, 0]",10
69,"[0, 3]",170.20000000000445,"[68, 65]","[0, 0]","[0, 0]",10
70,"[0, 1]",137.54999999999703,"[69, 68]","[0, 0]","[0, 0]",10
71,"[0, 1]",138.19999999999717,"[70, 70]","[0, 0]","[0, 0]",10
72,"[0, 3]",169.1500000000042,"[71, 69]","[0, 0]","[0, 0]",10
73,"[0, 1]",141.54999999999794,"[72, 71]","[0, 0]","[0, 0]",10
74,"[0, 1]",141.89999999999802,"[73, 73]","[0, 0]","[0, 0]",10
75,"[0, 1]",138.44999999999723,"[74, 74]","[0, 0]","[0, 0]",10
76,"[0, 1]",137.74999999999707,"[75, 75]","[0, 0]","[0, 0]",10
77,"[2, 1]",60.84999999999868,"[63, 23]","[0, 0]","[0, 0]",10
78,"[0, 3]",167.95000000000394,"[76, 72]","[0, 0]","[0, 0]",10
79,"[0, 1]",140.19999999999763,"[78, 76]","[0, 0]","[0, 0]",10
0,"[0, 3]",96.64999999999665,"[-999, 1]","[0, 0]","[0, 0]",11
1,"[2, 3]",67.7499999999983,"[-999, -999]","[0, 0]","[0, 0]",11
2,"[2, 1]",37.15000000000003,"[1, -999]","[0, 0]","[0, 0]",11
3,"[2, 1]",38.89999999999993,"[2, 2]","[0, 0]","[0, 0]",11
4,"[2, 1]",40.74999999999982,"[3, 3]","[0, 0]","[0, 0]",11
5,"[2, 1]",42.54999999999972,"[4, 4]","[0, 0]","[0, 0]",11
6,"[2, 1]",44.09999999999963,"[5, 5]","[0, 0]","[0, 0]",11
7,"[0, 3]",97.89999999999658,"[0, 0]","[0, 0]","[0, 0]",11
8,"[2, 1]",45.59999999999955,"[6, 6]","[0, 0]","[0, 0]",11
9,"[2, 1]",46.849999999999476,"[8, 8]","[0, 0]","[0, 0]",11
10,"[2, 1]",47.69999999999943,"[9, 9]","[0, 0]","[0, 0]",11
11,"[2, 1]",48.99999999999935,"[10, 10]","[0, 0]","[0, 0]",11
12,"[2, 1]",50.79999999999925,"[11, 11]","[0, 0]","[0, 0]",11
13,"[2, 1]",58.299999999998825,"[12, 16]","[0, 0]","[0, 0]",11
14,"[2, 3]",101.44999999999638,"[13, 21]","[16.5000000000001, 0]","[6.649999999999984, 0]",11
15,"[0, 3]",97.94999999999658,"[7, 7]","[0, 0]","[0, 0]",11
16,"[0, 1]",74.6499999999979,"[15, 12]","[0, 0]","[0, 0]",11
17,"[0, 3]",105.04999999999617,"[16, 15]","[0, 0]","[0, 0]",11
18,"[0, 3]",107.39999999999604,"[17, 17]","[0, 0]","[0, 0]",11
19,"[2, 1]",71.94999999999806,"[14, 22]","[23.150000000000194, 0]","[0, 0]",11
20,"[2, 3]",105.64999999999614,"[19, 24]","[20.80000000000016, 0]","[0, 0]",11
21,"[0, 3]",108.94999999999595,"[18, 18]","[0, 0]","[0, 0]",11
22,"[0, 1]",80.0499999999976,"[21, 13]","[0, 0]","[0, 0]",11
23,"[2, 1]",76.4999999999978,"[20, 25]","[19.050000000000136, 0]","[0, 0]",11
24,"[0, 3]",112.09999999999577,"[22, 14]","[0, 0]","[0, 0]",11
25,"[0, 1]",83.19999999999742,"[24, 19]","[0, 0]","[0, 0]",11
26,"[0, 3]",115.74999999999557,"[25, 20]","[0, 0]","[0, 0]",11
27,"[2, 1]",78.84999999999766,"[23, 23]","[17.500000000000114, 0]","[0, 0]",11
28,"[0, 3]",117.04999999999549,"[26, 26]","[0, 0]","[0, 0]",11
29,"[0, 3]",118.19999999999543,"[28, 28]","[0, 0]","[0, 0]",11
30,"[0, 1]",91.19999999999696,"[29, 32]","[0, 0]","[0, 0]",11
31,"[0, 3]",121.19999999999526,"[30, 29]","[0, 0]","[0, 0]",11
32,"[2, 1]",80.99999999999754,"[27, 27]","[16.050000000000093, 0]","[0, 0]",11
33,"[0, 3]",123.39999999999513,"[31, 31]","[0, 0]","[0, 0]",11
34,"[0, 1]",94.69999999999676,"[33, 36]","[0, 0]","[0, 0]",11
35,"[0, 3]",126.94999999999493,"[34, 43]","[0, 0]","[0, 0]",11
36,"[2, 1]",89.14999999999708,"[32, 30]","[14.550000000000072, 0]","[0, 0]",11
37,"[0, 1]",97.84999999999658,"[35, 34]","[0, 0]","[0, 0]",11
38,"[0, 1]",98.89999999999652,"[37, 37]","[0, 0]","[0, 0]",11
39,"[0, 1]",99.94999999999646,"[38, 38]","[0, 0]","[0, 0]",11
40,"[0, 1]",101.0499999999964,"[39, 39]","[0, 0]","[0, 0]",11
41,"[0, 3]",132.0999999999958,"[40, 47]","[0, 0]","[0, 0]",11
42,"[0, 3]",134.3999999999963,"[41, 41]","[0, 0]","[0, 0]",11
43,"[2, 3]",127.09999999999492,"[36, 33]","[16.350000000000097, 0]","[3.1999999999999966, 0]",11
44,"[0, 3]",135.94999999999666,"[42, 42]","[0, 0]","[0, 0]",11
45,"[0, 1]",106.99999999999606,"[44, 48]","[0, 0]","[0, 0]",11
46,"[0, 3]",138.7999999999973,"[45, 52]","[0, 0]","[0, 0]",11
47,"[2, 3]",134.64999999999637,"[43, 35]","[15.250000000000082, 0]","[3.4999999999999956, 0]",11
48,"[2, 1]",121.74999999999523,"[47, 40]","[16.6500000000001, 0]","[6.349999999999985, 0]",11
49,"[0, 3]",139.94999999999757,"[46, 46]","[1.0500000000000003, 0]","[0, 0]",11
50,"[0, 3]",141.04999999999782,"[49, 49]","[0.8000000000000002, 0]","[0, 0]",11
51,"[0, 1]",111.7499999999958,"[50, -999]","[0, 0]","[0, 0]",11
52,"[2, 3]",164.3000000000031,"[48, 44]","[12.100000000000037, 0]","[3.2499999999999964, 0]",11
53,"[0, 1]",112.84999999999573,"[51, 51]","[0, 0]","[0, 0]",11
54,"[0, 1]",113.89999999999567,"[53, 53]","[0, 0]","[0, 0]",11
55,"[0, 1]",121.09999999999526,"[54, 65]","[1.5500000000000007, 0]","[1.5500000000000007, 0]",11
56,"[0, 1]",126.19999999999497,"[55, 67]","[2.4499999999999993, 0]","[2.4499999999999993, 0]",11
57,"[0, 3]",157.45000000000155,"[56, 69]","[0, 0]","[0, 0]",11
58,"[0, 1]",129.8999999999953,"[57, 77]","[0, 0]","[0, 0]",11
59,"[0, 1]",130.09999999999533,"[58, 58]","[0, 0]","[0, 0]",11
60,"[2, 3]",181.50000000000702,"[52, 50]","[16.950000000000106, 0]","[9.5, 0]",11
61,"[0, 1]",131.09999999999556,"[59, 59]","[0, 0]","[0, 0]",11
62,"[0, 3]",162.0500000000026,"[61, 57]","[0, 0]","[0, 0]",11
63,"[0, 1]",134.7499999999964,"[62, 61]","[0, 0]","[0, 0]",11
64,"[0, 1]",135.79999999999663,"[63, 63]","[0, 0]","[0, 0]",11
65,"[2, 1]",163.75000000000298,"[60, 54]","[12.950000000000049, 0]","[6.8999999999999835, 0]",11
66,"[0, 1]",136.84999999999687,"[64, 64]","[0, 0]","[0, 0]",11
67,"[2, 1]",168.40000000000404,"[65, 55]","[4.599999999999992, 0]","[0, 0]",11
68,"[0, 1]",137.8999999999971,"[66, 66]","[0, 0]","[0, 0]",11
69,"[2, 3]",198.950000000011,"[67, 60]","[3.2499999999999964, 0]","[0, 0]",11
70,"[0, 1]",138.7499999999973,"[68, 68]","[0, 0]","[0, 0]",11
71,"[0, 1]",139.04999999999737,"[70, 70]","[0, 0]","[0, 0]",11
72,"[0, 1]",137.94999999999712,"[71, 71]","[1.3000000000000005, 0]","[0, 0]",11
73,"[0, 1]",138.44999999999723,"[72, 72]","[2.1000000000000005, 0]","[0, 0]",11
74,"[0, 1]",138.99999999999736,"[73, 73]","[2.5999999999999988, 0]","[0, 0]",11
75,"[0, 1]",135.49999999999656,"[74, 74]","[3.049999999999997, 0]","[0, 0]",11
76,"[0, 1]",135.99999999999667,"[75, 75]","[3.399999999999996, 0]","[0, 0]",11
77,"[2, 1]",171.3500000000047,"[69, 56]","[1.800000000000001, 0]","[0, 0]",11
78,"[0, 3]",166.80000000000368,"[76, -999]","[3.7499999999999947, 0]","[0, 0]",11
79,"[0, 3]",168.95000000000417,"[78, 78]","[3.999999999999994, 0]","[0, 0]",11
0,"[2, 3]",67.7499999999983,"[-999, -999]","[0, 0]","[0, 0]",12
1,"[0, 1]",74.04999999999794,"[-999, 9]","[0, 0]","[2.4499999999999993, 0]",12
2,"[2, 3]",70.84999999999812,"[0, 0]","[0, 0]","[0, 0]",12
3,"[2, 3]",72.69999999999801,"[2, 2]","[0, 0]","[0, 0]",12
4,"[2, 3]",74.24999999999793,"[3, 3]","[0, 0]","[0, 0]",12
5,"[2, 3]",75.74999999999784,"[4, 4]","[0, 0]","[0, 0]",12
6,"[0, 3]",101.69999999999636,"[1, 7]","[0, 0]","[0, 0]",12
7,"[2, 3]",76.94999999999777,"[5, 5]","[0, 0]","[0, 0]",12
8,"[2, 1]",42.49999999999972,"[7, -999]","[0, 0]","[0, 0]",12
9,"[2, 1]",44.6499999999996,"[8, 8]","[0, 0]","[0, 0]",12
10,"[2, 1]",51.14999999999923,"[9, 1]","[0.44999999999999996, 0]","[0.44999999999999996, 0]",12
11,"[2, 1]",51.6499999999992,"[10, 10]","[2.549999999999999, 0]","[2.549999999999999, 0]",12
12,"[2, 1]",52.54999999999915,"[11, 11]","[5.249999999999989, 0]","[2.849999999999998, 0]",12
13,"[2, 3]",90.599999999997,"[12, 18]","[6.349999999999985, 0]","[0.05, 0]",12
14,"[0, 3]",99.74999999999648,"[6, 6]","[0, 0]","[0, 0]",12
15,"[0, 3]",101.84999999999636,"[14, 14]","[0, 0]","[0, 0]",12
16,"[2, 1]",61.49999999999864,"[13, 19]","[12.500000000000043, 0]","[0.05, 0]",12
17,"[2, 3]",99.94999999999646,"[16, 21]","[15.300000000000082, 0]","[0, 0]",12
18,"[0, 3]",102.99999999999629,"[15, 15]","[0, 0]","[0, 0]",12
19,"[0, 1]",73.84999999999795,"[18, 12]","[0, 0]","[0, 0]",12
20,"[0, 3]",105.94999999999612,"[19, 13]","[0, 0]","[0, 0]",12
21,"[0, 3]",107.44999999999604,"[20, 20]","[0, 0]","[0, 0]",12
22,"[0, 1]",78.34999999999769,"[21, 16]","[0, 0]","[0, 0]",12
23,"[0, 3]",114.89999999999561,"[22, 32]","[2.4499999999999993, 0]","[2.4499999999999993, 0]",12
24,"[0, 3]",115.94999999999555,"[23, 23]","[0, 0]","[0, 0]",12
25,"[0, 1]",87.94999999999715,"[24, 51]","[0, 0]","[0, 0]",12
26,"[0, 3]",118.24999999999542,"[25, 24]","[0, 0]","[0, 0]",12
27,"[0, 3]",120.4499999999953,"[26, 26]","[0, 0]","[0, 0]",12
28,"[0, 1]",91.74999999999693,"[27, 53]","[0, 0]","[0, 0]",12
29,"[0, 1]",92.79999999999687,"[28, 28]","[0, 0]","[0, 0]",12
30,"[0, 3]",124.0499999999951,"[29, 57]","[0, 0]","[0, 0]",12
31,"[0, 1]",95.8499999999967,"[30, 61]","[0, 0]","[0, 0]",12
32,"[2, 3]",101.44999999999638,"[17, 17]","[14.150000000000066, 0]","[0, 0]",12
33,"[0, 1]",96.79999999999664,"[31, 31]","[0, 0]","[0, 0]",12
34,"[0, 3]",127.99999999999487,"[33, 64]","[0, 0]","[0, 0]",12
35,"[0, 1]",99.69999999999648,"[34, 67]","[0, 0]","[0, 0]",12
36,"[0, 3]",132.1999999999958,"[35, 77]","[0, 0]","[0, 0]",12
37,"[0, 1]",103.19999999999628,"[36, 35]","[0, 0]","[0, 0]",12
38,"[0, 1]",104.24999999999622,"[37, 37]","[0, 0]","[0, 0]",12
39,"[0, 3]",135.49999999999656,"[38, 78]","[0, 0]","[0, 0]",12
40,"[0, 1]",107.84999999999602,"[39, 38]","[0, 0]","[0, 0]",12
41,"[0, 3]",139.2499999999974,"[40, 39]","[0, 0]","[0, 0]",12
42,"[0, 3]",141.49999999999793,"[41, 41]","[0, 0]","[0, 0]",12
43,"[0, 1]",112.99999999999572,"[42, 40]","[0, 0]","[0, 0]",12
44,"[0, 3]",144.4499999999986,"[43, 42]","[0, 0]","[0, 0]",12
45,"[0, 3]",146.6499999999991,"[44, 44]","[0, 0]","[0, 0]",12
46,"[0, 3]",148.19999999999945,"[45, 45]","[0, 0]","[0, 0]",12
47,"[0, 1]",119.19999999999537,"[46, -999]","[0, 0]","[0, 0]",12
48,"[0, 3]",150.65,"[47, 46]","[0, 0]","[0, 0]",12
49,"[2, 1]",71.0999999999981,"[32, 22]","[13.100000000000051, 0]","[0, 0]",12
50,"[0, 3]",152.8500000000005,"[48, 48]","[0, 0]","[0, 0]",12
51,"[2, 1]",73.59999999999796,"[49, 49]","[12.400000000000041, 0]","[0, 0]",12
52,"[0, 3]",154.40000000000086,"[50, 50]","[0, 0]","[0, 0]",12
53,"[2, 1]",81.8499999999975,"[51, 25]","[10.90000000000002, 0]","[0, 0]",12
54,"[0, 1]",125.39999999999502,"[52, -999]","[0, 0]","[0, 0]",12
55,"[0, 3]",156.85000000000142,"[54, 52]","[0, 0]","[0, 0]",12
56,"[0, 3]",159.05000000000192,"[55, 55]","[0, 0]","[0, 0]",12
57,"[2, 3]",119.64999999999534,"[53, 27]","[12.650000000000045, 0]","[3.1999999999999966, 0]",12
58,"[0, 1]",130.54999999999544,"[56, 54]","[0, 0]","[0, 0]",12
59,"[0, 3]",161.95000000000258,"[58, 56]","[0, 0]","[0, 0]",12
60,"[0, 3]",164.15000000000308,"[59, 59]","[0, 0]","[0, 0]",12
61,"[2, 1]",96.09999999999668,"[57, 29]","[7.99999999999998, 0]","[0, 0]",12
62,"[0, 3]",165.70000000000343,"[60, 60]","[0, 0]","[0, 0]",12
63,"[0, 3]",166.8500000000037,"[62, 62]","[0, 0]","[0, 0]",12
64,"[2, 3]",128.49999999999497,"[61, 30]","[6.499999999999985, 0]","[0, 0]",12
65,"[0, 1]",137.449999999997,"[63, -999]","[0, 0]","[0, 0]",12
66,"[0, 1]",138.14999999999716,"[65, 65]","[1.2000000000000004, 0]","[0, 0]",12
67,"[2, 1]",104.5499999999962,"[64, 33]","[5.04999999999999, 0]","[0, 0]",12
68,"[0, 1]",138.84999999999732,"[66, 66]","[2.1500000000000004, 0]","[0, 0]",12
69,"[0, 1]",139.49999999999747,"[68, 68]","[1.900000000000001, 0]","[0, 0]",12
70,"[0, 3]",163.4000000000029,"[69, 63]","[0, 0]","[0, 0]",12
71,"[0, 1]",135.09999999999647,"[70, 69]","[0, 0]","[0, 0]",12
72,"[0, 3]",166.10000000000352,"[71, 70]","[0, 0]","[0, 0]",12
73,"[0, 1]",138.2999999999972,"[72, 71]","[0, 0]","[0, 0]",12
74,"[0, 1]",134.59999999999636,"[73, 73]","[0, 0]","[0, 0]",12
75,"[0, 1]",135.04999999999646,"[74, 74]","[0, 0]","[0, 0]",12
76,"[0, 1]",135.74999999999662,"[75, 75]","[0, 0]","[0, 0]",12
77,"[2, 3]",135.99999999999667,"[67, 34]","[3.4999999999999956, 0]","[0, 0]",12
78,"[2, 3]",144.29999999999856,"[77, 36]","[5.699999999999988, 0]","[3.1999999999999966, 0]",12
79,"[0, 1]",136.1499999999967,"[76, 76]","[0, 0]","[0, 0]",12
0,"[2, 3]",67.7499999999983,"[-999, -999]","[0, 0]","[0, 0]",13
1,"[2, 1]",37.15000000000003,"[0, -999]","[0, 0]","[0, 0]",13
2,"[0, 3]",101.54999999999637,"[-999, 28]","[0, 0]","[0, 0]",13
3,"[0, 3]",103.64999999999625,"[2, 2]","[0, 0]","[0, 0]",13
4,"[0, 1]",71.79999999999806,"[3, -999]","[0, 0]","[0, 0]",13
5,"[0, 3]",103.84999999999624,"[4, 3]","[0, 0]","[0, 0]",13
6,"[0, 1]",75.44999999999786,"[5, 47]","[0, 0]","[0, 0]",13
7,"[2, 3]",69.04999999999822,"[1, 0]","[0, 0]","[0, 0]",13
8,"[2, 1]",39.3999999999999,"[7, 1]","[0, 0]","[0, 0]",13
9,"[2, 1]",41.34999999999979,"[8, 8]","[0, 0]","[0, 0]",13
10,"[2, 3]",69.89999999999817,"[9, 7]","[0, 0]","[0, 0]",13
11,"[0, 1]",76.64999999999779,"[6, 6]","[0, 0]","[0, 0]",13
12,"[0, 1]",77.69999999999773,"[11, 11]","[0, 0]","[0, 0]",13
13,"[0, 1]",78.69999999999767,"[12, 12]","[0, 0]","[0, 0]",13
14,"[0, 1]",79.79999999999761,"[13, 13]","[0, 0]","[0, 0]",13
15,"[0, 3]",114.59999999999563,"[14, 70]","[0, 0]","[0, 0]",13
16,"[0, 1]",84.29999999999735,"[15, 77]","[0, 0]","[0, 0]",13
17,"[0, 3]",116.69999999999551,"[16, 79]","[0, 0]","[0, 0]",13
18,"[0, 1]",87.0499999999972,"[17, 16]","[0, 0]","[0, 0]",13
19,"[2, 1]",40.94999999999981,"[10, 9]","[0, 0]","[0, 0]",13
20,"[0, 3]",118.39999999999542,"[18, 17]","[0, 0]","[0, 0]",13
21,"[0, 3]",120.5499999999953,"[20, 20]","[0, 0]","[0, 0]",13
22,"[0, 3]",122.0999999999952,"[21, 21]","[0, 0]","[0, 0]",13
23,"[0, 1]",93.09999999999685,"[22, -999]","[0, 0]","[0, 0]",13
24,"[0, 1]",94.1499999999968,"[23, 23]","[0, 0]","[0, 0]",13
25,"[0, 1]",95.24999999999673,"[24, 24]","[0, 0]","[0, 0]",13
26,"[0, 1]",96.34999999999667,"[25, 25]","[0, 0]","[0, 0]",13
27,"[0, 3]",127.29999999999491,"[26, 22]","[0, 0]","[0, 0]",13
28,"[2, 3]",68.79999999999824,"[19, 10]","[0, 0]","[0, 0]",13
29,"[0, 3]",129.64999999999523,"[27, 27]","[0, 0]","[0, 0]",13
30,"[0, 3]",131.19999999999558,"[29, 29]","[0, 0]","[0, 0]",13
31,"[0, 3]",132.5499999999959,"[30, 30]","[0, 0]","[0, 0]",13
32,"[0, 1]",103.34999999999627,"[31, -999]","[0, 0]","[0, 0]",13
33,"[0, 3]",134.7999999999964,"[32, 31]","[0, 0]","[0, 0]",13
34,"[0, 1]",107.24999999999605,"[33, 32]","[0, 0]","[0, 0]",13
35,"[0, 1]",108.39999999999598,"[34, 34]","[0, 0]","[0, 0]",13
36,"[0, 1]",109.49999999999592,"[35, 35]","[0, 0]","[0, 0]",13
37,"[0, 3]",140.5499999999977,"[36, 33]","[0, 0]","[0, 0]",13
38,"[0, 1]",113.24999999999571,"[37, 36]","[0, 0]","[0, 0]",13
39,"[0, 3]",144.64999999999864,"[38, 37]","[0, 0]","[0, 0]",13
40,"[0, 1]",117.14999999999549,"[39, 38]","[0, 0]","[0, 0]",13
41,"[0, 1]",118.24999999999542,"[40, 40]","[0, 0]","[0, 0]",13
42,"[0, 3]",149.44999999999973,"[41, 39]","[0, 0]","[0, 0]",13
43,"[0, 1]",122.1499999999952,"[42, 41]","[0, 0]","[0, 0]",13
44,"[0, 1]",123.24999999999514,"[43, 43]","[0, 0]","[0, 0]",13
45,"[0, 1]",124.34999999999508,"[44, 44]","[0, 0]","[0, 0]",13
46,"[0, 1]",125.44999999999501,"[45, 45]","[0, 0]","[0, 0]",13
47,"[2, 1]",37.10000000000003,"[28, 4]","[0, 0]","[0, 0]",13
48,"[0, 3]",156.45000000000132,"[46, 42]","[0, 0]","[0, 0]",13
49,"[0, 3]",158.80000000000186,"[48, 48]","[0, 0]","[0, 0]",13
50,"[0, 1]",130.3499999999954,"[49, 46]","[0, 0]","[0, 0]",13
51,"[0, 3]",161.75000000000253,"[50, 49]","[0, 0]","[0, 0]",13
52,"[0, 3]",163.90000000000302,"[51, 51]","[0, 0]","[0, 0]",13
53,"[0, 1]",135.29999999999652,"[52, 50]","[0, 0]","[0, 0]",13
54,"[0, 1]",136.0499999999967,"[53, 53]","[0, 0]","[0, 0]",13
55,"[0, 3]",163.800000000003,"[54, 52]","[0, 0]","[0, 0]",13
56,"[0, 1]",135.94999999999666,"[55, 54]","[0, 0]","[0, 0]",13
57,"[0, 1]",136.89999999999688,"[56, 56]","[0, 0]","[0, 0]",13
58,"[0, 3]",167.70000000000388,"[57, 55]","[0, 0]","[0, 0]",13
59,"[2, 3]",68.39999999999826,"[47, 5]","[0, 0]","[0, 0]",13
60,"[0, 3]",167.15000000000376,"[58, 58]","[0, 0]","[0, 0]",13
61,"[0, 1]",137.79999999999708,"[60, 57]","[0, 0]","[0, 0]",13
62,"[0, 1]",137.94999999999712,"[61, 61]","[0, 0]","[0, 0]",13
63,"[0, 3]",165.2000000000033,"[62, 60]","[0, 0]","[0, 0]",13
64,"[0, 1]",137.49999999999702,"[63, 62]","[0, 0]","[0, 0]",13
65,"[0, 3]",168.6500000000041,"[64, 63]","[0, 0]","[0, 0]",13
66,"[0, 1]",140.84999999999778,"[65, 64]","[0, 0]","[0, 0]",13
67,"[0, 3]",171.20000000000468,"[66, 65]","[0, 0]","[0, 0]",13
68,"[0, 1]",139.1999999999974,"[67, 66]","[0, 0]","[0, 0]",13
69,"[2, 3]",68.54999999999825,"[59, 59]","[0, 0]","[0, 0]",13
70,"[2, 3]",71.49999999999808,"[69, 69]","[0, 0]","[0, 0]",13
71,"[0, 1]",138.44999999999723,"[68, 68]","[0, 0]","[0, 0]",13
72,"[0, 1]",138.84999999999732,"[71, 71]","[0, 0]","[0, 0]",13
73,"[0, 1]",139.1499999999974,"[72, 72]","[0, 0]","[0, 0]",13
74,"[0, 1]",138.2999999999972,"[73, 73]","[0, 0]","[0, 0]",13
75,"[0, 1]",137.8999999999971,"[74, 74]","[0, 0]","[0, 0]",13
76,"[0, 1]",138.14999999999716,"[75, 75]","[0, 0]","[0, 0]",13
77,"[2, 1]",38.749999999999936,"[70, 14]","[0, 0]","[0, 0]",13
78,"[0, 1]",133.59999999999613,"[76, 76]","[0, 0]","[0, 0]",13
79,"[2, 3]",73.89999999999795,"[77, 15]","[0, 0]","[0, 0]",13
0,"[2, 1]",36.40000000000007,"[-999, -999]","[0, 0]","[0, 0]",14
1,"[2, 1]",38.09999999999997,"[0, 0]","[0, 0]","[0, 0]",14
2,"[2, 1]",39.89999999999987,"[1, 1]","[0, 0]","[0, 0]",14
3,"[0, 3]",96.74999999999665,"[-999, 5]","[0, 0]","[0, 0]",14
4,"[2, 1]",41.79999999999976,"[2, 2]","[0, 0]","[0, 0]",14
5,"[2, 3]",69.79999999999818,"[4, -999]","[0, 0]","[0, 0]",14
6,"[2, 1]",41.1499999999998,"[5, 4]","[0, 0]","[0, 0]",14
7,"[0, 3]",109.7999999999959,"[3, 23]","[4.99999999999999, 0]","[4.99999999999999, 0]",14
8,"[2, 1]",42.999999999999694,"[6, 6]","[0, 0]","[0, 0]",14
9,"[2, 1]",44.549999999999606,"[8, 8]","[0, 0]","[0, 0]",14
10,"[2, 1]",45.94999999999953,"[9, 9]","[0, 0]","[0, 0]",14
11,"[2, 3]",74.34999999999792,"[10, 3]","[0, 0]","[0, 0]",14
12,"[0, 1]",84.09999999999737,"[7, 30]","[2.2, 0]","[2.2, 0]",14
13,"[0, 3]",113.3499999999957,"[12, 7]","[0, 0]","[0, 0]",14
14,"[0, 3]",115.64999999999557,"[13, 13]","[0, 0]","[0, 0]",14
15,"[0, 1]",86.9999999999972,"[14, 38]","[0, 0]","[0, 0]",14
16,"[0, 1]",88.09999999999714,"[15, 15]","[0, 0]","[0, 0]",14
17,"[0, 3]",120.69999999999528,"[16, 51]","[0, 0]","[0, 0]",14
18,"[0, 3]",121.99999999999521,"[17, 17]","[0, 0]","[0, 0]",14
19,"[0, 1]",92.74999999999687,"[18, 16]","[0, 0]","[0, 0]",14
20,"[0, 3]",124.84999999999505,"[19, 56]","[0, 0]","[0, 0]",14
21,"[0, 3]",126.14999999999498,"[20, 20]","[0, 0]","[0, 0]",14
22,"[0, 1]",97.94999999999658,"[21, 77]","[0, 0]","[0, 0]",14
23,"[2, 3]",76.24999999999781,"[11, 11]","[0, 0]","[0, 0]",14
24,"[0, 3]",128.49999999999497,"[22, 21]","[0, 0]","[0, 0]",14
25,"[0, 3]",130.64999999999546,"[24, 24]","[0, 0]","[0, 0]",14
26,"[0, 1]",101.94999999999635,"[25, 79]","[0, 0]","[0, 0]",14
27,"[0, 3]",133.34999999999607,"[26, 25]","[0, 0]","[0, 0]",14
28,"[0, 1]",105.84999999999613,"[27, 26]","[0, 0]","[0, 0]",14
29,"[2, 1]",46.79999999999948,"[23, 10]","[0, 0]","[0, 0]",14
30,"[2, 1]",48.04999999999941,"[29, 29]","[0, 0]","[0, 0]",14
31,"[0, 1]",106.94999999999607,"[28, 28]","[0, 0]","[0, 0]",14
32,"[0, 1]",107.999999999996,"[31, 31]","[0, 0]","[0, 0]",14
33,"[0, 1]",109.09999999999594,"[32, 32]","[0, 0]","[0, 0]",14
34,"[0, 1]",110.14999999999588,"[33, 33]","[0, 0]","[0, 0]",14
35,"[0, 1]",111.14999999999583,"[34, 34]","[0, 0]","[0, 0]",14
36,"[0, 3]",142.14999999999807,"[35, 27]","[0, 0]","[0, 0]",14
37,"[0, 3]",144.4999999999986,"[36, 36]","[0, 0]","[0, 0]",14
38,"[2, 1]",54.249999999999055,"[30, 12]","[3.1999999999999966, 0]","[3.1999999999999966, 0]",14
39,"[0, 1]",115.99999999999555,"[37, 35]","[0, 0]","[0, 0]",14
40,"[0, 1]",117.04999999999549,"[39, 39]","[0, 0]","[0, 0]",14
41,"[0, 3]",148.34999999999948,"[40, 37]","[0.8500000000000002, 0]","[0, 0]",14
42,"[0, 3]",150.65,"[41, 41]","[1.6000000000000008, 0]","[0, 0]",14
43,"[0, 1]",122.0999999999952,"[42, 40]","[2.0500000000000007, 0]","[0, 0]",14
44,"[0, 3]",153.60000000000068,"[43, 42]","[2.3499999999999996, 0]","[0, 0]",14
45,"[0, 1]",126.14999999999498,"[44, 43]","[2.5999999999999988, 0]","[0, 0]",14
46,"[0, 1]",127.29999999999491,"[45, 45]","[2.849999999999998, 0]","[0, 0]",14
47,"[0, 1]",128.39999999999495,"[46, 46]","[3.049999999999997, 0]","[0, 0]",14
48,"[0, 3]",159.400000000002,"[47, 44]","[2.9999999999999973, 0]","[0, 0]",14
49,"[0, 3]",161.70000000000252,"[48, 48]","[2.6999999999999984, 0]","[0, 0]",14
50,"[2, 3]",89.69999999999705,"[38, 14]","[5.04999999999999, 0]","[2.0500000000000007, 0]",14
51,"[2, 3]",92.2499999999969,"[50, 50]","[12.35000000000004, 0]","[0, 0]",14
52,"[0, 1]",133.14999999999603,"[49, 47]","[2.1000000000000005, 0]","[0, 0]",14
53,"[0, 3]",164.60000000000318,"[52, 49]","[1.5000000000000007, 0]","[0, 0]",14
54,"[0, 1]",136.9499999999969,"[53, 52]","[0.8000000000000002, 0]","[0, 0]",14
55,"[0, 3]",162.9000000000028,"[54, 53]","[0, 0]","[0, 0]",14
56,"[2, 3]",104.94999999999618,"[51, 18]","[20.80000000000016, 0]","[6.649999999999984, 0]",14
57,"[0, 3]",164.2500000000031,"[55, 55]","[0, 0]","[0, 0]",14
58,"[0, 3]",165.65000000000342,"[57, 57]","[0, 0]","[0, 0]",14
59,"[0, 1]",136.39999999999677,"[58, -999]","[0.65, 0]","[0, 0]",14
60,"[0, 3]",165.2000000000033,"[59, 58]","[1.4000000000000006, 0]","[0, 0]",14
61,"[0, 1]",136.4999999999968,"[60, 59]","[1.950000000000001, 0]","[0, 0]",14
62,"[0, 3]",167.50000000000384,"[61, 60]","[2.1500000000000004, 0]","[0, 0]",14
63,"[0, 3]",169.5500000000043,"[62, 62]","[1.850000000000001, 0]","[0, 0]",14
64,"[0, 1]",140.84999999999778,"[63, 61]","[1.2000000000000004, 0]","[0, 0]",14
65,"[0, 3]",166.25000000000355,"[64, 63]","[0, 0]","[0, 0]",14
66,"[0, 1]",137.8499999999971,"[65, 64]","[0, 0]","[0, 0]",14
67,"[0, 1]",138.6999999999973,"[66, 66]","[0, 0]","[0, 0]",14
68,"[0, 1]",139.34999999999744,"[67, 67]","[0, 0]","[0, 0]",14
69,"[0, 3]",169.25000000000423,"[68, 65]","[0, 0]","[0, 0]",14
70,"[2, 1]",64.69999999999847,"[56, 19]","[15.750000000000089, 0]","[0, 0]",14
71,"[0, 1]",140.4999999999977,"[69, 68]","[0, 0]","[0, 0]",14
72,"[0, 3]",170.8500000000046,"[71, 69]","[0, 0]","[0, 0]",14
73,"[0, 3]",171.90000000000484,"[72, 72]","[0, 0]","[0, 0]",14
74,"[0, 1]",142.34999999999812,"[73, 71]","[0, 0]","[0, 0]",14
75,"[0, 1]",138.54999999999725,"[74, 74]","[0, 0]","[0, 0]",14
76,"[0, 1]",137.79999999999708,"[75, 75]","[0, 0]","[0, 0]",14
77,"[2, 1]",63.09999999999855,"[70, 70]","[9.850000000000005, 0]","[0, 0]",14
78,"[0, 1]",138.39999999999722,"[76, 76]","[0, 0]","[0, 0]",14
79,"[2, 1]",71.79999999999806,"[77, 22]","[8.349999999999984, 0]","[0, 0]",14
0,"[2, 3]",67.7499999999983,"[-999, -999]","[0, 0]","[0, 0]",15
1,"[2, 3]",70.79999999999812,"[0, 0]","[0, 0]","[0, 0]",15
2,"[0, 3]",96.69999999999665,"[-999, 3]","[0, 0]","[0, 0]",15
3,"[2, 3]",72.69999999999801,"[1, 1]","[0, 0]","[0, 0]",15
4,"[2, 1]",38.69999999999994,"[3, -999]","[0, 0]","[0, 0]",15
5,"[0, 3]",100.29999999999644,"[2, 2]","[0, 0]","[0, 0]",15
6,"[0, 1]",72.54999999999802,"[5, 20]","[0, 0]","[0, 0]",15
7,"[0, 3]",104.29999999999622,"[6, 23]","[0, 0]","[0, 0]",15
8,"[2, 1]",41.0999999999998,"[4, 4]","[0, 0]","[0, 0]",15
9,"[2, 1]",42.649999999999714,"[8, 8]","[0, 0]","[0, 0]",15
10,"[0, 3]",105.69999999999614,"[7, 7]","[0, 0]","[0, 0]",15
11,"[0, 1]",77.84999999999772,"[10, 29]","[0, 0]","[0, 0]",15
12,"[0, 1]",78.1499999999977,"[11, 11]","[0, 0]","[0, 0]",15
13,"[2, 1]",44.09999999999963,"[9, 9]","[0, 0]","[0, 0]",15
14,"[2, 1]",45.59999999999955,"[13, 13]","[0, 0]","[0, 0]",15
15,"[0, 1]",83.5999999999974,"[12, 43]","[2.4499999999999993, 0]","[2.4499999999999993, 0]",15
16,"[0, 1]",89.74999999999704,"[15, 56]","[2.799999999999998, 0]","[2.799999999999998, 0]",15
17,"[0, 3]",118.84999999999539,"[16, 32]","[0, 0]","[0, 0]",15
18,"[0, 3]",121.24999999999525,"[17, 17]","[0, 0]","[0, 0]",15
19,"[0, 1]",92.2499999999969,"[18, 60]","[0, 0]","[0, 0]",15
20,"[2, 1]",46.79999999999948,"[14, 14]","[0, 0]","[0, 0]",15
21,"[0, 1]",93.39999999999684,"[19, 19]","[0, 0]","[0, 0]",15
22,"[0, 1]",94.39999999999678,"[21, 21]","[0, 0]","[0, 0]",15
23,"[2, 3]",79.9999999999976,"[20, 5]","[3.2499999999999964, 0]","[3.2499999999999964, 0]",15
24,"[0, 1]",100.29999999999644,"[22, 61]","[2.499999999999999, 0]","[2.499999999999999, 0]",15
25,"[0, 1]",100.64999999999642,"[24, 24]","[0, 0]","[0, 0]",15
26,"[2, 1]",52.299999999999166,"[23, 6]","[0.9500000000000003, 0]","[0.05, 0]",15
27,"[0, 1]",101.64999999999637,"[25, 25]","[0, 0]","[0, 0]",15
28,"[0, 3]",132.5999999999959,"[27, 78]","[0, 0]","[0, 0]",15
29,"[2, 1]",53.699999999999086,"[26, 26]","[0, 0]","[0, 0]",15
30,"[0, 3]",134.59999999999636,"[28, 28]","[0, 0]","[0, 0]",15
31,"[0, 3]",136.1499999999967,"[30, 30]","[0, 0]","[0, 0]",15
32,"[2, 3]",86.74999999999721,"[29, 10]","[0, 0]","[0, 0]",15
33,"[0, 1]",107.09999999999606,"[31, 79]","[0, 0]","[0, 0]",15
34,"[0, 1]",108.149999999996,"[33, 33]","[0, 0]","[0, 0]",15
35,"[0, 1]",109.24999999999594,"[34, 34]","[0, 0]","[0, 0]",15
36,"[0, 3]",140.34999999999766,"[35, 31]","[0, 0]","[0, 0]",15
37,"[0, 1]",112.99999999999572,"[36, 35]","[0, 0]","[0, 0]",15
38,"[0, 1]",114.09999999999566,"[37, 37]","[0, 0]","[0, 0]",15
39,"[0, 1]",115.1499999999956,"[38, 38]","[0, 0]","[0, 0]",15
40,"[0, 1]",116.24999999999554,"[39, 39]","[0, 0]","[0, 0]",15
41,"[0, 3]",147.24999999999923,"[40, 36]","[0, 0]","[0, 0]",15
42,"[0, 3]",149.64999999999978,"[41, 41]","[0, 0]","[0, 0]",15
43,"[2, 1]",61.999999999998614,"[32, 12]","[9.299999999999997, 0]","[0, 0]",15
44,"[0, 3]",151.20000000000013,"[42, 42]","[0, 0]","[0, 0]",15
45,"[0, 1]",122.2999999999952,"[44, -999]","[0, 0]","[0, 0]",15
46,"[0, 3]",153.7500000000007,"[45, 44]","[0, 0]","[0, 0]",15
47,"[0, 3]",155.9000000000012,"[46, 46]","[0, 0]","[0, 0]",15
48,"[0, 1]",127.3999999999949,"[47, 45]","[0, 0]","[0, 0]",15
49,"[0, 1]",128.49999999999497,"[48, 48]","[0, 0]","[0, 0]",15
50,"[0, 3]",159.8000000000021,"[49, 47]","[0, 0]","[0, 0]",15
51,"[0, 1]",132.39999999999586,"[50, 49]","[0, 0]","[0, 0]",15
52,"[0, 3]",163.75000000000298,"[51, 50]","[0, 0]","[0, 0]",15
53,"[0, 1]",136.24999999999673,"[52, 51]","[0, 0]","[0, 0]",15
54,"[0, 3]",167.65000000000387,"[53, 52]","[0, 0]","[0, 0]",15
55,"[0, 1]",139.99999999999758,"[54, 53]","[0, 0]","[0, 0]",15
56,"[2, 1]",60.14999999999872,"[43, 15]","[0, 0]","[0, 0]",15
57,"[2, 1]",66.19999999999838,"[56, 16]","[0, 0]","[0, 0]",15
58,"[0, 3]",169.80000000000436,"[55, 54]","[0, 0]","[0, 0]",15
59,"[0, 1]",140.14999999999762,"[58, 55]","[0, 0]","[0, 0]",15
60,"[2, 1]",66.64999999999836,"[57, 57]","[0, 0]","[0, 0]",15
61,"[2, 1]",85.74999999999727,"[60, 22]","[9.850000000000005, 0]","[9.850000000000005, 0]",15
62,"[0, 3]",168.35000000000403,"[59, 58]","[0, 0]","[0, 0]",15
63,"[0, 3]",168.95000000000417,"[62, 62]","[0, 0]","[0, 0]",15
64,"[0, 1]",139.6499999999975,"[63, 59]","[0, 0]","[0, 0]",15
65,"[0, 1]",139.1999999999974,"[64, 64]","[0, 0]","[0, 0]",15
66,"[0, 1]",139.1999999999974,"[65, 65]","[0, 0]","[0, 0]",15
67,"[0, 3]",169.5500000000043,"[66, 63]","[0, 0]","[0, 0]",15
68,"[0, 1]",140.4499999999977,"[67, 66]","[0, 0]","[0, 0]",15
69,"[2, 3]",115.39999999999559,"[61, 18]","[0, 0]","[0, 0]",15
70,"[0, 1]",139.74999999999753,"[68, 68]","[0, 0]","[0, 0]",15
71,"[0, 1]",140.0499999999976,"[70, 70]","[0, 0]","[0, 0]",15
72,"[0, 3]",170.25000000000446,"[71, 67]","[0, 0]","[0, 0]",15
73,"[0, 3]",167.10000000000375,"[72, 72]","[0, 0]","[0, 0]",15
74,"[0, 1]",138.04999999999714,"[73, 71]","[0, 0]","[0, 0]",15
75,"[0, 1]",138.84999999999732,"[74, 74]","[0, 0]","[0, 0]",15
76,"[0, 3]",169.65000000000433,"[75, 73]","[0, 0]","[0, 0]",15
77,"[0, 3]",170.20000000000445,"[76, 76]","[0, 0]","[0, 0]",15
78,"[2, 3]",112.64999999999574,"[69, 69]","[0.3, 0]","[0, 0]",15
79,"[2, 1]",88.6499999999971,"[78, 27]","[3.349999999999996, 0]","[3.149999999999997, 0]",15
0,"[2, 1]",36.40000000000007,"[-999, -999]","[0, 0]","[0, 0]",16
1,"[2, 1]",38.09999999999997,"[0, 0]","[0, 0]","[0, 0]",16
2,"[2, 3]",68.64999999999824,"[1, -999]","[0, 0]","[0, 0]",16
3,"[2, 3]",71.34999999999809,"[2, 2]","[0, 0]","[0, 0]",16
4,"[2, 3]",73.29999999999798,"[3, 3]","[0, 0]","[0, 0]",16
5,"[0, 3]",107.89999999999601,"[-999, 12]","[0, 0]","[4.849999999999991, 0]",16
6,"[2, 3]",74.84999999999789,"[4, 4]","[0, 0]","[0, 0]",16
7,"[0, 1]",81.29999999999752,"[5, 14]","[2.549999999999999, 0]","[2.549999999999999, 0]",16
8,"[0, 3]",112.54999999999575,"[7, 15]","[0, 0]","[0, 0]",16
9,"[2, 1]",44.6999999999996,"[6, -999]","[0, 0]","[0, 0]",16
10,"[2, 3]",73.34999999999798,"[9, 6]","[0, 0]","[0, 0]",16
11,"[2, 3]",75.09999999999788,"[10, 10]","[0, 0]","[0, 0]",16
12,"[2, 3]",76.4999999999978,"[11, 11]","[0, 0]","[0, 0]",16
13,"[2, 1]",45.449999999999555,"[12, 9]","[0, 0]","[0, 0]",16
14,"[2, 1]",46.4499999999995,"[13, 13]","[0, 0]","[0, 0]",16
15,"[2, 3]",76.69999999999779,"[14, 5]","[0, 0]","[0, 0]",16
16,"[0, 1]",82.74999999999744,"[8, 20]","[0, 0]","[0, 0]",16
17,"[0, 1]",83.79999999999738,"[16, 16]","[0, 0]","[0, 0]",16
18,"[0, 3]",114.89999999999561,"[17, 8]","[0, 0]","[0, 0]",16
19,"[0, 1]",92.04999999999691,"[18, 38]","[3.049999999999997, 0]","[3.049999999999997, 0]",16
20,"[2, 1]",48.54999999999938,"[15, 7]","[0, 0]","[0, 0]",16
21,"[2, 1]",60.69999999999869,"[20, 17]","[6.349999999999985, 0]","[6.349999999999985, 0]",16
22,"[0, 1]",92.2499999999969,"[19, 19]","[0, 0]","[0, 0]",16
23,"[0, 3]",122.79999999999517,"[22, 49]","[0, 0]","[0, 0]",16
24,"[0, 3]",124.89999999999505,"[23, 23]","[0, 0]","[0, 0]",16
25,"[0, 1]",96.19999999999668,"[24, 55]","[0, 0]","[0, 0]",16
26,"[0, 3]",132.69999999999592,"[25, 58]","[2.4499999999999993, 0]","[2.4499999999999993, 0]",16
27,"[0, 3]",133.8499999999962,"[26, 26]","[0, 0]","[0, 0]",16
28,"[0, 3]",139.74999999999753,"[27, 67]","[2.3999999999999995, 0]","[2.3999999999999995, 0]",16
29,"[0, 3]",140.4999999999977,"[28, 28]","[0, 0]","[0, 0]",16
30,"[0, 3]",141.3499999999979,"[29, 29]","[0, 0]","[0, 0]",16
31,"[0, 1]",111.14999999999583,"[30, 70]","[0, 0]","[0, 0]",16
32,"[0, 1]",112.24999999999577,"[31, 31]","[0, 0]","[0, 0]",16
33,"[0, 3]",143.49999999999838,"[32, 71]","[0, 0]","[0, 0]",16
34,"[0, 3]",145.59999999999886,"[33, 33]","[0, 0]","[0, 0]",16
35,"[0, 1]",117.04999999999549,"[34, 77]","[0, 0]","[0, 0]",16
36,"[0, 3]",148.8499999999996,"[35, 78]","[0, 0]","[0, 0]",16
37,"[0, 1]",119.49999999999535,"[36, 35]","[0, 0]","[0, 0]",16
38,"[2, 1]",60.749999999998685,"[21, 21]","[0, 0]","[0, 0]",16
39,"[0, 3]",151.70000000000024,"[37, 79]","[0, 0]","[0, 0]",16
40,"[0, 3]",152.95000000000053,"[39, 39]","[0, 0]","[0, 0]",16
41,"[0, 1]",123.69999999999511,"[40, 37]","[0, 0]","[0, 0]",16
42,"[0, 3]",155.15000000000103,"[41, 40]","[0, 0]","[0, 0]",16
43,"[0, 3]",157.35000000000153,"[42, 42]","[0, 0]","[0, 0]",16
44,"[0, 1]",128.79999999999504,"[43, 41]","[0, 0]","[0, 0]",16
45,"[0, 3]",160.20000000000218,"[44, 43]","[0, 0]","[0, 0]",16
46,"[0, 3]",162.40000000000268,"[45, 45]","[0, 0]","[0, 0]",16
47,"[0, 1]",133.8499999999962,"[46, 44]","[0, 0]","[0, 0]",16
48,"[0, 1]",134.89999999999642,"[47, 47]","[0, 0]","[0, 0]",16
49,"[2, 3]",92.79999999999687,"[38, 18]","[0, 0]","[0, 0]",16
50,"[0, 1]",135.99999999999667,"[48, 48]","[0, 0]","[0, 0]",16
51,"[0, 1]",136.9999999999969,"[50, 50]","[0, 0]","[0, 0]",16
52,"[0, 3]",167.85000000000392,"[51, 46]","[0, 0]","[0, 0]",16
53,"[0, 1]",140.5499999999977,"[52, 51]","[0, 0]","[0, 0]",16
54,"[0, 1]",141.4499999999979,"[53, 53]","[0, 0]","[0, 0]",16
55,"[2, 1]",68.79999999999824,"[49, 22]","[15.650000000000087, 0]","[0, 0]",16
56,"[0, 1]",142.2499999999981,"[54, 54]","[0, 0]","[0, 0]",16
57,"[2, 3]",106.59999999999609,"[55, 24]","[21.800000000000175, 0]","[0, 0]",16
58,"[2, 3]",108.199999999996,"[57, 57]","[19.45000000000014, 0]","[0, 0]",16
59,"[0, 1]",142.09999999999806,"[56, 56]","[0, 0]","[0, 0]",16
60,"[2, 1]",78.1499999999977,"[58, 25]","[17.750000000000117, 0]","[0, 0]",16
61,"[0, 1]",139.89999999999756,"[59, 59]","[0, 0]","[0, 0]",16
62,"[0, 1]",134.7999999999964,"[61, 61]","[0, 0]","[0, 0]",16
63,"[0, 3]",164.50000000000315,"[62, 52]","[0, 0]","[0, 0]",16
64,"[0, 1]",133.64999999999614,"[63, 62]","[0, 0]","[0, 0]",16
65,"[0, 3]",163.70000000000297,"[64, 63]","[0, 0]","[0, 0]",16
66,"[0, 1]",135.79999999999663,"[65, 64]","[0, 0]","[0, 0]",16
67,"[2, 3]",116.29999999999553,"[60, 27]","[16.150000000000095, 0]","[0, 0]",16
68,"[0, 1]",136.34999999999675,"[66, 66]","[0, 0]","[0, 0]",16
69,"[2, 1]",85.39999999999729,"[67, 60]","[14.650000000000073, 0]","[0, 0]",16
70,"[2, 1]",88.19999999999713,"[69, 69]","[13.200000000000053, 0]","[0, 0]",16
71,"[2, 3]",125.19999999999503,"[70, 30]","[15.000000000000078, 0]","[3.2499999999999964, 0]",16
72,"[0, 1]",136.4999999999968,"[68, 68]","[0, 0]","[0, 0]",16
73,"[0, 1]",136.74999999999685,"[72, 72]","[0, 0]","[0, 0]",16
74,"[0, 1]",136.9499999999969,"[73, 73]","[0, 0]","[0, 0]",16
75,"[0, 1]",134.59999999999636,"[74, 74]","[0, 0]","[0, 0]",16
76,"[0, 1]",133.64999999999614,"[75, 75]","[0, 0]","[0, 0]",16
77,"[2, 1]",100.94999999999641,"[71, 32]","[10.300000000000011, 0]","[0, 0]",16
78,"[2, 3]",138.94999999999735,"[77, 34]","[12.30000000000004, 0]","[3.4499999999999957, 0]",16
79,"[2, 3]",146.199999999999,"[78, 36]","[7.99999999999998, 0]","[0, 0]",16
0,"[0, 3]",97.5999999999966,"[-999, 8]","[0, 0]","[0, 0]",17
1,"[0, 1]",78.0999999999977,"[0, 14]","[3.049999999999997, 0]","[3.049999999999997, 0]",17
2,"[2, 1]",36.40000000000007,"[-999, -999]","[0, 0]","[0, 0]",17
3,"[2, 1]",38.09999999999997,"[2, 2]","[0, 0]","[0, 0]",17
4,"[0, 1]",81.94999999999749,"[1, 21]","[2.25, 0]","[2.25, 0]",17
5,"[2, 3]",68.64999999999824,"[3, -999]","[0, 0]","[0, 0]",17
6,"[2, 3]",71.34999999999809,"[5, 5]","[0, 0]","[0, 0]",17
7,"[2, 1]",41.44999999999978,"[6, 3]","[0, 0]","[0, 0]",17
8,"[2, 3]",71.0999999999981,"[7, 6]","[0, 0]","[0, 0]",17
9,"[2, 1]",41.84999999999976,"[8, 7]","[0, 0]","[0, 0]",17
10,"[0, 1]",82.39999999999746,"[4, 4]","[0, 0]","[0, 0]",17
11,"[0, 3]",113.2999999999957,"[10, 23]","[0, 0]","[0, 0]",17
12,"[0, 3]",115.54999999999558,"[11, 11]","[0, 0]","[0, 0]",17
13,"[2, 1]",43.59999999999966,"[9, 9]","[0, 0]","[0, 0]",17
14,"[2, 1]",45.04999999999958,"[13, 13]","[0, 0]","[0, 0]",17
15,"[0, 1]",87.64999999999716,"[12, 44]","[0, 0]","[0, 0]",17
16,"[0, 1]",88.14999999999714,"[15, 15]","[0, 0]","[0, 0]",17
17,"[0, 1]",94.0999999999968,"[16, 49]","[2.499999999999999, 0]","[2.499999999999999, 0]",17
18,"[0, 1]",100.49999999999643,"[17, 50]","[2.0500000000000007, 0]","[2.0500000000000007, 0]",17
19,"[0, 1]",99.89999999999647,"[18, 18]","[0, 0]","[0, 0]",17
20,"[0, 1]",100.49999999999643,"[19, 19]","[0, 0]","[0, 0]",17
21,"[2, 1]",51.84999999999919,"[14, 1]","[1.0500000000000003, 0]","[1.0500000000000003, 0]",17
22,"[0, 3]",131.2999999999956,"[20, 59]","[0, 0]","[0, 0]",17
23,"[2, 3]",80.44999999999757,"[21, 0]","[0, 0]","[0, 0]",17
24,"[0, 1]",103.44999999999627,"[22, 60]","[0, 0]","[0, 0]",17
25,"[0, 1]",104.29999999999622,"[24, 24]","[0, 0]","[0, 0]",17
26,"[0, 1]",105.34999999999616,"[25, 25]","[0, 0]","[0, 0]",17
27,"[0, 1]",106.4499999999961,"[26, 26]","[0, 0]","[0, 0]",17
28,"[0, 3]",141.49999999999793,"[27, 67]","[0, 0]","[0, 0]",17
29,"[0, 1]",112.94999999999573,"[28, 69]","[0, 0]","[0, 0]",17
30,"[0, 3]",145.2999999999988,"[29, 71]","[0, 0]","[0, 0]",17
31,"[0, 1]",117.14999999999549,"[30, 78]","[0, 0]","[0, 0]",17
32,"[2, 1]",58.34999999999882,"[23, 10]","[2.9999999999999973, 0]","[2.9999999999999973, 0]",17
33,"[0, 3]",147.5499999999993,"[31, 30]","[0, 0]","[0, 0]",17
34,"[0, 1]",120.04999999999532,"[33, 31]","[0, 0]","[0, 0]",17
35,"[0, 1]",121.19999999999526,"[34, 34]","[0, 0]","[0, 0]",17
36,"[0, 3]",152.30000000000038,"[35, 33]","[0, 0]","[0, 0]",17
37,"[0, 3]",154.6000000000009,"[36, 36]","[0, 0]","[0, 0]",17
38,"[0, 1]",126.14999999999498,"[37, 35]","[0, 0]","[0, 0]",17
39,"[0, 1]",127.29999999999491,"[38, 38]","[0, 0]","[0, 0]",17
40,"[0, 1]",128.34999999999494,"[39, 39]","[0, 0]","[0, 0]",17
41,"[0, 3]",159.400000000002,"[40, 37]","[0, 0]","[0, 0]",17
42,"[0, 1]",132.0999999999958,"[41, 40]","[0, 0]","[0, 0]",17
43,"[0, 3]",163.55000000000294,"[42, 41]","[0, 0]","[0, 0]",17
44,"[2, 1]",59.24999999999877,"[32, 32]","[11.200000000000024, 0]","[0, 0]",17
45,"[0, 1]",136.0499999999967,"[43, 42]","[0, 0]","[0, 0]",17
46,"[0, 3]",167.45000000000383,"[45, 43]","[0, 0]","[0, 0]",17
47,"[0, 3]",169.65000000000433,"[46, 46]","[0, 0]","[0, 0]",17
48,"[0, 3]",171.20000000000468,"[47, 47]","[0, 0]","[0, 0]",17
49,"[2, 1]",71.1999999999981,"[44, 16]","[14.40000000000007, 0]","[2.7499999999999982, 0]",17
50,"[2, 1]",76.59999999999779,"[49, 17]","[13.70000000000006, 0]","[0, 0]",17
51,"[0, 3]",172.1500000000049,"[48, 48]","[0, 0]","[0, 0]",17
52,"[0, 1]",141.49999999999793,"[51, -999]","[0, 0]","[0, 0]",17
53,"[0, 1]",141.54999999999794,"[52, 52]","[0, 0]","[0, 0]",17
54,"[0, 3]",167.25000000000378,"[53, 51]","[0, 0]","[0, 0]",17
55,"[0, 1]",139.2499999999974,"[54, 53]","[0, 0]","[0, 0]",17
56,"[0, 3]",170.50000000000452,"[55, 54]","[0, 0]","[0, 0]",17
57,"[0, 3]",172.600000000005,"[56, 56]","[0, 0]","[0, 0]",17
58,"[0, 1]",143.94999999999848,"[57, 55]","[0, 0]","[0, 0]",17
59,"[2, 3]",103.44999999999627,"[50, 12]","[7.79999999999998, 0]","[0, 0]",17
60,"[2, 1]",85.79999999999727,"[59, 20]","[8.549999999999986, 0]","[2.2, 0]",17
61,"[0, 1]",144.64999999999864,"[58, 58]","[1.2500000000000004, 0]","[0, 0]",17
62,"[2, 3]",117.39999999999547,"[60, 22]","[4.849999999999991, 0]","[0, 0]",17
63,"[2, 3]",119.89999999999533,"[62, 62]","[3.399999999999996, 0]","[0, 0]",17
64,"[2, 3]",122.2499999999952,"[63, 63]","[2.000000000000001, 0]","[0, 0]",17
65,"[0, 1]",142.2999999999981,"[61, 61]","[2.3, 0]","[0, 0]",17
66,"[0, 1]",142.04999999999805,"[65, 65]","[2.9999999999999973, 0]","[0, 0]",17
67,"[2, 3]",124.54999999999507,"[64, 64]","[2.499999999999999, 0]","[0, 0]",17
68,"[0, 1]",141.89999999999802,"[66, 66]","[2.000000000000001, 0]","[0, 0]",17
69,"[2, 1]",95.19999999999673,"[67, 27]","[3.2999999999999963, 0]","[0, 0]",17
70,"[0, 1]",134.3499999999963,"[68, 68]","[0, 0]","[0, 0]",17
71,"[2, 3]",129.0499999999951,"[69, 28]","[4.6499999999999915, 0]","[0, 0]",17
72,"[0, 1]",134.7499999999964,"[70, 70]","[0, 0]","[0, 0]",17
73,"[0, 3]",165.1000000000033,"[72, 57]","[0, 0]","[0, 0]",17
74,"[0, 1]",136.4999999999968,"[73, 72]","[0, 0]","[0, 0]",17
75,"[0, 1]",135.94999999999666,"[74, 74]","[0, 0]","[0, 0]",17
76,"[0, 1]",136.1499999999967,"[75, 75]","[0, 0]","[0, 0]",17
77,"[0, 3]",166.4500000000036,"[76, 73]","[0, 0]","[0, 0]",17
78,"[2, 1]",100.04999999999646,"[71, 29]","[6.849999999999984, 0]","[0, 0]",17
79,"[0, 3]",167.65000000000387,"[77, 77]","[0, 0]","[0, 0]",17
0,"[2, 1]",36.40000000000007,"[-999, -999]","[0, 0]","[0, 0]",18
1,"[0, 3]",106.14999999999611,"[-999, 11]","[0, 0]","[3.049999999999997, 0]",18
2,"[2, 1]",38.09999999999997,"[0, 0]","[0, 0]","[0, 0]",18
3,"[2, 1]",39.89999999999987,"[2, 2]","[0, 0]","[0, 0]",18
4,"[2, 3]",69.04999999999822,"[3, -999]","[0, 0]","[0, 0]",18
5,"[0, 1]",79.9999999999976,"[1, 15]","[2.6999999999999984, 0]","[2.6999999999999984, 0]",18
6,"[0, 1]",80.89999999999755,"[5, 5]","[0, 0]","[0, 0]",18
7,"[2, 1]",39.89999999999987,"[4, 3]","[0, 0]","[0, 0]",18
8,"[2, 1]",41.749999999999766,"[7, 7]","[0, 0]","[0, 0]",18
9,"[2, 1]",43.499999999999666,"[8, 8]","[0, 0]","[0, 0]",18
10,"[2, 3]",70.84999999999812,"[9, 4]","[0, 0]","[0, 0]",18
11,"[2, 3]",73.34999999999798,"[10, 10]","[0, 0]","[0, 0]",18
12,"[2, 1]",43.39999999999967,"[11, 9]","[0, 0]","[0, 0]",18
13,"[0, 1]",81.24999999999753,"[6, 6]","[0, 0]","[0, 0]",18
14,"[0, 3]",112.69999999999574,"[13, 23]","[0, 0]","[0, 0]",18
15,"[2, 1]",44.44999999999961,"[12, 12]","[0, 0]","[0, 0]",18
16,"[0, 3]",114.94999999999561,"[14, 14]","[0, 0]","[0, 0]",18
17,"[0, 3]",116.54999999999552,"[16, 16]","[0, 0]","[0, 0]",18
18,"[0, 3]",117.84999999999545,"[17, 17]","[0, 0]","[0, 0]",18
19,"[2, 3]",75.14999999999787,"[15, 1]","[0, 0]","[0, 0]",18
20,"[0, 1]",88.59999999999711,"[18, -999]","[0, 0]","[0, 0]",18
21,"[0, 3]",120.84999999999528,"[20, 44]","[0, 0]","[0, 0]",18
22,"[0, 3]",122.1999999999952,"[21, 21]","[0, 0]","[0, 0]",18
23,"[2, 3]",77.09999999999776,"[19, 19]","[0, 0]","[0, 0]",18
24,"[2, 1]",54.54999999999904,"[23, 13]","[6.649999999999984, 0]","[6.649999999999984, 0]",18
25,"[0, 1]",93.39999999999684,"[22, 67]","[0, 0]","[0, 0]",18
26,"[0, 1]",94.1499999999968,"[25, 25]","[0, 0]","[0, 0]",18
27,"[0, 3]",124.99999999999504,"[26, 72]","[0, 0]","[0, 0]",18
28,"[0, 3]",127.04999999999492,"[27, 27]","[0, 0]","[0, 0]",18
29,"[0, 1]",98.39999999999655,"[28, 26]","[0, 0]","[0, 0]",18
30,"[0, 3]",129.8999999999953,"[29, 28]","[0, 0]","[0, 0]",18
31,"[0, 1]",102.34999999999633,"[30, 29]","[0, 0]","[0, 0]",18
32,"[0, 3]",133.69999999999615,"[31, 30]","[0, 0]","[0, 0]",18
33,"[0, 3]",135.94999999999666,"[32, 32]","[0, 0]","[0, 0]",18
34,"[0, 1]",107.44999999999604,"[33, 31]","[0, 0]","[0, 0]",18
35,"[0, 1]",108.49999999999598,"[34, 34]","[0, 0]","[0, 0]",18
36,"[0, 3]",139.79999999999754,"[35, 33]","[0, 0]","[0, 0]",18
37,"[0, 1]",112.44999999999575,"[36, 35]","[0, 0]","[0, 0]",18
38,"[0, 1]",113.54999999999569,"[37, 37]","[0, 0]","[0, 0]",18
39,"[0, 3]",144.69999999999865,"[38, 36]","[0, 0]","[0, 0]",18
40,"[0, 1]",117.39999999999547,"[39, 38]","[0, 0]","[0, 0]",18
41,"[0, 1]",118.5499999999954,"[40, 40]","[0, 0]","[0, 0]",18
42,"[0, 1]",119.59999999999535,"[41, 41]","[0, 0]","[0, 0]",18
43,"[0, 1]",120.64999999999529,"[42, 42]","[0, 0]","[0, 0]",18
44,"[2, 3]",102.24999999999633,"[24, 18]","[9.650000000000002, 0]","[9.650000000000002, 0]",18
45,"[0, 3]",151.65000000000023,"[43, 39]","[0, 0]","[0, 0]",18
46,"[0, 3]",154.1000000000008,"[45, 45]","[0.5499999999999999, 0]","[0, 0]",18
47,"[0, 3]",155.65000000000114,"[46, 46]","[1.4000000000000006, 0]","[0, 0]",18
48,"[0, 1]",126.69999999999494,"[47, -999]","[1.2500000000000004, 0]","[0, 0]",18
49,"[2, 1]",73.14999999999799,"[44, 20]","[23.750000000000203, 0]","[0.05, 0]",18
50,"[0, 1]",127.79999999999488,"[48, 48]","[0.7000000000000001, 0]","[0, 0]",18
51,"[0, 1]",128.89999999999506,"[50, 50]","[0, 0]","[0, 0]",18
52,"[0, 3]",159.9000000000021,"[51, 47]","[0, 0]","[0, 0]",18
53,"[0, 1]",132.5999999999959,"[52, 51]","[0, 0]","[0, 0]",18
54,"[0, 1]",133.64999999999614,"[53, 53]","[0, 0]","[0, 0]",18
55,"[0, 3]",164.2500000000031,"[54, 52]","[0, 0]","[0, 0]",18
56,"[0, 3]",164.15000000000308,"[55, 55]","[0, 0]","[0, 0]",18
57,"[0, 3]",165.1500000000033,"[56, 56]","[0, 0]","[0, 0]",18
58,"[0, 1]",135.89999999999665,"[57, -999]","[0, 0]","[0, 0]",18
59,"[0, 3]",166.9500000000037,"[58, 57]","[0, 0]","[0, 0]",18
60,"[0, 1]",135.84999999999664,"[59, 58]","[0, 0]","[0, 0]",18
61,"[0, 3]",166.0000000000035,"[60, 59]","[0, 0]","[0, 0]",18
62,"[0, 1]",137.449999999997,"[61, 60]","[0, 0]","[0, 0]",18
63,"[0, 3]",167.55000000000385,"[62, 61]","[0, 0]","[0, 0]",18
64,"[0, 1]",138.7999999999973,"[63, 62]","[0, 0]","[0, 0]",18
65,"[0, 3]",168.6500000000041,"[64, 63]","[0, 0]","[0, 0]",18
66,"[0, 1]",137.69999999999706,"[65, 64]","[0, 0]","[0, 0]",18
67,"[2, 1]",62.349999999998595,"[49, 49]","[9.099999999999994, 0]","[0, 0]",18
68,"[0, 1]",137.54999999999703,"[66, 66]","[0, 0]","[0, 0]",18
69,"[0, 1]",138.04999999999714,"[68, 68]","[0, 0]","[0, 0]",18
70,"[0, 3]",168.10000000000397,"[69, 65]","[0, 0]","[0, 0]",18
71,"[0, 1]",139.34999999999744,"[70, 69]","[0, 0]","[0, 0]",18
72,"[2, 3]",94.49999999999677,"[67, 22]","[14.700000000000074, 0]","[0, 0]",18
73,"[0, 1]",139.49999999999747,"[71, 71]","[0, 0]","[0, 0]",18
74,"[0, 1]",135.39999999999654,"[73, 73]","[0, 0]","[0, 0]",18
75,"[0, 1]",135.84999999999664,"[74, 74]","[0, 0]","[0, 0]",18
76,"[0, 3]",166.55000000000362,"[75, 70]","[0, 0]","[0, 0]",18
77,"[0, 1]",138.39999999999722,"[76, 75]","[0, 0]","[0, 0]",18
78,"[0, 3]",167.70000000000388,"[77, 76]","[0, 0]","[0, 0]",18
79,"[0, 1]",139.54999999999748,"[78, 77]","[0, 0]","[0, 0]",18
0,"[2, 1]",36.40000000000007,"[-999, -999]","[0, 0]","[0, 0]",19
1,"[2, 1]",38.09999999999997,"[0, 0]","[0, 0]","[0, 0]",19
2,"[2, 3]",68.64999999999824,"[1, -999]","[0, 0]","[0, 0]",19
3,"[2, 3]",71.34999999999809,"[2, 2]","[0, 0]","[0, 0]",19
4,"[2, 3]",73.24999999999798,"[3, 3]","[0, 0]","[0, 0]",19
5,"[2, 1]",43.24999999999968,"[4, -999]","[0, 0]","[0, 0]",19
6,"[0, 3]",96.99999999999663,"[-999, 8]","[0, 0]","[0, 0]",19
7,"[0, 3]",100.44999999999644,"[6, 6]","[0, 0]","[0, 0]",19
8,"[2, 3]",72.24999999999804,"[5, 4]","[0, 0]","[0, 0]",19
9,"[2, 1]",43.24999999999968,"[8, 5]","[0, 0]","[0, 0]",19
10,"[2, 1]",45.04999999999958,"[9, 9]","[0, 0]","[0, 0]",19
11,"[0, 1]",73.99999999999794,"[7, 15]","[0, 0]","[0, 0]",19
12,"[0, 1]",75.04999999999788,"[11, 11]","[0, 0]","[0, 0]",19
13,"[0, 3]",106.2999999999961,"[12, 18]","[0, 0]","[0, 0]",19
14,"[2, 1]",46.54999999999949,"[10, 10]","[0, 0]","[0, 0]",19
15,"[2, 1]",47.64999999999943,"[14, 14]","[0, 0]","[0, 0]",19
16,"[0, 1]",77.79999999999772,"[13, 26]","[0, 0]","[0, 0]",19
17,"[0, 1]",83.3999999999974,"[16, 28]","[2.3999999999999995, 0]","[2.3999999999999995, 0]",19
18,"[2, 3]",78.49999999999768,"[15, 7]","[0, 0]","[0, 0]",19
19,"[0, 1]",88.24999999999713,"[17, 29]","[2.4499999999999993, 0]","[2.4499999999999993, 0]",19
20,"[0, 1]",93.09999999999685,"[19, 32]","[2.4499999999999993, 0]","[2.4499999999999993, 0]",19
21,"[0, 3]",123.04999999999515,"[20, 13]","[0, 0]","[0, 0]",19
22,"[0, 3]",125.44999999999501,"[21, 21]","[0, 0]","[0, 0]",19
23,"[0, 3]",127.04999999999492,"[22, 22]","[0, 0]","[0, 0]",19
24,"[0, 3]",128.39999999999495,"[23, 23]","[0, 0]","[0, 0]",19
25,"[0, 1]",99.14999999999651,"[24, 35]","[0, 0]","[0, 0]",19
26,"[2, 1]",55.94999999999896,"[18, 12]","[3.349999999999996, 0]","[3.349999999999996, 0]",19
27,"[0, 3]",131.34999999999562,"[25, 37]","[0, 0]","[0, 0]",19
28,"[2, 1]",62.59999999999858,"[26, 16]","[0, 0]","[0, 0]",19
29,"[2, 1]",67.79999999999829,"[28, 17]","[0, 0]","[0, 0]",19
30,"[0, 3]",132.69999999999592,"[27, 27]","[0, 0]","[0, 0]",19
31,"[0, 1]",104.34999999999621,"[30, 50]","[0, 0]","[0, 0]",19
32,"[2, 1]",73.14999999999799,"[29, 19]","[15.600000000000087, 0]","[0, 0]",19
33,"[2, 1]",78.39999999999769,"[32, 20]","[13.300000000000054, 0]","[0, 0]",19
34,"[0, 1]",104.94999999999618,"[31, 31]","[0, 0]","[0, 0]",19
35,"[2, 1]",78.1999999999977,"[33, 33]","[11.60000000000003, 0]","[0, 0]",19
36,"[0, 1]",105.89999999999613,"[34, 34]","[0, 0]","[0, 0]",19
37,"[2, 3]",122.89999999999516,"[35, 24]","[12.850000000000048, 0]","[2.7499999999999982, 0]",19
38,"[0, 1]",106.94999999999607,"[36, 36]","[0, 0]","[0, 0]",19
39,"[0, 3]",137.74999999999707,"[38, 71]","[0, 0]","[0, 0]",19
40,"[0, 1]",108.94999999999595,"[39, 72]","[0, 0]","[0, 0]",19
41,"[0, 1]",109.9999999999959,"[40, 40]","[0, 0]","[0, 0]",19
42,"[0, 3]",141.09999999999783,"[41, 78]","[0, 0]","[0, 0]",19
43,"[0, 3]",143.1999999999983,"[42, 42]","[0, 0]","[0, 0]",19
44,"[0, 1]",114.59999999999563,"[43, 79]","[0, 0]","[0, 0]",19
45,"[0, 1]",115.64999999999557,"[44, 44]","[0, 0]","[0, 0]",19
46,"[2, 1]",93.49999999999683,"[37, 25]","[8.699999999999989, 0]","[0, 0]",19
47,"[0, 1]",116.74999999999551,"[45, 45]","[0, 0]","[0, 0]",19
48,"[0, 3]",147.79999999999936,"[47, 43]","[0, 0]","[0, 0]",19
49,"[0, 1]",120.4999999999953,"[48, 47]","[0, 0]","[0, 0]",19
50,"[2, 1]",95.64999999999671,"[46, 46]","[7.299999999999982, 0]","[0, 0]",19
51,"[0, 3]",151.9000000000003,"[49, 48]","[0, 0]","[0, 0]",19
52,"[0, 3]",154.2000000000008,"[51, 51]","[0, 0]","[0, 0]",19
53,"[0, 1]",125.649999999995,"[52, 49]","[0, 0]","[0, 0]",19
54,"[0, 1]",126.69999999999494,"[53, 53]","[0, 0]","[0, 0]",19
55,"[0, 1]",127.79999999999488,"[54, 54]","[0, 0]","[0, 0]",19
56,"[0, 1]",128.74999999999503,"[55, 55]","[0, 0]","[0, 0]",19
57,"[0, 3]",159.60000000000204,"[56, 52]","[0, 0]","[0, 0]",19
58,"[0, 1]",132.1999999999958,"[57, 56]","[0, 0]","[0, 0]",19
59,"[0, 3]",163.25000000000287,"[58, 57]","[0, 0]","[0, 0]",19
60,"[0, 3]",164.15000000000308,"[59, 59]","[0, 0]","[0, 0]",19
61,"[0, 1]",133.69999999999615,"[60, 58]","[0, 0]","[0, 0]",19
62,"[2, 3]",129.19999999999513,"[50, 30]","[5.899999999999987, 0]","[0, 0]",19
63,"[0, 3]",164.6500000000032,"[61, 60]","[0, 0]","[0, 0]",19
64,"[0, 1]",136.9499999999969,"[63, 61]","[0, 0]","[0, 0]",19
65,"[0, 3]",168.05000000000396,"[64, 63]","[0, 0]","[0, 0]",19
66,"[0, 1]",140.19999999999763,"[65, 64]","[0, 0]","[0, 0]",19
67,"[0, 3]",170.55000000000453,"[66, 65]","[0.2, 0]","[0, 0]",19
68,"[0, 1]",141.64999999999796,"[67, 66]","[1.1500000000000004, 0]","[0, 0]",19
69,"[2, 3]",131.59999999999567,"[62, 62]","[4.549999999999992, 0]","[0, 0]",19
70,"[0, 1]",141.799999999998,"[68, 68]","[1.800000000000001, 0]","[0, 0]",19
71,"[2, 3]",133.8999999999962,"[69, 69]","[3.149999999999997, 0]","[0, 0]",19
72,"[2, 1]",107.39999999999604,"[71, 38]","[1.7500000000000009, 0]","[0, 0]",19
73,"[0, 1]",142.14999999999807,"[70, 70]","[2.3, 0]","[0, 0]",19
74,"[0, 1]",141.3999999999979,"[73, 73]","[0.44999999999999996, 0]","[0, 0]",19
75,"[0, 1]",135.49999999999656,"[74, 74]","[0, 0]","[0, 0]",19
76,"[0, 1]",136.19999999999672,"[75, 75]","[0, 0]","[0, 0]",19
77,"[0, 1]",136.9999999999969,"[76, 76]","[0, 0]","[0, 0]",19
78,"[2, 3]",139.94999999999757,"[72, 39]","[0, 0]","[0, 0]",19
79,"[2, 1]",115.79999999999556,"[78, 41]","[0.6, 0]","[0, 0]",19
0,"[2, 3]",67.7499999999983,"[-999, -999]","[0, 0]","[0, 0]",20
1,"[0, 1]",71.89999999999806,"[-999, 9]","[0, 0]","[0, 0]",20
2,"[2, 1]",37.15000000000003,"[0, -999]","[0, 0]","[0, 0]",20
3,"[2, 3]",69.99999999999817,"[2, 0]","[0, 0]","[0, 0]",20
4,"[2, 1]",37.65,"[3, 2]","[0, 0]","[0, 0]",20
5,"[0, 1]",77.39999999999775,"[1, 12]","[2.799999999999998, 0]","[2.799999999999998, 0]",20
6,"[2, 1]",39.649999999999885,"[4, 4]","[0, 0]","[0, 0]",20
7,"[2, 1]",41.54999999999978,"[6, 6]","[0, 0]","[0, 0]",20
8,"[2, 3]",72.59999999999802,"[7, 3]","[0, 0]","[0, 0]",20
9,"[2, 1]",40.64999999999983,"[8, 7]","[0, 0]","[0, 0]",20
10,"[2, 3]",73.24999999999798,"[9, 8]","[0, 0]","[0, 0]",20
11,"[0, 3]",105.14999999999617,"[5, 19]","[0, 0]","[0, 0]",20
12,"[2, 1]",44.5999999999996,"[10, 1]","[0, 0]","[0, 0]",20
13,"[0, 3]",112.79999999999573,"[11, 36]","[2.0500000000000007, 0]","[2.0500000000000007, 0]",20
14,"[0, 3]",113.89999999999567,"[13, 13]","[0, 0]","[0, 0]",20
15,"[0, 1]",83.4999999999974,"[14, -999]","[0, 0]","[0, 0]",20
16,"[0, 3]",115.99999999999555,"[15, 44]","[0, 0]","[0, 0]",20
17,"[0, 3]",117.09999999999549,"[16, 16]","[0, 0]","[0, 0]",20
18,"[0, 1]",88.99999999999709,"[17, 49]","[0, 0]","[0, 0]",20
19,"[2, 3]",74.99999999999788,"[12, 10]","[0, 0]","[0, 0]",20
20,"[0, 1]",89.54999999999706,"[18, 18]","[0, 0]","[0, 0]",20
21,"[0, 1]",94.89999999999675,"[20, 60]","[2.4499999999999993, 0]","[2.4499999999999993, 0]",20
22,"[2, 1]",47.399999999999444,"[19, 5]","[0, 0]","[0, 0]",20
23,"[0, 1]",95.39999999999672,"[21, 21]","[0, 0]","[0, 0]",20
24,"[0, 1]",96.44999999999666,"[23, 23]","[0, 0]","[0, 0]",20
25,"[0, 1]",97.4499999999966,"[24, 24]","[0, 0]","[0, 0]",20
26,"[0, 3]",128.2499999999949,"[25, 78]","[0, 0]","[0, 0]",20
27,"[0, 1]",99.44999999999649,"[26, 79]","[0, 0]","[0, 0]",20
28,"[0, 1]",100.54999999999643,"[27, 27]","[0, 0]","[0, 0]",20
29,"[0, 3]",131.59999999999567,"[28, 26]","[0, 0]","[0, 0]",20
30,"[0, 3]",133.8999999999962,"[29, 29]","[0, 0]","[0, 0]",20
31,"[0, 1]",105.29999999999616,"[30, 28]","[0, 0]","[0, 0]",20
32,"[0, 3]",136.74999999999685,"[31, 30]","[0, 0]","[0, 0]",20
33,"[0, 1]",109.24999999999594,"[32, 31]","[0, 0]","[0, 0]",20
34,"[0, 1]",110.34999999999587,"[33, 33]","[0, 0]","[0, 0]",20
35,"[0, 1]",111.49999999999581,"[34, 34]","[0, 0]","[0, 0]",20
36,"[2, 3]",79.44999999999763,"[22, 11]","[0, 0]","[0, 0]",20
37,"[0, 1]",112.54999999999575,"[35, 35]","[0, 0]","[0, 0]",20
38,"[0, 1]",113.54999999999569,"[37, 37]","[0, 0]","[0, 0]",20
39,"[0, 3]",144.54999999999862,"[38, 32]","[0, 0]","[0, 0]",20
40,"[0, 1]",117.29999999999548,"[39, 38]","[0, 0]","[0, 0]",20
41,"[0, 3]",148.64999999999955,"[40, 39]","[0, 0]","[0, 0]",20
42,"[0, 1]",121.19999999999526,"[41, 40]","[0, 0]","[0, 0]",20
43,"[0, 3]",152.60000000000045,"[42, 41]","[0, 0]","[0, 0]",20
44,"[2, 3]",91.19999999999696,"[36, 14]","[6.249999999999986, 0]","[6.249999999999986, 0]",20
45,"[0, 1]",125.14999999999503,"[43, 42]","[0, 0]","[0, 0]",20
46,"[2, 1]",61.84999999999862,"[44, 15]","[0, 0]","[0, 0]",20
47,"[0, 1]",126.29999999999497,"[45, 45]","[0, 0]","[0, 0]",20
48,"[0, 3]",157.45000000000155,"[47, 43]","[0, 0]","[0, 0]",20
49,"[2, 1]",63.59999999999852,"[46, 46]","[0, 0]","[0, 0]",20
50,"[2, 3]",96.89999999999664,"[49, 17]","[16.000000000000092, 0]","[0, 0]",20
51,"[0, 3]",159.75000000000207,"[48, 48]","[0, 0]","[0, 0]",20
52,"[0, 3]",161.35000000000244,"[51, 51]","[0, 0]","[0, 0]",20
53,"[0, 1]",132.34999999999584,"[52, -999]","[0, 0]","[0, 0]",20
54,"[0, 1]",133.39999999999608,"[53, 53]","[0, 0]","[0, 0]",20
55,"[0, 1]",134.3999999999963,"[54, 54]","[0, 0]","[0, 0]",20
56,"[0, 3]",165.35000000000335,"[55, 52]","[0, 0]","[0, 0]",20
57,"[0, 3]",167.55000000000385,"[56, 56]","[0.25, 0]","[0, 0]",20
58,"[0, 3]",168.95000000000417,"[57, 57]","[0, 0]","[0, 0]",20
59,"[0, 3]",165.00000000000327,"[58, 58]","[0, 0]","[0, 0]",20
60,"[2, 1]",71.1499999999981,"[50, 20]","[18.200000000000124, 0]","[0, 0]",20
61,"[0, 3]",164.80000000000322,"[59, 59]","[0, 0]","[0, 0]",20
62,"[0, 1]",135.09999999999647,"[61, -999]","[0, 0]","[0, 0]",20
63,"[0, 1]",135.89999999999665,"[62, 62]","[0, 0]","[0, 0]",20
64,"[0, 1]",136.5499999999968,"[63, 63]","[0.7000000000000001, 0]","[0, 0]",20
65,"[0, 3]",163.800000000003,"[64, 61]","[1.1000000000000003, 0]","[0, 0]",20
66,"[0, 1]",134.14999999999625,"[65, 64]","[1.4000000000000006, 0]","[0, 0]",20
67,"[0, 3]",165.05000000000328,"[66, 65]","[1.2500000000000004, 0]","[0, 0]",20
68,"[0, 1]",137.29999999999697,"[67, 66]","[0.65, 0]","[0, 0]",20
69,"[0, 3]",167.4000000000038,"[68, 67]","[0, 0]","[0, 0]",20
70,"[2, 3]",94.34999999999678,"[60, 50]","[8.499999999999986, 0]","[0, 0]",20
71,"[0, 1]",135.09999999999647,"[69, 68]","[0, 0]","[0, 0]",20
72,"[0, 1]",135.99999999999667,"[71, 71]","[0, 0]","[0, 0]",20
73,"[0, 1]",136.89999999999688,"[72, 72]","[0, 0]","[0, 0]",20
74,"[0, 1]",137.19999999999695,"[73, 73]","[0, 0]","[0, 0]",20
75,"[0, 1]",136.34999999999675,"[74, 74]","[0, 0]","[0, 0]",20
76,"[0, 3]",163.90000000000302,"[75, 69]","[0, 0]","[0, 0]",20
77,"[2, 3]",93.79999999999681,"[70, 70]","[3.1999999999999966, 0]","[0, 0]",20
78,"[2, 3]",96.79999999999664,"[77, 77]","[1.950000000000001, 0]","[0, 0]",20
79,"[2, 1]",70.24999999999815,"[78, 25]","[0.3, 0]","[0, 0]",20
0,"[2, 1]",36.40000000000007,"[-999, -999]","[0, 0]","[0, 0]",21
1,"[2, 1]",38.09999999999997,"[0, 0]","[0, 0]","[0, 0]",21
2,"[0, 3]",96.74999999999665,"[-999, 7]","[0, 0]","[0, 0]",21
3,"[2, 3]",68.64999999999824,"[1, -999]","[0, 0]","[0, 0]",21
4,"[2, 1]",39.04999999999992,"[3, 1]","[0, 0]","[0, 0]",21
5,"[0, 3]",100.34999999999644,"[2, 2]","[0, 0]","[0, 0]",21
6,"[0, 3]",107.64999999999603,"[5, 15]","[2.3, 0]","[2.3, 0]",21
7,"[2, 3]",69.79999999999818,"[4, 3]","[0, 0]","[0, 0]",21
8,"[2, 1]",40.09999999999986,"[7, 4]","[0, 0]","[0, 0]",21
9,"[2, 1]",42.04999999999975,"[8, 8]","[0, 0]","[0, 0]",21
10,"[0, 3]",108.59999999999597,"[6, 6]","[0, 0]","[0, 0]",21
11,"[0, 3]",114.49999999999564,"[10, 21]","[2.799999999999998, 0]","[2.799999999999998, 0]",21
12,"[2, 1]",43.699999999999655,"[9, 9]","[0, 0]","[0, 0]",21
13,"[0, 3]",115.29999999999559,"[11, 11]","[0, 0]","[0, 0]",21
14,"[0, 1]",86.79999999999721,"[13, 30]","[0, 0]","[0, 0]",21
15,"[2, 3]",83.4999999999974,"[12, 5]","[5.599999999999988, 0]","[5.599999999999988, 0]",21
16,"[0, 1]",91.59999999999694,"[14, 44]","[2.3499999999999996, 0]","[2.3499999999999996, 0]",21
17,"[0, 1]",96.59999999999665,"[16, 56]","[2.549999999999999, 0]","[2.549999999999999, 0]",21
18,"[2, 1]",53.4499999999991,"[15, 12]","[0, 0]","[0, 0]",21
19,"[0, 1]",96.99999999999663,"[17, 17]","[0, 0]","[0, 0]",21
20,"[0, 3]",130.59999999999545,"[19, 60]","[0, 0]","[0, 0]",21
21,"[2, 3]",91.34999999999695,"[18, 10]","[0, 0]","[0, 0]",21
22,"[0, 3]",131.89999999999574,"[20, 20]","[0, 0]","[0, 0]",21
23,"[0, 1]",102.29999999999633,"[22, 67]","[0.15000000000000002, 0]","[0, 0]",21
24,"[0, 3]",134.3999999999963,"[23, 77]","[0.6, 0]","[0, 0]",21
25,"[2, 1]",60.19999999999872,"[21, 18]","[13.150000000000052, 0]","[0.49999999999999994, 0]",21
26,"[0, 3]",135.54999999999657,"[24, 24]","[0.9500000000000003, 0]","[0, 0]",21
27,"[0, 3]",136.79999999999686,"[26, 26]","[1.2000000000000004, 0]","[0, 0]",21
28,"[0, 1]",107.19999999999605,"[27, 79]","[1.4500000000000006, 0]","[0, 0]",21
29,"[0, 1]",108.29999999999599,"[28, 28]","[1.6000000000000008, 0]","[0, 0]",21
30,"[2, 1]",62.64999999999858,"[25, 25]","[13.850000000000062, 0]","[0, 0]",21
31,"[0, 1]",109.39999999999593,"[29, 29]","[2.000000000000001, 0]","[0, 0]",21
32,"[0, 3]",140.5499999999977,"[31, 27]","[2.9499999999999975, 0]","[0, 0]",21
33,"[0, 1]",113.19999999999571,"[32, 31]","[3.149999999999997, 0]","[0, 0]",21
34,"[0, 1]",114.29999999999565,"[33, 33]","[2.7499999999999982, 0]","[0, 0]",21
35,"[0, 3]",145.49999999999883,"[34, 32]","[2.2, 0]","[0, 0]",21
36,"[0, 3]",147.84999999999937,"[35, 35]","[1.6000000000000008, 0]","[0, 0]",21
37,"[0, 1]",119.29999999999536,"[36, 34]","[1.0000000000000002, 0]","[0, 0]",21
38,"[0, 3]",150.80000000000004,"[37, 36]","[0.15000000000000002, 0]","[0, 0]",21
39,"[0, 3]",153.00000000000054,"[38, 38]","[0, 0]","[0, 0]",21
40,"[0, 3]",154.6000000000009,"[39, 39]","[0, 0]","[0, 0]",21
41,"[0, 1]",125.599999999995,"[40, -999]","[0, 0]","[0, 0]",21
42,"[0, 3]",157.00000000000145,"[41, 40]","[0, 0]","[0, 0]",21
43,"[0, 1]",129.44999999999519,"[42, 41]","[0, 0]","[0, 0]",21
44,"[2, 1]",70.69999999999813,"[30, 14]","[11.55000000000003, 0]","[0, 0]",21
45,"[0, 1]",130.59999999999545,"[43, 43]","[0, 0]","[0, 0]",21
46,"[0, 1]",131.6999999999957,"[45, 45]","[0, 0]","[0, 0]",21
47,"[0, 3]",162.70000000000275,"[46, 42]","[0, 0]","[0, 0]",21
48,"[0, 1]",135.34999999999653,"[47, 46]","[0, 0]","[0, 0]",21
49,"[0, 1]",136.39999999999677,"[48, 48]","[0, 0]","[0, 0]",21
50,"[0, 3]",167.4000000000038,"[49, 47]","[0, 0]","[0, 0]",21
51,"[0, 3]",169.25000000000423,"[50, 50]","[0, 0]","[0, 0]",21
52,"[0, 3]",168.250000000004,"[51, 51]","[0, 0]","[0, 0]",21
53,"[0, 1]",138.09999999999715,"[52, -999]","[0, 0]","[0, 0]",21
54,"[0, 3]",166.0500000000035,"[53, 52]","[0, 0]","[0, 0]",21
55,"[0, 1]",137.49999999999702,"[54, 53]","[0, 0]","[0, 0]",21
56,"[2, 1]",68.09999999999827,"[44, 16]","[1.900000000000001, 0]","[0, 0]",21
57,"[0, 3]",168.45000000000405,"[55, 54]","[0, 0]","[0, 0]",21
58,"[2, 3]",98.04999999999657,"[56, 13]","[0.8000000000000002, 0]","[0, 0]",21
59,"[0, 3]",167.50000000000384,"[57, 57]","[0, 0]","[0, 0]",21
60,"[2, 3]",101.39999999999638,"[58, 58]","[0, 0]","[0, 0]",21
61,"[0, 3]",167.55000000000385,"[59, 59]","[0, 0]","[0, 0]",21
62,"[0, 1]",138.19999999999717,"[61, -999]","[0, 0]","[0, 0]",21
63,"[0, 3]",168.85000000000414,"[62, 61]","[0, 0]","[0, 0]",21
64,"[0, 3]",167.55000000000385,"[63, 63]","[0, 0]","[0, 0]",21
65,"[0, 1]",138.2499999999972,"[64, 62]","[0, 0]","[0, 0]",21
66,"[0, 1]",138.64999999999728,"[65, 65]","[0, 0]","[0, 0]",21
67,"[2, 1]",71.1999999999981,"[60, 19]","[0, 0]","[0, 0]",21
68,"[0, 1]",138.7499999999973,"[66, 66]","[0, 0]","[0, 0]",21
69,"[0, 1]",138.2999999999972,"[68, 68]","[0, 0]","[0, 0]",21
70,"[0, 1]",137.54999999999703,"[69, 69]","[0, 0]","[0, 0]",21
71,"[0, 3]",167.10000000000375,"[70, 64]","[0, 0]","[0, 0]",21
72,"[0, 3]",168.45000000000405,"[71, 71]","[0, 0]","[0, 0]",21
73,"[0, 3]",168.6000000000041,"[72, 72]","[0, 0]","[0, 0]",21
74,"[0, 1]",136.44999999999678,"[73, -999]","[0, 0]","[0, 0]",21
75,"[0, 3]",164.3000000000031,"[74, 73]","[0, 0]","[0, 0]",21
76,"[0, 1]",136.29999999999674,"[75, 74]","[0, 0]","[0, 0]",21
77,"[2, 3]",102.39999999999633,"[67, 22]","[0, 0]","[0, 0]",21
78,"[2, 1]",73.19999999999798,"[77, 23]","[0, 0]","[0, 0]",21
79,"[2, 1]",75.44999999999786,"[78, 78]","[0.25, 0]","[0, 0]",21
0,"[2, 3]",67.7499999999983,"[-999, -999]","[0, 0]","[0, 0]",22
1,"[2, 1]",37.15000000000003,"[0, -999]","[0, 0]","[0, 0]",22
2,"[2, 1]",38.89999999999993,"[1, 1]","[0, 0]","[0, 0]",22
3,"[2, 3]",70.79999999999812,"[2, 0]","[0, 0]","[0, 0]",22
4,"[2, 1]",38.749999999999936,"[3, 2]","[0, 0]","[0, 0]",22
5,"[0, 1]",67.79999999999829,"[-999, 8]","[0, 0]","[0, 0]",22
6,"[2, 1]",40.99999999999981,"[4, 4]","[0, 0]","[0, 0]",22
7,"[2, 1]",42.59999999999972,"[6, 6]","[0, 0]","[0, 0]",22
8,"[2, 1]",44.09999999999963,"[7, 7]","[0, 0]","[0, 0]",22
9,"[2, 1]",51.099999999999234,"[8, 5]","[2.9999999999999973, 0]","[2.9999999999999973, 0]",22
10,"[2, 1]",51.49999999999921,"[9, 9]","[3.7499999999999947, 0]","[3.2499999999999964, 0]",22
11,"[2, 3]",101.64999999999637,"[10, 17]","[17.85000000000012, 0]","[13.500000000000057, 0]",22
12,"[0, 3]",97.4499999999966,"[5, 3]","[0, 0]","[0, 0]",22
13,"[0, 3]",100.74999999999642,"[12, 12]","[0, 0]","[0, 0]",22
14,"[2, 1]",78.39999999999769,"[11, 19]","[27.15000000000025, 0]","[3.2499999999999964, 0]",22
15,"[0, 3]",102.49999999999632,"[13, 13]","[0, 0]","[0, 0]",22
16,"[0, 3]",103.69999999999625,"[15, 15]","[0, 0]","[0, 0]",22
17,"[0, 3]",104.6499999999962,"[16, 16]","[0, 0]","[0, 0]",22
18,"[0, 1]",74.84999999999789,"[17, -999]","[0, 0]","[0, 0]",22
19,"[0, 1]",75.99999999999783,"[18, 18]","[0, 0]","[0, 0]",22
20,"[0, 3]",107.34999999999604,"[19, 11]","[0, 0]","[0, 0]",22
21,"[2, 1]",79.24999999999764,"[14, 14]","[21.600000000000172, 0]","[0, 0]",22
22,"[0, 3]",109.49999999999592,"[20, 20]","[0, 0]","[0, 0]",22
23,"[0, 1]",80.84999999999755,"[22, 21]","[0, 0]","[0, 0]",22
24,"[0, 3]",111.7499999999958,"[23, 22]","[0, 0]","[0, 0]",22
25,"[0, 1]",82.89999999999743,"[24, 50]","[0, 0]","[0, 0]",22
26,"[0, 3]",114.09999999999566,"[25, 24]","[0, 0]","[0, 0]",22
27,"[0, 1]",85.74999999999727,"[26, 56]","[0, 0]","[0, 0]",22
28,"[0, 3]",118.34999999999542,"[27, 58]","[0, 0]","[0, 0]",22
29,"[0, 3]",125.09999999999503,"[28, 65]","[2.1000000000000005, 0]","[2.1000000000000005, 0]",22
30,"[0, 3]",126.09999999999498,"[29, 29]","[0, 0]","[0, 0]",22
31,"[0, 1]",94.79999999999676,"[30, 71]","[0, 0]","[0, 0]",22
32,"[0, 3]",127.59999999999489,"[31, 72]","[0, 0]","[0, 0]",22
33,"[0, 1]",98.14999999999657,"[32, 77]","[0, 0]","[0, 0]",22
34,"[0, 1]",98.94999999999652,"[33, 33]","[0, 0]","[0, 0]",22
35,"[0, 1]",99.94999999999646,"[34, 34]","[0, 0]","[0, 0]",22
36,"[0, 3]",130.99999999999554,"[35, 79]","[0, 0]","[0, 0]",22
37,"[0, 3]",133.19999999999604,"[36, 36]","[0, 0]","[0, 0]",22
38,"[0, 1]",104.74999999999619,"[37, 35]","[0, 0]","[0, 0]",22
39,"[0, 1]",105.84999999999613,"[38, 38]","[0, 0]","[0, 0]",22
40,"[0, 1]",106.89999999999607,"[39, 39]","[0, 0]","[0, 0]",22
41,"[0, 1]",107.94999999999601,"[40, 40]","[0, 0]","[0, 0]",22
42,"[0, 3]",138.94999999999735,"[41, 37]","[0, 0]","[0, 0]",22
43,"[0, 1]",111.6999999999958,"[42, 41]","[0, 0]","[0, 0]",22
44,"[0, 1]",112.79999999999573,"[43, 43]","[0, 0]","[0, 0]",22
45,"[0, 1]",113.84999999999567,"[44, 44]","[0, 0]","[0, 0]",22
46,"[0, 3]",144.8999999999987,"[45, 42]","[0, 0]","[0, 0]",22
47,"[0, 3]",147.29999999999924,"[46, 46]","[0, 0]","[0, 0]",22
48,"[0, 1]",118.79999999999539,"[47, 45]","[0, 0]","[0, 0]",22
49,"[0, 1]",119.89999999999533,"[48, 48]","[0, 0]","[0, 0]",22
50,"[2, 1]",82.44999999999746,"[21, 23]","[27.70000000000026, 0]","[0, 0]",22
51,"[0, 3]",151.1000000000001,"[49, 47]","[0, 0]","[0, 0]",22
52,"[0, 3]",153.35000000000062,"[51, 51]","[0, 0]","[0, 0]",22
53,"[0, 1]",124.84999999999505,"[52, 49]","[0, 0]","[0, 0]",22
54,"[0, 1]",125.94999999999499,"[53, 53]","[0, 0]","[0, 0]",22
55,"[0, 1]",127.04999999999492,"[54, 54]","[0, 0]","[0, 0]",22
56,"[2, 1]",86.64999999999722,"[50, 25]","[26.250000000000238, 0]","[3.4999999999999956, 0]",22
57,"[0, 3]",158.1000000000017,"[55, 52]","[0, 0]","[0, 0]",22
58,"[2, 3]",119.09999999999538,"[56, 26]","[21.200000000000166, 0]","[0, 0]",22
59,"[0, 3]",160.40000000000222,"[57, 57]","[0, 0]","[0, 0]",22
60,"[0, 1]",131.89999999999574,"[59, 55]","[1.4500000000000006, 0]","[0, 0]",22
61,"[0, 3]",163.30000000000288,"[60, 59]","[2.4499999999999993, 0]","[0, 0]",22
62,"[0, 1]",135.74999999999662,"[61, 60]","[2.25, 0]","[0, 0]",22
63,"[0, 3]",167.00000000000372,"[62, 61]","[1.6500000000000008, 0]","[0, 0]",22
64,"[0, 3]",167.60000000000386,"[63, 63]","[0, 0]","[0, 0]",22
65,"[2, 3]",123.9999999999951,"[58, 28]","[17.15000000000011, 0]","[0, 0]",22
66,"[0, 1]",133.4999999999961,"[64, 62]","[0, 0]","[0, 0]",22
67,"[0, 3]",164.55000000000317,"[66, 64]","[0, 0]","[0, 0]",22
68,"[0, 1]",136.74999999999685,"[67, 66]","[0, 0]","[0, 0]",22
69,"[0, 1]",137.49999999999702,"[68, 68]","[0, 0]","[0, 0]",22
70,"[0, 1]",138.04999999999714,"[69, 69]","[0, 0]","[0, 0]",22
71,"[2, 1]",91.09999999999697,"[65, 27]","[12.900000000000048, 0]","[0, 0]",22
72,"[2, 3]",129.4999999999952,"[71, 30]","[11.65000000000003, 0]","[0, 0]",22
73,"[0, 1]",138.2499999999972,"[70, 70]","[0, 0]","[0, 0]",22
74,"[0, 1]",134.64999999999637,"[73, 73]","[0, 0]","[0, 0]",22
75,"[0, 1]",134.94999999999644,"[74, 74]","[0, 0]","[0, 0]",22
76,"[0, 1]",135.59999999999658,"[75, 75]","[0, 0]","[0, 0]",22
77,"[2, 1]",98.59999999999654,"[72, 31]","[10.20000000000001, 0]","[0, 0]",22
78,"[0, 3]",165.95000000000348,"[76, 67]","[0, 0]","[0, 0]",22
79,"[2, 3]",132.5999999999959,"[77, 32]","[8.74999999999999, 0]","[0, 0]",22
0,"[0, 3]",98.19999999999656,"[-999, 12]","[0, 0]","[0, 0]",23
1,"[2, 3]",67.7499999999983,"[-999, -999]","[0, 0]","[0, 0]",23
2,"[2, 1]",37.15000000000003,"[1, -999]","[0, 0]","[0, 0]",23
3,"[2, 1]",38.89999999999993,"[2, 2]","[0, 0]","[0, 0]",23
4,"[2, 3]",69.19999999999821,"[3, 1]","[0, 0]","[0, 0]",23
5,"[0, 3]",99.1999999999965,"[0, 0]","[0, 0]","[0, 0]",23
6,"[0, 1]",73.74999999999795,"[5, 17]","[0, 0]","[0, 0]",23
7,"[2, 1]",39.69999999999988,"[4, 3]","[0, 0]","[0, 0]",23
8,"[0, 1]",74.7999999999979,"[6, 6]","[0, 0]","[0, 0]",23
9,"[2, 1]",41.599999999999774,"[7, 7]","[0, 0]","[0, 0]",23
10,"[0, 1]",75.89999999999783,"[8, 8]","[0, 0]","[0, 0]",23
11,"[0, 3]",104.6999999999962,"[10, 20]","[0, 0]","[0, 0]",23
12,"[2, 3]",69.94999999999817,"[9, 4]","[0, 0]","[0, 0]",23
13,"[2, 1]",41.0999999999998,"[12, 9]","[0, 0]","[0, 0]",23
14,"[2, 1]",42.8999999999997,"[13, 13]","[0, 0]","[0, 0]",23
15,"[0, 1]",77.04999999999777,"[11, 10]","[0, 0]","[0, 0]",23
16,"[0, 3]",109.9499999999959,"[15, 61]","[0, 0]","[0, 0]",23
17,"[2, 1]",44.44999999999961,"[14, 14]","[0, 0]","[0, 0]",23
18,"[0, 3]",111.39999999999581,"[16, 16]","[0, 0]","[0, 0]",23
19,"[2, 3]",75.14999999999787,"[17, 5]","[0, 0]","[0, 0]",23
20,"[2, 3]",77.14999999999776,"[19, 19]","[0, 0]","[0, 0]",23
21,"[0, 1]",85.59999999999728,"[18, 72]","[3.1999999999999966, 0]","[3.1999999999999966, 0]",23
22,"[0, 3]",115.54999999999558,"[21, 18]","[0, 0]","[0, 0]",23
23,"[0, 1]",88.09999999999714,"[22, 21]","[0, 0]","[0, 0]",23
24,"[0, 3]",119.39999999999536,"[23, 22]","[0, 0]","[0, 0]",23
25,"[0, 1]",91.94999999999692,"[24, 23]","[0, 0]","[0, 0]",23
26,"[0, 1]",93.09999999999685,"[25, 25]","[0, 0]","[0, 0]",23
27,"[0, 1]",94.19999999999679,"[26, 26]","[0, 0]","[0, 0]",23
28,"[0, 3]",125.19999999999503,"[27, 24]","[0.65, 0]","[0, 0]",23
29,"[0, 1]",97.94999999999658,"[28, 27]","[0.65, 0]","[0, 0]",23
30,"[0, 3]",129.29999999999515,"[29, 28]","[0, 0]","[0, 0]",23
31,"[0, 1]",101.79999999999636,"[30, 29]","[0, 0]","[0, 0]",23
32,"[0, 1]",102.9499999999963,"[31, 31]","[0, 0]","[0, 0]",23
33,"[0, 1]",103.99999999999623,"[32, 32]","[0, 0]","[0, 0]",23
34,"[0, 1]",105.04999999999617,"[33, 33]","[0, 0]","[0, 0]",23
35,"[0, 1]",106.09999999999611,"[34, 34]","[0, 0]","[0, 0]",23
36,"[0, 3]",137.09999999999692,"[35, 30]","[0, 0]","[0, 0]",23
37,"[0, 1]",109.8499999999959,"[36, 35]","[0, 0]","[0, 0]",23
38,"[0, 1]",110.94999999999584,"[37, 37]","[0, 0]","[0, 0]",23
39,"[0, 1]",112.04999999999578,"[38, 38]","[0, 0]","[0, 0]",23
40,"[0, 3]",143.0999999999983,"[39, 36]","[0, 0]","[0, 0]",23
41,"[0, 1]",115.84999999999556,"[40, 39]","[0, 0]","[0, 0]",23
42,"[0, 3]",147.24999999999923,"[41, 40]","[0, 0]","[0, 0]",23
43,"[0, 1]",119.84999999999533,"[42, 41]","[0, 0]","[0, 0]",23
44,"[0, 1]",120.99999999999527,"[43, 43]","[0, 0]","[0, 0]",23
45,"[0, 3]",152.15000000000035,"[44, 42]","[0, 0]","[0, 0]",23
46,"[0, 3]",154.45000000000087,"[45, 45]","[0, 0]","[0, 0]",23
47,"[0, 1]",125.94999999999499,"[46, 44]","[0, 0]","[0, 0]",23
48,"[0, 3]",157.45000000000155,"[47, 46]","[0, 0]","[0, 0]",23
49,"[0, 1]",129.9499999999953,"[48, 47]","[0, 0]","[0, 0]",23
50,"[0, 1]",131.09999999999556,"[49, 49]","[0, 0]","[0, 0]",23
51,"[0, 3]",162.25000000000264,"[50, 48]","[0, 0]","[0, 0]",23
52,"[0, 3]",164.50000000000315,"[51, 51]","[0, 0]","[0, 0]",23
53,"[0, 1]",135.99999999999667,"[52, 50]","[0, 0]","[0, 0]",23
54,"[0, 1]",137.0499999999969,"[53, 53]","[0, 0]","[0, 0]",23
55,"[0, 3]",168.05000000000396,"[54, 52]","[0, 0]","[0, 0]",23
56,"[0, 1]",140.14999999999762,"[55, 54]","[0.7000000000000001, 0]","[0, 0]",23
57,"[0, 3]",167.60000000000386,"[56, 55]","[1.2000000000000004, 0]","[0, 0]",23
58,"[0, 1]",138.6999999999973,"[57, 56]","[1.6500000000000008, 0]","[0, 0]",23
59,"[0, 3]",169.5500000000043,"[58, 57]","[1.7500000000000009, 0]","[0, 0]",23
60,"[0, 3]",171.45000000000474,"[59, 59]","[1.2000000000000004, 0]","[0, 0]",23
61,"[2, 3]",69.3999999999982,"[20, 11]","[0, 0]","[0, 0]",23
62,"[0, 1]",141.19999999999786,"[60, 58]","[0, 0]","[0, 0]",23
63,"[0, 3]",167.65000000000387,"[62, 60]","[0, 0]","[0, 0]",23
64,"[0, 1]",139.79999999999754,"[63, 62]","[0, 0]","[0, 0]",23
65,"[0, 3]",171.00000000000463,"[64, 63]","[0, 0]","[0, 0]",23
66,"[0, 1]",143.0999999999983,"[65, 64]","[0, 0]","[0, 0]",23
67,"[0, 3]",173.70000000000525,"[66, 65]","[0, 0]","[0, 0]",23
68,"[0, 1]",145.19999999999877,"[67, 66]","[0, 0]","[0, 0]",23
69,"[0, 3]",175.2000000000056,"[68, 67]","[0, 0]","[0, 0]",23
70,"[2, 1]",36.60000000000006,"[61, 15]","[0, 0]","[0, 0]",23
71,"[0, 1]",142.6999999999982,"[69, 68]","[0, 0]","[0, 0]",23
72,"[2, 1]",38.49999999999995,"[70, 70]","[0, 0]","[0, 0]",23
73,"[0, 1]",142.09999999999806,"[71, 71]","[0, 0]","[0, 0]",23
74,"[0, 1]",142.2499999999981,"[73, 73]","[0, 0]","[0, 0]",23
75,"[0, 1]",142.2999999999981,"[74, 74]","[0, 0]","[0, 0]",23
76,"[0, 3]",172.10000000000488,"[75, 69]","[0, 0]","[0, 0]",23
77,"[0, 3]",173.35000000000517,"[76, 76]","[0, 0]","[0, 0]",23
78,"[0, 1]",138.7499999999973,"[77, 75]","[0, 0]","[0, 0]",23
79,"[0, 3]",168.85000000000414,"[78, 77]","[0, 0]","[0, 0]",23
0,"[2, 3]",67.7499999999983,"[-999, -999]","[0, 0]","[0, 0]",24
1,"[0, 1]",67.49999999999831,"[-999, 11]","[0, 0]","[0, 0]",24
2,"[2, 3]",70.84999999999812,"[0, 0]","[0, 0]","[0, 0]",24
3,"[2, 3]",72.74999999999801,"[2, 2]","[0, 0]","[0, 0]",24
4,"[2, 1]",38.249999999999964,"[3, -999]","[0, 0]","[0, 0]",24
5,"[0, 1]",69.3499999999982,"[1, 1]","[0, 0]","[0, 0]",24
6,"[0, 1]",71.0999999999981,"[5, 5]","[0, 0]","[0, 0]",24
7,"[2, 3]",71.64999999999807,"[4, 3]","[0, 0]","[0, 0]",24
8,"[0, 1]",71.89999999999806,"[6, 6]","[0, 0]","[0, 0]",24
9,"[2, 1]",38.54999999999995,"[7, 4]","[0, 0]","[0, 0]",24
10,"[0, 1]",72.39999999999803,"[8, 8]","[0, 0]","[0, 0]",24
11,"[2, 1]",40.79999999999982,"[9, 9]","[0, 0]","[0, 0]",24
12,"[2, 3]",72.29999999999804,"[11, 7]","[0, 0]","[0, 0]",24
13,"[0, 1]",72.79999999999801,"[10, 10]","[0, 0]","[0, 0]",24
14,"[0, 1]",79.44999999999763,"[13, 51]","[0.5499999999999999, 0]","[0.5499999999999999, 0]",24
15,"[0, 3]",107.69999999999602,"[14, 30]","[0, 0]","[0, 0]",24
16,"[2, 3]",74.7499999999979,"[12, 12]","[0, 0]","[0, 0]",24
17,"[0, 1]",79.59999999999762,"[15, 56]","[0, 0]","[0, 0]",24
18,"[0, 1]",80.59999999999756,"[17, 17]","[0, 0]","[0, 0]",24
19,"[2, 3]",76.5499999999978,"[16, 16]","[0, 0]","[0, 0]",24
20,"[0, 3]",111.6999999999958,"[18, 15]","[0, 0]","[0, 0]",24
21,"[0, 1]",83.84999999999738,"[20, 58]","[0, 0]","[0, 0]",24
22,"[0, 3]",115.89999999999556,"[21, 59]","[0, 0]","[0, 0]",24
23,"[0, 1]",86.8999999999972,"[22, 21]","[0, 0]","[0, 0]",24
24,"[0, 3]",119.14999999999537,"[23, 67]","[0, 0]","[0, 0]",24
25,"[0, 1]",89.94999999999703,"[24, 23]","[0, 0]","[0, 0]",24
26,"[0, 1]",90.99999999999697,"[25, 25]","[0, 0]","[0, 0]",24
27,"[0, 3]",122.2499999999952,"[26, 77]","[0, 0]","[0, 0]",24
28,"[0, 1]",94.0499999999968,"[27, 79]","[0, 0]","[0, 0]",24
29,"[0, 1]",95.04999999999674,"[28, 28]","[0, 0]","[0, 0]",24
30,"[2, 3]",77.89999999999772,"[19, 19]","[0, 0]","[0, 0]",24
31,"[0, 1]",96.09999999999668,"[29, 29]","[0, 0]","[0, 0]",24
32,"[0, 1]",97.14999999999662,"[31, 31]","[0, 0]","[0, 0]",24
33,"[0, 3]",128.1499999999949,"[32, 27]","[0, 0]","[0, 0]",24
34,"[0, 1]",100.89999999999641,"[33, 32]","[0, 0]","[0, 0]",24
35,"[0, 1]",101.99999999999635,"[34, 34]","[0, 0]","[0, 0]",24
36,"[0, 3]",133.19999999999604,"[35, 33]","[0, 0]","[0, 0]",24
37,"[0, 1]",105.94999999999612,"[36, 35]","[0, 0]","[0, 0]",24
38,"[0, 1]",107.09999999999606,"[37, 37]","[0, 0]","[0, 0]",24
39,"[0, 1]",108.149999999996,"[38, 38]","[0, 0]","[0, 0]",24
40,"[0, 3]",139.1999999999974,"[39, 36]","[0, 0]","[0, 0]",24
41,"[0, 3]",141.54999999999794,"[40, 40]","[0, 0]","[0, 0]",24
42,"[0, 3]",143.1499999999983,"[41, 41]","[0, 0]","[0, 0]",24
43,"[0, 3]",144.39999999999858,"[42, 42]","[0, 0]","[0, 0]",24
44,"[0, 3]",145.64999999999887,"[43, 43]","[0, 0]","[0, 0]",24
45,"[0, 1]",116.29999999999553,"[44, -999]","[0, 0]","[0, 0]",24
46,"[0, 3]",147.79999999999936,"[45, 44]","[0, 0]","[0, 0]",24
47,"[0, 1]",120.19999999999531,"[46, 45]","[0, 0]","[0, 0]",24
48,"[0, 3]",151.5500000000002,"[47, 46]","[0, 0]","[0, 0]",24
49,"[0, 3]",153.80000000000072,"[48, 48]","[0, 0]","[0, 0]",24
50,"[0, 3]",155.30000000000106,"[49, 49]","[0, 0]","[0, 0]",24
51,"[2, 1]",47.34999999999945,"[30, 13]","[2.4499999999999993, 0]","[2.4499999999999993, 0]",24
52,"[0, 3]",156.60000000000136,"[50, 50]","[0, 0]","[0, 0]",24
53,"[0, 1]",127.3999999999949,"[52, -999]","[0, 0]","[0, 0]",24
54,"[0, 1]",128.44999999999496,"[53, 53]","[0, 0]","[0, 0]",24
55,"[0, 3]",159.65000000000205,"[54, 52]","[0, 0]","[0, 0]",24
56,"[2, 1]",50.34999999999928,"[51, 14]","[3.399999999999996, 0]","[3.399999999999996, 0]",24
57,"[0, 1]",132.24999999999582,"[55, 54]","[0, 0]","[0, 0]",24
58,"[2, 1]",62.64999999999858,"[56, 18]","[8.549999999999986, 0]","[5.699999999999988, 0]",24
59,"[2, 3]",94.29999999999679,"[58, 20]","[14.100000000000065, 0]","[0.05, 0]",24
60,"[0, 1]",133.19999999999604,"[57, 57]","[0, 0]","[0, 0]",24
61,"[0, 3]",164.2500000000031,"[60, 55]","[0, 0]","[0, 0]",24
62,"[0, 1]",136.69999999999683,"[61, 60]","[0, 0]","[0, 0]",24
63,"[0, 3]",166.15000000000353,"[62, 61]","[0, 0]","[0, 0]",24
64,"[0, 1]",136.9999999999969,"[63, 62]","[0, 0]","[0, 0]",24
65,"[0, 3]",167.3000000000038,"[64, 63]","[0, 0]","[0, 0]",24
66,"[0, 1]",137.8999999999971,"[65, 64]","[0, 0]","[0, 0]",24
67,"[2, 3]",100.94999999999641,"[59, 22]","[14.100000000000065, 0]","[3.1999999999999966, 0]",24
68,"[0, 1]",137.99999999999713,"[66, 66]","[0.8500000000000002, 0]","[0, 0]",24
69,"[0, 3]",168.15000000000398,"[68, 65]","[1.3000000000000005, 0]","[0, 0]",24
70,"[0, 1]",139.04999999999737,"[69, 68]","[1.5500000000000007, 0]","[0, 0]",24
71,"[0, 1]",138.7999999999973,"[70, 70]","[1.800000000000001, 0]","[0, 0]",24
72,"[0, 1]",138.14999999999716,"[71, 71]","[2.0500000000000007, 0]","[0, 0]",24
73,"[0, 1]",138.2999999999972,"[72, 72]","[2.1500000000000004, 0]","[0, 0]",24
74,"[0, 1]",138.84999999999732,"[73, 73]","[1.6000000000000008, 0]","[0, 0]",24
75,"[0, 1]",134.2999999999963,"[74, 74]","[0, 0]","[0, 0]",24
76,"[0, 1]",133.8499999999962,"[75, 75]","[0, 0]","[0, 0]",24
77,"[2, 3]",101.59999999999637,"[67, 24]","[14.100000000000065, 0]","[3.399999999999996, 0]",24
78,"[0, 1]",134.59999999999636,"[76, 76]","[0, 0]","[0, 0]",24
79,"[2, 1]",78.1999999999977,"[77, 26]","[8.74999999999999, 0]","[0, 0]",24
0,"[2, 3]",67.7499999999983,"[-999, -999]","[0, 0]","[0, 0]",25
1,"[0, 1]",67.39999999999831,"[-999, 8]","[0, 0]","[0, 0]",25
2,"[2, 1]",37.15000000000003,"[0, -999]","[0, 0]","[0, 0]",25
3,"[2, 1]",38.89999999999993,"[2, 2]","[0, 0]","[0, 0]",25
4,"[0, 1]",74.6999999999979,"[1, 14]","[2.4499999999999993, 0]","[2.4499999999999993, 0]",25
5,"[0, 1]",80.19999999999759,"[4, 23]","[2.3499999999999996, 0]","[2.3499999999999996, 0]",25
6,"[2, 1]",40.74999999999982,"[3, 3]","[0, 0]","[0, 0]",25
7,"[0, 1]",80.59999999999756,"[5, 5]","[0, 0]","[0, 0]",25
8,"[2, 1]",42.54999999999972,"[6, 6]","[0, 0]","[0, 0]",25
9,"[2, 3]",73.14999999999799,"[8, 0]","[0, 0]","[0, 0]",25
10,"[2, 3]",75.74999999999784,"[9, 9]","[0, 0]","[0, 0]",25
11,"[0, 1]",81.59999999999751,"[7, 7]","[0, 0]","[0, 0]",25
12,"[2, 3]",77.49999999999774,"[10, 10]","[0, 0]","[0, 0]",25
13,"[0, 3]",112.59999999999575,"[11, 32]","[0, 0]","[0, 0]",25
14,"[2, 1]",45.24999999999957,"[12, 1]","[0, 0]","[0, 0]",25
15,"[0, 1]",84.74999999999733,"[13, 39]","[0, 0]","[0, 0]",25
16,"[0, 3]",117.14999999999549,"[15, 50]","[0, 0]","[0, 0]",25
17,"[0, 1]",88.14999999999714,"[16, 15]","[0, 0]","[0, 0]",25
18,"[0, 1]",89.24999999999707,"[17, 17]","[0, 0]","[0, 0]",25
19,"[0, 3]",121.69999999999523,"[18, 60]","[0, 0]","[0, 0]",25
20,"[0, 3]",122.99999999999515,"[19, 19]","[0, 0]","[0, 0]",25
21,"[0, 1]",95.09999999999674,"[20, 67]","[0, 0]","[0, 0]",25
22,"[0, 3]",127.04999999999492,"[21, 79]","[0, 0]","[0, 0]",25
23,"[2, 1]",52.94999999999913,"[14, 4]","[2.499999999999999, 0]","[2.499999999999999, 0]",25
24,"[0, 3]",128.44999999999496,"[22, 22]","[0, 0]","[0, 0]",25
25,"[0, 1]",99.14999999999651,"[24, 21]","[0, 0]","[0, 0]",25
26,"[0, 1]",100.24999999999645,"[25, 25]","[0, 0]","[0, 0]",25
27,"[0, 1]",101.34999999999638,"[26, 26]","[0, 0]","[0, 0]",25
28,"[0, 3]",132.39999999999586,"[27, 24]","[0, 0]","[0, 0]",25
29,"[0, 3]",134.7999999999964,"[28, 28]","[0, 0]","[0, 0]",25
30,"[0, 3]",136.34999999999675,"[29, 29]","[0, 0]","[0, 0]",25
31,"[0, 1]",107.39999999999604,"[30, -999]","[0, 0]","[0, 0]",25
32,"[2, 3]",81.89999999999749,"[23, 12]","[0, 0]","[0, 0]",25
33,"[0, 3]",138.7999999999973,"[31, 30]","[0, 0]","[0, 0]",25
34,"[0, 1]",111.34999999999582,"[33, 31]","[0, 0]","[0, 0]",25
35,"[0, 1]",112.44999999999575,"[34, 34]","[0, 0]","[0, 0]",25
36,"[0, 3]",143.6499999999984,"[35, 33]","[0, 0]","[0, 0]",25
37,"[0, 1]",116.39999999999553,"[36, 35]","[0, 0]","[0, 0]",25
38,"[0, 1]",117.54999999999546,"[37, 37]","[0, 0]","[0, 0]",25
39,"[2, 1]",64.1999999999985,"[32, 11]","[2.849999999999998, 0]","[2.849999999999998, 0]",25
40,"[0, 1]",118.5999999999954,"[38, 38]","[0, 0]","[0, 0]",25
41,"[0, 1]",119.64999999999534,"[40, 40]","[0, 0]","[0, 0]",25
42,"[0, 3]",150.6,"[41, 36]","[0, 0]","[0, 0]",25
43,"[0, 1]",123.39999999999513,"[42, 41]","[0, 0]","[0, 0]",25
44,"[0, 3]",154.80000000000095,"[43, 42]","[0, 0]","[0, 0]",25
45,"[0, 1]",127.3499999999949,"[44, 43]","[0, 0]","[0, 0]",25
46,"[0, 3]",158.65000000000182,"[45, 44]","[0, 0]","[0, 0]",25
47,"[0, 3]",160.90000000000234,"[46, 46]","[0, 0]","[0, 0]",25
48,"[0, 3]",162.4500000000027,"[47, 47]","[0, 0]","[0, 0]",25
49,"[0, 1]",133.4999999999961,"[48, -999]","[0, 0]","[0, 0]",25
50,"[2, 3]",88.19999999999713,"[39, 13]","[0, 0]","[0, 0]",25
51,"[0, 1]",134.59999999999636,"[49, 49]","[0, 0]","[0, 0]",25
52,"[0, 1]",135.59999999999658,"[51, 51]","[0, 0]","[0, 0]",25
53,"[0, 1]",135.84999999999664,"[52, 52]","[0, 0]","[0, 0]",25
54,"[0, 1]",134.14999999999625,"[53, 53]","[0, 0]","[0, 0]",25
55,"[2, 3]",94.19999999999679,"[50, 16]","[0, 0]","[0, 0]",25
56,"[0, 3]",164.55000000000317,"[54, 48]","[0, 0]","[0, 0]",25
57,"[0, 3]",166.5000000000036,"[56, 56]","[0, 0]","[0, 0]",25
58,"[0, 3]",166.75000000000367,"[57, 57]","[0, 0]","[0, 0]",25
59,"[0, 3]",165.75000000000344,"[58, 58]","[0, 0]","[0, 0]",25
60,"[2, 3]",94.44999999999678,"[55, 55]","[0, 0]","[0, 0]",25
61,"[0, 3]",166.4500000000036,"[59, 59]","[0, 0]","[0, 0]",25
62,"[0, 1]",136.69999999999683,"[61, -999]","[0, 0]","[0, 0]",25
63,"[0, 1]",136.64999999999682,"[62, 62]","[0, 0]","[0, 0]",25
64,"[2, 1]",64.39999999999849,"[60, 18]","[12.35000000000004, 0]","[0, 0]",25
65,"[0, 3]",164.15000000000308,"[63, 61]","[0, 0]","[0, 0]",25
66,"[0, 1]",133.24999999999605,"[65, 63]","[0, 0]","[0, 0]",25
67,"[2, 1]",67.09999999999833,"[64, 64]","[10.25000000000001, 0]","[0, 0]",25
68,"[0, 1]",133.8999999999962,"[66, 66]","[0, 0]","[0, 0]",25
69,"[0, 1]",134.49999999999633,"[68, 68]","[0, 0]","[0, 0]",25
70,"[0, 3]",164.05000000000305,"[69, 65]","[0, 0]","[0, 0]",25
71,"[0, 1]",135.39999999999654,"[70, 69]","[0, 0]","[0, 0]",25
72,"[0, 3]",166.10000000000352,"[71, 70]","[0, 0]","[0, 0]",25
73,"[0, 1]",135.99999999999667,"[72, 71]","[0, 0]","[0, 0]",25
74,"[0, 1]",135.49999999999656,"[73, 73]","[0, 0]","[0, 0]",25
75,"[0, 1]",136.0999999999967,"[74, 74]","[0, 0]","[0, 0]",25
76,"[0, 1]",135.74999999999662,"[75, 75]","[0.35, 0]","[0, 0]",25
77,"[0, 3]",163.800000000003,"[76, 72]","[1.0000000000000002, 0]","[0, 0]",25
78,"[0, 1]",134.7499999999964,"[77, 76]","[1.3500000000000005, 0]","[0, 0]",25
79,"[2, 3]",91.44999999999695,"[67, 20]","[0, 0]","[0, 0]",25
0,"[0, 1]",75.99999999999783,"[-999, 15]","[0, 0]","[3.149999999999997, 0]",26
1,"[2, 1]",36.40000000000007,"[-999, -999]","[0, 0]","[0, 0]",26
2,"[0, 1]",81.89999999999749,"[0, 17]","[1.7000000000000008, 0]","[1.7000000000000008, 0]",26
3,"[2, 3]",68.49999999999825,"[1, -999]","[0, 0]","[0, 0]",26
4,"[0, 3]",110.39999999999587,"[2, 12]","[0, 0]","[0, 0]",26
5,"[0, 1]",88.54999999999711,"[4, 47]","[2.7499999999999982, 0]","[2.7499999999999982, 0]",26
6,"[0, 3]",118.5499999999954,"[5, 50]","[0, 0]","[0, 0]",26
7,"[0, 3]",120.09999999999532,"[6, 6]","[0, 0]","[0, 0]",26
8,"[0, 3]",121.34999999999525,"[7, 7]","[0, 0]","[0, 0]",26
9,"[2, 1]",36.70000000000005,"[3, 1]","[0, 0]","[0, 0]",26
10,"[2, 3]",69.69999999999818,"[9, 3]","[0, 0]","[0, 0]",26
11,"[0, 1]",100.14999999999645,"[8, 70]","[4.3499999999999925, 0]","[4.3499999999999925, 0]",26
12,"[2, 3]",72.14999999999804,"[10, 10]","[0, 0]","[0, 0]",26
13,"[2, 1]",38.19999999999997,"[12, 9]","[0, 0]","[0, 0]",26
14,"[2, 1]",40.39999999999984,"[13, 13]","[0, 0]","[0, 0]",26
15,"[2, 1]",42.19999999999974,"[14, 14]","[0, 0]","[0, 0]",26
16,"[0, 3]",128.649999999995,"[11, 8]","[0, 0]","[0, 0]",26
17,"[2, 1]",49.9999999999993,"[15, 0]","[2.3999999999999995, 0]","[2.3999999999999995, 0]",26
18,"[0, 1]",100.49999999999643,"[16, 72]","[0, 0]","[0, 0]",26
19,"[0, 1]",101.49999999999638,"[18, 18]","[0, 0]","[0, 0]",26
20,"[0, 3]",132.6499999999959,"[19, 16]","[0, 0]","[0, 0]",26
21,"[0, 1]",104.94999999999618,"[20, 79]","[0, 0]","[0, 0]",26
22,"[0, 3]",136.19999999999672,"[21, 20]","[0, 0]","[0, 0]",26
23,"[0, 1]",108.69999999999597,"[22, 21]","[1.6500000000000008, 0]","[0, 0]",26
24,"[0, 3]",140.0499999999976,"[23, 22]","[2.6499999999999986, 0]","[0, 0]",26
25,"[0, 1]",112.64999999999574,"[24, 23]","[3.1999999999999966, 0]","[0, 0]",26
26,"[0, 1]",113.74999999999568,"[25, 25]","[3.649999999999995, 0]","[0, 0]",26
27,"[0, 1]",114.79999999999562,"[26, 26]","[3.949999999999994, 0]","[0, 0]",26
28,"[0, 1]",115.89999999999556,"[27, 27]","[4.249999999999993, 0]","[0, 0]",26
29,"[0, 3]",146.89999999999915,"[28, 24]","[4.499999999999992, 0]","[0, 0]",26
30,"[0, 1]",119.64999999999534,"[29, 28]","[4.749999999999991, 0]","[0, 0]",26
31,"[0, 1]",120.74999999999528,"[30, 30]","[4.849999999999991, 0]","[0, 0]",26
32,"[0, 3]",151.9500000000003,"[31, 29]","[5.09999999999999, 0]","[0, 0]",26
33,"[0, 3]",154.25000000000082,"[32, 32]","[6.099999999999986, 0]","[0, 0]",26
34,"[0, 1]",125.699999999995,"[33, 31]","[6.799999999999984, 0]","[0, 0]",26
35,"[0, 1]",126.79999999999494,"[34, 34]","[6.549999999999985, 0]","[0, 0]",26
36,"[2, 1]",52.54999999999915,"[17, 2]","[3.349999999999996, 0]","[3.349999999999996, 0]",26
37,"[0, 1]",127.89999999999488,"[35, 35]","[6.0499999999999865, 0]","[0, 0]",26
38,"[0, 1]",128.94999999999507,"[37, 37]","[5.449999999999989, 0]","[0, 0]",26
39,"[0, 3]",159.9000000000021,"[38, 33]","[4.849999999999991, 0]","[0, 0]",26
40,"[0, 1]",132.69999999999592,"[39, 38]","[4.249999999999993, 0]","[0, 0]",26
41,"[0, 1]",133.8499999999962,"[40, 40]","[3.649999999999995, 0]","[0, 0]",26
42,"[0, 3]",164.95000000000326,"[41, 39]","[2.9999999999999973, 0]","[0, 0]",26
43,"[0, 1]",137.59999999999704,"[42, 41]","[2.3499999999999996, 0]","[0, 0]",26
44,"[0, 3]",168.55000000000408,"[43, 42]","[1.2500000000000004, 0]","[0, 0]",26
45,"[0, 3]",163.850000000003,"[44, 44]","[0, 0]","[0, 0]",26
46,"[0, 1]",134.94999999999644,"[45, 43]","[0, 0]","[0, 0]",26
47,"[2, 1]",45.59999999999955,"[36, 36]","[0, 0]","[0, 0]",26
48,"[0, 1]",135.89999999999665,"[46, 46]","[0, 0]","[0, 0]",26
49,"[0, 3]",167.00000000000372,"[48, 45]","[0, 0]","[0, 0]",26
50,"[2, 3]",76.3499999999978,"[47, 4]","[0, 0]","[0, 0]",26
51,"[0, 1]",139.39999999999745,"[49, 48]","[0, 0]","[0, 0]",26
52,"[0, 3]",167.60000000000386,"[51, 49]","[0, 0]","[0, 0]",26
53,"[0, 1]",138.2999999999972,"[52, 51]","[0, 0]","[0, 0]",26
54,"[0, 3]",168.55000000000408,"[53, 52]","[0, 0]","[0, 0]",26
55,"[0, 3]",166.8500000000037,"[54, 54]","[0, 0]","[0, 0]",26
56,"[2, 1]",45.74999999999954,"[50, 5]","[0, 0]","[0, 0]",26
57,"[2, 1]",47.14999999999946,"[56, 56]","[0, 0]","[0, 0]",26
58,"[0, 3]",167.90000000000393,"[55, 55]","[0, 0]","[0, 0]",26
59,"[0, 3]",168.85000000000414,"[58, 58]","[0, 0]","[0, 0]",26
60,"[0, 3]",167.95000000000394,"[59, 59]","[0, 0]","[0, 0]",26
61,"[2, 1]",48.099999999999405,"[57, 57]","[0, 0]","[0, 0]",26
62,"[0, 1]",136.79999999999686,"[60, -999]","[0, 0]","[0, 0]",26
63,"[0, 3]",167.25000000000378,"[62, 60]","[0, 0]","[0, 0]",26
64,"[0, 1]",137.34999999999698,"[63, 62]","[0, 0]","[0, 0]",26
65,"[0, 3]",167.8000000000039,"[64, 63]","[0, 0]","[0, 0]",26
66,"[0, 1]",139.54999999999748,"[65, 64]","[0, 0]","[0, 0]",26
67,"[0, 1]",139.49999999999747,"[66, 66]","[0, 0]","[0, 0]",26
68,"[0, 1]",139.74999999999753,"[67, 67]","[0, 0]","[0, 0]",26
69,"[2, 1]",45.89999999999953,"[61, 61]","[0, 0]","[0, 0]",26
70,"[2, 1]",47.29999999999945,"[69, 69]","[0, 0]","[0, 0]",26
71,"[0, 1]",140.0999999999976,"[68, 68]","[0, 0]","[0, 0]",26
72,"[2, 1]",53.349999999999106,"[70, 11]","[3.349999999999996, 0]","[3.349999999999996, 0]",26
73,"[0, 1]",136.64999999999682,"[71, 71]","[0, 0]","[0, 0]",26
74,"[0, 1]",136.79999999999686,"[73, 73]","[0, 0]","[0, 0]",26
75,"[0, 1]",136.9999999999969,"[74, 74]","[0.8000000000000002, 0]","[0, 0]",26
76,"[0, 1]",135.99999999999667,"[75, 75]","[1.2000000000000004, 0]","[0, 0]",26
77,"[0, 3]",166.10000000000352,"[76, 65]","[0.8500000000000002, 0]","[0, 0]",26
78,"[0, 1]",133.34999999999607,"[77, 76]","[0, 0]","[0, 0]",26
79,"[2, 1]",65.04999999999845,"[72, 19]","[8.74999999999999, 0]","[5.4999999999999885, 0]",26
0,"[2, 3]",67.7499999999983,"[-999, -999]","[0, 0]","[0, 0]",27
1,"[2, 1]",37.15000000000003,"[0, -999]","[0, 0]","[0, 0]",27
2,"[2, 3]",69.4499999999982,"[1, 0]","[0, 0]","[0, 0]",27
3,"[2, 1]",39.49999999999989,"[2, 1]","[0, 0]","[0, 0]",27
4,"[0, 3]",107.69999999999602,"[-999, 13]","[0, 0]","[5.04999999999999, 0]",27
5,"[0, 1]",77.64999999999773,"[4, -999]","[0, 0]","[0, 0]",27
6,"[0, 1]",78.84999999999766,"[5, 5]","[0, 0]","[0, 0]",27
7,"[2, 3]",70.04999999999816,"[3, 2]","[0, 0]","[0, 0]",27
8,"[2, 3]",72.24999999999804,"[7, 7]","[0, 0]","[0, 0]",27
9,"[2, 1]",42.24999999999974,"[8, 3]","[0, 0]","[0, 0]",27
10,"[2, 3]",71.64999999999807,"[9, 8]","[0, 0]","[0, 0]",27
11,"[0, 3]",111.24999999999582,"[6, 19]","[0, 0]","[0, 0]",27
12,"[2, 3]",73.59999999999796,"[10, 10]","[0, 0]","[0, 0]",27
13,"[2, 3]",75.09999999999788,"[12, 12]","[0, 0]","[0, 0]",27
14,"[0, 1]",81.7999999999975,"[11, 26]","[0, 0]","[0, 0]",27
15,"[2, 3]",81.44999999999752,"[13, 4]","[1.0000000000000002, 0]","[1.0000000000000002, 0]",27
16,"[0, 3]",114.74999999999562,"[14, 34]","[0, 0]","[0, 0]",27
17,"[0, 1]",86.34999999999724,"[16, 35]","[0, 0]","[0, 0]",27
18,"[0, 1]",86.84999999999721,"[17, 17]","[0, 0]","[0, 0]",27
19,"[2, 3]",82.69999999999744,"[15, 15]","[3.5499999999999954, 0]","[3.5499999999999954, 0]",27
20,"[0, 1]",92.2999999999969,"[18, 38]","[2.499999999999999, 0]","[2.499999999999999, 0]",27
21,"[0, 1]",92.79999999999687,"[20, 20]","[0, 0]","[0, 0]",27
22,"[0, 3]",123.64999999999512,"[21, 37]","[0, 0]","[0, 0]",27
23,"[0, 1]",101.0999999999964,"[22, 56]","[3.2499999999999964, 0]","[3.2499999999999964, 0]",27
24,"[0, 3]",130.69999999999547,"[23, 22]","[0, 0]","[0, 0]",27
25,"[0, 1]",102.9499999999963,"[24, 57]","[0, 0]","[0, 0]",27
26,"[2, 1]",53.199999999999115,"[19, 6]","[3.149999999999997, 0]","[0.05, 0]",27
27,"[0, 1]",103.99999999999623,"[25, 25]","[0, 0]","[0, 0]",27
28,"[0, 1]",105.04999999999617,"[27, 27]","[0, 0]","[0, 0]",27
29,"[0, 3]",139.2499999999974,"[28, 68]","[0, 0]","[0, 0]",27
30,"[0, 3]",140.4999999999977,"[29, 29]","[0, 0]","[0, 0]",27
31,"[0, 1]",112.49999999999575,"[30, 78]","[0, 0]","[0, 0]",27
32,"[0, 1]",117.94999999999544,"[31, 79]","[2.6499999999999986, 0]","[2.6499999999999986, 0]",27
33,"[0, 1]",118.19999999999543,"[32, 32]","[0, 0]","[0, 0]",27
34,"[2, 3]",86.09999999999725,"[26, 11]","[8.499999999999986, 0]","[1.5000000000000007, 0]",27
35,"[2, 1]",57.049999999998896,"[34, 14]","[8.499999999999986, 0]","[0, 0]",27
36,"[0, 1]",119.09999999999538,"[33, 33]","[0, 0]","[0, 0]",27
37,"[2, 3]",90.84999999999698,"[35, 16]","[10.800000000000018, 0]","[0, 0]",27
38,"[2, 1]",66.04999999999839,"[37, 18]","[8.399999999999984, 0]","[0, 0]",27
39,"[0, 1]",120.14999999999532,"[36, 36]","[1.2000000000000004, 0]","[0, 0]",27
40,"[0, 1]",121.19999999999526,"[39, 39]","[1.900000000000001, 0]","[0, 0]",27
41,"[0, 3]",152.10000000000034,"[40, 30]","[2.3499999999999996, 0]","[0, 0]",27
42,"[0, 3]",154.40000000000086,"[41, 41]","[2.7499999999999982, 0]","[0, 0]",27
43,"[2, 1]",77.69999999999773,"[38, 21]","[9.800000000000004, 0]","[3.049999999999997, 0]",27
44,"[0, 3]",156.00000000000122,"[42, 42]","[3.099999999999997, 0]","[0, 0]",27
45,"[0, 1]",126.99999999999493,"[44, -999]","[3.399999999999996, 0]","[0, 0]",27
46,"[0, 1]",128.04999999999487,"[45, 45]","[3.699999999999995, 0]","[0, 0]",27
47,"[0, 3]",159.25000000000196,"[46, 44]","[3.949999999999994, 0]","[0, 0]",27
48,"[0, 3]",161.50000000000247,"[47, 47]","[4.099999999999993, 0]","[0, 0]",27
49,"[0, 1]",133.049999999996,"[48, 46]","[4.3499999999999925, 0]","[0, 0]",27
50,"[0, 1]",134.09999999999624,"[49, 49]","[4.499999999999992, 0]","[0, 0]",27
51,"[0, 1]",135.1999999999965,"[50, 50]","[4.749999999999991, 0]","[0, 0]",27
52,"[0, 3]",166.30000000000356,"[51, 48]","[4.94999999999999, 0]","[0, 0]",27
53,"[0, 1]",138.94999999999735,"[52, 51]","[4.849999999999991, 0]","[0, 0]",27
54,"[0, 1]",139.94999999999757,"[53, 53]","[4.3499999999999925, 0]","[0, 0]",27
55,"[0, 1]",140.9499999999978,"[54, 54]","[3.699999999999995, 0]","[0, 0]",27
56,"[2, 1]",77.39999999999775,"[43, 43]","[5.249999999999989, 0]","[0, 0]",27
57,"[2, 1]",85.44999999999729,"[56, 23]","[7.049999999999983, 0]","[3.149999999999997, 0]",27
58,"[0, 3]",171.45000000000474,"[55, 52]","[2.549999999999999, 0]","[0, 0]",27
59,"[0, 3]",165.45000000000337,"[58, 58]","[0, 0]","[0, 0]",27
60,"[0, 3]",166.8500000000037,"[59, 59]","[0, 0]","[0, 0]",27
61,"[2, 3]",117.39999999999547,"[57, 24]","[2.5999999999999988, 0]","[0, 0]",27
62,"[2, 3]",119.89999999999533,"[61, 61]","[1.2000000000000004, 0]","[0, 0]",27
63,"[0, 1]",137.69999999999706,"[60, -999]","[0, 0]","[0, 0]",27
64,"[0, 1]",138.64999999999728,"[63, 63]","[0, 0]","[0, 0]",27
65,"[0, 3]",169.5500000000043,"[64, 60]","[0, 0]","[0, 0]",27
66,"[0, 1]",140.9499999999978,"[65, 64]","[0, 0]","[0, 0]",27
67,"[0, 1]",141.09999999999783,"[66, 66]","[0.39999999999999997, 0]","[0, 0]",27
68,"[2, 3]",122.2499999999952,"[62, 62]","[0, 0]","[0, 0]",27
69,"[0, 1]",141.19999999999786,"[67, 67]","[1.0000000000000002, 0]","[0, 0]",27
70,"[0, 3]",165.75000000000344,"[69, 65]","[1.3500000000000005, 0]","[0, 0]",27
71,"[0, 3]",166.65000000000364,"[70, 70]","[1.3000000000000005, 0]","[0, 0]",27
72,"[2, 1]",92.94999999999686,"[68, 28]","[0, 0]","[0, 0]",27
73,"[0, 1]",132.1999999999958,"[71, 69]","[0, 0]","[0, 0]",27
74,"[0, 1]",131.99999999999577,"[73, 73]","[0, 0]","[0, 0]",27
75,"[0, 1]",132.84999999999596,"[74, 74]","[0, 0]","[0, 0]",27
76,"[0, 1]",133.64999999999614,"[75, 75]","[0, 0]","[0, 0]",27
77,"[0, 1]",132.84999999999596,"[76, 76]","[0, 0]","[0, 0]",27
78,"[2, 1]",95.34999999999673,"[72, 72]","[0, 0]","[0, 0]",27
79,"[2, 1]",103.39999999999627,"[78, 31]","[0, 0]","[0, 0]",27
0,"[0, 3]",100.24999999999645,"[-999, 7]","[0, 0]","[0, 0]",28
1,"[2, 3]",67.7499999999983,"[-999, -999]","[0, 0]","[0, 0]",28
2,"[2, 1]",37.15000000000003,"[1, -999]","[0, 0]","[0, 0]",28
3,"[2, 3]",69.4499999999982,"[2, 1]","[0, 0]","[0, 0]",28
4,"[2, 3]",71.79999999999806,"[3, 3]","[0, 0]","[0, 0]",28
5,"[2, 3]",73.59999999999796,"[4, 4]","[0, 0]","[0, 0]",28
6,"[2, 1]",43.44999999999967,"[5, -999]","[0, 0]","[0, 0]",28
7,"[2, 3]",72.44999999999803,"[6, 5]","[0, 0]","[0, 0]",28
8,"[0, 1]",82.49999999999746,"[0, 22]","[10.050000000000008, 0]","[10.050000000000008, 0]",28
9,"[2, 1]",43.44999999999967,"[7, 6]","[0, 0]","[0, 0]",28
10,"[0, 3]",117.84999999999545,"[8, 30]","[2.549999999999999, 0]","[2.549999999999999, 0]",28
11,"[2, 3]",76.3499999999978,"[9, 0]","[0, 0]","[0, 0]",28
12,"[0, 1]",87.39999999999718,"[10, 38]","[0, 0]","[0, 0]",28
13,"[2, 1]",41.99999999999975,"[11, 9]","[0, 0]","[0, 0]",28
14,"[2, 1]",44.24999999999962,"[13, 13]","[0, 0]","[0, 0]",28
15,"[0, 3]",118.5999999999954,"[12, 10]","[0, 0]","[0, 0]",28
16,"[0, 1]",89.64999999999705,"[15, 39]","[0, 0]","[0, 0]",28
17,"[0, 3]",120.79999999999528,"[16, 15]","[0, 0]","[0, 0]",28
18,"[0, 1]",92.2999999999969,"[17, 47]","[0, 0]","[0, 0]",28
19,"[0, 1]",97.84999999999658,"[18, 49]","[2.3499999999999996, 0]","[2.3499999999999996, 0]",28
20,"[0, 1]",98.34999999999656,"[19, 19]","[0, 0]","[0, 0]",28
21,"[0, 1]",103.69999999999625,"[20, 70]","[2.499999999999999, 0]","[2.499999999999999, 0]",28
22,"[2, 1]",45.19999999999957,"[14, 14]","[0, 0]","[0, 0]",28
23,"[0, 1]",104.19999999999622,"[21, 21]","[0, 0]","[0, 0]",28
24,"[0, 3]",134.94999999999644,"[23, 58]","[0, 0]","[0, 0]",28
25,"[0, 3]",137.399999999997,"[24, 24]","[0, 0]","[0, 0]",28
26,"[2, 3]",74.6499999999979,"[22, 11]","[0, 0]","[0, 0]",28
27,"[0, 3]",138.94999999999735,"[25, 25]","[0, 0]","[0, 0]",28
28,"[0, 3]",140.29999999999765,"[27, 27]","[0, 0]","[0, 0]",28
29,"[0, 1]",111.14999999999583,"[28, -999]","[0, 0]","[0, 0]",28
30,"[2, 3]",77.04999999999777,"[26, 26]","[0, 0]","[0, 0]",28
31,"[0, 1]",112.24999999999577,"[29, 29]","[0, 0]","[0, 0]",28
32,"[0, 1]",113.2999999999957,"[31, 31]","[0, 0]","[0, 0]",28
33,"[0, 1]",114.34999999999565,"[32, 32]","[0, 0]","[0, 0]",28
34,"[0, 3]",145.3999999999988,"[33, 28]","[0, 0]","[0, 0]",28
35,"[0, 1]",118.09999999999543,"[34, 33]","[0, 0]","[0, 0]",28
36,"[0, 3]",149.39999999999972,"[35, 34]","[0, 0]","[0, 0]",28
37,"[0, 3]",151.65000000000023,"[36, 36]","[0, 0]","[0, 0]",28
38,"[2, 1]",47.59999999999943,"[30, 8]","[0, 0]","[0, 0]",28
39,"[2, 1]",54.799999999999024,"[38, 12]","[3.2999999999999963, 0]","[3.2999999999999963, 0]",28
40,"[0, 3]",153.20000000000059,"[37, 37]","[0, 0]","[0, 0]",28
41,"[0, 1]",124.19999999999509,"[40, -999]","[0, 0]","[0, 0]",28
42,"[0, 1]",125.24999999999503,"[41, 41]","[1.0000000000000002, 0]","[0, 0]",28
43,"[0, 3]",156.50000000000134,"[42, 40]","[1.5500000000000007, 0]","[0, 0]",28
44,"[0, 1]",129.14999999999512,"[43, 42]","[1.900000000000001, 0]","[0, 0]",28
45,"[0, 1]",130.24999999999537,"[44, 44]","[2.2, 0]","[0, 0]",28
46,"[0, 3]",161.40000000000245,"[45, 43]","[2.4499999999999993, 0]","[0, 0]",28
47,"[2, 1]",61.14999999999866,"[39, 16]","[3.399999999999996, 0]","[3.399999999999996, 0]",28
48,"[0, 1]",134.14999999999625,"[46, 45]","[2.6499999999999986, 0]","[0, 0]",28
49,"[2, 1]",67.79999999999829,"[47, 18]","[0, 0]","[0, 0]",28
50,"[0, 3]",165.5500000000034,"[48, 46]","[2.799999999999998, 0]","[0, 0]",28
51,"[0, 3]",167.7500000000039,"[50, 50]","[2.799999999999998, 0]","[0, 0]",28
52,"[0, 1]",139.1999999999974,"[51, 48]","[2.849999999999998, 0]","[0, 0]",28
53,"[0, 3]",170.50000000000452,"[52, 51]","[2.7499999999999982, 0]","[0, 0]",28
54,"[0, 1]",141.4499999999979,"[53, 52]","[3.5499999999999954, 0]","[0, 0]",28
55,"[0, 1]",133.09999999999602,"[54, 54]","[0.9500000000000003, 0]","[0, 0]",28
56,"[0, 1]",133.34999999999607,"[55, 55]","[0.9500000000000003, 0]","[0, 0]",28
57,"[0, 1]",134.19999999999627,"[56, 56]","[0.44999999999999996, 0]","[0, 0]",28
58,"[2, 3]",97.4999999999966,"[49, 17]","[10.750000000000018, 0]","[0, 0]",28
59,"[0, 3]",165.05000000000328,"[57, 53]","[0, 0]","[0, 0]",28
60,"[0, 1]",136.9999999999969,"[59, 57]","[0, 0]","[0, 0]",28
61,"[0, 1]",133.74999999999616,"[60, 60]","[0, 0]","[0, 0]",28
62,"[0, 1]",134.54999999999634,"[61, 61]","[0, 0]","[0, 0]",28
63,"[0, 3]",165.40000000000336,"[62, 59]","[0, 0]","[0, 0]",28
64,"[0, 1]",137.8499999999971,"[63, 62]","[0, 0]","[0, 0]",28
65,"[0, 3]",166.60000000000363,"[64, 63]","[0, 0]","[0, 0]",28
66,"[0, 1]",138.2499999999972,"[65, 64]","[0, 0]","[0, 0]",28
67,"[0, 3]",168.80000000000413,"[66, 65]","[0, 0]","[0, 0]",28
68,"[0, 1]",137.399999999997,"[67, 66]","[0, 0]","[0, 0]",28
69,"[0, 3]",168.30000000000402,"[68, 67]","[0, 0]","[0, 0]",28
70,"[2, 1]",70.14999999999816,"[58, 20]","[17.400000000000112, 0]","[0, 0]",28
71,"[0, 1]",140.34999999999766,"[69, 68]","[0, 0]","[0, 0]",28
72,"[0, 3]",169.75000000000435,"[71, 69]","[0, 0]","[0, 0]",28
73,"[0, 1]",141.29999999999788,"[72, 71]","[0, 0]","[0, 0]",28
74,"[0, 1]",141.64999999999796,"[73, 73]","[0, 0]","[0, 0]",28
75,"[0, 1]",138.94999999999735,"[74, 74]","[0.65, 0]","[0, 0]",28
76,"[0, 1]",139.1999999999974,"[75, 75]","[1.1500000000000004, 0]","[0, 0]",28
77,"[0, 1]",139.79999999999754,"[76, 76]","[0.5499999999999999, 0]","[0, 0]",28
78,"[2, 1]",76.99999999999777,"[70, 23]","[12.900000000000048, 0]","[2.799999999999998, 0]",28
79,"[0, 1]",135.39999999999654,"[77, 77]","[0, 0]","[0, 0]",28
0,"[2, 1]",36.40000000000007,"[-999, -999]","[0, 0]","[0, 0]",29
1,"[2, 3]",68.49999999999825,"[0, -999]","[0, 0]","[0, 0]",29
2,"[0, 1]",70.44999999999814,"[-999, 9]","[0, 0]","[0, 0]",29
3,"[2, 1]",37.30000000000002,"[1, 0]","[0, 0]","[0, 0]",29
4,"[2, 1]",38.99999999999992,"[3, 3]","[0, 0]","[0, 0]",29
5,"[2, 1]",40.99999999999981,"[4, 4]","[0, 0]","[0, 0]",29
6,"[2, 3]",72.19999999999804,"[5, 1]","[0, 0]","[0, 0]",29
7,"[0, 1]",69.3499999999982,"[2, 2]","[0, 0]","[0, 0]",29
8,"[2, 1]",40.199999999999854,"[6, 5]","[0, 0]","[0, 0]",29
9,"[2, 1]",42.54999999999972,"[8, 8]","[0, 0]","[0, 0]",29
10,"[0, 3]",101.89999999999635,"[7, 13]","[0, 0]","[0, 0]",29
11,"[0, 1]",72.899999999998,"[10, 14]","[0, 0]","[0, 0]",29
12,"[2, 3]",72.64999999999802,"[9, 6]","[0, 0]","[0, 0]",29
13,"[2, 3]",75.04999999999788,"[12, 12]","[0, 0]","[0, 0]",29
14,"[2, 1]",46.24999999999951,"[13, 7]","[0, 0]","[0, 0]",29
15,"[0, 1]",73.74999999999795,"[11, 11]","[0, 0]","[0, 0]",29
16,"[2, 3]",79.44999999999763,"[14, 10]","[3.399999999999996, 0]","[3.399999999999996, 0]",29
17,"[0, 3]",107.29999999999605,"[15, 20]","[0, 0]","[0, 0]",29
18,"[0, 3]",108.54999999999598,"[17, 17]","[0, 0]","[0, 0]",29
19,"[0, 1]",80.84999999999755,"[18, 42]","[0, 0]","[0, 0]",29
20,"[2, 3]",81.6999999999975,"[16, 16]","[0, 0]","[0, 0]",29
21,"[0, 1]",81.24999999999753,"[19, 19]","[0, 0]","[0, 0]",29
22,"[0, 1]",86.64999999999722,"[21, 57]","[2.499999999999999, 0]","[2.499999999999999, 0]",29
23,"[0, 1]",87.14999999999719,"[22, 22]","[0, 0]","[0, 0]",29
24,"[0, 3]",117.94999999999544,"[23, 51]","[0, 0]","[0, 0]",29
25,"[0, 3]",120.29999999999531,"[24, 24]","[0, 0]","[0, 0]",29
26,"[0, 3]",121.89999999999522,"[25, 25]","[0, 0]","[0, 0]",29
27,"[0, 3]",123.29999999999514,"[26, 26]","[0, 0]","[0, 0]",29
28,"[2, 1]",52.89999999999913,"[20, 15]","[6.349999999999985, 0]","[1.5000000000000007, 0]",29
29,"[0, 1]",94.0499999999968,"[27, -999]","[0, 0]","[0, 0]",29
30,"[0, 3]",125.54999999999501,"[29, 27]","[0, 0]","[0, 0]",29
31,"[0, 1]",98.04999999999657,"[30, 29]","[0, 0]","[0, 0]",29
32,"[0, 3]",129.39999999999517,"[31, 30]","[0, 0]","[0, 0]",29
33,"[0, 1]",101.94999999999635,"[32, 31]","[0, 0]","[0, 0]",29
34,"[0, 3]",133.39999999999608,"[33, 32]","[0, 0]","[0, 0]",29
35,"[0, 3]",135.6499999999966,"[34, 34]","[0, 0]","[0, 0]",29
36,"[0, 3]",137.19999999999695,"[35, 35]","[0, 0]","[0, 0]",29
37,"[0, 1]",108.149999999996,"[36, -999]","[0, 0]","[0, 0]",29
38,"[0, 1]",109.24999999999594,"[37, 37]","[0, 0]","[0, 0]",29
39,"[0, 3]",140.4499999999977,"[38, 36]","[0, 0]","[0, 0]",29
40,"[0, 1]",113.14999999999571,"[39, 38]","[0, 0]","[0, 0]",29
41,"[0, 1]",114.24999999999565,"[40, 40]","[0, 0]","[0, 0]",29
42,"[2, 1]",54.99999999999901,"[28, 28]","[6.5999999999999845, 0]","[0, 0]",29
43,"[0, 3]",145.49999999999883,"[41, 39]","[0, 0]","[0, 0]",29
44,"[0, 1]",118.24999999999542,"[43, 41]","[0, 0]","[0, 0]",29
45,"[0, 1]",119.34999999999536,"[44, 44]","[0, 0]","[0, 0]",29
46,"[0, 3]",150.54999999999998,"[45, 43]","[0, 0]","[0, 0]",29
47,"[0, 1]",123.29999999999514,"[46, 45]","[0, 0]","[0, 0]",29
48,"[0, 3]",154.65000000000092,"[47, 46]","[0, 0]","[0, 0]",29
49,"[0, 3]",156.85000000000142,"[48, 48]","[0, 0]","[0, 0]",29
50,"[0, 3]",158.45000000000178,"[49, 49]","[0, 0]","[0, 0]",29
51,"[2, 3]",88.14999999999714,"[42, 18]","[7.299999999999982, 0]","[0, 0]",29
52,"[0, 3]",159.75000000000207,"[50, 50]","[0, 0]","[0, 0]",29
53,"[0, 3]",160.90000000000234,"[52, 52]","[0, 0]","[0, 0]",29
54,"[0, 3]",162.0500000000026,"[53, 53]","[0, 0]","[0, 0]",29
55,"[0, 3]",163.15000000000285,"[54, 54]","[0, 0]","[0, 0]",29
56,"[0, 1]",133.69999999999615,"[55, -999]","[0, 0]","[0, 0]",29
57,"[2, 1]",61.89999999999862,"[51, 21]","[3.4999999999999956, 0]","[0, 0]",29
58,"[0, 3]",165.00000000000327,"[56, 55]","[0, 0]","[0, 0]",29
59,"[0, 3]",167.05000000000373,"[58, 58]","[0, 0]","[0, 0]",29
60,"[0, 1]",138.2999999999972,"[59, 56]","[0, 0]","[0, 0]",29
61,"[0, 1]",138.44999999999723,"[60, 60]","[0, 0]","[0, 0]",29
62,"[2, 1]",71.84999999999806,"[57, 23]","[2.8999999999999977, 0]","[2.8999999999999977, 0]",29
63,"[0, 3]",167.7500000000039,"[61, 59]","[0, 0]","[0, 0]",29
64,"[0, 1]",137.8999999999971,"[63, 61]","[0, 0]","[0, 0]",29
65,"[0, 3]",166.15000000000353,"[64, 63]","[0, 0]","[0, 0]",29
66,"[0, 1]",138.04999999999714,"[65, 64]","[0, 0]","[0, 0]",29
67,"[0, 3]",168.00000000000395,"[66, 65]","[0, 0]","[0, 0]",29
68,"[0, 1]",137.59999999999704,"[67, 66]","[0, 0]","[0, 0]",29
69,"[0, 1]",138.14999999999716,"[68, 68]","[0, 0]","[0, 0]",29
70,"[0, 3]",168.6000000000041,"[69, 67]","[0, 0]","[0, 0]",29
71,"[0, 1]",137.54999999999703,"[70, 69]","[0, 0]","[0, 0]",29
72,"[0, 3]",168.05000000000396,"[71, 70]","[0, 0]","[0, 0]",29
73,"[0, 1]",139.99999999999758,"[72, 71]","[0, 0]","[0, 0]",29
74,"[0, 1]",137.34999999999698,"[73, 73]","[0, 0]","[0, 0]",29
75,"[0, 1]",137.49999999999702,"[74, 74]","[0, 0]","[0, 0]",29
76,"[0, 1]",138.19999999999717,"[75, 75]","[0, 0]","[0, 0]",29
77,"[0, 3]",164.55000000000317,"[76, 72]","[0, 0]","[0, 0]",29
78,"[0, 1]",135.99999999999667,"[77, 76]","[0, 0]","[0, 0]",29
79,"[0, 3]",167.15000000000376,"[78, 77]","[0, 0]","[0, 0]",29
0,"[2, 1]",36.40000000000007,"[-999, -999]","[0, 0]","[0, 0]",30
1,"[2, 1]",38.09999999999997,"[0, 0]","[0, 0]","[0, 0]",30
2,"[2, 1]",39.89999999999987,"[1, 1]","[0, 0]","[0, 0]",30
3,"[0, 1]",69.64999999999819,"[-999, 9]","[0, 0]","[0, 0]",30
4,"[2, 1]",41.79999999999976,"[2, 2]","[0, 0]","[0, 0]",30
5,"[0, 3]",106.74999999999608,"[3, 12]","[3.099999999999997, 0]","[3.099999999999997, 0]",30
6,"[2, 3]",70.24999999999815,"[4, -999]","[0, 0]","[0, 0]",30
7,"[2, 1]",38.69999999999994,"[6, 4]","[0, 0]","[0, 0]",30
8,"[2, 1]",40.64999999999983,"[7, 7]","[0, 0]","[0, 0]",30
9,"[2, 1]",42.49999999999972,"[8, 8]","[0, 0]","[0, 0]",30
10,"[2, 3]",73.09999999999799,"[9, 6]","[0, 0]","[0, 0]",30
11,"[0, 3]",106.99999999999606,"[5, 5]","[0, 0]","[0, 0]",30
12,"[2, 3]",75.74999999999784,"[10, 10]","[0, 0]","[0, 0]",30
13,"[0, 3]",113.2999999999957,"[11, 34]","[2.2, 0]","[2.2, 0]",30
14,"[2, 1]",46.59999999999949,"[12, 3]","[0, 0]","[0, 0]",30
15,"[0, 3]",114.24999999999565,"[13, 13]","[0, 0]","[0, 0]",30
16,"[0, 1]",85.39999999999729,"[15, 53]","[0, 0]","[0, 0]",30
17,"[0, 3]",116.8499999999955,"[16, 64]","[0, 0]","[0, 0]",30
18,"[0, 3]",122.89999999999516,"[17, 69]","[2.3, 0]","[2.3, 0]",30
19,"[0, 3]",123.69999999999511,"[18, 18]","[0, 0]","[0, 0]",30
20,"[0, 1]",93.79999999999681,"[19, -999]","[0, 0]","[0, 0]",30
21,"[0, 1]",94.94999999999675,"[20, 20]","[0, 0]","[0, 0]",30
22,"[2, 1]",47.69999999999943,"[14, 14]","[0, 0]","[0, 0]",30
23,"[0, 1]",96.04999999999669,"[21, 21]","[0, 0]","[0, 0]",30
24,"[0, 3]",127.09999999999492,"[23, 79]","[0, 0]","[0, 0]",30
25,"[0, 3]",129.44999999999519,"[24, 24]","[0, 0]","[0, 0]",30
26,"[0, 3]",130.94999999999553,"[25, 25]","[0, 0]","[0, 0]",30
27,"[0, 3]",132.24999999999582,"[26, 26]","[0, 0]","[0, 0]",30
28,"[0, 3]",133.4499999999961,"[27, 27]","[0, 0]","[0, 0]",30
29,"[0, 1]",104.19999999999622,"[28, -999]","[0, 0]","[0, 0]",30
30,"[0, 3]",135.6499999999966,"[29, 28]","[1.4000000000000006, 0]","[0, 0]",30
31,"[0, 1]",108.099999999996,"[30, 29]","[2.6499999999999986, 0]","[0, 0]",30
32,"[0, 1]",109.24999999999594,"[31, 31]","[2.849999999999998, 0]","[0, 0]",30
33,"[0, 1]",110.34999999999587,"[32, 32]","[2.4499999999999993, 0]","[0, 0]",30
34,"[2, 3]",80.59999999999756,"[22, 11]","[0, 0]","[0, 0]",30
35,"[0, 1]",111.39999999999581,"[33, 33]","[2.000000000000001, 0]","[0, 0]",30
36,"[0, 1]",112.39999999999576,"[35, 35]","[1.4000000000000006, 0]","[0, 0]",30
37,"[0, 3]",143.39999999999836,"[36, 30]","[0.8000000000000002, 0]","[0, 0]",30
38,"[0, 1]",116.14999999999554,"[37, 36]","[0, 0]","[0, 0]",30
39,"[2, 1]",50.64999999999926,"[34, 22]","[0, 0]","[0, 0]",30
40,"[0, 1]",117.29999999999548,"[38, 38]","[0, 0]","[0, 0]",30
41,"[0, 1]",118.39999999999542,"[40, 40]","[0, 0]","[0, 0]",30
42,"[0, 3]",149.44999999999973,"[41, 37]","[0, 0]","[0, 0]",30
43,"[0, 1]",122.1999999999952,"[42, 41]","[0, 0]","[0, 0]",30
44,"[0, 3]",153.60000000000068,"[43, 42]","[0, 0]","[0, 0]",30
45,"[0, 1]",126.14999999999498,"[44, 43]","[0, 0]","[0, 0]",30
46,"[0, 3]",157.55000000000157,"[45, 44]","[0, 0]","[0, 0]",30
47,"[0, 3]",159.75000000000207,"[46, 46]","[0, 0]","[0, 0]",30
48,"[0, 1]",131.14999999999557,"[47, 45]","[0, 0]","[0, 0]",30
49,"[0, 1]",132.04999999999578,"[48, 48]","[0.35, 0]","[0, 0]",30
50,"[0, 1]",133.049999999996,"[49, 49]","[0.9500000000000003, 0]","[0, 0]",30
51,"[0, 3]",163.90000000000302,"[50, 47]","[1.2500000000000004, 0]","[0, 0]",30
52,"[0, 3]",165.25000000000333,"[51, 51]","[1.5000000000000007, 0]","[0, 0]",30
53,"[2, 1]",47.99999999999941,"[39, 39]","[0, 0]","[0, 0]",30
54,"[0, 1]",135.1999999999965,"[52, 50]","[1.6500000000000008, 0]","[0, 0]",30
55,"[0, 3]",166.20000000000354,"[54, 52]","[1.5000000000000007, 0]","[0, 0]",30
56,"[0, 1]",138.44999999999723,"[55, 54]","[0.8000000000000002, 0]","[0, 0]",30
57,"[0, 3]",165.40000000000336,"[56, 55]","[0, 0]","[0, 0]",30
58,"[0, 3]",165.75000000000344,"[57, 57]","[0, 0]","[0, 0]",30
59,"[0, 3]",167.05000000000373,"[58, 58]","[0.49999999999999994, 0]","[0, 0]",30
60,"[0, 3]",167.4000000000038,"[59, 59]","[0.8000000000000002, 0]","[0, 0]",30
61,"[0, 3]",165.30000000000334,"[60, 60]","[0.9000000000000002, 0]","[0, 0]",30
62,"[0, 1]",135.59999999999658,"[61, -999]","[0.44999999999999996, 0]","[0, 0]",30
63,"[0, 3]",166.9000000000037,"[62, 61]","[0, 0]","[0, 0]",30
64,"[2, 3]",72.09999999999805,"[53, 15]","[0, 0]","[0, 0]",30
65,"[2, 1]",42.8499999999997,"[64, 16]","[0, 0]","[0, 0]",30
66,"[0, 1]",138.2499999999972,"[63, 62]","[0, 0]","[0, 0]",30
67,"[0, 3]",165.45000000000337,"[66, 63]","[0, 0]","[0, 0]",30
68,"[0, 1]",137.69999999999706,"[67, 66]","[0, 0]","[0, 0]",30
69,"[2, 3]",75.94999999999783,"[65, 17]","[0, 0]","[0, 0]",30
70,"[0, 3]",168.85000000000414,"[68, 67]","[0, 0]","[0, 0]",30
71,"[0, 1]",141.04999999999782,"[70, 68]","[0, 0]","[0, 0]",30
72,"[0, 3]",171.7500000000048,"[71, 70]","[0, 0]","[0, 0]",30
73,"[0, 1]",143.1999999999983,"[72, 71]","[0, 0]","[0, 0]",30
74,"[0, 1]",143.0999999999983,"[73, 73]","[0, 0]","[0, 0]",30
75,"[0, 3]",171.3000000000047,"[74, 72]","[0, 0]","[0, 0]",30
76,"[0, 1]",141.14999999999785,"[75, 74]","[0, 0]","[0, 0]",30
77,"[0, 1]",138.54999999999725,"[76, 76]","[0, 0]","[0, 0]",30
78,"[0, 1]",138.84999999999732,"[77, 77]","[0, 0]","[0, 0]",30
79,"[2, 3]",81.6999999999975,"[69, 19]","[6.5999999999999845, 0]","[6.5999999999999845, 0]",30
0,"[2, 1]",36.40000000000007,"[-999, -999]","[0, 0]","[0, 0]",31
1,"[2, 3]",68.49999999999825,"[0, -999]","[0, 0]","[0, 0]",31
2,"[0, 1]",71.0999999999981,"[-999, 9]","[0, 0]","[0, 0]",31
3,"[2, 1]",37.30000000000002,"[1, 0]","[0, 0]","[0, 0]",31
4,"[2, 3]",70.04999999999816,"[3, 1]","[0, 0]","[0, 0]",31
5,"[2, 3]",72.54999999999802,"[4, 4]","[0, 0]","[0, 0]",31
6,"[0, 1]",80.94999999999754,"[2, 19]","[5.449999999999989, 0]","[5.449999999999989, 0]",31
7,"[2, 1]",38.399999999999956,"[5, 3]","[0, 0]","[0, 0]",31
8,"[2, 1]",40.64999999999983,"[7, 7]","[0, 0]","[0, 0]",31
9,"[2, 1]",42.54999999999972,"[8, 8]","[0, 0]","[0, 0]",31
10,"[2, 3]",73.19999999999798,"[9, 5]","[0, 0]","[0, 0]",31
11,"[2, 1]",45.84999999999953,"[10, 2]","[0, 0]","[0, 0]",31
12,"[0, 1]",82.74999999999744,"[6, 24]","[2.3999999999999995, 0]","[2.3999999999999995, 0]",31
13,"[0, 3]",113.19999999999571,"[12, 10]","[0, 0]","[0, 0]",31
14,"[0, 1]",84.99999999999731,"[13, 29]","[0, 0]","[0, 0]",31
15,"[0, 3]",116.14999999999554,"[14, 13]","[0, 0]","[0, 0]",31
16,"[0, 1]",93.74999999999682,"[15, 48]","[3.4499999999999957, 0]","[3.4499999999999957, 0]",31
17,"[0, 3]",124.99999999999504,"[16, 49]","[0, 0]","[0, 0]",31
18,"[0, 1]",95.7999999999967,"[17, 16]","[0, 0]","[0, 0]",31
19,"[2, 1]",46.54999999999949,"[11, 11]","[0, 0]","[0, 0]",31
20,"[0, 3]",127.94999999999487,"[18, 51]","[0, 0]","[0, 0]",31
21,"[0, 3]",129.14999999999512,"[20, 20]","[0, 0]","[0, 0]",31
22,"[0, 1]",100.89999999999641,"[21, 69]","[0, 0]","[0, 0]",31
23,"[0, 3]",131.39999999999563,"[22, 21]","[0, 0]","[0, 0]",31
24,"[2, 1]",52.54999999999915,"[19, 6]","[1.5500000000000007, 0]","[1.5500000000000007, 0]",31
25,"[0, 1]",103.89999999999624,"[23, 22]","[0, 0]","[0, 0]",31
26,"[0, 3]",135.1999999999965,"[25, 23]","[0, 0]","[0, 0]",31
27,"[0, 3]",137.449999999997,"[26, 26]","[0, 0]","[0, 0]",31
28,"[0, 3]",139.04999999999737,"[27, 27]","[0, 0]","[0, 0]",31
29,"[2, 1]",57.79999999999885,"[24, 12]","[6.5999999999999845, 0]","[6.5999999999999845, 0]",31
30,"[0, 3]",140.34999999999766,"[28, 28]","[0, 0]","[0, 0]",31
31,"[0, 1]",111.19999999999582,"[30, -999]","[0, 0]","[0, 0]",31
32,"[0, 1]",112.29999999999576,"[31, 31]","[0, 0]","[0, 0]",31
33,"[0, 1]",113.3999999999957,"[32, 32]","[0, 0]","[0, 0]",31
34,"[0, 1]",114.44999999999564,"[33, 33]","[0, 0]","[0, 0]",31
35,"[0, 3]",145.44999999999882,"[34, 30]","[0, 0]","[0, 0]",31
36,"[0, 3]",147.84999999999937,"[35, 35]","[0, 0]","[0, 0]",31
37,"[0, 3]",149.44999999999973,"[36, 36]","[0, 0]","[0, 0]",31
38,"[0, 1]",120.4999999999953,"[37, -999]","[0, 0]","[0, 0]",31
39,"[2, 1]",63.9999999999985,"[29, 14]","[11.800000000000033, 0]","[2.1500000000000004, 0]",31
40,"[0, 1]",121.59999999999523,"[38, 38]","[0, 0]","[0, 0]",31
41,"[0, 1]",122.69999999999517,"[40, 40]","[0.7500000000000001, 0]","[0, 0]",31
42,"[0, 3]",153.7000000000007,"[41, 37]","[1.2000000000000004, 0]","[0, 0]",31
43,"[0, 1]",126.44999999999496,"[42, 41]","[1.5000000000000007, 0]","[0, 0]",31
44,"[0, 3]",157.80000000000163,"[43, 42]","[1.7500000000000009, 0]","[0, 0]",31
45,"[0, 3]",160.05000000000214,"[44, 44]","[2.000000000000001, 0]","[0, 0]",31
46,"[0, 3]",161.6000000000025,"[45, 45]","[2.1500000000000004, 0]","[0, 0]",31
47,"[0, 1]",132.5999999999959,"[46, -999]","[2.3999999999999995, 0]","[0, 0]",31
48,"[2, 1]",64.1499999999985,"[39, 39]","[17.400000000000112, 0]","[1.1000000000000003, 0]",31
49,"[2, 3]",96.64999999999665,"[48, 15]","[15.10000000000008, 0]","[0, 0]",31
50,"[0, 3]",163.95000000000303,"[47, 46]","[2.549999999999999, 0]","[0, 0]",31
51,"[2, 3]",105.14999999999617,"[49, 17]","[19.600000000000144, 0]","[0, 0]",31
52,"[0, 3]",165.6000000000034,"[50, 50]","[2.7499999999999982, 0]","[0, 0]",31
53,"[0, 1]",136.24999999999673,"[52, 47]","[2.849999999999998, 0]","[0, 0]",31
54,"[0, 1]",136.84999999999687,"[53, 53]","[2.4499999999999993, 0]","[0, 0]",31
55,"[0, 1]",137.34999999999698,"[54, 54]","[1.4000000000000006, 0]","[0, 0]",31
56,"[0, 1]",131.2999999999956,"[55, 55]","[0, 0]","[0, 0]",31
57,"[0, 3]",161.95000000000258,"[56, 52]","[0, 0]","[0, 0]",31
58,"[0, 3]",164.00000000000304,"[57, 57]","[0, 0]","[0, 0]",31
59,"[0, 3]",165.2000000000033,"[58, 58]","[0, 0]","[0, 0]",31
60,"[0, 3]",165.65000000000342,"[59, 59]","[0, 0]","[0, 0]",31
61,"[0, 3]",161.1500000000024,"[60, 60]","[0, 0]","[0, 0]",31
62,"[2, 1]",71.99999999999805,"[51, 18]","[14.000000000000064, 0]","[0, 0]",31
63,"[0, 1]",131.44999999999564,"[61, -999]","[0, 0]","[0, 0]",31
64,"[0, 1]",132.29999999999583,"[63, 63]","[0, 0]","[0, 0]",31
65,"[0, 3]",163.05000000000283,"[64, 61]","[0, 0]","[0, 0]",31
66,"[0, 1]",131.64999999999569,"[65, 64]","[0, 0]","[0, 0]",31
67,"[0, 1]",132.34999999999584,"[66, 66]","[0, 0]","[0, 0]",31
68,"[0, 1]",133.14999999999603,"[67, 67]","[0, 0]","[0, 0]",31
69,"[2, 1]",70.34999999999815,"[62, 62]","[8.449999999999985, 0]","[0, 0]",31
70,"[0, 1]",133.4499999999961,"[68, 68]","[0, 0]","[0, 0]",31
71,"[0, 1]",132.6499999999959,"[70, 70]","[0, 0]","[0, 0]",31
72,"[0, 3]",163.05000000000283,"[71, 65]","[0, 0]","[0, 0]",31
73,"[0, 1]",135.39999999999654,"[72, 71]","[0, 0]","[0, 0]",31
74,"[0, 1]",135.6999999999966,"[73, 73]","[0, 0]","[0, 0]",31
75,"[0, 1]",133.99999999999622,"[74, 74]","[0, 0]","[0, 0]",31
76,"[0, 1]",131.39999999999563,"[75, 75]","[0, 0]","[0, 0]",31
77,"[0, 1]",131.79999999999572,"[76, 76]","[0, 0]","[0, 0]",31
78,"[0, 3]",162.40000000000268,"[77, 72]","[0, 0]","[0, 0]",31
79,"[0, 1]",133.54999999999612,"[78, 77]","[0, 0]","[0, 0]",31
0,"[2, 3]",67.7499999999983,"[-999, -999]","[0, 0]","[0, 0]",32
1,"[2, 1]",37.15000000000003,"[0, -999]","[0, 0]","[0, 0]",32
2,"[2, 1]",38.89999999999993,"[1, 1]","[0, 0]","[0, 0]",32
3,"[2, 1]",40.74999999999982,"[2, 2]","[0, 0]","[0, 0]",32
4,"[0, 3]",96.69999999999665,"[-999, 5]","[0, 0]","[0, 0]",32
5,"[2, 3]",69.4499999999982,"[3, 0]","[0, 0]","[0, 0]",32
6,"[2, 1]",40.39999999999984,"[5, 3]","[0, 0]","[0, 0]",32
7,"[2, 1]",42.299999999999734,"[6, 6]","[0, 0]","[0, 0]",32
8,"[2, 1]",43.849999999999646,"[7, 7]","[0, 0]","[0, 0]",32
9,"[2, 1]",45.34999999999956,"[8, 8]","[0, 0]","[0, 0]",32
10,"[2, 3]",75.24999999999787,"[9, 4]","[0, 0]","[0, 0]",32
11,"[0, 3]",101.24999999999639,"[4, 10]","[0, 0]","[0, 0]",32
12,"[0, 3]",103.14999999999628,"[11, 11]","[0, 0]","[0, 0]",32
13,"[0, 3]",104.14999999999623,"[12, 12]","[0, 0]","[0, 0]",32
14,"[0, 1]",73.19999999999798,"[13, 21]","[0, 0]","[0, 0]",32
15,"[2, 1]",46.19999999999951,"[10, 9]","[0, 0]","[0, 0]",32
16,"[0, 3]",104.79999999999619,"[14, 13]","[0, 0]","[0, 0]",32
17,"[0, 1]",75.74999999999784,"[16, 24]","[0, 0]","[0, 0]",32
18,"[2, 1]",47.34999999999945,"[15, 15]","[0, 0]","[0, 0]",32
19,"[0, 1]",81.29999999999752,"[17, 27]","[2.3499999999999996, 0]","[2.3499999999999996, 0]",32
20,"[0, 1]",86.14999999999725,"[19, 35]","[2.499999999999999, 0]","[2.499999999999999, 0]",32
21,"[2, 1]",48.449999999999385,"[18, 18]","[0, 0]","[0, 0]",32
22,"[0, 1]",86.59999999999722,"[20, 20]","[0, 0]","[0, 0]",32
23,"[0, 1]",91.94999999999692,"[22, 51]","[2.3999999999999995, 0]","[2.3999999999999995, 0]",32
24,"[2, 1]",55.59999999999898,"[21, 14]","[3.4499999999999957, 0]","[3.4499999999999957, 0]",32
25,"[0, 1]",92.49999999999689,"[23, 23]","[0, 0]","[0, 0]",32
26,"[0, 3]",123.24999999999514,"[25, 47]","[0, 0]","[0, 0]",32
27,"[2, 1]",61.94999999999862,"[24, 17]","[0, 0]","[0, 0]",32
28,"[0, 3]",125.599999999995,"[26, 26]","[0, 0]","[0, 0]",32
29,"[0, 1]",97.04999999999663,"[28, 61]","[0, 0]","[0, 0]",32
30,"[0, 1]",98.09999999999657,"[29, 29]","[0, 0]","[0, 0]",32
31,"[0, 1]",99.1999999999965,"[30, 30]","[0, 0]","[0, 0]",32
32,"[0, 1]",100.24999999999645,"[31, 31]","[0, 0]","[0, 0]",32
33,"[0, 1]",101.29999999999639,"[32, 32]","[0, 0]","[0, 0]",32
34,"[0, 1]",102.34999999999633,"[33, 33]","[0, 0]","[0, 0]",32
35,"[2, 1]",67.09999999999833,"[27, 19]","[0, 0]","[0, 0]",32
36,"[0, 3]",133.34999999999607,"[34, 79]","[0, 0]","[0, 0]",32
37,"[0, 1]",106.14999999999611,"[36, 34]","[0, 0]","[0, 0]",32
38,"[0, 3]",137.54999999999703,"[37, 36]","[0, 0]","[0, 0]",32
39,"[0, 1]",110.09999999999589,"[38, 37]","[0, 0]","[0, 0]",32
40,"[0, 1]",111.19999999999582,"[39, 39]","[0, 0]","[0, 0]",32
41,"[0, 1]",112.34999999999576,"[40, 40]","[0, 0]","[0, 0]",32
42,"[0, 1]",113.3999999999957,"[41, 41]","[0, 0]","[0, 0]",32
43,"[0, 1]",114.39999999999564,"[42, 42]","[0, 0]","[0, 0]",32
44,"[0, 1]",115.39999999999559,"[43, 43]","[0, 0]","[0, 0]",32
45,"[0, 1]",116.49999999999552,"[44, 44]","[0, 0]","[0, 0]",32
46,"[0, 3]",147.39999999999927,"[45, 38]","[0, 0]","[0, 0]",32
47,"[2, 3]",97.14999999999662,"[35, 16]","[20.250000000000153, 0]","[0.05, 0]",32
48,"[0, 1]",120.14999999999532,"[46, 45]","[0, 0]","[0, 0]",32
49,"[0, 1]",121.29999999999525,"[48, 48]","[0, 0]","[0, 0]",32
50,"[0, 3]",152.50000000000043,"[49, 46]","[0, 0]","[0, 0]",32
51,"[2, 1]",73.24999999999798,"[47, 22]","[20.00000000000015, 0]","[0, 0]",32
52,"[0, 3]",154.80000000000095,"[50, 50]","[0, 0]","[0, 0]",32
53,"[0, 3]",156.3500000000013,"[52, 52]","[0, 0]","[0, 0]",32
54,"[0, 3]",157.6500000000016,"[53, 53]","[0, 0]","[0, 0]",32
55,"[0, 1]",128.39999999999495,"[54, -999]","[0, 0]","[0, 0]",32
56,"[0, 1]",129.29999999999515,"[55, 55]","[0, 0]","[0, 0]",32
57,"[0, 3]",160.40000000000222,"[56, 54]","[0.5499999999999999, 0]","[0, 0]",32
58,"[0, 3]",162.5000000000027,"[57, 57]","[1.1500000000000004, 0]","[0, 0]",32
59,"[0, 1]",133.59999999999613,"[58, 56]","[1.4500000000000006, 0]","[0, 0]",32
60,"[0, 3]",164.2000000000031,"[59, 58]","[1.7500000000000009, 0]","[0, 0]",32
61,"[2, 1]",84.89999999999732,"[51, 25]","[20.950000000000163, 0]","[3.2999999999999963, 0]",32
62,"[0, 1]",136.1499999999967,"[60, 59]","[1.800000000000001, 0]","[0, 0]",32
63,"[0, 3]",167.10000000000375,"[62, 60]","[1.2000000000000004, 0]","[0, 0]",32
64,"[0, 1]",133.74999999999616,"[63, 62]","[0, 0]","[0, 0]",32
65,"[0, 3]",164.15000000000308,"[64, 63]","[0, 0]","[0, 0]",32
66,"[0, 1]",136.39999999999677,"[65, 64]","[0, 0]","[0, 0]",32
67,"[0, 1]",137.19999999999695,"[66, 66]","[0, 0]","[0, 0]",32
68,"[0, 3]",164.85000000000323,"[67, 65]","[0, 0]","[0, 0]",32
69,"[0, 3]",166.15000000000353,"[68, 68]","[0, 0]","[0, 0]",32
70,"[0, 3]",167.4000000000038,"[69, 69]","[0, 0]","[0, 0]",32
71,"[0, 1]",138.19999999999717,"[70, -999]","[0, 0]","[0, 0]",32
72,"[0, 1]",139.04999999999737,"[71, 71]","[0, 0]","[0, 0]",32
73,"[0, 1]",139.79999999999754,"[72, 72]","[0, 0]","[0, 0]",32
74,"[0, 1]",135.6499999999966,"[73, 73]","[0, 0]","[0, 0]",32
75,"[0, 1]",135.44999999999655,"[74, 74]","[0, 0]","[0, 0]",32
76,"[0, 1]",135.89999999999665,"[75, 75]","[0, 0]","[0, 0]",32
77,"[0, 3]",164.2500000000031,"[76, 70]","[0, 0]","[0, 0]",32
78,"[0, 1]",135.1999999999965,"[77, 76]","[0.9000000000000002, 0]","[0, 0]",32
79,"[2, 3]",107.999999999996,"[61, 28]","[1.7000000000000008, 0]","[0, 0]",32
0,"[2, 1]",36.40000000000007,"[-999, -999]","[0, 0]","[0, 0]",33
1,"[2, 1]",38.09999999999997,"[0, 0]","[0, 0]","[0, 0]",33
2,"[2, 1]",39.89999999999987,"[1, 1]","[0, 0]","[0, 0]",33
3,"[2, 3]",69.04999999999822,"[2, -999]","[0, 0]","[0, 0]",33
4,"[2, 3]",71.74999999999807,"[3, 3]","[0, 0]","[0, 0]",33
5,"[2, 1]",41.89999999999976,"[4, 2]","[0, 0]","[0, 0]",33
6,"[0, 3]",96.69999999999665,"[-999, 4]","[0, 0]","[0, 0]",33
7,"[2, 1]",43.64999999999966,"[5, 5]","[0, 0]","[0, 0]",33
8,"[2, 1]",45.19999999999957,"[7, 7]","[0, 0]","[0, 0]",33
9,"[2, 1]",46.499999999999496,"[8, 8]","[0, 0]","[0, 0]",33
10,"[2, 3]",77.49999999999774,"[9, 6]","[0, 0]","[0, 0]",33
11,"[2, 1]",48.39999999999939,"[10, 9]","[0, 0]","[0, 0]",33
12,"[0, 3]",102.34999999999633,"[6, 10]","[0, 0]","[0, 0]",33
13,"[0, 3]",104.14999999999623,"[12, 12]","[0, 0]","[0, 0]",33
14,"[0, 3]",105.34999999999616,"[13, 13]","[0, 0]","[0, 0]",33
15,"[2, 1]",50.24999999999928,"[11, 11]","[0, 0]","[0, 0]",33
16,"[0, 3]",111.84999999999579,"[14, 18]","[1.800000000000001, 0]","[1.800000000000001, 0]",33
17,"[0, 3]",112.79999999999573,"[16, 16]","[0, 0]","[0, 0]",33
18,"[2, 3]",87.49999999999717,"[15, 14]","[0, 0]","[0, 0]",33
19,"[0, 1]",81.49999999999751,"[17, 22]","[0, 0]","[0, 0]",33
20,"[0, 3]",114.34999999999565,"[19, 26]","[0, 0]","[0, 0]",33
21,"[0, 3]",115.34999999999559,"[20, 20]","[0, 0]","[0, 0]",33
22,"[2, 1]",57.09999999999889,"[18, 15]","[0, 0]","[0, 0]",33
23,"[0, 1]",85.89999999999726,"[21, 19]","[0, 0]","[0, 0]",33
24,"[0, 3]",118.04999999999544,"[23, 27]","[0, 0]","[0, 0]",33
25,"[0, 1]",89.04999999999708,"[24, 44]","[0, 0]","[0, 0]",33
26,"[2, 3]",95.19999999999673,"[22, 17]","[10.800000000000018, 0]","[0, 0]",33
27,"[2, 3]",106.79999999999607,"[26, 21]","[15.200000000000081, 0]","[6.5999999999999845, 0]",33
28,"[0, 1]",95.7999999999967,"[25, 46]","[2.6499999999999986, 0]","[2.6499999999999986, 0]",33
29,"[0, 1]",95.24999999999673,"[28, 28]","[0, 0]","[0, 0]",33
30,"[0, 3]",125.54999999999501,"[29, 24]","[0, 0]","[0, 0]",33
31,"[0, 1]",97.74999999999659,"[30, 47]","[0, 0]","[0, 0]",33
32,"[0, 1]",98.64999999999654,"[31, 31]","[0, 0]","[0, 0]",33
33,"[0, 1]",99.79999999999647,"[32, 32]","[0, 0]","[0, 0]",33
34,"[0, 1]",100.74999999999642,"[33, 33]","[0, 0]","[0, 0]",33
35,"[0, 3]",131.79999999999572,"[34, 62]","[0, 0]","[0, 0]",33
36,"[0, 1]",104.39999999999621,"[35, 34]","[0, 0]","[0, 0]",33
37,"[0, 3]",135.79999999999663,"[36, 35]","[0, 0]","[0, 0]",33
38,"[0, 1]",108.34999999999599,"[37, 36]","[0, 0]","[0, 0]",33
39,"[0, 1]",109.44999999999592,"[38, 38]","[0, 0]","[0, 0]",33
40,"[0, 3]",140.64999999999773,"[39, 37]","[0, 0]","[0, 0]",33
41,"[0, 1]",113.3499999999957,"[40, 39]","[0, 0]","[0, 0]",33
42,"[0, 1]",114.44999999999564,"[41, 41]","[0, 0]","[0, 0]",33
43,"[0, 1]",115.49999999999558,"[42, 42]","[0, 0]","[0, 0]",33
44,"[2, 1]",77.09999999999776,"[27, 23]","[7.499999999999981, 0]","[0, 0]",33
45,"[0, 1]",116.59999999999552,"[43, 43]","[0, 0]","[0, 0]",33
46,"[2, 1]",85.39999999999729,"[44, 25]","[6.549999999999985, 0]","[0, 0]",33
47,"[2, 1]",96.24999999999667,"[46, 29]","[7.79999999999998, 0]","[2.5999999999999988, 0]",33
48,"[0, 1]",117.64999999999546,"[45, 45]","[0, 0]","[0, 0]",33
49,"[2, 3]",127.89999999999488,"[47, 30]","[3.7999999999999945, 0]","[0, 0]",33
50,"[0, 1]",118.6499999999954,"[48, 48]","[0, 0]","[0, 0]",33
51,"[0, 3]",149.59999999999977,"[50, 40]","[0, 0]","[0, 0]",33
52,"[0, 3]",151.9500000000003,"[51, 51]","[0, 0]","[0, 0]",33
53,"[0, 1]",123.44999999999513,"[52, 50]","[0, 0]","[0, 0]",33
54,"[0, 1]",124.49999999999507,"[53, 53]","[0, 0]","[0, 0]",33
55,"[0, 3]",155.75000000000117,"[54, 52]","[0, 0]","[0, 0]",33
56,"[0, 1]",128.44999999999496,"[55, 54]","[0, 0]","[0, 0]",33
57,"[0, 1]",129.5499999999952,"[56, 56]","[0, 0]","[0, 0]",33
58,"[0, 3]",160.65000000000228,"[57, 55]","[0, 0]","[0, 0]",33
59,"[0, 3]",162.75000000000276,"[58, 58]","[0, 0]","[0, 0]",33
60,"[0, 3]",164.10000000000306,"[59, 59]","[0, 0]","[0, 0]",33
61,"[0, 3]",165.1000000000033,"[60, 60]","[0, 0]","[0, 0]",33
62,"[2, 3]",130.4499999999954,"[49, 49]","[2.3, 0]","[0, 0]",33
63,"[0, 3]",166.15000000000353,"[61, 61]","[0, 0]","[0, 0]",33
64,"[0, 1]",136.64999999999682,"[63, -999]","[0, 0]","[0, 0]",33
65,"[0, 3]",167.65000000000387,"[64, 63]","[0, 0]","[0, 0]",33
66,"[0, 1]",135.6999999999966,"[65, 64]","[0, 0]","[0, 0]",33
67,"[0, 1]",135.54999999999657,"[66, 66]","[0, 0]","[0, 0]",33
68,"[0, 1]",136.0499999999967,"[67, 67]","[0, 0]","[0, 0]",33
69,"[0, 1]",132.1999999999958,"[68, 68]","[0, 0]","[0, 0]",33
70,"[0, 3]",162.15000000000262,"[69, 65]","[0.35, 0]","[0, 0]",33
71,"[0, 1]",134.3999999999963,"[70, 69]","[1.1500000000000004, 0]","[0, 0]",33
72,"[0, 3]",165.05000000000328,"[71, 70]","[1.6000000000000008, 0]","[0, 0]",33
73,"[0, 1]",135.84999999999664,"[72, 71]","[1.950000000000001, 0]","[0, 0]",33
74,"[0, 1]",135.6499999999966,"[73, 73]","[2.25, 0]","[0, 0]",33
75,"[0, 1]",136.24999999999673,"[74, 74]","[2.25, 0]","[0, 0]",33
76,"[0, 1]",136.9499999999969,"[75, 75]","[1.6000000000000008, 0]","[0, 0]",33
77,"[0, 1]",131.54999999999566,"[76, 76]","[0, 0]","[0, 0]",33
78,"[0, 1]",131.64999999999569,"[77, 77]","[0, 0]","[0, 0]",33
79,"[0, 3]",162.40000000000268,"[78, 72]","[0, 0]","[0, 0]",33
0,"[2, 1]",36.40000000000007,"[-999, -999]","[0, 0]","[0, 0]",34
1,"[2, 3]",68.49999999999825,"[0, -999]","[0, 0]","[0, 0]",34
2,"[2, 3]",71.1999999999981,"[1, 1]","[0, 0]","[0, 0]",34
3,"[2, 1]",41.0999999999998,"[2, 0]","[0, 0]","[0, 0]",34
4,"[2, 3]",70.94999999999811,"[3, 2]","[0, 0]","[0, 0]",34
5,"[2, 3]",72.949999999998,"[4, 4]","[0, 0]","[0, 0]",34
6,"[0, 3]",96.84999999999664,"[-999, 5]","[0, 0]","[0, 0]",34
7,"[2, 1]",42.54999999999972,"[5, 3]","[0, 0]","[0, 0]",34
8,"[2, 1]",43.99999999999964,"[7, 7]","[0, 0]","[0, 0]",34
9,"[2, 1]",45.39999999999956,"[8, 8]","[0, 0]","[0, 0]",34
10,"[0, 3]",104.5999999999962,"[6, 12]","[0.9000000000000002, 0]","[0.9000000000000002, 0]",34
11,"[0, 1]",75.34999999999786,"[10, 14]","[0, 0]","[0, 0]",34
12,"[2, 3]",77.74999999999773,"[9, 6]","[0, 0]","[0, 0]",34
13,"[0, 3]",106.4499999999961,"[11, 10]","[0, 0]","[0, 0]",34
14,"[2, 1]",48.599999999999376,"[12, 9]","[0, 0]","[0, 0]",34
15,"[2, 1]",56.09999999999895,"[14, 11]","[3.2999999999999963, 0]","[3.2999999999999963, 0]",34
16,"[0, 1]",78.1999999999977,"[13, 15]","[0, 0]","[0, 0]",34
17,"[0, 3]",109.24999999999594,"[16, 13]","[0, 0]","[0, 0]",34
18,"[2, 1]",63.049999999998555,"[15, 16]","[0, 0]","[0, 0]",34
19,"[0, 3]",111.39999999999581,"[17, 17]","[0, 0]","[0, 0]",34
20,"[2, 3]",111.09999999999583,"[18, 23]","[15.550000000000086, 0]","[9.650000000000002, 0]",34
21,"[2, 3]",117.49999999999547,"[20, 24]","[13.500000000000057, 0]","[0, 0]",34
22,"[0, 3]",112.99999999999572,"[19, 19]","[0, 0]","[0, 0]",34
23,"[0, 3]",114.29999999999565,"[22, 22]","[0, 0]","[0, 0]",34
24,"[0, 3]",120.69999999999528,"[23, 20]","[2.4499999999999993, 0]","[2.4499999999999993, 0]",34
25,"[0, 1]",90.09999999999702,"[24, -999]","[0, 0]","[0, 0]",34
26,"[2, 1]",87.0999999999972,"[21, 25]","[12.050000000000036, 0]","[0, 0]",34
27,"[2, 1]",89.39999999999706,"[26, 26]","[11.450000000000028, 0]","[0, 0]",34
28,"[0, 3]",122.54999999999518,"[25, 21]","[0, 0]","[0, 0]",34
29,"[2, 1]",97.6499999999966,"[27, 31]","[10.800000000000018, 0]","[0, 0]",34
30,"[0, 3]",123.64999999999512,"[28, 28]","[0, 0]","[0, 0]",34
31,"[0, 1]",95.34999999999673,"[30, 27]","[0, 0]","[0, 0]",34
32,"[0, 3]",125.84999999999499,"[31, 30]","[0, 0]","[0, 0]",34
33,"[0, 1]",97.4999999999966,"[32, 29]","[0, 0]","[0, 0]",34
34,"[0, 1]",98.59999999999654,"[33, 33]","[0, 0]","[0, 0]",34
35,"[0, 1]",104.04999999999623,"[34, 39]","[2.3999999999999995, 0]","[2.3999999999999995, 0]",34
36,"[0, 3]",134.24999999999628,"[35, 37]","[0, 0]","[0, 0]",34
37,"[2, 3]",129.84999999999528,"[29, 32]","[9.650000000000002, 0]","[0, 0]",34
38,"[0, 1]",105.94999999999612,"[36, 43]","[0, 0]","[0, 0]",34
39,"[2, 1]",105.79999999999613,"[37, 34]","[8.299999999999983, 0]","[0, 0]",34
40,"[0, 1]",112.09999999999577,"[38, 52]","[2.5999999999999988, 0]","[2.5999999999999988, 0]",34
41,"[0, 1]",112.34999999999576,"[40, 40]","[0, 0]","[0, 0]",34
42,"[0, 3]",145.89999999999893,"[41, 67]","[0, 0]","[0, 0]",34
43,"[2, 1]",111.5999999999958,"[39, 35]","[8.79999999999999, 0]","[0, 0]",34
44,"[0, 3]",147.29999999999924,"[42, 42]","[0, 0]","[0, 0]",34
45,"[0, 1]",119.14999999999537,"[44, 77]","[0, 0]","[0, 0]",34
46,"[0, 3]",149.54999999999976,"[45, 44]","[0, 0]","[0, 0]",34
47,"[0, 3]",151.65000000000023,"[46, 46]","[0, 0]","[0, 0]",34
48,"[0, 1]",123.14999999999515,"[47, 45]","[0, 0]","[0, 0]",34
49,"[0, 3]",154.6000000000009,"[48, 47]","[0, 0]","[0, 0]",34
50,"[0, 1]",127.04999999999492,"[49, 48]","[0.39999999999999997, 0]","[0, 0]",34
51,"[0, 3]",158.45000000000178,"[50, 49]","[0.9000000000000002, 0]","[0, 0]",34
52,"[2, 1]",118.34999999999542,"[43, 38]","[8.899999999999991, 0]","[0, 0]",34
53,"[0, 1]",130.99999999999554,"[51, 50]","[1.2500000000000004, 0]","[0, 0]",34
54,"[0, 1]",132.1499999999958,"[53, 53]","[1.4500000000000006, 0]","[0, 0]",34
55,"[0, 1]",133.19999999999604,"[54, 54]","[1.7000000000000008, 0]","[0, 0]",34
56,"[2, 3]",148.49999999999952,"[52, 36]","[9.299999999999997, 0]","[0, 0]",34
57,"[0, 1]",134.2999999999963,"[55, 55]","[1.7500000000000009, 0]","[0, 0]",34
58,"[0, 1]",135.34999999999653,"[57, 57]","[1.5000000000000007, 0]","[0, 0]",34
59,"[0, 3]",166.35000000000358,"[58, 51]","[0.9500000000000003, 0]","[0, 0]",34
60,"[0, 1]",139.04999999999737,"[59, 58]","[0.05, 0]","[0, 0]",34
61,"[0, 1]",140.14999999999762,"[60, 60]","[0.5499999999999999, 0]","[0, 0]",34
62,"[0, 1]",141.14999999999785,"[61, 61]","[1.0000000000000002, 0]","[0, 0]",34
63,"[0, 3]",171.95000000000485,"[62, 59]","[1.3000000000000005, 0]","[0, 0]",34
64,"[0, 1]",141.29999999999788,"[63, 62]","[1.5500000000000007, 0]","[0, 0]",34
65,"[0, 3]",172.00000000000486,"[64, 63]","[1.7500000000000009, 0]","[0, 0]",34
66,"[0, 1]",144.29999999999856,"[65, 64]","[1.850000000000001, 0]","[0, 0]",34
67,"[2, 3]",151.60000000000022,"[56, 56]","[15.10000000000008, 0]","[0, 0]",34
68,"[0, 1]",144.64999999999864,"[66, 66]","[2.000000000000001, 0]","[0, 0]",34
69,"[0, 3]",172.650000000005,"[68, 65]","[2.1000000000000005, 0]","[0, 0]",34
70,"[2, 1]",122.59999999999518,"[67, 41]","[14.500000000000071, 0]","[0, 0]",34
71,"[0, 1]",144.14999999999853,"[69, 68]","[2.1500000000000004, 0]","[0, 0]",34
72,"[0, 3]",174.55000000000544,"[71, 69]","[2.25, 0]","[0, 0]",34
73,"[0, 1]",143.29999999999833,"[72, 71]","[2.25, 0]","[0, 0]",34
74,"[0, 1]",142.89999999999824,"[73, 73]","[2.25, 0]","[0, 0]",34
75,"[0, 1]",143.0999999999983,"[74, 74]","[2.5999999999999988, 0]","[0, 0]",34
76,"[0, 1]",133.9499999999962,"[75, 75]","[0, 0]","[0, 0]",34
77,"[2, 1]",124.79999999999505,"[70, 70]","[13.150000000000052, 0]","[0, 0]",34
78,"[0, 1]",134.09999999999624,"[76, 76]","[0, 0]","[0, 0]",34
79,"[0, 1]",134.89999999999642,"[78, 78]","[0, 0]","[0, 0]",34
0,"[0, 1]",79.04999999999765,"[-999, 21]","[0, 0]","[5.4999999999999885, 0]",35
1,"[2, 3]",67.7499999999983,"[-999, -999]","[0, 0]","[0, 0]",35
2,"[0, 3]",119.39999999999536,"[0, 34]","[5.349999999999989, 0]","[5.349999999999989, 0]",35
3,"[2, 3]",70.79999999999812,"[1, 1]","[0, 0]","[0, 0]",35
4,"[2, 1]",37.550000000000004,"[3, -999]","[0, 0]","[0, 0]",35
5,"[0, 1]",88.49999999999712,"[2, 36]","[0, 0]","[0, 0]",35
6,"[0, 3]",121.09999999999526,"[5, 50]","[0, 0]","[0, 0]",35
7,"[0, 1]",94.69999999999676,"[6, 62]","[3.649999999999995, 0]","[3.649999999999995, 0]",35
8,"[2, 1]",39.49999999999989,"[4, 4]","[0, 0]","[0, 0]",35
9,"[2, 1]",41.44999999999978,"[8, 8]","[0, 0]","[0, 0]",35
10,"[0, 1]",94.19999999999679,"[7, 7]","[0.9000000000000002, 0]","[0, 0]",35
11,"[0, 1]",99.64999999999648,"[10, 70]","[4.399999999999992, 0]","[2.549999999999999, 0]",35
12,"[2, 3]",72.54999999999802,"[9, 3]","[0, 0]","[0, 0]",35
13,"[0, 3]",129.4999999999952,"[11, 6]","[1.5000000000000007, 0]","[0, 0]",35
14,"[0, 3]",131.89999999999574,"[13, 13]","[0.9500000000000003, 0]","[0, 0]",35
15,"[0, 1]",102.49999999999632,"[14, 79]","[0, 0]","[0, 0]",35
16,"[2, 1]",40.549999999999834,"[12, 9]","[0, 0]","[0, 0]",35
17,"[0, 3]",133.69999999999615,"[15, 14]","[0, 0]","[0, 0]",35
18,"[0, 3]",135.89999999999665,"[17, 17]","[0, 0]","[0, 0]",35
19,"[2, 1]",42.8499999999997,"[16, 16]","[0, 0]","[0, 0]",35
20,"[0, 3]",137.49999999999702,"[18, 18]","[0, 0]","[0, 0]",35
21,"[2, 1]",43.79999999999965,"[19, 19]","[0, 0]","[0, 0]",35
22,"[0, 3]",138.7999999999973,"[20, 20]","[0, 0]","[0, 0]",35
23,"[0, 1]",109.54999999999592,"[22, -999]","[0, 0]","[0, 0]",35
24,"[2, 3]",73.54999999999797,"[21, 12]","[0, 0]","[0, 0]",35
25,"[0, 1]",110.64999999999586,"[23, 23]","[0, 0]","[0, 0]",35
26,"[0, 3]",141.89999999999802,"[25, 22]","[0, 0]","[0, 0]",35
27,"[0, 1]",114.59999999999563,"[26, 25]","[0, 0]","[0, 0]",35
28,"[0, 1]",115.74999999999557,"[27, 27]","[0.8500000000000002, 0]","[0, 0]",35
29,"[0, 1]",116.8499999999955,"[28, 28]","[1.6500000000000008, 0]","[0, 0]",35
30,"[0, 3]",147.84999999999937,"[29, 26]","[2.25, 0]","[0, 0]",35
31,"[0, 1]",120.59999999999529,"[30, 29]","[2.1500000000000004, 0]","[0, 0]",35
32,"[2, 3]",76.04999999999782,"[24, 24]","[0, 0]","[0, 0]",35
33,"[0, 3]",152.0000000000003,"[31, 30]","[1.7000000000000008, 0]","[0, 0]",35
34,"[2, 3]",77.74999999999773,"[32, 32]","[0, 0]","[0, 0]",35
35,"[0, 3]",154.25000000000082,"[33, 33]","[1.1500000000000004, 0]","[0, 0]",35
36,"[2, 1]",47.549999999999436,"[34, 0]","[0, 0]","[0, 0]",35
37,"[0, 3]",155.80000000000118,"[35, 35]","[0.44999999999999996, 0]","[0, 0]",35
38,"[0, 1]",126.84999999999494,"[37, -999]","[0.5499999999999999, 0]","[0, 0]",35
39,"[0, 1]",127.94999999999487,"[38, 38]","[0.65, 0]","[0, 0]",35
40,"[0, 1]",129.0499999999951,"[39, 39]","[0.7500000000000001, 0]","[0, 0]",35
41,"[0, 1]",130.09999999999533,"[40, 40]","[0.8000000000000002, 0]","[0, 0]",35
42,"[0, 1]",131.14999999999557,"[41, 41]","[0.8500000000000002, 0]","[0, 0]",35
43,"[0, 3]",162.1000000000026,"[42, 37]","[0.9500000000000003, 0]","[0, 0]",35
44,"[0, 1]",134.69999999999638,"[43, 42]","[1.3000000000000005, 0]","[0, 0]",35
45,"[0, 3]",165.50000000000338,"[44, 43]","[1.4000000000000006, 0]","[0, 0]",35
46,"[0, 3]",163.20000000000286,"[45, 45]","[0, 0]","[0, 0]",35
47,"[0, 1]",131.94999999999575,"[46, 44]","[0, 0]","[0, 0]",35
48,"[0, 3]",163.15000000000285,"[47, 46]","[0, 0]","[0, 0]",35
49,"[0, 1]",135.44999999999655,"[48, 47]","[0, 0]","[0, 0]",35
50,"[2, 3]",76.24999999999781,"[36, 2]","[0, 0]","[0, 0]",35
51,"[0, 1]",136.0999999999967,"[49, 49]","[0, 0]","[0, 0]",35
52,"[0, 1]",136.29999999999674,"[51, 51]","[0, 0]","[0, 0]",35
53,"[0, 1]",136.4999999999968,"[52, 52]","[0, 0]","[0, 0]",35
54,"[0, 1]",132.1999999999958,"[53, 53]","[0, 0]","[0, 0]",35
55,"[0, 1]",132.69999999999592,"[54, 54]","[0, 0]","[0, 0]",35
56,"[0, 1]",133.4999999999961,"[55, 55]","[0, 0]","[0, 0]",35
57,"[0, 3]",164.15000000000308,"[56, 48]","[0, 0]","[0, 0]",35
58,"[0, 1]",135.59999999999658,"[57, 56]","[0, 0]","[0, 0]",35
59,"[0, 1]",135.44999999999655,"[58, 58]","[0, 0]","[0, 0]",35
60,"[0, 1]",135.79999999999663,"[59, 59]","[0, 0]","[0, 0]",35
61,"[0, 3]",165.6000000000034,"[60, 57]","[0, 0]","[0, 0]",35
62,"[2, 1]",37.05000000000003,"[50, 5]","[0, 0]","[0, 0]",35
63,"[0, 1]",135.2499999999965,"[61, 60]","[0, 0]","[0, 0]",35
64,"[0, 1]",132.6499999999959,"[63, 63]","[0.35, 0]","[0, 0]",35
65,"[0, 3]",163.30000000000288,"[64, 61]","[0.9500000000000003, 0]","[0, 0]",35
66,"[0, 1]",135.39999999999654,"[65, 64]","[1.2500000000000004, 0]","[0, 0]",35
67,"[0, 3]",164.85000000000323,"[66, 65]","[1.5000000000000007, 0]","[0, 0]",35
68,"[0, 1]",136.5499999999968,"[67, 66]","[1.5000000000000007, 0]","[0, 0]",35
69,"[0, 1]",137.29999999999697,"[68, 68]","[0.9500000000000003, 0]","[0, 0]",35
70,"[2, 1]",46.74999999999948,"[62, 10]","[2.25, 0]","[2.25, 0]",35
71,"[0, 1]",136.69999999999683,"[69, 69]","[0, 0]","[0, 0]",35
72,"[0, 1]",133.049999999996,"[71, 71]","[0, 0]","[0, 0]",35
73,"[0, 1]",133.74999999999616,"[72, 72]","[0, 0]","[0, 0]",35
74,"[0, 1]",133.54999999999612,"[73, 73]","[0, 0]","[0, 0]",35
75,"[0, 1]",130.74999999999548,"[74, 74]","[0, 0]","[0, 0]",35
76,"[0, 1]",131.49999999999565,"[75, 75]","[0, 0]","[0, 0]",35
77,"[0, 3]",162.15000000000262,"[76, 67]","[0, 0]","[0, 0]",35
78,"[2, 1]",47.49999999999944,"[70, 11]","[2.6999999999999984, 0]","[2.6999999999999984, 0]",35
79,"[2, 1]",48.249999999999396,"[78, 78]","[2.3499999999999996, 0]","[2.3499999999999996, 0]",35
0,"[2, 1]",36.40000000000007,"[-999, -999]","[0, 0]","[0, 0]",36
1,"[2, 1]",38.09999999999997,"[0, 0]","[0, 0]","[0, 0]",36
2,"[2, 1]",39.89999999999987,"[1, 1]","[0, 0]","[0, 0]",36
3,"[2, 1]",41.79999999999976,"[2, 2]","[0, 0]","[0, 0]",36
4,"[2, 3]",69.79999999999818,"[3, -999]","[0, 0]","[0, 0]",36
5,"[2, 1]",41.1499999999998,"[4, 3]","[0, 0]","[0, 0]",36
6,"[2, 1]",42.9499999999997,"[5, 5]","[0, 0]","[0, 0]",36
7,"[2, 1]",44.549999999999606,"[6, 6]","[0, 0]","[0, 0]",36
8,"[2, 1]",45.94999999999953,"[7, 7]","[0, 0]","[0, 0]",36
9,"[2, 3]",72.54999999999802,"[8, 4]","[0, 0]","[0, 0]",36
10,"[0, 3]",100.59999999999643,"[-999, 9]","[0, 0]","[0, 0]",36
11,"[0, 3]",102.8499999999963,"[10, 10]","[0, 0]","[0, 0]",36
12,"[0, 1]",72.69999999999801,"[11, 16]","[0, 0]","[0, 0]",36
13,"[0, 3]",105.24999999999616,"[12, 18]","[0, 0]","[0, 0]",36
14,"[2, 1]",44.6999999999996,"[9, 8]","[0, 0]","[0, 0]",36
15,"[0, 1]",74.84999999999789,"[13, 36]","[0, 0]","[0, 0]",36
16,"[2, 1]",46.499999999999496,"[14, 14]","[0, 0]","[0, 0]",36
17,"[0, 3]",106.19999999999611,"[15, 13]","[0, 0]","[0, 0]",36
18,"[2, 3]",79.04999999999765,"[16, 11]","[0, 0]","[0, 0]",36
19,"[0, 1]",77.74999999999773,"[17, 37]","[0, 0]","[0, 0]",36
20,"[0, 1]",78.84999999999766,"[19, 19]","[0, 0]","[0, 0]",36
21,"[0, 3]",109.8499999999959,"[20, 55]","[0, 0]","[0, 0]",36
22,"[0, 1]",87.29999999999718,"[21, 63]","[3.4499999999999957, 0]","[3.4499999999999957, 0]",36
23,"[0, 1]",86.74999999999721,"[22, 22]","[0, 0]","[0, 0]",36
24,"[0, 1]",93.49999999999683,"[23, 79]","[2.8999999999999977, 0]","[2.8999999999999977, 0]",36
25,"[0, 1]",92.99999999999686,"[24, 24]","[0, 0]","[0, 0]",36
26,"[0, 1]",93.54999999999683,"[25, 25]","[0, 0]","[0, 0]",36
27,"[0, 3]",124.39999999999507,"[26, 65]","[0, 0]","[0, 0]",36
28,"[0, 3]",126.74999999999494,"[27, 27]","[0, 0]","[0, 0]",36
29,"[0, 3]",128.39999999999495,"[28, 28]","[0.7000000000000001, 0]","[0, 0]",36
30,"[0, 3]",129.69999999999524,"[29, 29]","[1.1500000000000004, 0]","[0, 0]",36
31,"[0, 1]",100.54999999999643,"[30, -999]","[1.4500000000000006, 0]","[0, 0]",36
32,"[0, 3]",132.04999999999578,"[31, 30]","[1.7500000000000009, 0]","[0, 0]",36
33,"[0, 1]",104.44999999999621,"[32, 31]","[2.000000000000001, 0]","[0, 0]",36
34,"[0, 3]",135.79999999999663,"[33, 32]","[2.2, 0]","[0, 0]",36
35,"[0, 1]",108.29999999999599,"[34, 33]","[2.3999999999999995, 0]","[0, 0]",36
36,"[2, 1]",49.699999999999314,"[18, 12]","[0, 0]","[0, 0]",36
37,"[2, 1]",56.549999999998924,"[36, 15]","[3.4499999999999957, 0]","[3.4499999999999957, 0]",36
38,"[0, 1]",109.44999999999592,"[35, 35]","[2.9999999999999973, 0]","[0, 0]",36
39,"[0, 3]",140.59999999999772,"[38, 34]","[3.399999999999996, 0]","[0, 0]",36
40,"[0, 3]",142.89999999999824,"[39, 39]","[3.1999999999999966, 0]","[0, 0]",36
41,"[0, 1]",114.39999999999564,"[40, 38]","[2.6499999999999986, 0]","[0, 0]",36
42,"[0, 3]",145.94999999999894,"[41, 40]","[2.1000000000000005, 0]","[0, 0]",36
43,"[0, 3]",148.14999999999944,"[42, 42]","[1.5000000000000007, 0]","[0, 0]",36
44,"[0, 3]",149.7499999999998,"[43, 43]","[0.8500000000000002, 0]","[0, 0]",36
45,"[0, 1]",120.69999999999528,"[44, -999]","[0, 0]","[0, 0]",36
46,"[0, 1]",121.84999999999522,"[45, 45]","[0, 0]","[0, 0]",36
47,"[0, 3]",153.05000000000055,"[46, 44]","[0, 0]","[0, 0]",36
48,"[0, 1]",125.749999999995,"[47, 46]","[0, 0]","[0, 0]",36
49,"[0, 1]",126.89999999999493,"[48, 48]","[0, 0]","[0, 0]",36
50,"[0, 1]",127.94999999999487,"[49, 49]","[0, 0]","[0, 0]",36
51,"[0, 3]",159.05000000000192,"[50, 47]","[0, 0]","[0, 0]",36
52,"[0, 1]",131.64999999999569,"[51, 50]","[0, 0]","[0, 0]",36
53,"[0, 3]",162.85000000000278,"[52, 51]","[0, 0]","[0, 0]",36
54,"[0, 1]",135.14999999999648,"[53, 52]","[0, 0]","[0, 0]",36
55,"[2, 3]",85.54999999999728,"[37, 17]","[0, 0]","[0, 0]",36
56,"[0, 1]",136.0999999999967,"[54, 54]","[0, 0]","[0, 0]",36
57,"[0, 1]",137.0499999999969,"[56, 56]","[0, 0]","[0, 0]",36
58,"[0, 3]",167.95000000000394,"[57, 53]","[0, 0]","[0, 0]",36
59,"[2, 1]",60.84999999999868,"[55, 20]","[0, 0]","[0, 0]",36
60,"[0, 3]",169.70000000000434,"[58, 58]","[0, 0]","[0, 0]",36
61,"[0, 3]",167.3000000000038,"[60, 60]","[0, 0]","[0, 0]",36
62,"[0, 1]",137.79999999999708,"[61, -999]","[0, 0]","[0, 0]",36
63,"[2, 1]",60.19999999999872,"[59, 59]","[8.349999999999984, 0]","[0, 0]",36
64,"[0, 1]",138.49999999999724,"[62, 62]","[0, 0]","[0, 0]",36
65,"[2, 3]",93.04999999999686,"[63, 21]","[10.650000000000016, 0]","[0, 0]",36
66,"[0, 1]",138.2499999999972,"[64, 64]","[0, 0]","[0, 0]",36
67,"[0, 3]",166.35000000000358,"[66, 61]","[0, 0]","[0, 0]",36
68,"[0, 1]",135.74999999999662,"[67, 66]","[0, 0]","[0, 0]",36
69,"[0, 3]",166.15000000000353,"[68, 67]","[0, 0]","[0, 0]",36
70,"[0, 3]",167.8000000000039,"[69, 69]","[0, 0]","[0, 0]",36
71,"[0, 1]",138.2499999999972,"[70, 68]","[0, 0]","[0, 0]",36
72,"[0, 3]",168.250000000004,"[71, 70]","[0, 0]","[0, 0]",36
73,"[0, 1]",139.1499999999974,"[72, 71]","[0, 0]","[0, 0]",36
74,"[0, 1]",138.6999999999973,"[73, 73]","[0, 0]","[0, 0]",36
75,"[0, 1]",137.399999999997,"[74, 74]","[0, 0]","[0, 0]",36
76,"[0, 1]",135.89999999999665,"[75, 75]","[0, 0]","[0, 0]",36
77,"[0, 3]",166.25000000000355,"[76, 72]","[0, 0]","[0, 0]",36
78,"[0, 1]",138.3499999999972,"[77, 76]","[0, 0]","[0, 0]",36
79,"[2, 1]",58.34999999999882,"[65, 23]","[0, 0]","[0, 0]",36
0,"[2, 1]",36.40000000000007,"[-999, -999]","[0, 0]","[0, 0]",37
1,"[2, 3]",68.49999999999825,"[0, -999]","[0, 0]","[0, 0]",37
2,"[2, 1]",37.30000000000002,"[1, 0]","[0, 0]","[0, 0]",37
3,"[2, 1]",38.99999999999992,"[2, 2]","[0, 0]","[0, 0]",37
4,"[2, 1]",40.99999999999981,"[3, 3]","[0, 0]","[0, 0]",37
5,"[2, 1]",42.74999999999971,"[4, 4]","[0, 0]","[0, 0]",37
6,"[2, 1]",44.34999999999962,"[5, 5]","[0, 0]","[0, 0]",37
7,"[2, 1]",45.74999999999954,"[6, 6]","[0, 0]","[0, 0]",37
8,"[2, 1]",46.99999999999947,"[7, 7]","[0, 0]","[0, 0]",37
9,"[2, 1]",53.349999999999106,"[8, 10]","[3.049999999999997, 0]","[3.049999999999997, 0]",37
10,"[0, 1]",68.69999999999824,"[-999, 8]","[0, 0]","[0, 0]",37
11,"[0, 1]",75.19999999999787,"[10, 9]","[2.1500000000000004, 0]","[2.1500000000000004, 0]",37
12,"[0, 3]",106.64999999999608,"[11, 13]","[0, 0]","[0, 0]",37
13,"[2, 3]",82.34999999999746,"[9, 1]","[0, 0]","[0, 0]",37
14,"[2, 1]",55.199999999999,"[13, 11]","[0, 0]","[0, 0]",37
15,"[0, 1]",78.94999999999766,"[12, 14]","[0, 0]","[0, 0]",37
16,"[0, 3]",111.49999999999581,"[15, 18]","[0, 0]","[0, 0]",37
17,"[0, 1]",82.29999999999747,"[16, 15]","[0, 0]","[0, 0]",37
18,"[2, 3]",88.29999999999713,"[14, 12]","[10.350000000000012, 0]","[1.0000000000000002, 0]",37
19,"[2, 3]",96.29999999999667,"[18, 16]","[10.85000000000002, 0]","[0, 0]",37
20,"[0, 3]",114.44999999999564,"[17, 19]","[0, 0]","[0, 0]",37
21,"[0, 3]",115.64999999999557,"[20, 20]","[0, 0]","[0, 0]",37
22,"[2, 1]",66.59999999999836,"[19, 17]","[17.800000000000118, 0]","[0, 0]",37
23,"[0, 1]",86.09999999999725,"[21, 22]","[0, 0]","[0, 0]",37
24,"[0, 3]",118.29999999999542,"[23, 26]","[0, 0]","[0, 0]",37
25,"[0, 1]",89.29999999999707,"[24, 30]","[0, 0]","[0, 0]",37
26,"[2, 3]",104.99999999999618,"[22, 21]","[15.450000000000085, 0]","[0, 0]",37
27,"[0, 3]",120.04999999999532,"[25, 24]","[0, 0]","[0, 0]",37
28,"[0, 3]",122.2999999999952,"[27, 27]","[0, 0]","[0, 0]",37
29,"[0, 3]",123.79999999999511,"[28, 28]","[0, 0]","[0, 0]",37
30,"[2, 1]",75.09999999999788,"[26, 23]","[13.75000000000006, 0]","[0, 0]",37
31,"[0, 1]",94.79999999999676,"[29, 46]","[0, 0]","[0, 0]",37
32,"[0, 1]",95.8999999999967,"[31, 31]","[0, 0]","[0, 0]",37
33,"[0, 3]",128.29999999999492,"[32, 51]","[0, 0]","[0, 0]",37
34,"[0, 1]",99.14999999999651,"[33, 32]","[0, 0]","[0, 0]",37
35,"[0, 3]",131.34999999999562,"[34, 55]","[0, 0]","[0, 0]",37
36,"[0, 3]",132.5499999999959,"[35, 35]","[0, 0]","[0, 0]",37
37,"[0, 3]",133.74999999999616,"[36, 36]","[0, 0]","[0, 0]",37
38,"[0, 1]",106.3499999999961,"[37, 72]","[0, 0]","[0, 0]",37
39,"[0, 1]",106.59999999999609,"[38, 38]","[0, 0]","[0, 0]",37
40,"[0, 1]",107.59999999999603,"[39, 39]","[0, 0]","[0, 0]",37
41,"[0, 1]",108.69999999999597,"[40, 40]","[0, 0]","[0, 0]",37
42,"[0, 1]",109.69999999999591,"[41, 41]","[0, 0]","[0, 0]",37
43,"[0, 3]",140.69999999999774,"[42, 79]","[0, 0]","[0, 0]",37
44,"[0, 3]",142.94999999999825,"[43, 43]","[0, 0]","[0, 0]",37
45,"[0, 1]",114.39999999999564,"[44, 42]","[0, 0]","[0, 0]",37
46,"[2, 1]",83.4999999999974,"[30, 25]","[12.150000000000038, 0]","[0, 0]",37
47,"[0, 3]",145.84999999999891,"[45, 44]","[0, 0]","[0, 0]",37
48,"[0, 1]",118.34999999999542,"[47, 45]","[0, 0]","[0, 0]",37
49,"[2, 3]",126.49999999999496,"[46, 29]","[14.050000000000065, 0]","[3.349999999999996, 0]",37
50,"[0, 1]",119.49999999999535,"[48, 48]","[0, 0]","[0, 0]",37
51,"[2, 3]",128.44999999999496,"[49, 49]","[9.149999999999995, 0]","[0, 0]",37
52,"[0, 3]",150.6,"[50, 47]","[0, 0]","[0, 0]",37
53,"[0, 1]",123.29999999999514,"[52, 50]","[0, 0]","[0, 0]",37
54,"[0, 1]",124.44999999999507,"[53, 53]","[0, 0]","[0, 0]",37
55,"[2, 3]",135.94999999999666,"[51, 33]","[11.150000000000023, 0]","[3.4499999999999957, 0]",37
56,"[0, 1]",125.54999999999501,"[54, 54]","[0, 0]","[0, 0]",37
57,"[0, 1]",126.59999999999495,"[56, 56]","[0, 0]","[0, 0]",37
58,"[2, 1]",106.2499999999961,"[55, 34]","[6.299999999999986, 0]","[0, 0]",37
59,"[0, 3]",157.6000000000016,"[57, 52]","[0, 0]","[0, 0]",37
60,"[0, 3]",160.00000000000213,"[59, 59]","[0, 0]","[0, 0]",37
61,"[0, 1]",131.44999999999564,"[60, 57]","[0, 0]","[0, 0]",37
62,"[0, 3]",162.80000000000277,"[61, 60]","[0, 0]","[0, 0]",37
63,"[0, 3]",164.85000000000323,"[62, 62]","[0, 0]","[0, 0]",37
64,"[0, 1]",136.0499999999967,"[63, 61]","[0, 0]","[0, 0]",37
65,"[0, 3]",167.20000000000377,"[64, 63]","[0, 0]","[0, 0]",37
66,"[0, 1]",138.44999999999723,"[65, 64]","[0, 0]","[0, 0]",37
67,"[2, 1]",108.54999999999598,"[58, 58]","[5.649999999999988, 0]","[0, 0]",37
68,"[0, 1]",136.19999999999672,"[66, 66]","[0, 0]","[0, 0]",37
69,"[0, 1]",136.9499999999969,"[68, 68]","[0, 0]","[0, 0]",37
70,"[0, 3]",167.85000000000392,"[69, 65]","[0, 0]","[0, 0]",37
71,"[0, 1]",140.29999999999765,"[70, 69]","[0, 0]","[0, 0]",37
72,"[2, 1]",110.59999999999586,"[67, 67]","[5.299999999999989, 0]","[0, 0]",37
73,"[2, 3]",143.89999999999847,"[72, 37]","[4.449999999999992, 0]","[0, 0]",37
74,"[0, 1]",140.59999999999772,"[71, 71]","[0.5499999999999999, 0]","[0, 0]",37
75,"[0, 1]",140.0499999999976,"[74, 74]","[1.6500000000000008, 0]","[0, 0]",37
76,"[0, 1]",140.19999999999763,"[75, 75]","[1.900000000000001, 0]","[0, 0]",37
77,"[0, 1]",133.69999999999615,"[76, 76]","[0, 0]","[0, 0]",37
78,"[2, 3]",146.44999999999905,"[73, 73]","[3.2999999999999963, 0]","[0, 0]",37
79,"[2, 3]",148.8999999999996,"[78, 78]","[3.999999999999994, 0]","[0, 0]",37
0,"[2, 1]",36.40000000000007,"[-999, -999]","[0, 0]","[0, 0]",38
1,"[2, 1]",38.09999999999997,"[0, 0]","[0, 0]","[0, 0]",38
2,"[2, 1]",39.89999999999987,"[1, 1]","[0, 0]","[0, 0]",38
3,"[2, 1]",41.79999999999976,"[2, 2]","[0, 0]","[0, 0]",38
4,"[2, 1]",43.54999999999966,"[3, 3]","[0, 0]","[0, 0]",38
5,"[0, 1]",71.2999999999981,"[-999, 9]","[0, 0]","[0, 0]",38
6,"[0, 1]",72.54999999999802,"[5, 5]","[0, 0]","[0, 0]",38
7,"[2, 1]",45.04999999999958,"[4, 4]","[0, 0]","[0, 0]",38
8,"[2, 1]",46.349999999999504,"[7, 7]","[0, 0]","[0, 0]",38
9,"[2, 1]",47.399999999999444,"[8, 8]","[0, 0]","[0, 0]",38
10,"[2, 3]",74.09999999999793,"[9, -999]","[0, 0]","[0, 0]",38
11,"[0, 1]",78.59999999999768,"[6, 14]","[2.499999999999999, 0]","[2.499999999999999, 0]",38
12,"[0, 1]",78.84999999999766,"[11, 11]","[0, 0]","[0, 0]",38
13,"[0, 3]",109.54999999999592,"[12, 15]","[0, 0]","[0, 0]",38
14,"[2, 1]",55.54999999999898,"[10, 6]","[6.499999999999985, 0]","[6.499999999999985, 0]",38
15,"[2, 3]",84.74999999999733,"[14, 10]","[7.84999999999998, 0]","[2.6999999999999984, 0]",38
16,"[0, 3]",111.6999999999958,"[13, 13]","[0, 0]","[0, 0]",38
17,"[0, 1]",83.09999999999742,"[16, 18]","[0, 0]","[0, 0]",38
18,"[2, 1]",61.59999999999864,"[15, 12]","[9.800000000000004, 0]","[0.5499999999999999, 0]",38
19,"[0, 1]",84.19999999999736,"[17, 17]","[0, 0]","[0, 0]",38
20,"[0, 1]",85.3499999999973,"[19, 19]","[0, 0]","[0, 0]",38
21,"[0, 1]",90.74999999999699,"[20, 49]","[2.4499999999999993, 0]","[2.4499999999999993, 0]",38
22,"[0, 3]",122.54999999999518,"[21, 50]","[0, 0]","[0, 0]",38
23,"[0, 1]",94.69999999999676,"[22, 58]","[0, 0]","[0, 0]",38
24,"[0, 3]",125.09999999999503,"[23, 22]","[0, 0]","[0, 0]",38
25,"[0, 1]",96.09999999999668,"[24, 61]","[0, 0]","[0, 0]",38
26,"[0, 3]",127.29999999999491,"[25, 24]","[0, 0]","[0, 0]",38
27,"[0, 3]",129.44999999999519,"[26, 26]","[0, 0]","[0, 0]",38
28,"[0, 3]",130.99999999999554,"[27, 27]","[0, 0]","[0, 0]",38
29,"[0, 1]",102.04999999999634,"[28, 62]","[0, 0]","[0, 0]",38
30,"[0, 1]",103.14999999999628,"[29, 29]","[0, 0]","[0, 0]",38
31,"[0, 3]",134.3999999999963,"[30, 72]","[0, 0]","[0, 0]",38
32,"[2, 3]",99.2999999999965,"[18, 16]","[17.650000000000116, 0]","[3.349999999999996, 0]",38
33,"[0, 1]",105.99999999999612,"[31, 78]","[0, 0]","[0, 0]",38
34,"[0, 1]",107.14999999999606,"[33, 33]","[0, 0]","[0, 0]",38
35,"[0, 1]",108.199999999996,"[34, 34]","[0, 0]","[0, 0]",38
36,"[0, 3]",139.29999999999742,"[35, 31]","[0, 0]","[0, 0]",38
37,"[0, 3]",141.59999999999795,"[36, 36]","[0, 0]","[0, 0]",38
38,"[0, 1]",113.09999999999572,"[37, 35]","[0, 0]","[0, 0]",38
39,"[0, 3]",144.59999999999863,"[38, 37]","[0, 0]","[0, 0]",38
40,"[0, 1]",117.14999999999549,"[39, 38]","[0, 0]","[0, 0]",38
41,"[0, 1]",118.24999999999542,"[40, 40]","[0, 0]","[0, 0]",38
42,"[0, 1]",119.29999999999536,"[41, 41]","[0, 0]","[0, 0]",38
43,"[0, 3]",150.34999999999994,"[42, 39]","[0, 0]","[0, 0]",38
44,"[2, 3]",101.39999999999638,"[32, 32]","[11.950000000000035, 0]","[0, 0]",38
45,"[0, 3]",152.75000000000048,"[43, 43]","[0, 0]","[0, 0]",38
46,"[0, 3]",154.30000000000084,"[45, 45]","[0, 0]","[0, 0]",38
47,"[0, 3]",155.60000000000113,"[46, 46]","[0, 0]","[0, 0]",38
48,"[0, 3]",156.90000000000143,"[47, 47]","[0, 0]","[0, 0]",38
49,"[2, 1]",76.5499999999978,"[44, 20]","[10.450000000000014, 0]","[0, 0]",38
50,"[2, 3]",106.74999999999608,"[49, 44]","[10.550000000000015, 0]","[0, 0]",38
51,"[0, 3]",158.0500000000017,"[48, 48]","[0, 0]","[0, 0]",38
52,"[0, 1]",128.649999999995,"[51, -999]","[0, 0]","[0, 0]",38
53,"[0, 1]",129.64999999999523,"[52, 52]","[0, 0]","[0, 0]",38
54,"[0, 1]",130.49999999999542,"[53, 53]","[0, 0]","[0, 0]",38
55,"[0, 1]",130.99999999999554,"[54, 54]","[0, 0]","[0, 0]",38
56,"[0, 1]",131.54999999999566,"[55, 55]","[0, 0]","[0, 0]",38
57,"[0, 3]",162.15000000000262,"[56, 51]","[0, 0]","[0, 0]",38
58,"[2, 1]",76.29999999999781,"[50, 21]","[9.45, 0]","[0, 0]",38
59,"[0, 3]",163.90000000000302,"[57, 57]","[0, 0]","[0, 0]",38
60,"[0, 3]",162.30000000000265,"[59, 59]","[0, 0]","[0, 0]",38
61,"[2, 1]",85.1499999999973,"[58, 23]","[12.600000000000044, 0]","[0, 0]",38
62,"[2, 1]",91.44999999999695,"[61, 25]","[12.30000000000004, 0]","[0, 0]",38
63,"[0, 3]",162.4500000000027,"[60, 60]","[0, 0]","[0, 0]",38
64,"[0, 1]",132.84999999999596,"[63, -999]","[0, 0]","[0, 0]",38
65,"[0, 1]",133.64999999999614,"[64, 64]","[0, 0]","[0, 0]",38
66,"[0, 1]",134.19999999999627,"[65, 65]","[0, 0]","[0, 0]",38
67,"[0, 3]",163.0000000000028,"[66, 63]","[0, 0]","[0, 0]",38
68,"[0, 1]",130.99999999999554,"[67, 66]","[0, 0]","[0, 0]",38
69,"[0, 3]",161.70000000000252,"[68, 67]","[0, 0]","[0, 0]",38
70,"[0, 1]",133.8499999999962,"[69, 68]","[0, 0]","[0, 0]",38
71,"[0, 1]",134.54999999999634,"[70, 70]","[0, 0]","[0, 0]",38
72,"[2, 3]",130.29999999999538,"[62, 28]","[13.400000000000055, 0]","[6.5999999999999845, 0]",38
73,"[0, 1]",131.44999999999564,"[71, 71]","[0, 0]","[0, 0]",38
74,"[0, 1]",130.3999999999954,"[73, 73]","[0.44999999999999996, 0]","[0, 0]",38
75,"[0, 3]",160.85000000000232,"[74, 69]","[1.2500000000000004, 0]","[0, 0]",38
76,"[0, 1]",132.999999999996,"[75, 74]","[1.6500000000000008, 0]","[0, 0]",38
77,"[0, 3]",162.80000000000277,"[76, 75]","[2.000000000000001, 0]","[0, 0]",38
78,"[2, 1]",104.44999999999621,"[72, 30]","[2.799999999999998, 0]","[0, 0]",38
79,"[0, 3]",164.05000000000305,"[77, 77]","[2.3, 0]","[0, 0]",38
0,"[2, 1]",36.40000000000007,"[-999, -999]","[0, 0]","[0, 0]",39
1,"[0, 1]",71.54999999999808,"[-999, 9]","[0, 0]","[0, 0]",39
2,"[2, 3]",68.49999999999825,"[0, -999]","[0, 0]","[0, 0]",39
3,"[2, 1]",37.30000000000002,"[2, 0]","[0, 0]","[0, 0]",39
4,"[2, 1]",38.99999999999992,"[3, 3]","[0, 0]","[0, 0]",39
5,"[2, 1]",40.99999999999981,"[4, 4]","[0, 0]","[0, 0]",39
6,"[2, 3]",72.19999999999804,"[5, 2]","[0, 0]","[0, 0]",39
7,"[0, 3]",109.8499999999959,"[1, 21]","[5.949999999999987, 0]","[5.949999999999987, 0]",39
8,"[2, 1]",40.199999999999854,"[6, 5]","[0, 0]","[0, 0]",39
9,"[2, 1]",42.54999999999972,"[8, 8]","[0, 0]","[0, 0]",39
10,"[0, 3]",111.39999999999581,"[7, 7]","[0, 0]","[0, 0]",39
11,"[0, 1]",87.29999999999718,"[10, 51]","[2.799999999999998, 0]","[2.799999999999998, 0]",39
12,"[2, 3]",72.64999999999802,"[9, 6]","[0, 0]","[0, 0]",39
13,"[0, 3]",116.09999999999555,"[11, 29]","[0, 0]","[0, 0]",39
14,"[0, 3]",118.14999999999543,"[13, 13]","[0, 0]","[0, 0]",39
15,"[0, 1]",87.59999999999717,"[14, 67]","[0, 0]","[0, 0]",39
16,"[2, 3]",75.04999999999788,"[12, 12]","[0, 0]","[0, 0]",39
17,"[0, 3]",119.04999999999538,"[15, 14]","[0, 0]","[0, 0]",39
18,"[0, 3]",121.04999999999526,"[17, 17]","[0, 0]","[0, 0]",39
19,"[0, 1]",92.2499999999969,"[18, 79]","[0, 0]","[0, 0]",39
20,"[0, 3]",123.59999999999512,"[19, 18]","[0, 0]","[0, 0]",39
21,"[2, 3]",76.69999999999779,"[16, 16]","[0, 0]","[0, 0]",39
22,"[0, 3]",125.799999999995,"[20, 20]","[0, 0]","[0, 0]",39
23,"[0, 1]",97.24999999999662,"[22, 19]","[0, 0]","[0, 0]",39
24,"[0, 1]",98.29999999999656,"[23, 23]","[0, 0]","[0, 0]",39
25,"[0, 1]",99.3999999999965,"[24, 24]","[0, 0]","[0, 0]",39
26,"[0, 3]",130.4499999999954,"[25, 22]","[0, 0]","[0, 0]",39
27,"[0, 3]",132.74999999999594,"[26, 26]","[0, 0]","[0, 0]",39
28,"[2, 1]",46.54999999999949,"[21, 1]","[0, 0]","[0, 0]",39
29,"[2, 3]",84.29999999999735,"[28, 10]","[2.3, 0]","[2.3, 0]",39
30,"[0, 1]",104.29999999999622,"[27, 25]","[0, 0]","[0, 0]",39
31,"[0, 1]",105.34999999999616,"[30, 30]","[0, 0]","[0, 0]",39
32,"[0, 1]",106.4499999999961,"[31, 31]","[0, 0]","[0, 0]",39
33,"[0, 1]",107.54999999999603,"[32, 32]","[0, 0]","[0, 0]",39
34,"[0, 3]",138.49999999999724,"[33, 27]","[0, 0]","[0, 0]",39
35,"[0, 3]",140.84999999999778,"[34, 34]","[0, 0]","[0, 0]",39
36,"[0, 3]",142.44999999999814,"[35, 35]","[0, 0]","[0, 0]",39
37,"[0, 3]",143.74999999999844,"[36, 36]","[0, 0]","[0, 0]",39
38,"[0, 3]",144.99999999999872,"[37, 37]","[0, 0]","[0, 0]",39
39,"[0, 1]",115.74999999999557,"[38, -999]","[0, 0]","[0, 0]",39
40,"[0, 3]",147.29999999999924,"[39, 38]","[0, 0]","[0, 0]",39
41,"[0, 1]",119.74999999999534,"[40, 39]","[0.15000000000000002, 0]","[0, 0]",39
42,"[0, 1]",120.84999999999528,"[41, 41]","[0.3, 0]","[0, 0]",39
43,"[0, 1]",121.94999999999521,"[42, 42]","[0, 0]","[0, 0]",39
44,"[0, 3]",153.00000000000054,"[43, 40]","[0, 0]","[0, 0]",39
45,"[0, 1]",125.699999999995,"[44, 43]","[0, 0]","[0, 0]",39
46,"[0, 1]",126.79999999999494,"[45, 45]","[0, 0]","[0, 0]",39
47,"[0, 3]",158.00000000000168,"[46, 44]","[0, 0]","[0, 0]",39
48,"[0, 1]",130.64999999999546,"[47, 46]","[0, 0]","[0, 0]",39
49,"[0, 3]",161.6000000000025,"[48, 47]","[0, 0]","[0, 0]",39
50,"[0, 1]",133.19999999999604,"[49, 48]","[0, 0]","[0, 0]",39
51,"[2, 1]",42.299999999999734,"[29, 28]","[0, 0]","[0, 0]",39
52,"[0, 3]",164.05000000000305,"[50, 49]","[0, 0]","[0, 0]",39
53,"[0, 1]",136.34999999999675,"[52, 50]","[0, 0]","[0, 0]",39
54,"[0, 3]",167.3500000000038,"[53, 52]","[0, 0]","[0, 0]",39
55,"[0, 3]",167.3500000000038,"[54, 54]","[0, 0]","[0, 0]",39
56,"[0, 1]",136.9999999999969,"[55, 53]","[0, 0]","[0, 0]",39
57,"[0, 3]",167.85000000000392,"[56, 55]","[0.39999999999999997, 0]","[0, 0]",39
58,"[0, 3]",169.5500000000043,"[57, 57]","[1.0500000000000003, 0]","[0, 0]",39
59,"[0, 3]",170.50000000000452,"[58, 58]","[1.3500000000000005, 0]","[0, 0]",39
60,"[0, 3]",170.8500000000046,"[59, 59]","[1.5500000000000007, 0]","[0, 0]",39
61,"[0, 1]",135.99999999999667,"[60, -999]","[1.7500000000000009, 0]","[0, 0]",39
62,"[0, 1]",136.64999999999682,"[61, 61]","[1.800000000000001, 0]","[0, 0]",39
63,"[0, 3]",167.7500000000039,"[62, 60]","[1.3500000000000005, 0]","[0, 0]",39
64,"[0, 1]",140.14999999999762,"[63, 62]","[0.6, 0]","[0, 0]",39
65,"[0, 3]",166.8500000000037,"[64, 63]","[0, 0]","[0, 0]",39
66,"[0, 1]",137.94999999999712,"[65, 64]","[0, 0]","[0, 0]",39
67,"[2, 1]",37.25000000000002,"[51, 11]","[0, 0]","[0, 0]",39
68,"[0, 1]",138.7499999999973,"[66, 66]","[0, 0]","[0, 0]",39
69,"[0, 3]",169.00000000000418,"[68, 65]","[0, 0]","[0, 0]",39
70,"[0, 3]",167.90000000000393,"[69, 69]","[0, 0]","[0, 0]",39
71,"[0, 3]",169.1000000000042,"[70, 70]","[0, 0]","[0, 0]",39
72,"[0, 3]",170.10000000000443,"[71, 71]","[0, 0]","[0, 0]",39
73,"[0, 1]",139.94999999999757,"[72, -999]","[0, 0]","[0, 0]",39
74,"[0, 1]",138.3499999999972,"[73, 73]","[0, 0]","[0, 0]",39
75,"[0, 1]",138.49999999999724,"[74, 74]","[0, 0]","[0, 0]",39
76,"[0, 1]",138.99999999999736,"[75, 75]","[0, 0]","[0, 0]",39
77,"[0, 1]",139.1999999999974,"[76, 76]","[0, 0]","[0, 0]",39
78,"[0, 3]",166.80000000000368,"[77, 72]","[0, 0]","[0, 0]",39
79,"[2, 1]",37.000000000000036,"[67, 15]","[0, 0]","[0, 0]",39
0,"[2, 1]",36.40000000000007,"[-999, -999]","[0, 0]","[0, 0]",40
1,"[2, 1]",38.09999999999997,"[0, 0]","[0, 0]","[0, 0]",40
2,"[2, 1]",39.89999999999987,"[1, 1]","[0, 0]","[0, 0]",40
3,"[2, 1]",41.79999999999976,"[2, 2]","[0, 0]","[0, 0]",40
4,"[2, 1]",43.54999999999966,"[3, 3]","[0, 0]","[0, 0]",40
5,"[0, 1]",76.14999999999782,"[-999, 12]","[0, 0]","[3.099999999999997, 0]",40
6,"[2, 3]",71.1499999999981,"[4, -999]","[0, 0]","[0, 0]",40
7,"[0, 3]",105.39999999999615,"[5, 8]","[0, 0]","[0, 0]",40
8,"[2, 3]",73.74999999999795,"[6, 6]","[0, 0]","[0, 0]",40
9,"[2, 1]",39.49999999999989,"[8, 4]","[0, 0]","[0, 0]",40
10,"[2, 1]",41.749999999999766,"[9, 9]","[0, 0]","[0, 0]",40
11,"[0, 3]",107.79999999999602,"[7, 7]","[0, 0]","[0, 0]",40
12,"[2, 1]",42.8499999999997,"[10, 10]","[0, 0]","[0, 0]",40
13,"[0, 3]",109.44999999999592,"[11, 11]","[0, 0]","[0, 0]",40
14,"[0, 3]",116.14999999999554,"[13, 45]","[2.4499999999999993, 0]","[2.4499999999999993, 0]",40
15,"[0, 1]",85.59999999999728,"[14, -999]","[0, 0]","[0, 0]",40
16,"[0, 3]",118.19999999999543,"[15, 48]","[0, 0]","[0, 0]",40
17,"[0, 3]",124.0499999999951,"[16, 56]","[2.4499999999999993, 0]","[2.4499999999999993, 0]",40
18,"[0, 3]",129.44999999999519,"[17, 57]","[2.4499999999999993, 0]","[2.4499999999999993, 0]",40
19,"[0, 1]",98.39999999999655,"[18, -999]","[0, 0]","[0, 0]",40
20,"[2, 1]",50.29999999999928,"[12, 5]","[1.4000000000000006, 0]","[1.4000000000000006, 0]",40
21,"[0, 1]",99.54999999999649,"[19, 19]","[0, 0]","[0, 0]",40
22,"[0, 1]",100.69999999999642,"[21, 21]","[0, 0]","[0, 0]",40
23,"[0, 1]",101.74999999999636,"[22, 22]","[0, 0]","[0, 0]",40
24,"[0, 3]",132.74999999999594,"[23, 18]","[0, 0]","[0, 0]",40
25,"[0, 1]",105.49999999999615,"[24, 23]","[0, 0]","[0, 0]",40
26,"[0, 1]",106.59999999999609,"[25, 25]","[0, 0]","[0, 0]",40
27,"[0, 3]",137.74999999999707,"[26, 24]","[0.9500000000000003, 0]","[0, 0]",40
28,"[0, 3]",139.99999999999758,"[27, 27]","[1.6500000000000008, 0]","[0, 0]",40
29,"[0, 1]",111.5499999999958,"[28, 26]","[2.000000000000001, 0]","[0, 0]",40
30,"[0, 3]",143.04999999999828,"[29, 28]","[2.3, 0]","[0, 0]",40
31,"[0, 1]",115.54999999999558,"[30, 29]","[2.5999999999999988, 0]","[0, 0]",40
32,"[0, 3]",146.89999999999915,"[31, 30]","[2.9999999999999973, 0]","[0, 0]",40
33,"[0, 1]",119.39999999999536,"[32, 31]","[3.099999999999997, 0]","[0, 0]",40
34,"[0, 3]",150.80000000000004,"[33, 32]","[2.7499999999999982, 0]","[0, 0]",40
35,"[0, 1]",123.29999999999514,"[34, 33]","[2.2, 0]","[0, 0]",40
36,"[0, 3]",154.65000000000092,"[35, 34]","[1.6500000000000008, 0]","[0, 0]",40
37,"[2, 1]",50.549999999999265,"[20, 20]","[3.2499999999999964, 0]","[3.2499999999999964, 0]",40
38,"[0, 1]",127.14999999999492,"[36, 35]","[1.0500000000000003, 0]","[0, 0]",40
39,"[0, 1]",128.29999999999492,"[38, 38]","[0.3, 0]","[0, 0]",40
40,"[0, 3]",159.450000000002,"[39, 36]","[0, 0]","[0, 0]",40
41,"[0, 1]",132.1999999999958,"[40, 39]","[0, 0]","[0, 0]",40
42,"[0, 3]",163.55000000000294,"[41, 40]","[0, 0]","[0, 0]",40
43,"[0, 1]",136.1499999999967,"[42, 41]","[0, 0]","[0, 0]",40
44,"[0, 1]",137.24999999999696,"[43, 43]","[0, 0]","[0, 0]",40
45,"[2, 3]",85.2499999999973,"[37, 13]","[2.499999999999999, 0]","[2.499999999999999, 0]",40
46,"[0, 1]",138.2499999999972,"[44, 44]","[0, 0]","[0, 0]",40
47,"[0, 1]",138.89999999999733,"[46, 46]","[0, 0]","[0, 0]",40
48,"[2, 3]",92.1999999999969,"[45, 14]","[3.4499999999999957, 0]","[3.4499999999999957, 0]",40
49,"[0, 3]",169.00000000000418,"[47, 42]","[0, 0]","[0, 0]",40
50,"[0, 1]",140.0499999999976,"[49, 47]","[0, 0]","[0, 0]",40
51,"[0, 3]",169.85000000000437,"[50, 49]","[0, 0]","[0, 0]",40
52,"[0, 1]",141.74999999999798,"[51, 50]","[0, 0]","[0, 0]",40
53,"[0, 1]",141.89999999999802,"[52, 52]","[0, 0]","[0, 0]",40
54,"[0, 3]",170.55000000000453,"[53, 51]","[0, 0]","[0, 0]",40
55,"[0, 3]",171.60000000000477,"[54, 54]","[0, 0]","[0, 0]",40
56,"[2, 3]",93.84999999999681,"[48, 16]","[0, 0]","[0, 0]",40
57,"[2, 3]",100.24999999999645,"[56, 17]","[11.55000000000003, 0]","[0, 0]",40
58,"[0, 1]",140.9499999999978,"[55, 53]","[0, 0]","[0, 0]",40
59,"[0, 3]",171.40000000000472,"[58, 55]","[0, 0]","[0, 0]",40
60,"[0, 3]",172.95000000000508,"[59, 59]","[0, 0]","[0, 0]",40
61,"[0, 1]",143.6499999999984,"[60, 58]","[0, 0]","[0, 0]",40
62,"[0, 1]",143.5499999999984,"[61, 61]","[0, 0]","[0, 0]",40
63,"[0, 3]",171.7500000000048,"[62, 60]","[0, 0]","[0, 0]",40
64,"[0, 1]",142.6499999999982,"[63, 62]","[0, 0]","[0, 0]",40
65,"[0, 3]",172.75000000000503,"[64, 63]","[0, 0]","[0, 0]",40
66,"[0, 1]",142.89999999999824,"[65, 64]","[0, 0]","[0, 0]",40
67,"[0, 3]",172.50000000000497,"[66, 65]","[0, 0]","[0, 0]",40
68,"[0, 1]",141.19999999999786,"[67, 66]","[0, 0]","[0, 0]",40
69,"[0, 1]",139.5999999999975,"[68, 68]","[0, 0]","[0, 0]",40
70,"[0, 1]",139.99999999999758,"[69, 69]","[0, 0]","[0, 0]",40
71,"[0, 3]",170.55000000000453,"[70, 67]","[0, 0]","[0, 0]",40
72,"[0, 3]",172.05000000000487,"[71, 71]","[0, 0]","[0, 0]",40
73,"[0, 1]",138.84999999999732,"[72, 70]","[0, 0]","[0, 0]",40
74,"[0, 1]",138.89999999999733,"[73, 73]","[0, 0]","[0, 0]",40
75,"[0, 1]",139.39999999999745,"[74, 74]","[0, 0]","[0, 0]",40
76,"[0, 3]",169.85000000000437,"[75, 72]","[0, 0]","[0, 0]",40
77,"[0, 1]",138.39999999999722,"[76, 75]","[0, 0]","[0, 0]",40
78,"[0, 3]",168.90000000000416,"[77, 76]","[0, 0]","[0, 0]",40
79,"[0, 3]",170.70000000000456,"[78, 78]","[0, 0]","[0, 0]",40
0,"[2, 1]",36.40000000000007,"[-999, -999]","[0, 0]","[0, 0]",41
1,"[2, 3]",68.49999999999825,"[0, -999]","[0, 0]","[0, 0]",41
2,"[2, 1]",37.30000000000002,"[1, 0]","[0, 0]","[0, 0]",41
3,"[2, 1]",39.04999999999992,"[2, 2]","[0, 0]","[0, 0]",41
4,"[2, 1]",40.94999999999981,"[3, 3]","[0, 0]","[0, 0]",41
5,"[2, 1]",42.74999999999971,"[4, 4]","[0, 0]","[0, 0]",41
6,"[0, 1]",75.84999999999783,"[-999, 11]","[0, 0]","[2.9999999999999973, 0]",41
7,"[2, 1]",44.34999999999962,"[5, 5]","[0, 0]","[0, 0]",41
8,"[2, 3]",74.44999999999791,"[7, 1]","[0, 0]","[0, 0]",41
9,"[2, 1]",42.54999999999972,"[8, 7]","[0, 0]","[0, 0]",41
10,"[0, 1]",81.39999999999752,"[6, 16]","[2.549999999999999, 0]","[2.549999999999999, 0]",41
11,"[2, 1]",44.749999999999595,"[9, 9]","[0, 0]","[0, 0]",41
12,"[0, 1]",81.29999999999752,"[10, 10]","[0, 0]","[0, 0]",41
13,"[2, 3]",74.39999999999792,"[11, 8]","[0, 0]","[0, 0]",41
14,"[0, 3]",111.79999999999579,"[12, 13]","[0, 0]","[0, 0]",41
15,"[0, 1]",84.09999999999737,"[14, 17]","[0, 0]","[0, 0]",41
16,"[2, 1]",47.24999999999945,"[13, 6]","[0, 0]","[0, 0]",41
17,"[2, 1]",58.34999999999882,"[16, 12]","[6.499999999999985, 0]","[6.499999999999985, 0]",41
18,"[0, 3]",115.59999999999557,"[15, 29]","[0, 0]","[0, 0]",41
19,"[0, 1]",86.04999999999725,"[18, 15]","[0, 0]","[0, 0]",41
20,"[0, 1]",87.0999999999972,"[19, 19]","[0, 0]","[0, 0]",41
21,"[0, 3]",118.49999999999541,"[20, 36]","[0, 0]","[0, 0]",41
22,"[0, 1]",90.14999999999702,"[21, 38]","[0, 0]","[0, 0]",41
23,"[0, 1]",91.29999999999696,"[22, 22]","[0, 0]","[0, 0]",41
24,"[0, 3]",124.64999999999506,"[23, 61]","[0, 0]","[0, 0]",41
25,"[0, 1]",95.24999999999673,"[24, 23]","[0, 0]","[0, 0]",41
26,"[0, 3]",127.3999999999949,"[25, 64]","[0, 0]","[0, 0]",41
27,"[0, 3]",128.649999999995,"[26, 26]","[0, 0]","[0, 0]",41
28,"[0, 3]",129.79999999999526,"[27, 27]","[0, 0]","[0, 0]",41
29,"[2, 3]",89.79999999999704,"[17, 14]","[6.8999999999999835, 0]","[0.05, 0]",41
30,"[0, 1]",100.39999999999644,"[28, 79]","[0, 0]","[0, 0]",41
31,"[0, 3]",131.84999999999573,"[30, 28]","[0, 0]","[0, 0]",41
32,"[0, 1]",104.29999999999622,"[31, 30]","[0, 0]","[0, 0]",41
33,"[0, 1]",105.44999999999615,"[32, 32]","[0, 0]","[0, 0]",41
34,"[0, 3]",136.5499999999968,"[33, 31]","[0, 0]","[0, 0]",41
35,"[0, 3]",138.84999999999732,"[34, 34]","[0, 0]","[0, 0]",41
36,"[2, 3]",96.64999999999665,"[29, 18]","[7.149999999999983, 0]","[0, 0]",41
37,"[0, 1]",110.29999999999588,"[35, 33]","[0, 0]","[0, 0]",41
38,"[2, 1]",73.54999999999797,"[36, 20]","[13.200000000000053, 0]","[3.4999999999999956, 0]",41
39,"[0, 1]",111.39999999999581,"[37, 37]","[0, 0]","[0, 0]",41
40,"[0, 3]",142.59999999999818,"[39, 35]","[0, 0]","[0, 0]",41
41,"[0, 1]",115.2499999999956,"[40, 39]","[0, 0]","[0, 0]",41
42,"[0, 1]",116.34999999999553,"[41, 41]","[0, 0]","[0, 0]",41
43,"[0, 1]",117.44999999999547,"[42, 42]","[0, 0]","[0, 0]",41
44,"[0, 3]",148.49999999999952,"[43, 40]","[0, 0]","[0, 0]",41
45,"[0, 3]",150.80000000000004,"[44, 44]","[0, 0]","[0, 0]",41
46,"[0, 3]",152.4000000000004,"[45, 45]","[0, 0]","[0, 0]",41
47,"[0, 3]",153.7000000000007,"[46, 46]","[0, 0]","[0, 0]",41
48,"[0, 1]",124.44999999999507,"[47, -999]","[0, 0]","[0, 0]",41
49,"[0, 3]",155.8500000000012,"[48, 47]","[0, 0]","[0, 0]",41
50,"[0, 3]",158.0500000000017,"[49, 49]","[0, 0]","[0, 0]",41
51,"[0, 1]",129.4999999999952,"[50, 48]","[0, 0]","[0, 0]",41
52,"[0, 3]",160.90000000000234,"[51, 50]","[0, 0]","[0, 0]",41
53,"[0, 1]",133.34999999999607,"[52, 51]","[0, 0]","[0, 0]",41
54,"[0, 1]",134.2999999999963,"[53, 53]","[0, 0]","[0, 0]",41
55,"[0, 3]",164.7500000000032,"[54, 52]","[0, 0]","[0, 0]",41
56,"[2, 3]",104.99999999999618,"[38, 21]","[25.300000000000225, 0]","[0, 0]",41
57,"[0, 1]",136.79999999999686,"[55, 54]","[0, 0]","[0, 0]",41
58,"[0, 3]",167.85000000000392,"[57, 55]","[0, 0]","[0, 0]",41
59,"[0, 3]",168.6000000000041,"[58, 58]","[0, 0]","[0, 0]",41
60,"[0, 3]",167.70000000000388,"[59, 59]","[0, 0]","[0, 0]",41
61,"[2, 3]",105.69999999999614,"[56, 56]","[21.250000000000167, 0]","[0, 0]",41
62,"[0, 1]",137.49999999999702,"[60, -999]","[0, 0]","[0, 0]",41
63,"[0, 1]",133.9499999999962,"[62, 62]","[0, 0]","[0, 0]",41
64,"[2, 3]",113.74999999999568,"[61, 24]","[19.600000000000144, 0]","[0, 0]",41
65,"[0, 3]",164.85000000000323,"[63, 60]","[0, 0]","[0, 0]",41
66,"[0, 1]",137.14999999999694,"[65, 63]","[0, 0]","[0, 0]",41
67,"[0, 3]",167.70000000000388,"[66, 65]","[0, 0]","[0, 0]",41
68,"[0, 3]",168.50000000000406,"[67, 67]","[0, 0]","[0, 0]",41
69,"[0, 3]",169.1000000000042,"[68, 68]","[0, 0]","[0, 0]",41
70,"[0, 1]",139.09999999999738,"[69, -999]","[0, 0]","[0, 0]",41
71,"[0, 3]",168.6500000000041,"[70, 69]","[0, 0]","[0, 0]",41
72,"[0, 3]",169.45000000000428,"[71, 71]","[0, 0]","[0, 0]",41
73,"[0, 1]",139.54999999999748,"[72, 70]","[0, 0]","[0, 0]",41
74,"[0, 1]",138.54999999999725,"[73, 73]","[0, 0]","[0, 0]",41
75,"[0, 3]",168.95000000000417,"[74, 72]","[0, 0]","[0, 0]",41
76,"[0, 1]",140.9499999999978,"[75, 74]","[0, 0]","[0, 0]",41
77,"[0, 1]",137.34999999999698,"[76, 76]","[0, 0]","[0, 0]",41
78,"[0, 1]",137.79999999999708,"[77, 77]","[0, 0]","[0, 0]",41
79,"[2, 1]",71.69999999999807,"[64, 25]","[5.799999999999987, 0]","[0, 0]",41
0,"[2, 1]",36.40000000000007,"[-999, -999]","[0, 0]","[0, 0]",42
1,"[2, 1]",38.09999999999997,"[0, 0]","[0, 0]","[0, 0]",42
2,"[0, 3]",100.29999999999644,"[-999, 8]","[0, 0]","[0, 0]",42
3,"[2, 1]",39.89999999999987,"[1, 1]","[0, 0]","[0, 0]",42
4,"[2, 1]",41.79999999999976,"[3, 3]","[0, 0]","[0, 0]",42
5,"[2, 1]",43.54999999999966,"[4, 4]","[0, 0]","[0, 0]",42
6,"[2, 3]",70.74999999999812,"[5, -999]","[0, 0]","[0, 0]",42
7,"[2, 1]",42.69999999999971,"[6, 5]","[0, 0]","[0, 0]",42
8,"[2, 3]",71.54999999999808,"[7, 6]","[0, 0]","[0, 0]",42
9,"[2, 1]",42.8999999999997,"[8, 7]","[0, 0]","[0, 0]",42
10,"[0, 1]",74.34999999999792,"[2, 13]","[3.349999999999996, 0]","[3.349999999999996, 0]",42
11,"[0, 1]",74.44999999999791,"[10, 10]","[0, 0]","[0, 0]",42
12,"[2, 3]",75.89999999999783,"[9, 2]","[0, 0]","[0, 0]",42
13,"[2, 1]",41.44999999999978,"[12, 9]","[0, 0]","[0, 0]",42
14,"[0, 1]",81.24999999999753,"[11, 31]","[2.9999999999999973, 0]","[2.9999999999999973, 0]",42
15,"[0, 1]",80.64999999999756,"[14, 14]","[0, 0]","[0, 0]",42
16,"[0, 1]",81.29999999999752,"[15, 15]","[0, 0]","[0, 0]",42
17,"[0, 3]",112.19999999999577,"[16, 32]","[0, 0]","[0, 0]",42
18,"[0, 1]",84.29999999999735,"[17, 49]","[0, 0]","[0, 0]",42
19,"[0, 1]",85.2499999999973,"[18, 18]","[0, 0]","[0, 0]",42
20,"[0, 1]",90.89999999999698,"[19, 61]","[2.4499999999999993, 0]","[2.4499999999999993, 0]",42
21,"[0, 1]",95.7499999999967,"[20, 71]","[2.549999999999999, 0]","[2.549999999999999, 0]",42
22,"[0, 3]",125.699999999995,"[21, 60]","[0, 0]","[0, 0]",42
23,"[0, 1]",98.49999999999655,"[22, 21]","[0, 0]","[0, 0]",42
24,"[0, 3]",129.84999999999528,"[23, 22]","[0, 0]","[0, 0]",42
25,"[0, 1]",102.34999999999633,"[24, 23]","[0, 0]","[0, 0]",42
26,"[0, 3]",133.69999999999615,"[25, 24]","[0, 0]","[0, 0]",42
27,"[0, 1]",106.2999999999961,"[26, 25]","[0, 0]","[0, 0]",42
28,"[0, 3]",137.69999999999706,"[27, 26]","[0, 0]","[0, 0]",42
29,"[2, 3]",74.49999999999791,"[13, 12]","[0, 0]","[0, 0]",42
30,"[2, 3]",76.3999999999978,"[29, 29]","[0, 0]","[0, 0]",42
31,"[2, 1]",46.849999999999476,"[30, 11]","[0, 0]","[0, 0]",42
32,"[2, 3]",77.34999999999775,"[31, 30]","[0, 0]","[0, 0]",42
33,"[0, 1]",110.19999999999588,"[28, 27]","[0, 0]","[0, 0]",42
34,"[0, 1]",111.29999999999582,"[33, 33]","[0, 0]","[0, 0]",42
35,"[0, 1]",112.39999999999576,"[34, 34]","[0, 0]","[0, 0]",42
36,"[0, 3]",143.49999999999838,"[35, 28]","[0.9000000000000002, 0]","[0, 0]",42
37,"[0, 3]",145.7999999999989,"[36, 36]","[1.2500000000000004, 0]","[0, 0]",42
38,"[0, 1]",117.24999999999548,"[37, 35]","[0.9000000000000002, 0]","[0, 0]",42
39,"[0, 1]",118.34999999999542,"[38, 38]","[0.35, 0]","[0, 0]",42
40,"[0, 1]",119.44999999999536,"[39, 39]","[0, 0]","[0, 0]",42
41,"[0, 3]",150.49999999999997,"[40, 37]","[0, 0]","[0, 0]",42
42,"[0, 3]",152.8500000000005,"[41, 41]","[0, 0]","[0, 0]",42
43,"[0, 1]",124.39999999999507,"[42, 40]","[0, 0]","[0, 0]",42
44,"[0, 3]",155.80000000000118,"[43, 42]","[0, 0]","[0, 0]",42
45,"[0, 1]",128.2499999999949,"[44, 43]","[0, 0]","[0, 0]",42
46,"[0, 3]",159.60000000000204,"[45, 44]","[0, 0]","[0, 0]",42
47,"[0, 1]",132.0999999999958,"[46, 45]","[0, 0]","[0, 0]",42
48,"[0, 1]",133.24999999999605,"[47, 47]","[0, 0]","[0, 0]",42
49,"[2, 1]",59.59999999999875,"[32, 16]","[6.399999999999985, 0]","[6.399999999999985, 0]",42
50,"[0, 3]",164.40000000000313,"[48, 46]","[0, 0]","[0, 0]",42
51,"[0, 1]",137.09999999999692,"[50, 48]","[0, 0]","[0, 0]",42
52,"[0, 3]",168.45000000000405,"[51, 50]","[0, 0]","[0, 0]",42
53,"[0, 1]",140.79999999999777,"[52, 51]","[0, 0]","[0, 0]",42
54,"[0, 1]",139.49999999999747,"[53, 53]","[0, 0]","[0, 0]",42
55,"[0, 1]",139.39999999999745,"[54, 54]","[0, 0]","[0, 0]",42
56,"[0, 1]",140.0499999999976,"[55, 55]","[0, 0]","[0, 0]",42
57,"[0, 1]",140.14999999999762,"[56, 56]","[0, 0]","[0, 0]",42
58,"[0, 3]",169.0500000000042,"[57, 52]","[0, 0]","[0, 0]",42
59,"[0, 3]",170.0000000000044,"[58, 58]","[0, 0]","[0, 0]",42
60,"[2, 3]",86.24999999999724,"[49, 17]","[4.849999999999991, 0]","[0.05, 0]",42
61,"[2, 1]",63.34999999999854,"[60, 19]","[9.650000000000002, 0]","[0.05, 0]",42
62,"[0, 1]",137.8499999999971,"[59, 57]","[0, 0]","[0, 0]",42
63,"[0, 3]",167.3000000000038,"[62, 59]","[0, 0]","[0, 0]",42
64,"[0, 1]",138.94999999999735,"[63, 62]","[0, 0]","[0, 0]",42
65,"[0, 3]",169.1000000000042,"[64, 63]","[0, 0]","[0, 0]",42
66,"[0, 1]",138.49999999999724,"[65, 64]","[0, 0]","[0, 0]",42
67,"[0, 3]",169.1000000000042,"[66, 65]","[0, 0]","[0, 0]",42
68,"[0, 1]",141.09999999999783,"[67, 66]","[0, 0]","[0, 0]",42
69,"[0, 3]",171.7500000000048,"[68, 67]","[0, 0]","[0, 0]",42
70,"[0, 1]",141.74999999999798,"[69, 68]","[0, 0]","[0, 0]",42
71,"[2, 1]",63.59999999999852,"[61, 20]","[6.8999999999999835, 0]","[0, 0]",42
72,"[0, 3]",170.8500000000046,"[70, 69]","[0, 0]","[0, 0]",42
73,"[0, 1]",142.6999999999982,"[72, 70]","[0, 0]","[0, 0]",42
74,"[0, 1]",143.39999999999836,"[73, 73]","[0, 0]","[0, 0]",42
75,"[0, 1]",143.6499999999984,"[74, 74]","[0, 0]","[0, 0]",42
76,"[0, 1]",141.49999999999793,"[75, 75]","[0, 0]","[0, 0]",42
77,"[0, 1]",140.19999999999763,"[76, 76]","[0, 0]","[0, 0]",42
78,"[0, 1]",137.49999999999702,"[77, 77]","[0, 0]","[0, 0]",42
79,"[0, 1]",137.74999999999707,"[78, 78]","[0.65, 0]","[0, 0]",42
0,"[2, 3]",67.7499999999983,"[-999, -999]","[0, 0]","[0, 0]",43
1,"[0, 3]",97.84999999999658,"[-999, 12]","[0, 0]","[0, 0]",43
2,"[0, 1]",73.94999999999794,"[1, 19]","[0, 0]","[0, 0]",43
3,"[0, 1]",79.34999999999764,"[2, 35]","[2.25, 0]","[2.25, 0]",43
4,"[2, 3]",70.04999999999816,"[0, 0]","[0, 0]","[0, 0]",43
5,"[2, 1]",37.45000000000001,"[4, -999]","[0, 0]","[0, 0]",43
6,"[2, 1]",39.299999999999905,"[5, 5]","[0, 0]","[0, 0]",43
7,"[0, 1]",79.74999999999761,"[3, 3]","[0, 0]","[0, 0]",43
8,"[2, 1]",41.1999999999998,"[6, 6]","[0, 0]","[0, 0]",43
9,"[2, 1]",43.04999999999969,"[8, 8]","[0, 0]","[0, 0]",43
10,"[0, 1]",80.74999999999756,"[7, 7]","[0, 0]","[0, 0]",43
11,"[0, 1]",91.04999999999697,"[10, 58]","[5.349999999999989, 0]","[5.349999999999989, 0]",43
12,"[2, 3]",70.44999999999814,"[9, 4]","[0, 0]","[0, 0]",43
13,"[2, 1]",42.14999999999974,"[12, 9]","[0, 0]","[0, 0]",43
14,"[0, 3]",126.49999999999496,"[11, 69]","[3.149999999999997, 0]","[3.149999999999997, 0]",43
15,"[0, 3]",127.89999999999488,"[14, 14]","[0, 0]","[0, 0]",43
16,"[0, 3]",128.84999999999505,"[15, 15]","[0, 0]","[0, 0]",43
17,"[0, 3]",129.79999999999526,"[16, 16]","[0, 0]","[0, 0]",43
18,"[0, 3]",130.8499999999955,"[17, 17]","[0, 0]","[0, 0]",43
19,"[2, 1]",43.79999999999965,"[13, 13]","[0, 0]","[0, 0]",43
20,"[0, 1]",101.39999999999638,"[18, -999]","[0, 0]","[0, 0]",43
21,"[0, 1]",102.54999999999632,"[20, 20]","[0, 0]","[0, 0]",43
22,"[0, 1]",103.64999999999625,"[21, 21]","[0.49999999999999994, 0]","[0, 0]",43
23,"[0, 1]",104.6999999999962,"[22, 22]","[3.2999999999999963, 0]","[0, 0]",43
24,"[0, 1]",105.69999999999614,"[23, 23]","[3.349999999999996, 0]","[0, 0]",43
25,"[0, 1]",106.74999999999608,"[24, 24]","[2.9499999999999975, 0]","[0, 0]",43
26,"[0, 3]",137.74999999999707,"[25, 18]","[2.4499999999999993, 0]","[0, 0]",43
27,"[0, 3]",140.0499999999976,"[26, 26]","[1.850000000000001, 0]","[0, 0]",43
28,"[0, 3]",141.69999999999797,"[27, 27]","[1.2500000000000004, 0]","[0, 0]",43
29,"[0, 3]",142.94999999999825,"[28, 28]","[0.65, 0]","[0, 0]",43
30,"[0, 3]",144.19999999999854,"[29, 29]","[0, 0]","[0, 0]",43
31,"[0, 1]",114.84999999999562,"[30, -999]","[0, 0]","[0, 0]",43
32,"[0, 1]",115.94999999999555,"[31, 31]","[0, 0]","[0, 0]",43
33,"[0, 1]",117.04999999999549,"[32, 32]","[0, 0]","[0, 0]",43
34,"[0, 3]",148.14999999999944,"[33, 30]","[0, 0]","[0, 0]",43
35,"[2, 1]",48.449999999999385,"[19, 2]","[2.499999999999999, 0]","[2.499999999999999, 0]",43
36,"[0, 1]",120.84999999999528,"[34, 33]","[0, 0]","[0, 0]",43
37,"[0, 3]",152.20000000000036,"[36, 34]","[0, 0]","[0, 0]",43
38,"[0, 1]",124.69999999999506,"[37, 36]","[0, 0]","[0, 0]",43
39,"[0, 3]",156.05000000000123,"[38, 37]","[0, 0]","[0, 0]",43
40,"[0, 1]",128.599999999995,"[39, 38]","[0, 0]","[0, 0]",43
41,"[0, 1]",129.69999999999524,"[40, 40]","[0, 0]","[0, 0]",43
42,"[0, 1]",130.74999999999548,"[41, 41]","[0, 0]","[0, 0]",43
43,"[0, 1]",131.79999999999572,"[42, 42]","[0, 0]","[0, 0]",43
44,"[0, 3]",162.75000000000276,"[43, 39]","[0, 0]","[0, 0]",43
45,"[0, 1]",135.2499999999965,"[44, 43]","[0, 0]","[0, 0]",43
46,"[0, 3]",163.95000000000303,"[45, 44]","[0, 0]","[0, 0]",43
47,"[0, 1]",134.09999999999624,"[46, 45]","[0.35, 0]","[0, 0]",43
48,"[0, 1]",134.59999999999636,"[47, 47]","[1.3000000000000005, 0]","[0, 0]",43
49,"[2, 3]",68.14999999999827,"[35, 1]","[0, 0]","[0, 0]",43
50,"[0, 1]",135.39999999999654,"[48, 48]","[2.0500000000000007, 0]","[0, 0]",43
51,"[2, 3]",71.2499999999981,"[49, 49]","[0, 0]","[0, 0]",43
52,"[0, 1]",136.24999999999673,"[50, 50]","[2.849999999999998, 0]","[0, 0]",43
53,"[2, 1]",45.04999999999958,"[51, 10]","[0, 0]","[0, 0]",43
54,"[0, 1]",137.0499999999969,"[52, 52]","[2.6499999999999986, 0]","[0, 0]",43
55,"[0, 3]",161.95000000000258,"[54, 46]","[1.900000000000001, 0]","[0, 0]",43
56,"[0, 1]",133.8499999999962,"[55, 54]","[2.25, 0]","[0, 0]",43
57,"[0, 3]",165.00000000000327,"[56, 55]","[2.3, 0]","[0, 0]",43
58,"[2, 1]",45.54999999999955,"[53, 53]","[0, 0]","[0, 0]",43
59,"[0, 3]",167.05000000000373,"[57, 57]","[1.900000000000001, 0]","[0, 0]",43
60,"[0, 3]",168.50000000000406,"[59, 59]","[1.2000000000000004, 0]","[0, 0]",43
61,"[0, 1]",133.8499999999962,"[60, -999]","[0, 0]","[0, 0]",43
62,"[0, 3]",164.2000000000031,"[61, 60]","[0, 0]","[0, 0]",43
63,"[0, 3]",166.20000000000354,"[62, 62]","[0, 0]","[0, 0]",43
64,"[0, 1]",137.449999999997,"[63, 61]","[0, 0]","[0, 0]",43
65,"[2, 1]",48.949999999999356,"[58, 11]","[1.2500000000000004, 0]","[1.2500000000000004, 0]",43
66,"[0, 1]",138.19999999999717,"[64, 64]","[0, 0]","[0, 0]",43
67,"[0, 1]",138.59999999999727,"[66, 66]","[0, 0]","[0, 0]",43
68,"[0, 1]",138.64999999999728,"[67, 67]","[0, 0]","[0, 0]",43
69,"[2, 3]",72.59999999999802,"[65, 51]","[0, 0]","[0, 0]",43
70,"[0, 1]",137.59999999999704,"[68, 68]","[0, 0]","[0, 0]",43
71,"[0, 1]",136.24999999999673,"[70, 70]","[0, 0]","[0, 0]",43
72,"[0, 3]",164.45000000000314,"[71, 63]","[0, 0]","[0, 0]",43
73,"[0, 1]",134.3499999999963,"[72, 71]","[0, 0]","[0, 0]",43
74,"[0, 1]",134.99999999999645,"[73, 73]","[0, 0]","[0, 0]",43
75,"[0, 1]",135.6499999999966,"[74, 74]","[0, 0]","[0, 0]",43
76,"[0, 1]",133.19999999999604,"[75, 75]","[0, 0]","[0, 0]",43
77,"[0, 1]",133.14999999999603,"[76, 76]","[0, 0]","[0, 0]",43
78,"[0, 1]",133.74999999999616,"[77, 77]","[0.7500000000000001, 0]","[0, 0]",43
79,"[2, 1]",37.79999999999999,"[69, 65]","[0, 0]","[0, 0]",43
0,"[2, 3]",67.7499999999983,"[-999, -999]","[0, 0]","[0, 0]",44
1,"[2, 1]",37.15000000000003,"[0, -999]","[0, 0]","[0, 0]",44
2,"[2, 3]",69.99999999999817,"[1, 0]","[0, 0]","[0, 0]",44
3,"[2, 3]",72.39999999999803,"[2, 2]","[0, 0]","[0, 0]",44
4,"[2, 3]",74.24999999999793,"[3, 3]","[0, 0]","[0, 0]",44
5,"[0, 1]",70.44999999999814,"[-999, 9]","[0, 0]","[0, 0]",44
6,"[2, 1]",39.59999999999989,"[4, -999]","[0, 0]","[0, 0]",44
7,"[2, 3]",72.899999999998,"[6, 4]","[0, 0]","[0, 0]",44
8,"[2, 1]",39.69999999999988,"[7, 6]","[0, 0]","[0, 0]",44
9,"[2, 1]",42.04999999999975,"[8, 8]","[0, 0]","[0, 0]",44
10,"[2, 3]",72.44999999999803,"[9, 7]","[0, 0]","[0, 0]",44
11,"[0, 3]",104.6999999999962,"[5, 36]","[2.9999999999999973, 0]","[2.9999999999999973, 0]",44
12,"[0, 1]",74.99999999999788,"[11, 39]","[0, 0]","[0, 0]",44
13,"[0, 3]",107.44999999999604,"[12, 44]","[0, 0]","[0, 0]",44
14,"[0, 3]",108.59999999999597,"[13, 13]","[0, 0]","[0, 0]",44
15,"[0, 1]",81.49999999999751,"[14, 61]","[0, 0]","[0, 0]",44
16,"[0, 1]",81.8499999999975,"[15, 15]","[0, 0]","[0, 0]",44
17,"[0, 3]",112.74999999999574,"[16, 14]","[0, 0]","[0, 0]",44
18,"[0, 1]",87.89999999999715,"[17, 78]","[0, 0]","[0, 0]",44
19,"[0, 1]",92.2499999999969,"[18, 79]","[2.3, 0]","[2.3, 0]",44
20,"[0, 3]",122.1999999999952,"[19, 17]","[0, 0]","[0, 0]",44
21,"[0, 1]",94.94999999999675,"[20, 19]","[0, 0]","[0, 0]",44
22,"[0, 1]",96.04999999999669,"[21, 21]","[0, 0]","[0, 0]",44
23,"[0, 1]",97.19999999999662,"[22, 22]","[0, 0]","[0, 0]",44
24,"[0, 3]",128.1999999999949,"[23, 20]","[0, 0]","[0, 0]",44
25,"[0, 1]",100.94999999999641,"[24, 23]","[0, 0]","[0, 0]",44
26,"[0, 3]",132.39999999999586,"[25, 24]","[0, 0]","[0, 0]",44
27,"[0, 3]",134.64999999999637,"[26, 26]","[0, 0]","[0, 0]",44
28,"[0, 3]",136.19999999999672,"[27, 27]","[0, 0]","[0, 0]",44
29,"[0, 3]",137.54999999999703,"[28, 28]","[0, 0]","[0, 0]",44
30,"[0, 1]",108.39999999999598,"[29, -999]","[0, 0]","[0, 0]",44
31,"[0, 1]",109.49999999999592,"[30, 30]","[0, 0]","[0, 0]",44
32,"[0, 1]",110.54999999999586,"[31, 31]","[0, 0]","[0, 0]",44
33,"[0, 1]",111.5999999999958,"[32, 32]","[0, 0]","[0, 0]",44
34,"[0, 1]",112.69999999999574,"[33, 33]","[0, 0]","[0, 0]",44
35,"[0, 1]",113.69999999999568,"[34, 34]","[0.3, 0]","[0, 0]",44
36,"[2, 3]",73.64999999999796,"[10, 10]","[0, 0]","[0, 0]",44
37,"[0, 3]",144.64999999999864,"[35, 29]","[0.9500000000000003, 0]","[0, 0]",44
38,"[0, 1]",117.44999999999547,"[37, 35]","[1.5500000000000007, 0]","[0, 0]",44
39,"[2, 1]",44.5999999999996,"[36, 5]","[0, 0]","[0, 0]",44
40,"[0, 1]",118.5999999999954,"[38, 38]","[1.5000000000000007, 0]","[0, 0]",44
41,"[0, 3]",149.7499999999998,"[40, 37]","[1.0500000000000003, 0]","[0, 0]",44
42,"[0, 1]",122.44999999999519,"[41, 40]","[0.35, 0]","[0, 0]",44
43,"[0, 1]",123.59999999999512,"[42, 42]","[0, 0]","[0, 0]",44
44,"[2, 3]",75.99999999999783,"[39, 11]","[0, 0]","[0, 0]",44
45,"[0, 1]",124.64999999999506,"[43, 43]","[0, 0]","[0, 0]",44
46,"[0, 3]",155.65000000000114,"[45, 41]","[0, 0]","[0, 0]",44
47,"[0, 1]",128.29999999999492,"[46, 45]","[0, 0]","[0, 0]",44
48,"[0, 3]",159.65000000000205,"[47, 46]","[0, 0]","[0, 0]",44
49,"[0, 3]",161.6500000000025,"[48, 48]","[0, 0]","[0, 0]",44
50,"[0, 1]",132.39999999999586,"[49, 47]","[0, 0]","[0, 0]",44
51,"[0, 3]",163.10000000000284,"[50, 49]","[0, 0]","[0, 0]",44
52,"[0, 3]",165.00000000000327,"[51, 51]","[0, 0]","[0, 0]",44
53,"[0, 1]",136.19999999999672,"[52, 50]","[0, 0]","[0, 0]",44
54,"[0, 1]",136.84999999999687,"[53, 53]","[0, 0]","[0, 0]",44
55,"[0, 3]",165.90000000000347,"[54, 52]","[0, 0]","[0, 0]",44
56,"[0, 1]",134.89999999999642,"[55, 54]","[0.39999999999999997, 0]","[0, 0]",44
57,"[2, 1]",36.850000000000044,"[44, 12]","[0, 0]","[0, 0]",44
58,"[0, 1]",135.49999999999656,"[56, 56]","[0, 0]","[0, 0]",44
59,"[0, 1]",135.99999999999667,"[58, 58]","[0, 0]","[0, 0]",44
60,"[0, 1]",131.89999999999574,"[59, 59]","[0.7500000000000001, 0]","[0, 0]",44
61,"[2, 1]",37.10000000000003,"[57, 57]","[0, 0]","[0, 0]",44
62,"[0, 1]",132.5999999999959,"[60, 60]","[1.0000000000000002, 0]","[0, 0]",44
63,"[0, 3]",163.4000000000029,"[62, 55]","[0.8000000000000002, 0]","[0, 0]",44
64,"[0, 1]",136.0499999999967,"[63, 62]","[0, 0]","[0, 0]",44
65,"[0, 3]",167.20000000000377,"[64, 63]","[0, 0]","[0, 0]",44
66,"[0, 1]",135.74999999999662,"[65, 64]","[0, 0]","[0, 0]",44
67,"[0, 3]",165.95000000000348,"[66, 65]","[0, 0]","[0, 0]",44
68,"[0, 1]",138.14999999999716,"[67, 66]","[0, 0]","[0, 0]",44
69,"[0, 3]",168.200000000004,"[68, 67]","[0, 0]","[0, 0]",44
70,"[0, 3]",168.35000000000403,"[69, 69]","[0, 0]","[0, 0]",44
71,"[0, 1]",139.2499999999974,"[70, 68]","[0, 0]","[0, 0]",44
72,"[0, 3]",169.85000000000437,"[71, 70]","[0, 0]","[0, 0]",44
73,"[0, 1]",140.79999999999777,"[72, 71]","[0, 0]","[0, 0]",44
74,"[0, 1]",140.9999999999978,"[73, 73]","[0, 0]","[0, 0]",44
75,"[0, 1]",141.19999999999786,"[74, 74]","[0, 0]","[0, 0]",44
76,"[0, 1]",138.14999999999716,"[75, 75]","[0, 0]","[0, 0]",44
77,"[0, 1]",135.99999999999667,"[76, 76]","[0, 0]","[0, 0]",44
78,"[2, 1]",36.90000000000004,"[61, 16]","[0, 0]","[0, 0]",44
79,"[2, 1]",47.14999999999946,"[78, 18]","[1.7500000000000009, 0]","[1.7500000000000009, 0]",44
0,"[2, 3]",67.7499999999983,"[-999, -999]","[0, 0]","[0, 0]",45
1,"[2, 1]",37.15000000000003,"[0, -999]","[0, 0]","[0, 0]",45
2,"[2, 3]",69.4499999999982,"[1, 0]","[0, 0]","[0, 0]",45
3,"[2, 1]",39.49999999999989,"[2, 1]","[0, 0]","[0, 0]",45
4,"[2, 1]",41.54999999999978,"[3, 3]","[0, 0]","[0, 0]",45
5,"[2, 3]",69.94999999999817,"[4, 2]","[0, 0]","[0, 0]",45
6,"[0, 3]",96.74999999999665,"[-999, 5]","[0, 0]","[0, 0]",45
7,"[2, 1]",41.049999999999805,"[5, 4]","[0, 0]","[0, 0]",45
8,"[2, 1]",42.8999999999997,"[7, 7]","[0, 0]","[0, 0]",45
9,"[2, 1]",44.399999999999615,"[8, 8]","[0, 0]","[0, 0]",45
10,"[2, 3]",78.0999999999977,"[9, 6]","[3.4499999999999957, 0]","[3.4499999999999957, 0]",45
11,"[0, 3]",104.29999999999622,"[6, 10]","[2.549999999999999, 0]","[2.549999999999999, 0]",45
12,"[0, 1]",75.54999999999785,"[11, 9]","[0, 0]","[0, 0]",45
13,"[0, 3]",107.94999999999601,"[12, 16]","[0, 0]","[0, 0]",45
14,"[0, 1]",79.34999999999764,"[13, 20]","[0, 0]","[0, 0]",45
15,"[0, 1]",79.9499999999976,"[14, 14]","[0, 0]","[0, 0]",45
16,"[2, 3]",85.74999999999727,"[10, 11]","[3.099999999999997, 0]","[3.099999999999997, 0]",45
17,"[0, 1]",80.94999999999754,"[15, 15]","[0, 0]","[0, 0]",45
18,"[0, 3]",111.94999999999578,"[17, 13]","[0, 0]","[0, 0]",45
19,"[0, 1]",83.99999999999737,"[18, 70]","[0, 0]","[0, 0]",45
20,"[2, 1]",56.59999999999892,"[16, 12]","[0, 0]","[0, 0]",45
21,"[0, 3]",115.1499999999956,"[19, 18]","[0, 0]","[0, 0]",45
22,"[0, 1]",87.64999999999716,"[21, 19]","[0, 0]","[0, 0]",45
23,"[0, 1]",88.8499999999971,"[22, 22]","[0, 0]","[0, 0]",45
24,"[0, 1]",89.94999999999703,"[23, 23]","[0, 0]","[0, 0]",45
25,"[0, 1]",90.94999999999698,"[24, 24]","[0, 0]","[0, 0]",45
26,"[0, 3]",121.94999999999521,"[25, 21]","[0, 0]","[0, 0]",45
27,"[0, 1]",94.69999999999676,"[26, 25]","[0, 0]","[0, 0]",45
28,"[0, 3]",126.09999999999498,"[27, 26]","[0, 0]","[0, 0]",45
29,"[0, 1]",98.64999999999654,"[28, 27]","[0, 0]","[0, 0]",45
30,"[0, 3]",130.04999999999532,"[29, 28]","[0, 0]","[0, 0]",45
31,"[0, 3]",132.24999999999582,"[30, 30]","[0, 0]","[0, 0]",45
32,"[0, 1]",103.74999999999625,"[31, 29]","[0, 0]","[0, 0]",45
33,"[0, 1]",104.79999999999619,"[32, 32]","[0, 0]","[0, 0]",45
34,"[0, 1]",105.89999999999613,"[33, 33]","[0, 0]","[0, 0]",45
35,"[0, 3]",136.9499999999969,"[34, 31]","[0, 0]","[0, 0]",45
36,"[0, 3]",139.2499999999974,"[35, 35]","[0, 0]","[0, 0]",45
37,"[0, 1]",110.74999999999585,"[36, 34]","[0, 0]","[0, 0]",45
38,"[0, 3]",142.2499999999981,"[37, 36]","[0, 0]","[0, 0]",45
39,"[0, 3]",144.4499999999986,"[38, 38]","[0, 0]","[0, 0]",45
40,"[0, 3]",145.99999999999895,"[39, 39]","[0, 0]","[0, 0]",45
41,"[0, 1]",117.04999999999549,"[40, -999]","[0, 0]","[0, 0]",45
42,"[0, 3]",148.4499999999995,"[41, 40]","[0, 0]","[0, 0]",45
43,"[0, 1]",120.94999999999527,"[42, 41]","[0, 0]","[0, 0]",45
44,"[0, 1]",122.04999999999521,"[43, 43]","[0, 0]","[0, 0]",45
45,"[0, 1]",123.19999999999514,"[44, 44]","[0, 0]","[0, 0]",45
46,"[0, 1]",124.24999999999508,"[45, 45]","[0, 0]","[0, 0]",45
47,"[0, 3]",155.25000000000105,"[46, 42]","[0, 0]","[0, 0]",45
48,"[0, 1]",127.94999999999487,"[47, 46]","[0, 0]","[0, 0]",45
49,"[0, 1]",129.0999999999951,"[48, 48]","[0, 0]","[0, 0]",45
50,"[0, 1]",130.14999999999534,"[49, 49]","[0, 0]","[0, 0]",45
51,"[0, 1]",131.14999999999557,"[50, 50]","[0, 0]","[0, 0]",45
52,"[0, 3]",162.15000000000262,"[51, 47]","[0, 0]","[0, 0]",45
53,"[0, 3]",164.45000000000314,"[52, 52]","[0, 0]","[0, 0]",45
54,"[0, 1]",135.89999999999665,"[53, 51]","[0, 0]","[0, 0]",45
55,"[0, 3]",166.80000000000368,"[54, 53]","[0, 0]","[0, 0]",45
56,"[0, 1]",137.29999999999697,"[55, 54]","[0, 0]","[0, 0]",45
57,"[0, 1]",135.14999999999648,"[56, 56]","[0, 0]","[0, 0]",45
58,"[0, 3]",165.30000000000334,"[57, 55]","[0, 0]","[0, 0]",45
59,"[0, 3]",167.15000000000376,"[58, 58]","[0, 0]","[0, 0]",45
60,"[0, 1]",138.09999999999715,"[59, 57]","[0, 0]","[0, 0]",45
61,"[0, 3]",166.55000000000362,"[60, 59]","[0, 0]","[0, 0]",45
62,"[0, 1]",137.24999999999696,"[61, 60]","[0, 0]","[0, 0]",45
63,"[0, 3]",167.95000000000394,"[62, 61]","[0, 0]","[0, 0]",45
64,"[0, 1]",139.79999999999754,"[63, 62]","[0, 0]","[0, 0]",45
65,"[0, 3]",169.1000000000042,"[64, 63]","[0, 0]","[0, 0]",45
66,"[0, 1]",140.24999999999764,"[65, 64]","[0, 0]","[0, 0]",45
67,"[0, 3]",170.8000000000046,"[66, 65]","[0, 0]","[0, 0]",45
68,"[0, 1]",141.99999999999804,"[67, 66]","[0, 0]","[0, 0]",45
69,"[0, 1]",140.34999999999766,"[68, 68]","[0, 0]","[0, 0]",45
70,"[2, 1]",45.099999999999575,"[20, 17]","[3.099999999999997, 0]","[3.099999999999997, 0]",45
71,"[0, 1]",137.64999999999705,"[69, 69]","[0, 0]","[0, 0]",45
72,"[0, 3]",168.200000000004,"[71, 67]","[0, 0]","[0, 0]",45
73,"[0, 1]",140.59999999999772,"[72, 71]","[0, 0]","[0, 0]",45
74,"[0, 1]",139.29999999999742,"[73, 73]","[0, 0]","[0, 0]",45
75,"[0, 1]",138.7499999999973,"[74, 74]","[0, 0]","[0, 0]",45
76,"[0, 3]",169.40000000000427,"[75, 72]","[0, 0]","[0, 0]",45
77,"[0, 1]",141.69999999999797,"[76, 75]","[0, 0]","[0, 0]",45
78,"[0, 1]",141.99999999999804,"[77, 77]","[0, 0]","[0, 0]",45
79,"[0, 1]",137.64999999999705,"[78, 78]","[0, 0]","[0, 0]",45
0,"[2, 1]",36.40000000000007,"[-999, -999]","[0, 0]","[0, 0]",46
1,"[0, 3]",96.59999999999665,"[-999, -999]","[0, 0]","[0, 0]",46
2,"[0, 3]",105.64999999999614,"[1, 19]","[2.9499999999999975, 0]","[2.9499999999999975, 0]",46
3,"[2, 1]",38.09999999999997,"[0, 0]","[0, 0]","[0, 0]",46
4,"[0, 1]",76.09999999999782,"[2, 20]","[0, 0]","[0, 0]",46
5,"[2, 1]",39.89999999999987,"[3, 3]","[0, 0]","[0, 0]",46
6,"[0, 3]",107.24999999999605,"[4, 2]","[0, 0]","[0, 0]",46
7,"[2, 1]",41.79999999999976,"[5, 5]","[0, 0]","[0, 0]",46
8,"[2, 1]",43.54999999999966,"[7, 7]","[0, 0]","[0, 0]",46
9,"[2, 1]",45.099999999999575,"[8, 8]","[0, 0]","[0, 0]",46
10,"[0, 1]",78.94999999999766,"[6, 26]","[0, 0]","[0, 0]",46
11,"[2, 1]",46.349999999999504,"[9, 9]","[0, 0]","[0, 0]",46
12,"[0, 3]",111.5999999999958,"[10, 31]","[0, 0]","[0, 0]",46
13,"[0, 1]",83.5499999999974,"[12, 42]","[0, 0]","[0, 0]",46
14,"[0, 1]",89.94999999999703,"[13, 65]","[2.7499999999999982, 0]","[2.7499999999999982, 0]",46
15,"[2, 1]",47.399999999999444,"[11, 11]","[0, 0]","[0, 0]",46
16,"[0, 1]",95.04999999999674,"[14, 70]","[2.549999999999999, 0]","[2.549999999999999, 0]",46
17,"[0, 3]",123.59999999999512,"[16, 69]","[0, 0]","[0, 0]",46
18,"[0, 3]",125.89999999999499,"[17, 17]","[0, 0]","[0, 0]",46
19,"[2, 3]",75.84999999999783,"[15, 1]","[0, 0]","[0, 0]",46
20,"[2, 1]",47.34999999999945,"[19, 15]","[0, 0]","[0, 0]",46
21,"[0, 1]",97.89999999999658,"[18, 78]","[0, 0]","[0, 0]",46
22,"[0, 1]",98.44999999999655,"[21, 21]","[0, 0]","[0, 0]",46
23,"[0, 1]",104.34999999999621,"[22, 79]","[2.499999999999999, 0]","[2.499999999999999, 0]",46
24,"[0, 1]",104.6499999999962,"[23, 23]","[0, 0]","[0, 0]",46
25,"[0, 1]",105.54999999999615,"[24, 24]","[0, 0]","[0, 0]",46
26,"[2, 1]",55.04999999999901,"[20, 4]","[3.2999999999999963, 0]","[3.2999999999999963, 0]",46
27,"[0, 3]",136.44999999999678,"[25, 18]","[0, 0]","[0, 0]",46
28,"[0, 3]",138.7499999999973,"[27, 27]","[0, 0]","[0, 0]",46
29,"[0, 1]",110.24999999999588,"[28, 25]","[0.8000000000000002, 0]","[0, 0]",46
30,"[0, 3]",141.74999999999798,"[29, 28]","[1.7500000000000009, 0]","[0, 0]",46
31,"[2, 3]",86.9999999999972,"[26, 6]","[0, 0]","[0, 0]",46
32,"[0, 1]",114.19999999999565,"[30, 29]","[2.2, 0]","[0, 0]",46
33,"[0, 3]",145.59999999999886,"[32, 30]","[2.5999999999999988, 0]","[0, 0]",46
34,"[0, 1]",118.14999999999543,"[33, 32]","[2.9999999999999973, 0]","[0, 0]",46
35,"[0, 1]",119.29999999999536,"[34, 34]","[4.299999999999993, 0]","[0, 0]",46
36,"[0, 3]",150.44999999999996,"[35, 33]","[4.799999999999991, 0]","[0, 0]",46
37,"[0, 3]",152.75000000000048,"[36, 36]","[4.699999999999991, 0]","[0, 0]",46
38,"[0, 1]",124.29999999999508,"[37, 35]","[4.249999999999993, 0]","[0, 0]",46
39,"[0, 1]",125.44999999999501,"[38, 38]","[3.8499999999999943, 0]","[0, 0]",46
40,"[0, 3]",156.65000000000137,"[39, 37]","[3.2999999999999963, 0]","[0, 0]",46
41,"[0, 1]",129.34999999999516,"[40, 39]","[3.149999999999997, 0]","[0, 0]",46
42,"[2, 1]",57.949999999998845,"[31, 10]","[0, 0]","[0, 0]",46
43,"[0, 1]",130.4499999999954,"[41, 41]","[3.599999999999995, 0]","[0, 0]",46
44,"[0, 3]",161.70000000000252,"[43, 40]","[4.449999999999992, 0]","[0, 0]",46
45,"[0, 1]",134.44999999999632,"[44, 43]","[5.1999999999999895, 0]","[0, 0]",46
46,"[0, 3]",165.80000000000345,"[45, 44]","[5.749999999999988, 0]","[0, 0]",46
47,"[0, 3]",167.90000000000393,"[46, 46]","[6.099999999999986, 0]","[0, 0]",46
48,"[0, 3]",169.1000000000042,"[47, 47]","[6.299999999999986, 0]","[0, 0]",46
49,"[0, 3]",169.70000000000434,"[48, 48]","[6.499999999999985, 0]","[0, 0]",46
50,"[0, 1]",140.19999999999763,"[49, -999]","[6.449999999999985, 0]","[0, 0]",46
51,"[0, 3]",171.50000000000475,"[50, 49]","[6.0499999999999865, 0]","[0, 0]",46
52,"[0, 1]",143.84999999999846,"[51, 50]","[5.449999999999989, 0]","[0, 0]",46
53,"[0, 1]",144.24999999999855,"[52, 52]","[4.049999999999994, 0]","[0, 0]",46
54,"[0, 3]",165.45000000000337,"[53, 51]","[0, 0]","[0, 0]",46
55,"[0, 3]",167.45000000000383,"[54, 54]","[0, 0]","[0, 0]",46
56,"[0, 1]",138.7499999999973,"[55, 53]","[0, 0]","[0, 0]",46
57,"[0, 3]",169.90000000000438,"[56, 55]","[0, 0]","[0, 0]",46
58,"[0, 3]",171.55000000000476,"[57, 57]","[0, 0]","[0, 0]",46
59,"[0, 3]",172.35000000000494,"[58, 58]","[0, 0]","[0, 0]",46
60,"[0, 1]",140.34999999999766,"[59, -999]","[0, 0]","[0, 0]",46
61,"[2, 3]",74.6999999999979,"[42, 12]","[0, 0]","[0, 0]",46
62,"[0, 1]",138.94999999999735,"[60, 60]","[0, 0]","[0, 0]",46
63,"[0, 3]",166.35000000000358,"[62, 59]","[0, 0]","[0, 0]",46
64,"[0, 3]",167.7500000000039,"[63, 63]","[0, 0]","[0, 0]",46
65,"[2, 1]",44.34999999999962,"[61, 13]","[0, 0]","[0, 0]",46
66,"[0, 1]",138.64999999999728,"[64, 62]","[0, 0]","[0, 0]",46
67,"[0, 3]",168.6000000000041,"[66, 64]","[0, 0]","[0, 0]",46
68,"[0, 1]",139.39999999999745,"[67, 66]","[0, 0]","[0, 0]",46
69,"[2, 3]",74.6499999999979,"[65, 61]","[0, 0]","[0, 0]",46
70,"[2, 1]",46.849999999999476,"[69, 14]","[0, 0]","[0, 0]",46
71,"[2, 1]",53.09999999999912,"[70, 16]","[3.349999999999996, 0]","[3.349999999999996, 0]",46
72,"[0, 3]",169.70000000000434,"[68, 67]","[0, 0]","[0, 0]",46
73,"[0, 3]",170.55000000000453,"[72, 72]","[0, 0]","[0, 0]",46
74,"[0, 1]",138.2499999999972,"[73, 68]","[0, 0]","[0, 0]",46
75,"[0, 3]",168.6500000000041,"[74, 73]","[0, 0]","[0, 0]",46
76,"[0, 1]",140.64999999999773,"[75, 74]","[0, 0]","[0, 0]",46
77,"[0, 1]",136.89999999999688,"[76, 76]","[0, 0]","[0, 0]",46
78,"[2, 1]",54.39999999999905,"[71, 71]","[5.949999999999987, 0]","[2.5999999999999988, 0]",46
79,"[2, 1]",67.44999999999831,"[78, 22]","[10.300000000000011, 0]","[2.7499999999999982, 0]",46
0,"[2, 3]",67.7499999999983,"[-999, -999]","[0, 0]","[0, 0]",47
1,"[2, 1]",37.15000000000003,"[0, -999]","[0, 0]","[0, 0]",47
2,"[2, 1]",38.89999999999993,"[1, 1]","[0, 0]","[0, 0]",47
3,"[0, 1]",70.14999999999816,"[-999, 8]","[0, 0]","[0, 0]",47
4,"[2, 1]",40.74999999999982,"[2, 2]","[0, 0]","[0, 0]",47
5,"[2, 3]",72.04999999999805,"[4, 0]","[0, 0]","[0, 0]",47
6,"[2, 3]",74.6499999999979,"[5, 5]","[0, 0]","[0, 0]",47
7,"[2, 3]",76.3999999999978,"[6, 6]","[0, 0]","[0, 0]",47
8,"[2, 1]",42.34999999999973,"[7, 4]","[0, 0]","[0, 0]",47
9,"[2, 3]",74.94999999999789,"[8, 7]","[0, 0]","[0, 0]",47
10,"[0, 1]",72.29999999999804,"[3, 11]","[0, 0]","[0, 0]",47
11,"[2, 1]",46.54999999999949,"[9, 3]","[0, 0]","[0, 0]",47
12,"[2, 3]",76.09999999999782,"[11, 9]","[0, 0]","[0, 0]",47
13,"[0, 3]",103.69999999999625,"[10, 12]","[0, 0]","[0, 0]",47
14,"[0, 3]",110.34999999999587,"[13, 31]","[2.549999999999999, 0]","[2.549999999999999, 0]",47
15,"[0, 1]",79.9999999999976,"[14, 32]","[0, 0]","[0, 0]",47
16,"[0, 3]",112.99999999999572,"[15, 47]","[0, 0]","[0, 0]",47
17,"[0, 3]",114.04999999999566,"[16, 16]","[0, 0]","[0, 0]",47
18,"[0, 3]",120.3499999999953,"[17, 48]","[2.3999999999999995, 0]","[2.3999999999999995, 0]",47
19,"[0, 1]",90.19999999999702,"[18, 59]","[0, 0]","[0, 0]",47
20,"[0, 3]",122.89999999999516,"[19, 69]","[0, 0]","[0, 0]",47
21,"[0, 3]",124.14999999999509,"[20, 20]","[0, 0]","[0, 0]",47
22,"[0, 1]",94.24999999999679,"[21, 79]","[0, 0]","[0, 0]",47
23,"[0, 1]",95.34999999999673,"[22, 22]","[0, 0]","[0, 0]",47
24,"[0, 3]",126.54999999999495,"[23, 21]","[0, 0]","[0, 0]",47
25,"[0, 3]",128.89999999999506,"[24, 24]","[0, 0]","[0, 0]",47
26,"[0, 3]",130.4499999999954,"[25, 25]","[0, 0]","[0, 0]",47
27,"[0, 3]",131.7499999999957,"[26, 26]","[0, 0]","[0, 0]",47
28,"[0, 1]",102.54999999999632,"[27, -999]","[0, 0]","[0, 0]",47
29,"[0, 1]",103.64999999999625,"[28, 28]","[0, 0]","[0, 0]",47
30,"[0, 3]",134.8499999999964,"[29, 27]","[0, 0]","[0, 0]",47
31,"[2, 3]",83.84999999999738,"[12, 13]","[2.6499999999999986, 0]","[2.6499999999999986, 0]",47
32,"[2, 1]",53.699999999999086,"[31, 10]","[0, 0]","[0, 0]",47
33,"[0, 1]",107.54999999999603,"[30, 29]","[0, 0]","[0, 0]",47
34,"[0, 3]",138.94999999999735,"[33, 30]","[0, 0]","[0, 0]",47
35,"[0, 1]",111.44999999999581,"[34, 33]","[0, 0]","[0, 0]",47
36,"[0, 1]",112.54999999999575,"[35, 35]","[0, 0]","[0, 0]",47
37,"[0, 3]",143.69999999999843,"[36, 34]","[0, 0]","[0, 0]",47
38,"[0, 1]",116.44999999999553,"[37, 36]","[0, 0]","[0, 0]",47
39,"[0, 1]",117.54999999999546,"[38, 38]","[0, 0]","[0, 0]",47
40,"[0, 1]",118.5999999999954,"[39, 39]","[0, 0]","[0, 0]",47
41,"[0, 1]",119.64999999999534,"[40, 40]","[0, 0]","[0, 0]",47
42,"[0, 1]",120.69999999999528,"[41, 41]","[0, 0]","[0, 0]",47
43,"[0, 1]",121.69999999999523,"[42, 42]","[0, 0]","[0, 0]",47
44,"[0, 3]",152.65000000000046,"[43, 37]","[0, 0]","[0, 0]",47
45,"[0, 1]",125.34999999999502,"[44, 43]","[0, 0]","[0, 0]",47
46,"[0, 3]",156.7500000000014,"[45, 44]","[0, 0]","[0, 0]",47
47,"[2, 3]",84.94999999999732,"[32, 14]","[0, 0]","[0, 0]",47
48,"[2, 3]",97.4499999999966,"[47, 17]","[2.5999999999999988, 0]","[2.5999999999999988, 0]",47
49,"[0, 1]",129.24999999999514,"[46, 45]","[0, 0]","[0, 0]",47
50,"[0, 1]",130.3499999999954,"[49, 49]","[0, 0]","[0, 0]",47
51,"[0, 3]",161.45000000000246,"[50, 46]","[0, 0]","[0, 0]",47
52,"[0, 3]",163.50000000000293,"[51, 51]","[0, 0]","[0, 0]",47
53,"[0, 1]",133.9499999999962,"[52, 50]","[0.44999999999999996, 0]","[0, 0]",47
54,"[0, 1]",134.3499999999963,"[53, 53]","[1.1500000000000004, 0]","[0, 0]",47
55,"[0, 3]",165.40000000000336,"[54, 52]","[1.1000000000000003, 0]","[0, 0]",47
56,"[0, 3]",167.50000000000384,"[55, 55]","[0.49999999999999994, 0]","[0, 0]",47
57,"[0, 3]",168.10000000000397,"[56, 56]","[0, 0]","[0, 0]",47
58,"[0, 3]",164.40000000000313,"[57, 57]","[0, 0]","[0, 0]",47
59,"[2, 1]",59.899999999998734,"[48, -999]","[0, 0]","[0, 0]",47
60,"[0, 3]",165.25000000000333,"[58, 58]","[0, 0]","[0, 0]",47
61,"[0, 3]",166.25000000000355,"[60, 60]","[0, 0]","[0, 0]",47
62,"[0, 1]",136.64999999999682,"[61, -999]","[0, 0]","[0, 0]",47
63,"[0, 3]",167.3500000000038,"[62, 61]","[0, 0]","[0, 0]",47
64,"[0, 1]",135.2499999999965,"[63, 62]","[0, 0]","[0, 0]",47
65,"[0, 3]",164.90000000000325,"[64, 63]","[0, 0]","[0, 0]",47
66,"[0, 1]",136.5999999999968,"[65, 64]","[0.44999999999999996, 0]","[0, 0]",47
67,"[0, 3]",167.20000000000377,"[66, 65]","[1.1500000000000004, 0]","[0, 0]",47
68,"[0, 1]",137.8499999999971,"[67, 66]","[1.5000000000000007, 0]","[0, 0]",47
69,"[2, 3]",87.64999999999716,"[59, 18]","[6.5999999999999845, 0]","[0, 0]",47
70,"[0, 1]",137.59999999999704,"[68, 68]","[1.900000000000001, 0]","[0, 0]",47
71,"[0, 1]",138.2499999999972,"[70, 70]","[1.900000000000001, 0]","[0, 0]",47
72,"[0, 3]",169.00000000000418,"[71, 67]","[1.2500000000000004, 0]","[0, 0]",47
73,"[0, 1]",135.74999999999662,"[72, 71]","[0, 0]","[0, 0]",47
74,"[0, 1]",135.89999999999665,"[73, 73]","[0, 0]","[0, 0]",47
75,"[0, 1]",136.79999999999686,"[74, 74]","[0, 0]","[0, 0]",47
76,"[0, 1]",137.49999999999702,"[75, 75]","[0, 0]","[0, 0]",47
77,"[0, 1]",134.64999999999637,"[76, 76]","[0, 0]","[0, 0]",47
78,"[0, 3]",164.50000000000315,"[77, 72]","[0, 0]","[0, 0]",47
79,"[2, 1]",51.04999999999924,"[69, 19]","[0, 0]","[0, 0]",47
0,"[2, 1]",36.40000000000007,"[-999, -999]","[0, 0]","[0, 0]",48
1,"[2, 3]",68.49999999999825,"[0, -999]","[0, 0]","[0, 0]",48
2,"[2, 3]",71.1999999999981,"[1, 1]","[0, 0]","[0, 0]",48
3,"[0, 3]",96.69999999999665,"[-999, 4]","[0, 0]","[0, 0]",48
4,"[2, 3]",73.049999999998,"[2, 2]","[0, 0]","[0, 0]",48
5,"[0, 3]",105.49999999999615,"[3, 10]","[2.549999999999999, 0]","[2.549999999999999, 0]",48
6,"[2, 1]",42.999999999999694,"[4, -999]","[0, 0]","[0, 0]",48
7,"[2, 1]",44.5999999999996,"[6, 6]","[0, 0]","[0, 0]",48
8,"[2, 1]",45.999999999999524,"[7, 7]","[0, 0]","[0, 0]",48
9,"[2, 1]",47.14999999999946,"[8, 8]","[0, 0]","[0, 0]",48
10,"[2, 3]",78.0999999999977,"[9, 3]","[0, 0]","[0, 0]",48
11,"[2, 1]",49.54999999999932,"[10, 9]","[0, 0]","[0, 0]",48
12,"[0, 1]",74.5999999999979,"[5, 11]","[0, 0]","[0, 0]",48
13,"[0, 3]",107.89999999999601,"[12, 16]","[0, 0]","[0, 0]",48
14,"[0, 1]",79.14999999999765,"[13, 44]","[0, 0]","[0, 0]",48
15,"[0, 3]",109.9499999999959,"[14, 13]","[0, 0]","[0, 0]",48
16,"[2, 3]",82.49999999999746,"[11, 5]","[0, 0]","[0, 0]",48
17,"[0, 1]",81.24999999999753,"[15, 46]","[0, 0]","[0, 0]",48
18,"[0, 1]",87.29999999999718,"[17, 56]","[2.499999999999999, 0]","[2.499999999999999, 0]",48
19,"[0, 1]",87.54999999999717,"[18, 18]","[0, 0]","[0, 0]",48
20,"[0, 3]",118.34999999999542,"[19, 15]","[0, 0]","[0, 0]",48
21,"[0, 1]",90.29999999999701,"[20, 57]","[0, 0]","[0, 0]",48
22,"[0, 3]",122.94999999999516,"[21, 59]","[0, 0]","[0, 0]",48
23,"[0, 1]",94.59999999999677,"[22, 69]","[0, 0]","[0, 0]",48
24,"[0, 3]",127.09999999999492,"[23, 79]","[0, 0]","[0, 0]",48
25,"[0, 1]",97.69999999999659,"[24, 23]","[0, 0]","[0, 0]",48
26,"[0, 3]",129.0499999999951,"[25, 24]","[0, 0]","[0, 0]",48
27,"[0, 1]",101.49999999999638,"[26, 25]","[0, 0]","[0, 0]",48
28,"[0, 1]",102.59999999999631,"[27, 27]","[0, 0]","[0, 0]",48
29,"[0, 1]",103.69999999999625,"[28, 28]","[0, 0]","[0, 0]",48
30,"[0, 1]",104.74999999999619,"[29, 29]","[0, 0]","[0, 0]",48
31,"[0, 1]",105.79999999999613,"[30, 30]","[0, 0]","[0, 0]",48
32,"[0, 3]",136.74999999999685,"[31, 26]","[0, 0]","[0, 0]",48
33,"[0, 1]",109.49999999999592,"[32, 31]","[0, 0]","[0, 0]",48
34,"[0, 3]",140.8999999999978,"[33, 32]","[0, 0]","[0, 0]",48
35,"[0, 3]",143.1999999999983,"[34, 34]","[0, 0]","[0, 0]",48
36,"[0, 3]",144.74999999999866,"[35, 35]","[0, 0]","[0, 0]",48
37,"[0, 3]",146.04999999999896,"[36, 36]","[0, 0]","[0, 0]",48
38,"[0, 3]",147.29999999999924,"[37, 37]","[0, 0]","[0, 0]",48
39,"[0, 1]",118.04999999999544,"[38, -999]","[0, 0]","[0, 0]",48
40,"[0, 3]",149.49999999999974,"[39, 38]","[0, 0]","[0, 0]",48
41,"[0, 1]",121.94999999999521,"[40, 39]","[0, 0]","[0, 0]",48
42,"[0, 3]",153.35000000000062,"[41, 40]","[0, 0]","[0, 0]",48
43,"[0, 3]",155.55000000000112,"[42, 42]","[0, 0]","[0, 0]",48
44,"[2, 1]",47.749999999999424,"[16, 12]","[0, 0]","[0, 0]",48
45,"[0, 3]",157.15000000000148,"[43, 43]","[0, 0]","[0, 0]",48
46,"[2, 1]",55.94999999999896,"[44, 14]","[0, 0]","[0, 0]",48
47,"[0, 1]",128.1499999999949,"[45, -999]","[0, 0]","[0, 0]",48
48,"[0, 1]",129.29999999999515,"[47, 47]","[0, 0]","[0, 0]",48
49,"[0, 1]",130.3999999999954,"[48, 48]","[0, 0]","[0, 0]",48
50,"[0, 3]",161.40000000000245,"[49, 45]","[0, 0]","[0, 0]",48
51,"[0, 3]",163.65000000000296,"[50, 50]","[0, 0]","[0, 0]",48
52,"[0, 3]",165.1500000000033,"[51, 51]","[0, 0]","[0, 0]",48
53,"[0, 1]",135.54999999999657,"[52, -999]","[0, 0]","[0, 0]",48
54,"[0, 1]",133.34999999999607,"[53, 53]","[0.49999999999999994, 0]","[0, 0]",48
55,"[0, 3]",163.95000000000303,"[54, 52]","[0.9500000000000003, 0]","[0, 0]",48
56,"[2, 1]",57.49999999999887,"[46, 17]","[2.2, 0]","[2.2, 0]",48
57,"[2, 1]",68.24999999999827,"[56, 19]","[3.349999999999996, 0]","[3.349999999999996, 0]",48
58,"[0, 1]",135.99999999999667,"[55, 54]","[1.2500000000000004, 0]","[0, 0]",48
59,"[2, 3]",100.29999999999644,"[57, 20]","[0, 0]","[0, 0]",48
60,"[0, 3]",166.4000000000036,"[58, 55]","[1.5500000000000007, 0]","[0, 0]",48
61,"[0, 3]",167.85000000000392,"[60, 60]","[1.3000000000000005, 0]","[0, 0]",48
62,"[0, 1]",137.8999999999971,"[61, 58]","[0.3, 0]","[0, 0]",48
63,"[0, 3]",163.90000000000302,"[62, 61]","[0.7500000000000001, 0]","[0, 0]",48
64,"[0, 1]",136.0499999999967,"[63, 62]","[0.9500000000000003, 0]","[0, 0]",48
65,"[0, 3]",166.80000000000368,"[64, 63]","[1.1500000000000004, 0]","[0, 0]",48
66,"[0, 1]",136.0999999999967,"[65, 64]","[1.2000000000000004, 0]","[0, 0]",48
67,"[0, 3]",167.00000000000372,"[66, 65]","[0.8500000000000002, 0]","[0, 0]",48
68,"[0, 1]",139.29999999999742,"[67, 66]","[0, 0]","[0, 0]",48
69,"[2, 1]",67.99999999999828,"[59, 21]","[19.200000000000138, 0]","[0, 0]",48
70,"[0, 3]",169.00000000000418,"[68, 67]","[0, 0]","[0, 0]",48
71,"[0, 1]",137.69999999999706,"[70, 68]","[0, 0]","[0, 0]",48
72,"[0, 3]",168.80000000000413,"[71, 70]","[0, 0]","[0, 0]",48
73,"[0, 1]",140.9999999999978,"[72, 71]","[0, 0]","[0, 0]",48
74,"[0, 1]",139.6499999999975,"[73, 73]","[0, 0]","[0, 0]",48
75,"[0, 1]",139.29999999999742,"[74, 74]","[0, 0]","[0, 0]",48
76,"[0, 1]",139.79999999999754,"[75, 75]","[0, 0]","[0, 0]",48
77,"[0, 1]",139.39999999999745,"[76, 76]","[0, 0]","[0, 0]",48
78,"[0, 3]",167.95000000000394,"[77, 72]","[0, 0]","[0, 0]",48
79,"[2, 3]",94.89999999999675,"[69, 22]","[14.700000000000074, 0]","[0, 0]",48
0,"[2, 1]",36.40000000000007,"[-999, -999]","[0, 0]","[0, 0]",49
1,"[2, 3]",68.49999999999825,"[0, -999]","[0, 0]","[0, 0]",49
2,"[2, 1]",37.30000000000002,"[1, 0]","[0, 0]","[0, 0]",49
3,"[2, 3]",70.09999999999816,"[2, 1]","[0, 0]","[0, 0]",49
4,"[2, 1]",37.74999999999999,"[3, 2]","[0, 0]","[0, 0]",49
5,"[2, 1]",39.69999999999988,"[4, 4]","[0, 0]","[0, 0]",49
6,"[0, 1]",77.34999999999775,"[-999, 11]","[0, 0]","[4.899999999999991, 0]",49
7,"[2, 1]",41.49999999999978,"[5, 5]","[0, 0]","[0, 0]",49
8,"[2, 1]",43.349999999999675,"[7, 7]","[0, 0]","[0, 0]",49
9,"[2, 1]",44.84999999999959,"[8, 8]","[0, 0]","[0, 0]",49
10,"[0, 3]",105.79999999999613,"[6, 3]","[0, 0]","[0, 0]",49
11,"[2, 1]",46.29999999999951,"[9, 9]","[0, 0]","[0, 0]",49
12,"[0, 1]",78.54999999999768,"[10, 13]","[0, 0]","[0, 0]",49
13,"[2, 1]",52.499999999999154,"[11, 6]","[1.3500000000000005, 0]","[1.3500000000000005, 0]",49
14,"[0, 1]",79.44999999999763,"[12, 12]","[0, 0]","[0, 0]",49
15,"[0, 3]",112.79999999999573,"[14, 48]","[0, 0]","[0, 0]",49
16,"[0, 3]",119.24999999999537,"[15, 51]","[2.4499999999999993, 0]","[2.4499999999999993, 0]",49
17,"[0, 3]",120.14999999999532,"[16, 16]","[0, 0]","[0, 0]",49
18,"[0, 3]",125.749999999995,"[17, 63]","[2.3999999999999995, 0]","[2.3999999999999995, 0]",49
19,"[0, 1]",94.24999999999679,"[18, 79]","[0, 0]","[0, 0]",49
20,"[0, 1]",95.29999999999673,"[19, 19]","[0, 0]","[0, 0]",49
21,"[0, 3]",126.39999999999496,"[20, 18]","[0, 0]","[0, 0]",49
22,"[0, 1]",98.94999999999652,"[21, 20]","[0.3, 0]","[0, 0]",49
23,"[0, 1]",100.09999999999646,"[22, 22]","[1.1500000000000004, 0]","[0, 0]",49
24,"[0, 3]",131.2499999999956,"[23, 21]","[1.7500000000000009, 0]","[0, 0]",49
25,"[0, 1]",103.99999999999623,"[24, 23]","[1.6500000000000008, 0]","[0, 0]",49
26,"[0, 3]",135.34999999999653,"[25, 24]","[1.1500000000000004, 0]","[0, 0]",49
27,"[0, 3]",137.54999999999703,"[26, 26]","[0.5499999999999999, 0]","[0, 0]",49
28,"[0, 3]",139.1499999999974,"[27, 27]","[0, 0]","[0, 0]",49
29,"[0, 1]",110.09999999999589,"[28, -999]","[0, 0]","[0, 0]",49
30,"[0, 3]",141.54999999999794,"[29, 28]","[0, 0]","[0, 0]",49
31,"[0, 1]",113.99999999999567,"[30, 29]","[0, 0]","[0, 0]",49
32,"[0, 3]",145.3499999999988,"[31, 30]","[0, 0]","[0, 0]",49
33,"[0, 1]",117.84999999999545,"[32, 31]","[0, 0]","[0, 0]",49
34,"[0, 3]",149.2499999999997,"[33, 32]","[0, 0]","[0, 0]",49
35,"[0, 1]",121.74999999999523,"[34, 33]","[0, 0]","[0, 0]",49
36,"[0, 3]",153.10000000000056,"[35, 34]","[0, 0]","[0, 0]",49
37,"[0, 1]",125.599999999995,"[36, 35]","[0, 0]","[0, 0]",49
38,"[0, 1]",126.79999999999494,"[37, 37]","[0, 0]","[0, 0]",49
39,"[0, 1]",127.89999999999488,"[38, 38]","[0, 0]","[0, 0]",49
40,"[2, 3]",82.14999999999748,"[13, 10]","[3.399999999999996, 0]","[3.399999999999996, 0]",49
41,"[0, 1]",128.89999999999506,"[39, 39]","[0, 0]","[0, 0]",49
42,"[0, 1]",129.9499999999953,"[41, 41]","[0, 0]","[0, 0]",49
43,"[0, 1]",130.99999999999554,"[42, 42]","[0, 0]","[0, 0]",49
44,"[0, 3]",162.0000000000026,"[43, 36]","[0, 0]","[0, 0]",49
45,"[0, 1]",134.7499999999964,"[44, 43]","[0, 0]","[0, 0]",49
46,"[0, 1]",135.74999999999662,"[45, 45]","[0, 0]","[0, 0]",49
47,"[0, 1]",136.34999999999675,"[46, 46]","[0, 0]","[0, 0]",49
48,"[2, 3]",79.79999999999761,"[40, 40]","[0, 0]","[0, 0]",49
49,"[0, 1]",136.4999999999968,"[47, 47]","[0, 0]","[0, 0]",49
50,"[0, 3]",166.80000000000368,"[49, 44]","[0, 0]","[0, 0]",49
51,"[2, 3]",87.39999999999718,"[48, 15]","[0, 0]","[0, 0]",49
52,"[0, 3]",167.95000000000394,"[50, 50]","[0, 0]","[0, 0]",49
53,"[0, 1]",137.09999999999692,"[52, 49]","[0, 0]","[0, 0]",49
54,"[0, 1]",137.49999999999702,"[53, 53]","[0, 0]","[0, 0]",49
55,"[0, 1]",134.3499999999963,"[54, 54]","[0, 0]","[0, 0]",49
56,"[0, 3]",163.75000000000298,"[55, 52]","[0, 0]","[0, 0]",49
57,"[0, 3]",165.70000000000343,"[56, 56]","[0, 0]","[0, 0]",49
58,"[0, 3]",167.05000000000373,"[57, 57]","[0, 0]","[0, 0]",49
59,"[0, 3]",167.95000000000394,"[58, 58]","[0, 0]","[0, 0]",49
60,"[0, 1]",137.64999999999705,"[59, -999]","[0, 0]","[0, 0]",49
61,"[0, 3]",167.00000000000372,"[60, 59]","[0, 0]","[0, 0]",49
62,"[0, 3]",167.00000000000372,"[61, 61]","[0, 0]","[0, 0]",49
63,"[2, 3]",89.69999999999705,"[51, 17]","[6.549999999999985, 0]","[6.549999999999985, 0]",49
64,"[0, 1]",137.0499999999969,"[62, 60]","[0, 0]","[0, 0]",49
65,"[0, 1]",135.84999999999664,"[64, 64]","[0, 0]","[0, 0]",49
66,"[0, 1]",135.04999999999646,"[65, 65]","[0, 0]","[0, 0]",49
67,"[0, 1]",132.74999999999594,"[66, 66]","[0.9000000000000002, 0]","[0, 0]",49
68,"[0, 1]",131.39999999999563,"[67, 67]","[1.4000000000000006, 0]","[0, 0]",49
69,"[0, 1]",131.79999999999572,"[68, 68]","[1.7500000000000009, 0]","[0, 0]",49
70,"[0, 1]",132.49999999999588,"[69, 69]","[1.7000000000000008, 0]","[0, 0]",49
71,"[0, 1]",133.24999999999605,"[70, 70]","[1.0500000000000003, 0]","[0, 0]",49
72,"[0, 1]",128.49999999999497,"[71, 71]","[0, 0]","[0, 0]",49
73,"[0, 1]",128.54999999999498,"[72, 72]","[0, 0]","[0, 0]",49
74,"[0, 1]",129.19999999999513,"[73, 73]","[0, 0]","[0, 0]",49
75,"[0, 1]",129.8999999999953,"[74, 74]","[0, 0]","[0, 0]",49
76,"[0, 1]",130.3499999999954,"[75, 75]","[0, 0]","[0, 0]",49
77,"[0, 1]",130.4499999999954,"[76, 76]","[0, 0]","[0, 0]",49
78,"[0, 1]",126.14999999999498,"[77, 77]","[0, 0]","[0, 0]",49
79,"[2, 1]",44.44999999999961,"[63, -999]","[0, 0]","[0, 0]",49
0,"[0, 1]",75.09999999999788,"[-999, 9]","[0, 0]","[2.849999999999998, 0]",50
1,"[2, 1]",36.40000000000007,"[-999, -999]","[0, 0]","[0, 0]",50
2,"[2, 1]",38.09999999999997,"[1, 1]","[0, 0]","[0, 0]",50
3,"[2, 3]",68.64999999999824,"[2, -999]","[0, 0]","[0, 0]",50
4,"[2, 3]",71.34999999999809,"[3, 3]","[0, 0]","[0, 0]",50
5,"[2, 3]",73.24999999999798,"[4, 4]","[0, 0]","[0, 0]",50
6,"[2, 1]",38.69999999999994,"[5, 2]","[0, 0]","[0, 0]",50
7,"[0, 3]",101.44999999999638,"[0, 10]","[0, 0]","[0, 0]",50
8,"[2, 1]",41.049999999999805,"[6, 6]","[0, 0]","[0, 0]",50
9,"[2, 1]",42.649999999999714,"[8, 8]","[0, 0]","[0, 0]",50
10,"[2, 3]",73.19999999999798,"[9, 5]","[0, 0]","[0, 0]",50
11,"[2, 1]",45.74999999999954,"[10, 0]","[0, 0]","[0, 0]",50
12,"[2, 3]",77.89999999999772,"[11, 7]","[0, 0]","[0, 0]",50
13,"[2, 3]",79.39999999999763,"[12, 12]","[0, 0]","[0, 0]",50
14,"[0, 1]",69.14999999999822,"[7, 11]","[0, 0]","[0, 0]",50
15,"[2, 1]",49.64999999999932,"[13, 14]","[0, 0]","[0, 0]",50
16,"[0, 3]",106.74999999999608,"[14, 13]","[0, 0]","[0, 0]",50
17,"[0, 3]",107.74999999999602,"[16, 16]","[0, 0]","[0, 0]",50
18,"[0, 3]",114.04999999999566,"[17, 34]","[1.800000000000001, 0]","[1.800000000000001, 0]",50
19,"[0, 3]",119.74999999999534,"[18, 37]","[2.4499999999999993, 0]","[2.4499999999999993, 0]",50
20,"[0, 1]",88.14999999999714,"[19, -999]","[0, 0]","[0, 0]",50
21,"[0, 1]",89.34999999999707,"[20, 20]","[0, 0]","[0, 0]",50
22,"[0, 3]",120.74999999999528,"[21, 48]","[0, 0]","[0, 0]",50
23,"[0, 1]",96.64999999999665,"[22, 67]","[2.3, 0]","[2.3, 0]",50
24,"[0, 1]",97.29999999999661,"[23, 23]","[0, 0]","[0, 0]",50
25,"[0, 1]",102.59999999999631,"[24, 71]","[2.3999999999999995, 0]","[2.3999999999999995, 0]",50
26,"[0, 3]",135.2499999999965,"[25, 79]","[2.1000000000000005, 0]","[2.1000000000000005, 0]",50
27,"[0, 3]",136.89999999999688,"[26, 26]","[0, 0]","[0, 0]",50
28,"[0, 3]",138.14999999999716,"[27, 27]","[0, 0]","[0, 0]",50
29,"[0, 3]",139.39999999999745,"[28, 28]","[0, 0]","[0, 0]",50
30,"[0, 3]",140.5499999999977,"[29, 29]","[0, 0]","[0, 0]",50
31,"[0, 1]",111.24999999999582,"[30, -999]","[0, 0]","[0, 0]",50
32,"[0, 1]",112.39999999999576,"[31, 31]","[0, 0]","[0, 0]",50
33,"[0, 1]",113.4499999999957,"[32, 32]","[0, 0]","[0, 0]",50
34,"[2, 3]",87.14999999999719,"[15, 17]","[0, 0]","[0, 0]",50
35,"[0, 1]",114.49999999999564,"[33, 33]","[0, 0]","[0, 0]",50
36,"[0, 3]",145.49999999999883,"[35, 30]","[0, 0]","[0, 0]",50
37,"[2, 3]",93.69999999999682,"[34, 18]","[0, 0]","[0, 0]",50
38,"[0, 1]",118.24999999999542,"[36, 35]","[0, 0]","[0, 0]",50
39,"[0, 1]",119.34999999999536,"[38, 38]","[0, 0]","[0, 0]",50
40,"[0, 1]",120.4499999999953,"[39, 39]","[0, 0]","[0, 0]",50
41,"[0, 3]",151.4500000000002,"[40, 36]","[0, 0]","[0, 0]",50
42,"[0, 3]",153.85000000000073,"[41, 41]","[0, 0]","[0, 0]",50
43,"[0, 1]",125.39999999999502,"[42, 40]","[0.49999999999999994, 0]","[0, 0]",50
44,"[0, 1]",126.49999999999496,"[43, 43]","[0.9500000000000003, 0]","[0, 0]",50
45,"[0, 3]",157.80000000000163,"[44, 42]","[1.2000000000000004, 0]","[0, 0]",50
46,"[0, 1]",130.4499999999954,"[45, 44]","[1.5500000000000007, 0]","[0, 0]",50
47,"[0, 3]",161.80000000000254,"[46, 45]","[2.549999999999999, 0]","[0, 0]",50
48,"[2, 3]",99.54999999999649,"[37, 19]","[10.300000000000011, 0]","[0, 0]",50
49,"[2, 1]",74.54999999999791,"[48, 21]","[19.550000000000143, 0]","[0, 0]",50
50,"[0, 3]",164.00000000000304,"[47, 47]","[2.849999999999998, 0]","[0, 0]",50
51,"[0, 1]",135.44999999999655,"[50, 46]","[2.499999999999999, 0]","[0, 0]",50
52,"[0, 3]",166.9500000000037,"[51, 50]","[1.900000000000001, 0]","[0, 0]",50
53,"[0, 1]",139.34999999999744,"[52, 51]","[1.3000000000000005, 0]","[0, 0]",50
54,"[0, 3]",170.60000000000454,"[53, 52]","[0.6, 0]","[0, 0]",50
55,"[0, 1]",141.89999999999802,"[54, 53]","[0, 0]","[0, 0]",50
56,"[0, 1]",138.2999999999972,"[55, 55]","[0, 0]","[0, 0]",50
57,"[0, 3]",169.1500000000042,"[56, 54]","[0, 0]","[0, 0]",50
58,"[0, 3]",171.10000000000466,"[57, 57]","[0, 0]","[0, 0]",50
59,"[0, 3]",170.0000000000044,"[58, 58]","[0, 0]","[0, 0]",50
60,"[0, 3]",168.10000000000397,"[59, 59]","[0, 0]","[0, 0]",50
61,"[0, 3]",165.40000000000336,"[60, 60]","[0, 0]","[0, 0]",50
62,"[0, 3]",166.30000000000356,"[61, 61]","[0, 0]","[0, 0]",50
63,"[0, 3]",167.3500000000038,"[62, 62]","[0, 0]","[0, 0]",50
64,"[0, 1]",137.399999999997,"[63, -999]","[0, 0]","[0, 0]",50
65,"[0, 3]",165.00000000000327,"[64, 63]","[0, 0]","[0, 0]",50
66,"[0, 1]",136.84999999999687,"[65, 64]","[0, 0]","[0, 0]",50
67,"[2, 1]",66.69999999999835,"[49, 49]","[9.45, 0]","[0, 0]",50
68,"[0, 1]",137.59999999999704,"[66, 66]","[0, 0]","[0, 0]",50
69,"[2, 3]",99.44999999999649,"[67, 22]","[8.14999999999998, 0]","[0, 0]",50
70,"[0, 1]",138.04999999999714,"[68, 68]","[0, 0]","[0, 0]",50
71,"[2, 1]",75.69999999999784,"[69, 24]","[6.649999999999984, 0]","[0, 0]",50
72,"[0, 3]",167.20000000000377,"[70, 65]","[0, 0]","[0, 0]",50
73,"[0, 1]",137.54999999999703,"[72, 70]","[0, 0]","[0, 0]",50
74,"[0, 1]",137.59999999999704,"[73, 73]","[0, 0]","[0, 0]",50
75,"[0, 3]",167.8000000000039,"[74, 72]","[0, 0]","[0, 0]",50
76,"[0, 1]",139.09999999999738,"[75, 74]","[0, 0]","[0, 0]",50
77,"[0, 1]",139.09999999999738,"[76, 76]","[0, 0]","[0, 0]",50
78,"[0, 3]",164.3000000000031,"[77, 75]","[0, 0]","[0, 0]",50
79,"[2, 3]",104.29999999999622,"[71, 69]","[3.099999999999997, 0]","[0, 0]",50
0,"[2, 1]",36.40000000000007,"[-999, -999]","[0, 0]","[0, 0]",51
1,"[2, 1]",38.09999999999997,"[0, 0]","[0, 0]","[0, 0]",51
2,"[2, 1]",39.89999999999987,"[1, 1]","[0, 0]","[0, 0]",51
3,"[2, 3]",69.04999999999822,"[2, -999]","[0, 0]","[0, 0]",51
4,"[2, 3]",71.79999999999806,"[3, 3]","[0, 0]","[0, 0]",51
5,"[0, 3]",97.04999999999663,"[-999, 7]","[0, 0]","[0, 0]",51
6,"[2, 1]",41.89999999999976,"[4, 2]","[0, 0]","[0, 0]",51
7,"[2, 3]",71.34999999999809,"[6, 4]","[0, 0]","[0, 0]",51
8,"[2, 1]",42.24999999999974,"[7, 6]","[0, 0]","[0, 0]",51
9,"[2, 1]",43.849999999999646,"[8, 8]","[0, 0]","[0, 0]",51
10,"[2, 3]",76.69999999999779,"[9, 5]","[0, 0]","[0, 0]",51
11,"[0, 1]",68.79999999999824,"[5, 9]","[0, 0]","[0, 0]",51
12,"[2, 3]",78.39999999999769,"[10, 10]","[0, 0]","[0, 0]",51
13,"[0, 3]",104.19999999999622,"[11, 12]","[0, 0]","[0, 0]",51
14,"[0, 3]",105.24999999999616,"[13, 13]","[0, 0]","[0, 0]",51
15,"[2, 3]",90.04999999999703,"[12, 14]","[6.199999999999986, 0]","[6.199999999999986, 0]",51
16,"[2, 3]",91.54999999999694,"[15, 15]","[0, 0]","[0, 0]",51
17,"[0, 1]",75.94999999999783,"[14, 11]","[0, 0]","[0, 0]",51
18,"[0, 1]",76.99999999999777,"[17, 17]","[0, 0]","[0, 0]",51
19,"[0, 1]",78.1499999999977,"[18, 18]","[0, 0]","[0, 0]",51
20,"[0, 1]",79.19999999999764,"[19, 19]","[0, 0]","[0, 0]",51
21,"[0, 3]",110.29999999999588,"[20, 16]","[0, 0]","[0, 0]",51
22,"[0, 1]",82.49999999999746,"[21, 28]","[0, 0]","[0, 0]",51
23,"[0, 1]",83.4499999999974,"[22, 22]","[0, 0]","[0, 0]",51
24,"[0, 1]",84.54999999999734,"[23, 23]","[0, 0]","[0, 0]",51
25,"[0, 3]",115.59999999999557,"[24, 31]","[0, 0]","[0, 0]",51
26,"[0, 1]",92.2499999999969,"[25, 34]","[2.9499999999999975, 0]","[2.9499999999999975, 0]",51
27,"[0, 3]",123.79999999999511,"[26, 47]","[0, 0]","[0, 0]",51
28,"[2, 1]",73.74999999999795,"[16, 20]","[3.149999999999997, 0]","[3.149999999999997, 0]",51
29,"[2, 3]",105.54999999999615,"[28, 21]","[25.200000000000223, 0]","[0.05, 0]",51
30,"[0, 1]",95.6999999999967,"[27, 49]","[0, 0]","[0, 0]",51
31,"[2, 3]",108.049999999996,"[29, 29]","[23.6000000000002, 0]","[0, 0]",51
32,"[2, 1]",83.19999999999742,"[31, 24]","[21.900000000000176, 0]","[0, 0]",51
33,"[0, 3]",126.19999999999497,"[30, 27]","[0, 0]","[0, 0]",51
34,"[2, 1]",83.34999999999741,"[32, 32]","[20.550000000000157, 0]","[0, 0]",51
35,"[0, 1]",97.14999999999662,"[33, 56]","[0, 0]","[0, 0]",51
36,"[0, 3]",128.39999999999495,"[35, 33]","[0, 0]","[0, 0]",51
37,"[0, 1]",100.09999999999646,"[36, 59]","[0, 0]","[0, 0]",51
38,"[0, 3]",132.5999999999959,"[37, 78]","[0, 0]","[0, 0]",51
39,"[0, 1]",103.54999999999626,"[38, 37]","[0, 0]","[0, 0]",51
40,"[0, 1]",104.6499999999962,"[39, 39]","[0, 0]","[0, 0]",51
41,"[0, 1]",105.74999999999613,"[40, 40]","[0, 0]","[0, 0]",51
42,"[0, 1]",106.79999999999607,"[41, 41]","[0, 0]","[0, 0]",51
43,"[0, 1]",107.79999999999602,"[42, 42]","[0, 0]","[0, 0]",51
44,"[0, 3]",138.7499999999973,"[43, 79]","[0, 0]","[0, 0]",51
45,"[0, 1]",111.5499999999958,"[44, 43]","[0, 0]","[0, 0]",51
46,"[0, 3]",142.89999999999824,"[45, 44]","[0, 0]","[0, 0]",51
47,"[2, 3]",115.69999999999557,"[34, 25]","[19.45000000000014, 0]","[0, 0]",51
48,"[0, 1]",115.39999999999559,"[46, 45]","[0, 0]","[0, 0]",51
49,"[2, 1]",87.59999999999717,"[47, 26]","[18.250000000000124, 0]","[0, 0]",51
50,"[0, 1]",116.49999999999552,"[48, 48]","[0, 0]","[0, 0]",51
51,"[0, 3]",147.69999999999933,"[50, 46]","[0, 0]","[0, 0]",51
52,"[0, 1]",120.3999999999953,"[51, 50]","[0, 0]","[0, 0]",51
53,"[0, 3]",151.70000000000024,"[52, 51]","[0, 0]","[0, 0]",51
54,"[0, 3]",153.90000000000074,"[53, 53]","[0, 0]","[0, 0]",51
55,"[0, 3]",155.5000000000011,"[54, 54]","[0.49999999999999994, 0]","[0, 0]",51
56,"[2, 1]",95.94999999999669,"[49, 30]","[17.050000000000107, 0]","[0, 0]",51
57,"[0, 3]",156.85000000000142,"[55, 55]","[1.0500000000000003, 0]","[0, 0]",51
58,"[0, 3]",158.0500000000017,"[57, 57]","[0.65, 0]","[0, 0]",51
59,"[2, 1]",102.39999999999633,"[56, 35]","[15.80000000000009, 0]","[0, 0]",51
60,"[0, 1]",128.649999999995,"[58, -999]","[0, 0]","[0, 0]",51
61,"[0, 3]",160.20000000000218,"[60, 58]","[0, 0]","[0, 0]",51
62,"[0, 1]",132.5999999999959,"[61, 60]","[0, 0]","[0, 0]",51
63,"[0, 3]",163.95000000000303,"[62, 61]","[0.7000000000000001, 0]","[0, 0]",51
64,"[0, 1]",135.99999999999667,"[63, 62]","[1.4500000000000006, 0]","[0, 0]",51
65,"[0, 3]",164.85000000000323,"[64, 63]","[1.850000000000001, 0]","[0, 0]",51
66,"[0, 1]",136.84999999999687,"[65, 64]","[1.850000000000001, 0]","[0, 0]",51
67,"[0, 1]",137.8499999999971,"[66, 66]","[1.4500000000000006, 0]","[0, 0]",51
68,"[0, 1]",138.7499999999973,"[67, 67]","[0.7000000000000001, 0]","[0, 0]",51
69,"[0, 3]",164.60000000000318,"[68, 65]","[0.6, 0]","[0, 0]",51
70,"[0, 3]",165.90000000000347,"[69, 69]","[0.8000000000000002, 0]","[0, 0]",51
71,"[0, 3]",167.25000000000378,"[70, 70]","[0.35, 0]","[0, 0]",51
72,"[0, 3]",168.45000000000405,"[71, 71]","[0, 0]","[0, 0]",51
73,"[0, 1]",138.3499999999972,"[72, -999]","[0, 0]","[0, 0]",51
74,"[0, 1]",135.29999999999652,"[73, 73]","[0, 0]","[0, 0]",51
75,"[0, 1]",136.0999999999967,"[74, 74]","[0, 0]","[0, 0]",51
76,"[0, 1]",136.84999999999687,"[75, 75]","[0, 0]","[0, 0]",51
77,"[0, 1]",134.94999999999644,"[76, 76]","[0, 0]","[0, 0]",51
78,"[2, 3]",132.39999999999586,"[59, 36]","[12.30000000000004, 0]","[0, 0]",51
79,"[2, 3]",140.79999999999777,"[78, 38]","[14.300000000000068, 0]","[3.1999999999999966, 0]",51
0,"[0, 1]",68.64999999999824,"[-999, 9]","[0, 0]","[0, 0]",52
1,"[2, 1]",36.40000000000007,"[-999, -999]","[0, 0]","[0, 0]",52
2,"[2, 1]",38.09999999999997,"[1, 1]","[0, 0]","[0, 0]",52
3,"[2, 1]",39.89999999999987,"[2, 2]","[0, 0]","[0, 0]",52
4,"[2, 1]",41.79999999999976,"[3, 3]","[0, 0]","[0, 0]",52
5,"[0, 3]",99.2499999999965,"[0, 10]","[0, 0]","[0, 0]",52
6,"[2, 3]",70.24999999999815,"[4, -999]","[0, 0]","[0, 0]",52
7,"[0, 3]",101.59999999999637,"[5, 5]","[0, 0]","[0, 0]",52
8,"[2, 1]",38.69999999999994,"[6, 4]","[0, 0]","[0, 0]",52
9,"[2, 1]",40.64999999999983,"[8, 8]","[0, 0]","[0, 0]",52
10,"[2, 3]",72.09999999999805,"[9, 6]","[0, 0]","[0, 0]",52
11,"[2, 1]",43.99999999999964,"[10, 0]","[0, 0]","[0, 0]",52
12,"[0, 1]",73.14999999999799,"[7, 30]","[0, 0]","[0, 0]",52
13,"[0, 3]",105.34999999999616,"[12, 32]","[0, 0]","[0, 0]",52
14,"[0, 3]",106.89999999999607,"[13, 13]","[0, 0]","[0, 0]",52
15,"[0, 1]",77.79999999999772,"[14, 49]","[0, 0]","[0, 0]",52
16,"[0, 3]",109.49999999999592,"[15, 60]","[0, 0]","[0, 0]",52
17,"[0, 3]",115.99999999999555,"[16, 64]","[2.3999999999999995, 0]","[2.3999999999999995, 0]",52
18,"[0, 1]",85.44999999999729,"[17, -999]","[0, 0]","[0, 0]",52
19,"[0, 3]",117.84999999999545,"[18, 65]","[0, 0]","[0, 0]",52
20,"[0, 1]",87.79999999999715,"[19, 18]","[0, 0]","[0, 0]",52
21,"[0, 3]",120.14999999999532,"[20, 72]","[0, 0]","[0, 0]",52
22,"[0, 3]",121.39999999999525,"[21, 21]","[0, 0]","[0, 0]",52
23,"[0, 1]",91.79999999999693,"[22, 79]","[0, 0]","[0, 0]",52
24,"[0, 3]",123.14999999999515,"[23, 22]","[0, 0]","[0, 0]",52
25,"[0, 1]",95.54999999999671,"[24, 23]","[0, 0]","[0, 0]",52
26,"[0, 3]",126.99999999999493,"[25, 24]","[0, 0]","[0, 0]",52
27,"[0, 3]",129.24999999999514,"[26, 26]","[0, 0]","[0, 0]",52
28,"[0, 1]",100.69999999999642,"[27, 25]","[0, 0]","[0, 0]",52
29,"[0, 1]",101.79999999999636,"[28, 28]","[0, 0]","[0, 0]",52
30,"[2, 1]",45.449999999999555,"[11, 11]","[0, 0]","[0, 0]",52
31,"[0, 3]",133.09999999999602,"[29, 27]","[0, 0]","[0, 0]",52
32,"[2, 3]",79.44999999999763,"[30, 7]","[3.049999999999997, 0]","[3.049999999999997, 0]",52
33,"[0, 3]",135.39999999999654,"[31, 31]","[0, 0]","[0, 0]",52
34,"[0, 1]",106.84999999999607,"[33, 29]","[0, 0]","[0, 0]",52
35,"[0, 1]",107.999999999996,"[34, 34]","[0, 0]","[0, 0]",52
36,"[0, 3]",139.2499999999974,"[35, 33]","[0, 0]","[0, 0]",52
37,"[0, 3]",141.54999999999794,"[36, 36]","[0, 0]","[0, 0]",52
38,"[0, 3]",143.0999999999983,"[37, 37]","[0, 0]","[0, 0]",52
39,"[0, 3]",144.4499999999986,"[38, 38]","[0, 0]","[0, 0]",52
40,"[0, 1]",115.2499999999956,"[39, -999]","[0, 0]","[0, 0]",52
41,"[0, 1]",116.34999999999553,"[40, 40]","[0, 0]","[0, 0]",52
42,"[0, 1]",117.44999999999547,"[41, 41]","[0, 0]","[0, 0]",52
43,"[0, 1]",118.49999999999541,"[42, 42]","[0, 0]","[0, 0]",52
44,"[0, 1]",119.49999999999535,"[43, 43]","[0, 0]","[0, 0]",52
45,"[0, 1]",120.4999999999953,"[44, 44]","[0, 0]","[0, 0]",52
46,"[0, 3]",151.5000000000002,"[45, 39]","[0, 0]","[0, 0]",52
47,"[0, 1]",124.19999999999509,"[46, 45]","[0, 0]","[0, 0]",52
48,"[0, 3]",155.55000000000112,"[47, 46]","[0, 0]","[0, 0]",52
49,"[2, 1]",38.399999999999956,"[32, 12]","[0, 0]","[0, 0]",52
50,"[0, 3]",157.80000000000163,"[48, 48]","[0, 0]","[0, 0]",52
51,"[0, 1]",129.19999999999513,"[50, 47]","[0, 0]","[0, 0]",52
52,"[0, 3]",160.60000000000227,"[51, 50]","[0, 0]","[0, 0]",52
53,"[0, 1]",133.09999999999602,"[52, 51]","[0, 0]","[0, 0]",52
54,"[0, 1]",134.09999999999624,"[53, 53]","[0, 0]","[0, 0]",52
55,"[0, 3]",164.85000000000323,"[54, 52]","[0, 0]","[0, 0]",52
56,"[0, 1]",134.94999999999644,"[55, 54]","[0, 0]","[0, 0]",52
57,"[0, 1]",134.8499999999964,"[56, 56]","[0, 0]","[0, 0]",52
58,"[0, 3]",165.35000000000335,"[57, 55]","[0, 0]","[0, 0]",52
59,"[0, 1]",136.74999999999685,"[58, 57]","[0, 0]","[0, 0]",52
60,"[2, 3]",70.79999999999812,"[49, 14]","[0, 0]","[0, 0]",52
61,"[0, 1]",136.1499999999967,"[59, 59]","[0, 0]","[0, 0]",52
62,"[0, 1]",135.99999999999667,"[61, 61]","[0, 0]","[0, 0]",52
63,"[0, 3]",165.35000000000335,"[62, 58]","[0, 0]","[0, 0]",52
64,"[2, 3]",77.24999999999775,"[60, 16]","[1.7500000000000009, 0]","[1.7500000000000009, 0]",52
65,"[2, 3]",84.14999999999736,"[64, 17]","[6.5999999999999845, 0]","[6.5999999999999845, 0]",52
66,"[0, 1]",136.64999999999682,"[63, 62]","[0.49999999999999994, 0]","[0, 0]",52
67,"[0, 3]",167.15000000000376,"[66, 63]","[1.2000000000000004, 0]","[0, 0]",52
68,"[0, 3]",168.80000000000413,"[67, 67]","[1.4000000000000006, 0]","[0, 0]",52
69,"[0, 1]",139.1499999999974,"[68, 66]","[0, 0]","[0, 0]",52
70,"[0, 1]",134.14999999999625,"[69, 69]","[0.7000000000000001, 0]","[0, 0]",52
71,"[0, 1]",134.89999999999642,"[70, 70]","[1.1500000000000004, 0]","[0, 0]",52
72,"[2, 3]",88.89999999999709,"[65, 19]","[8.199999999999982, 0]","[5.899999999999987, 0]",52
73,"[0, 1]",135.84999999999664,"[71, 71]","[1.0500000000000003, 0]","[0, 0]",52
74,"[0, 1]",136.74999999999685,"[73, 73]","[0.44999999999999996, 0]","[0, 0]",52
75,"[0, 1]",137.64999999999705,"[74, 74]","[0.1, 0]","[0, 0]",52
76,"[0, 1]",134.2999999999963,"[75, 75]","[0.7500000000000001, 0]","[0, 0]",52
77,"[0, 1]",134.2999999999963,"[76, 76]","[0.65, 0]","[0, 0]",52
78,"[0, 3]",164.90000000000325,"[77, 68]","[0, 0]","[0, 0]",52
79,"[2, 1]",55.74999999999897,"[72, 20]","[7.699999999999981, 0]","[0, 0]",52
0,"[2, 3]",67.7499999999983,"[-999, -999]","[0, 0]","[0, 0]",53
1,"[2, 3]",70.84999999999812,"[0, 0]","[0, 0]","[0, 0]",53
2,"[2, 1]",37.550000000000004,"[1, -999]","[0, 0]","[0, 0]",53
3,"[2, 1]",39.49999999999989,"[2, 2]","[0, 0]","[0, 0]",53
4,"[2, 3]",71.39999999999809,"[3, 1]","[0, 0]","[0, 0]",53
5,"[0, 1]",67.5499999999983,"[-999, 9]","[0, 0]","[0, 0]",53
6,"[2, 3]",73.99999999999794,"[4, 4]","[0, 0]","[0, 0]",53
7,"[0, 1]",73.89999999999795,"[5, 12]","[0, 0]","[0, 0]",53
8,"[2, 1]",40.04999999999986,"[6, 3]","[0, 0]","[0, 0]",53
9,"[2, 1]",42.34999999999973,"[8, 8]","[0, 0]","[0, 0]",53
10,"[2, 3]",72.64999999999802,"[9, 6]","[0, 0]","[0, 0]",53
11,"[0, 3]",104.5499999999962,"[7, 10]","[0, 0]","[0, 0]",53
12,"[2, 1]",46.4499999999995,"[10, 5]","[0, 0]","[0, 0]",53
13,"[2, 1]",52.79999999999914,"[12, 7]","[2.7499999999999982, 0]","[2.7499999999999982, 0]",53
14,"[0, 3]",106.89999999999607,"[11, 11]","[0, 0]","[0, 0]",53
15,"[2, 1]",53.24999999999911,"[13, 13]","[3.1999999999999966, 0]","[3.1999999999999966, 0]",53
16,"[2, 3]",86.54999999999723,"[15, 14]","[4.499999999999992, 0]","[0.05, 0]",53
17,"[0, 1]",77.49999999999774,"[14, 15]","[0, 0]","[0, 0]",53
18,"[0, 1]",78.64999999999768,"[17, 17]","[0, 0]","[0, 0]",53
19,"[0, 3]",109.7999999999959,"[18, 16]","[0, 0]","[0, 0]",53
20,"[2, 1]",62.2499999999986,"[16, 18]","[10.100000000000009, 0]","[0.2, 0]",53
21,"[0, 1]",86.64999999999722,"[19, 31]","[2.9999999999999973, 0]","[2.9999999999999973, 0]",53
22,"[0, 1]",86.9499999999972,"[21, 21]","[0, 0]","[0, 0]",53
23,"[0, 1]",92.2999999999969,"[22, 53]","[2.4499999999999993, 0]","[2.4499999999999993, 0]",53
24,"[0, 3]",122.2999999999952,"[23, 34]","[0, 0]","[0, 0]",53
25,"[0, 3]",124.64999999999506,"[24, 24]","[0, 0]","[0, 0]",53
26,"[0, 3]",126.29999999999497,"[25, 25]","[0, 0]","[0, 0]",53
27,"[0, 1]",97.69999999999659,"[26, 60]","[0, 0]","[0, 0]",53
28,"[0, 3]",130.09999999999533,"[27, 79]","[0, 0]","[0, 0]",53
29,"[0, 1]",100.84999999999641,"[28, 27]","[0, 0]","[0, 0]",53
30,"[0, 1]",101.99999999999635,"[29, 29]","[0, 0]","[0, 0]",53
31,"[2, 1]",62.2499999999986,"[20, 20]","[10.25000000000001, 0]","[0, 0]",53
32,"[0, 1]",103.09999999999629,"[30, 30]","[0, 0]","[0, 0]",53
33,"[0, 1]",104.09999999999623,"[32, 32]","[0, 0]","[0, 0]",53
34,"[2, 3]",94.74999999999676,"[31, 19]","[12.35000000000004, 0]","[0, 0]",53
35,"[0, 1]",105.14999999999617,"[33, 33]","[0, 0]","[0, 0]",53
36,"[0, 3]",136.0999999999967,"[35, 28]","[0, 0]","[0, 0]",53
37,"[0, 3]",138.39999999999722,"[36, 36]","[0, 0]","[0, 0]",53
38,"[0, 1]",109.9499999999959,"[37, 35]","[0, 0]","[0, 0]",53
39,"[0, 1]",111.04999999999583,"[38, 38]","[0, 0]","[0, 0]",53
40,"[0, 1]",112.14999999999577,"[39, 39]","[0, 0]","[0, 0]",53
41,"[0, 1]",113.19999999999571,"[40, 40]","[0, 0]","[0, 0]",53
42,"[0, 1]",114.19999999999565,"[41, 41]","[0, 0]","[0, 0]",53
43,"[0, 1]",115.29999999999559,"[42, 42]","[0, 0]","[0, 0]",53
44,"[0, 3]",146.29999999999902,"[43, 37]","[0, 0]","[0, 0]",53
45,"[0, 1]",119.04999999999538,"[44, 43]","[0, 0]","[0, 0]",53
46,"[0, 1]",120.14999999999532,"[45, 45]","[0.39999999999999997, 0]","[0, 0]",53
47,"[0, 1]",121.24999999999525,"[46, 46]","[1.3500000000000005, 0]","[0, 0]",53
48,"[0, 3]",152.25000000000037,"[47, 44]","[1.850000000000001, 0]","[0, 0]",53
49,"[0, 1]",124.99999999999504,"[48, 47]","[2.25, 0]","[0, 0]",53
50,"[0, 3]",156.3000000000013,"[49, 48]","[2.499999999999999, 0]","[0, 0]",53
51,"[0, 1]",128.79999999999504,"[50, 49]","[2.7499999999999982, 0]","[0, 0]",53
52,"[0, 1]",129.8999999999953,"[51, 51]","[3.049999999999997, 0]","[0, 0]",53
53,"[2, 1]",71.44999999999808,"[34, 22]","[10.050000000000008, 0]","[0, 0]",53
54,"[0, 1]",130.94999999999553,"[52, 52]","[3.349999999999996, 0]","[0, 0]",53
55,"[0, 1]",131.84999999999573,"[54, 54]","[3.699999999999995, 0]","[0, 0]",53
56,"[0, 3]",162.80000000000277,"[55, 50]","[3.4999999999999956, 0]","[0, 0]",53
57,"[2, 1]",77.09999999999776,"[53, 23]","[8.399999999999984, 0]","[0, 0]",53
58,"[0, 3]",165.00000000000327,"[56, 56]","[2.8999999999999977, 0]","[0, 0]",53
59,"[2, 1]",77.49999999999774,"[57, 57]","[6.949999999999983, 0]","[0, 0]",53
60,"[2, 1]",79.59999999999762,"[59, 59]","[5.4999999999999885, 0]","[0, 0]",53
61,"[0, 3]",160.05000000000214,"[58, 58]","[1.5500000000000007, 0]","[0, 0]",53
62,"[0, 1]",130.3999999999954,"[61, -999]","[1.4000000000000006, 0]","[0, 0]",53
63,"[0, 3]",161.6000000000025,"[62, 61]","[0.9000000000000002, 0]","[0, 0]",53
64,"[0, 1]",133.9499999999962,"[63, 62]","[0, 0]","[0, 0]",53
65,"[0, 3]",163.60000000000295,"[64, 63]","[0, 0]","[0, 0]",53
66,"[0, 1]",132.29999999999583,"[65, 64]","[0, 0]","[0, 0]",53
67,"[0, 1]",133.14999999999603,"[66, 66]","[0, 0]","[0, 0]",53
68,"[0, 1]",133.99999999999622,"[67, 67]","[0.49999999999999994, 0]","[0, 0]",53
69,"[0, 1]",134.7999999999964,"[68, 68]","[1.1500000000000004, 0]","[0, 0]",53
70,"[0, 3]",165.45000000000337,"[69, 65]","[1.6500000000000008, 0]","[0, 0]",53
71,"[0, 1]",137.8999999999971,"[70, 69]","[1.7500000000000009, 0]","[0, 0]",53
72,"[0, 3]",168.95000000000417,"[71, 70]","[1.1500000000000004, 0]","[0, 0]",53
73,"[0, 3]",165.2000000000033,"[72, 72]","[0, 0]","[0, 0]",53
74,"[0, 1]",135.6999999999966,"[73, 71]","[0, 0]","[0, 0]",53
75,"[0, 1]",136.4999999999968,"[74, 74]","[0, 0]","[0, 0]",53
76,"[0, 1]",137.19999999999695,"[75, 75]","[0, 0]","[0, 0]",53
77,"[0, 1]",137.34999999999698,"[76, 76]","[0, 0]","[0, 0]",53
78,"[0, 1]",137.34999999999698,"[77, 77]","[0, 0]","[0, 0]",53
79,"[2, 3]",102.69999999999631,"[60, 26]","[0, 0]","[0, 0]",53
0,"[2, 3]",67.7499999999983,"[-999, -999]","[0, 0]","[0, 0]",54
1,"[2, 3]",70.84999999999812,"[0, 0]","[0, 0]","[0, 0]",54
2,"[0, 1]",67.79999999999829,"[-999, 9]","[0, 0]","[0, 0]",54
3,"[2, 1]",37.550000000000004,"[1, -999]","[0, 0]","[0, 0]",54
4,"[2, 1]",39.49999999999989,"[3, 3]","[0, 0]","[0, 0]",54
5,"[0, 1]",74.39999999999792,"[2, 11]","[1.7500000000000009, 0]","[1.7500000000000009, 0]",54
6,"[0, 1]",79.9499999999976,"[5, 23]","[2.3999999999999995, 0]","[2.3999999999999995, 0]",54
7,"[2, 1]",41.44999999999978,"[4, 4]","[0, 0]","[0, 0]",54
8,"[2, 1]",43.29999999999968,"[7, 7]","[0, 0]","[0, 0]",54
9,"[2, 1]",44.79999999999959,"[8, 8]","[0, 0]","[0, 0]",54
10,"[2, 3]",74.7499999999979,"[9, 1]","[0, 0]","[0, 0]",54
11,"[2, 1]",46.89999999999947,"[10, 2]","[0, 0]","[0, 0]",54
12,"[0, 3]",110.24999999999588,"[6, 47]","[0, 0]","[0, 0]",54
13,"[0, 3]",111.99999999999578,"[12, 12]","[0, 0]","[0, 0]",54
14,"[0, 1]",83.14999999999742,"[13, 6]","[0, 0]","[0, 0]",54
15,"[0, 1]",84.24999999999736,"[14, 14]","[0, 0]","[0, 0]",54
16,"[0, 3]",112.44999999999575,"[15, 13]","[0, 0]","[0, 0]",54
17,"[0, 3]",114.79999999999562,"[16, 16]","[0, 0]","[0, 0]",54
18,"[0, 3]",116.39999999999553,"[17, 17]","[0, 0]","[0, 0]",54
19,"[0, 3]",123.19999999999514,"[18, 71]","[1.800000000000001, 0]","[1.800000000000001, 0]",54
20,"[0, 3]",124.0499999999951,"[19, 19]","[0, 0]","[0, 0]",54
21,"[0, 1]",92.69999999999688,"[20, 79]","[0, 0]","[0, 0]",54
22,"[0, 3]",124.14999999999509,"[21, 20]","[0, 0]","[0, 0]",54
23,"[2, 1]",53.79999999999908,"[11, 5]","[2.499999999999999, 0]","[2.499999999999999, 0]",54
24,"[0, 1]",96.39999999999667,"[22, 21]","[0, 0]","[0, 0]",54
25,"[0, 1]",97.4999999999966,"[24, 24]","[0, 0]","[0, 0]",54
26,"[0, 1]",98.64999999999654,"[25, 25]","[0, 0]","[0, 0]",54
27,"[0, 1]",99.69999999999648,"[26, 26]","[0, 0]","[0, 0]",54
28,"[0, 1]",100.69999999999642,"[27, 27]","[0, 0]","[0, 0]",54
29,"[0, 1]",101.79999999999636,"[28, 28]","[0, 0]","[0, 0]",54
30,"[0, 1]",102.8999999999963,"[29, 29]","[0, 0]","[0, 0]",54
31,"[0, 1]",103.89999999999624,"[30, 30]","[0, 0]","[0, 0]",54
32,"[0, 1]",104.84999999999619,"[31, 31]","[0, 0]","[0, 0]",54
33,"[0, 1]",105.94999999999612,"[32, 32]","[0, 0]","[0, 0]",54
34,"[0, 3]",136.84999999999687,"[33, -999]","[0, 0]","[0, 0]",54
35,"[0, 3]",139.1999999999974,"[34, 34]","[0, 0]","[0, 0]",54
36,"[0, 1]",110.69999999999585,"[35, 33]","[0, 0]","[0, 0]",54
37,"[0, 1]",111.79999999999579,"[36, 36]","[0, 0]","[0, 0]",54
38,"[0, 3]",143.04999999999828,"[37, 35]","[0, 0]","[0, 0]",54
39,"[0, 3]",145.3499999999988,"[38, 38]","[0, 0]","[0, 0]",54
40,"[0, 1]",116.7999999999955,"[39, 37]","[0, 0]","[0, 0]",54
41,"[0, 1]",117.89999999999544,"[40, 40]","[0, 0]","[0, 0]",54
42,"[0, 1]",118.94999999999538,"[41, 41]","[0.8000000000000002, 0]","[0, 0]",54
43,"[0, 3]",149.99999999999986,"[42, 39]","[0.8500000000000002, 0]","[0, 0]",54
44,"[0, 1]",122.74999999999517,"[43, 42]","[0.25, 0]","[0, 0]",54
45,"[0, 3]",154.1000000000008,"[44, 43]","[0, 0]","[0, 0]",54
46,"[0, 3]",156.3000000000013,"[45, 45]","[0, 0]","[0, 0]",54
47,"[2, 3]",68.54999999999825,"[23, 10]","[0, 0]","[0, 0]",54
48,"[0, 1]",127.79999999999488,"[46, 44]","[0, 0]","[0, 0]",54
49,"[0, 1]",128.84999999999505,"[48, 48]","[0, 0]","[0, 0]",54
50,"[0, 1]",129.74999999999525,"[49, 49]","[0, 0]","[0, 0]",54
51,"[0, 1]",129.4999999999952,"[50, 50]","[0, 0]","[0, 0]",54
52,"[0, 3]",159.35000000000198,"[51, 46]","[0, 0]","[0, 0]",54
53,"[0, 1]",131.7499999999957,"[52, 51]","[0, 0]","[0, 0]",54
54,"[0, 1]",132.69999999999592,"[53, 53]","[0, 0]","[0, 0]",54
55,"[0, 1]",133.64999999999614,"[54, 54]","[0, 0]","[0, 0]",54
56,"[0, 3]",164.55000000000317,"[55, 52]","[0, 0]","[0, 0]",54
57,"[0, 1]",136.9999999999969,"[56, 55]","[0, 0]","[0, 0]",54
58,"[0, 1]",137.64999999999705,"[57, 57]","[0, 0]","[0, 0]",54
59,"[0, 1]",137.94999999999712,"[58, 58]","[0.2, 0]","[0, 0]",54
60,"[0, 1]",132.49999999999588,"[59, 59]","[0, 0]","[0, 0]",54
61,"[0, 1]",132.1999999999958,"[60, 60]","[0, 0]","[0, 0]",54
62,"[0, 1]",132.79999999999595,"[61, 61]","[0, 0]","[0, 0]",54
63,"[0, 1]",133.29999999999606,"[62, 62]","[0, 0]","[0, 0]",54
64,"[0, 1]",132.84999999999596,"[63, 63]","[0, 0]","[0, 0]",54
65,"[0, 3]",162.20000000000263,"[64, 56]","[0, 0]","[0, 0]",54
66,"[0, 1]",133.79999999999617,"[65, 64]","[0, 0]","[0, 0]",54
67,"[0, 3]",163.60000000000295,"[66, 65]","[0, 0]","[0, 0]",54
68,"[0, 1]",134.94999999999644,"[67, 66]","[0, 0]","[0, 0]",54
69,"[0, 3]",165.50000000000338,"[68, 67]","[0, 0]","[0, 0]",54
70,"[0, 1]",137.09999999999692,"[69, 68]","[0, 0]","[0, 0]",54
71,"[2, 3]",85.64999999999728,"[47, 18]","[9.800000000000004, 0]","[9.800000000000004, 0]",54
72,"[0, 3]",166.8500000000037,"[70, 69]","[0, 0]","[0, 0]",54
73,"[0, 1]",135.39999999999654,"[72, 70]","[0, 0]","[0, 0]",54
74,"[0, 1]",133.049999999996,"[73, 73]","[0, 0]","[0, 0]",54
75,"[0, 1]",133.74999999999616,"[74, 74]","[0, 0]","[0, 0]",54
76,"[0, 1]",134.54999999999634,"[75, 75]","[0, 0]","[0, 0]",54
77,"[0, 1]",135.2499999999965,"[76, 76]","[0, 0]","[0, 0]",54
78,"[0, 3]",165.5500000000034,"[77, 72]","[0, 0]","[0, 0]",54
79,"[2, 1]",51.39999999999922,"[71, -999]","[4.749999999999991, 0]","[2.8999999999999977, 0]",54
0,"[2, 3]",67.7499999999983,"[-999, -999]","[0, 0]","[0, 0]",55
1,"[2, 3]",70.84999999999812,"[0, 0]","[0, 0]","[0, 0]",55
2,"[2, 1]",37.550000000000004,"[1, -999]","[0, 0]","[0, 0]",55
3,"[0, 1]",69.59999999999819,"[-999, 13]","[0, 0]","[0, 0]",55
4,"[2, 1]",39.49999999999989,"[2, 2]","[0, 0]","[0, 0]",55
5,"[0, 3]",101.54999999999637,"[3, 16]","[0, 0]","[0, 0]",55
6,"[0, 3]",108.24999999999599,"[5, 32]","[2.499999999999999, 0]","[2.499999999999999, 0]",55
7,"[0, 3]",109.04999999999595,"[6, 6]","[0, 0]","[0, 0]",55
8,"[2, 1]",41.44999999999978,"[4, 4]","[0, 0]","[0, 0]",55
9,"[2, 1]",43.29999999999968,"[8, 8]","[0, 0]","[0, 0]",55
10,"[2, 3]",73.64999999999796,"[9, 1]","[0, 0]","[0, 0]",55
11,"[0, 3]",109.8999999999959,"[7, 7]","[0, 0]","[0, 0]",55
12,"[0, 3]",110.79999999999585,"[11, 11]","[0, 0]","[0, 0]",55
13,"[2, 1]",41.749999999999766,"[10, 9]","[0, 0]","[0, 0]",55
14,"[0, 1]",80.19999999999759,"[12, 39]","[0, 0]","[0, 0]",55
15,"[0, 3]",112.84999999999573,"[14, 46]","[0, 0]","[0, 0]",55
16,"[2, 3]",74.04999999999794,"[13, 10]","[0, 0]","[0, 0]",55
17,"[0, 3]",114.04999999999566,"[15, 15]","[0, 0]","[0, 0]",55
18,"[0, 3]",120.19999999999531,"[17, 58]","[2.5999999999999988, 0]","[2.5999999999999988, 0]",55
19,"[0, 1]",90.649999999997,"[18, 67]","[0, 0]","[0, 0]",55
20,"[0, 3]",121.19999999999526,"[19, 18]","[0, 0]","[0, 0]",55
21,"[0, 3]",123.34999999999513,"[20, 20]","[0, 0]","[0, 0]",55
22,"[0, 1]",93.84999999999681,"[21, 79]","[0, 0]","[0, 0]",55
23,"[0, 1]",94.94999999999675,"[22, 22]","[0, 0]","[0, 0]",55
24,"[0, 3]",126.04999999999498,"[23, 21]","[0, 0]","[0, 0]",55
25,"[0, 1]",98.74999999999653,"[24, 23]","[0, 0]","[0, 0]",55
26,"[0, 3]",130.09999999999533,"[25, 24]","[0, 0]","[0, 0]",55
27,"[0, 3]",132.34999999999584,"[26, 26]","[0, 0]","[0, 0]",55
28,"[0, 3]",133.9499999999962,"[27, 27]","[0, 0]","[0, 0]",55
29,"[0, 1]",104.94999999999618,"[28, -999]","[0, 0]","[0, 0]",55
30,"[0, 3]",136.34999999999675,"[29, 28]","[0, 0]","[0, 0]",55
31,"[0, 3]",138.54999999999725,"[30, 30]","[0, 0]","[0, 0]",55
32,"[2, 3]",81.09999999999754,"[16, 5]","[2.7499999999999982, 0]","[2.7499999999999982, 0]",55
33,"[0, 1]",110.04999999999589,"[31, 29]","[0, 0]","[0, 0]",55
34,"[0, 3]",141.49999999999793,"[33, 31]","[0.65, 0]","[0, 0]",55
35,"[0, 3]",143.69999999999843,"[34, 34]","[0.7500000000000001, 0]","[0, 0]",55
36,"[2, 1]",50.44999999999927,"[32, 3]","[3.399999999999996, 0]","[3.2499999999999964, 0]",55
37,"[0, 1]",115.1499999999956,"[35, 33]","[0, 0]","[0, 0]",55
38,"[2, 1]",52.69999999999914,"[36, 36]","[6.0499999999999865, 0]","[2.2, 0]",55
39,"[2, 1]",54.64999999999903,"[38, 38]","[6.299999999999986, 0]","[0, 0]",55
40,"[0, 1]",116.24999999999554,"[37, 37]","[0, 0]","[0, 0]",55
41,"[0, 1]",117.34999999999548,"[40, 40]","[0, 0]","[0, 0]",55
42,"[0, 3]",148.3999999999995,"[41, 35]","[0, 0]","[0, 0]",55
43,"[0, 1]",121.09999999999526,"[42, 41]","[0, 0]","[0, 0]",55
44,"[0, 1]",122.2499999999952,"[43, 43]","[0, 0]","[0, 0]",55
45,"[0, 1]",123.34999999999513,"[44, 44]","[0, 0]","[0, 0]",55
46,"[2, 3]",90.79999999999698,"[39, 12]","[6.5999999999999845, 0]","[0, 0]",55
47,"[0, 1]",124.39999999999507,"[45, 45]","[0, 0]","[0, 0]",55
48,"[0, 1]",125.44999999999501,"[47, 47]","[0, 0]","[0, 0]",55
49,"[2, 1]",60.69999999999869,"[46, 14]","[12.650000000000045, 0]","[0, 0]",55
50,"[0, 1]",126.49999999999496,"[48, 48]","[0, 0]","[0, 0]",55
51,"[0, 1]",127.4999999999949,"[50, 50]","[0, 0]","[0, 0]",55
52,"[0, 3]",158.5000000000018,"[51, 42]","[0, 0]","[0, 0]",55
53,"[0, 1]",131.19999999999558,"[52, 51]","[0, 0]","[0, 0]",55
54,"[0, 1]",132.24999999999582,"[53, 53]","[0, 0]","[0, 0]",55
55,"[0, 3]",163.3500000000029,"[54, 52]","[0, 0]","[0, 0]",55
56,"[0, 1]",135.59999999999658,"[55, 54]","[0, 0]","[0, 0]",55
57,"[0, 3]",166.0000000000035,"[56, 55]","[0, 0]","[0, 0]",55
58,"[2, 3]",93.59999999999683,"[49, 17]","[4.799999999999991, 0]","[0, 0]",55
59,"[0, 1]",137.449999999997,"[57, 56]","[0, 0]","[0, 0]",55
60,"[0, 1]",134.2999999999963,"[59, 59]","[0, 0]","[0, 0]",55
61,"[0, 1]",134.89999999999642,"[60, 60]","[0, 0]","[0, 0]",55
62,"[0, 1]",135.6499999999966,"[61, 61]","[0, 0]","[0, 0]",55
63,"[0, 3]",165.5500000000034,"[62, 57]","[0, 0]","[0, 0]",55
64,"[0, 1]",135.49999999999656,"[63, 62]","[0, 0]","[0, 0]",55
65,"[0, 3]",165.85000000000346,"[64, 63]","[0, 0]","[0, 0]",55
66,"[0, 1]",137.399999999997,"[65, 64]","[0, 0]","[0, 0]",55
67,"[2, 1]",56.549999999998924,"[58, 49]","[0, 0]","[0, 0]",55
68,"[0, 3]",164.45000000000314,"[66, 65]","[0, 0]","[0, 0]",55
69,"[0, 3]",165.80000000000345,"[68, 68]","[0, 0]","[0, 0]",55
70,"[2, 1]",65.54999999999842,"[67, 19]","[0, 0]","[0, 0]",55
71,"[0, 1]",136.89999999999688,"[69, 66]","[0, 0]","[0, 0]",55
72,"[0, 3]",167.90000000000393,"[71, 69]","[0, 0]","[0, 0]",55
73,"[0, 1]",139.34999999999744,"[72, 71]","[0, 0]","[0, 0]",55
74,"[0, 1]",138.19999999999717,"[73, 73]","[0, 0]","[0, 0]",55
75,"[0, 1]",138.14999999999716,"[74, 74]","[0, 0]","[0, 0]",55
76,"[0, 1]",138.39999999999722,"[75, 75]","[0, 0]","[0, 0]",55
77,"[0, 3]",168.80000000000413,"[76, 72]","[0, 0]","[0, 0]",55
78,"[0, 3]",170.8000000000046,"[77, 77]","[0, 0]","[0, 0]",55
79,"[2, 1]",59.94999999999873,"[70, 70]","[0, 0]","[0, 0]",55
0,"[0, 1]",73.79999999999795,"[-999, 11]","[0, 0]","[3.049999999999997, 0]",56
1,"[2, 3]",67.7499999999983,"[-999, -999]","[0, 0]","[0, 0]",56
2,"[2, 3]",70.79999999999812,"[1, 1]","[0, 0]","[0, 0]",56
3,"[2, 1]",37.550000000000004,"[2, -999]","[0, 0]","[0, 0]",56
4,"[2, 3]",70.69999999999813,"[3, 2]","[0, 0]","[0, 0]",56
5,"[0, 1]",77.69999999999773,"[0, 27]","[2.6999999999999984, 0]","[2.6999999999999984, 0]",56
6,"[2, 1]",38.049999999999976,"[4, 3]","[0, 0]","[0, 0]",56
7,"[2, 3]",71.04999999999811,"[6, 4]","[0, 0]","[0, 0]",56
8,"[0, 3]",108.199999999996,"[5, 30]","[0, 0]","[0, 0]",56
9,"[2, 1]",38.34999999999996,"[7, 6]","[0, 0]","[0, 0]",56
10,"[0, 1]",78.84999999999766,"[8, 39]","[0, 0]","[0, 0]",56
11,"[2, 1]",40.59999999999983,"[9, 9]","[0, 0]","[0, 0]",56
12,"[0, 1]",79.9499999999976,"[10, 10]","[0, 0]","[0, 0]",56
13,"[2, 3]",72.04999999999805,"[11, 7]","[0, 0]","[0, 0]",56
14,"[0, 1]",80.99999999999754,"[12, 12]","[0, 0]","[0, 0]",56
15,"[0, 1]",82.09999999999748,"[14, 14]","[0, 0]","[0, 0]",56
16,"[0, 3]",112.89999999999573,"[15, 64]","[0, 0]","[0, 0]",56
17,"[0, 1]",86.39999999999723,"[16, 71]","[0, 0]","[0, 0]",56
18,"[0, 1]",96.09999999999668,"[17, 79]","[5.399999999999989, 0]","[5.399999999999989, 0]",56
19,"[0, 3]",124.49999999999507,"[18, 16]","[0, 0]","[0, 0]",56
20,"[0, 1]",97.19999999999662,"[19, 18]","[0, 0]","[0, 0]",56
21,"[0, 1]",98.24999999999656,"[20, 20]","[0, 0]","[0, 0]",56
22,"[0, 3]",129.39999999999517,"[21, 19]","[0, 0]","[0, 0]",56
23,"[0, 1]",102.09999999999634,"[22, 21]","[0, 0]","[0, 0]",56
24,"[0, 3]",133.4499999999961,"[23, 22]","[0, 0]","[0, 0]",56
25,"[0, 1]",105.94999999999612,"[24, 23]","[0, 0]","[0, 0]",56
26,"[0, 3]",137.34999999999698,"[25, 24]","[1.5000000000000007, 0]","[0, 0]",56
27,"[2, 1]",44.049999999999635,"[13, 0]","[0, 0]","[0, 0]",56
28,"[0, 3]",139.54999999999748,"[26, 26]","[2.2, 0]","[0, 0]",56
29,"[0, 1]",111.04999999999583,"[28, 25]","[2.6999999999999984, 0]","[0, 0]",56
30,"[2, 3]",74.19999999999793,"[27, 13]","[0, 0]","[0, 0]",56
31,"[0, 3]",142.54999999999816,"[29, 28]","[2.9999999999999973, 0]","[0, 0]",56
32,"[0, 1]",114.99999999999561,"[31, 29]","[3.149999999999997, 0]","[0, 0]",56
33,"[0, 1]",116.14999999999554,"[32, 32]","[3.349999999999996, 0]","[0, 0]",56
34,"[0, 1]",117.24999999999548,"[33, 33]","[3.4999999999999956, 0]","[0, 0]",56
35,"[0, 3]",148.29999999999947,"[34, 31]","[3.949999999999994, 0]","[0, 0]",56
36,"[0, 3]",150.54999999999998,"[35, 35]","[4.499999999999992, 0]","[0, 0]",56
37,"[0, 3]",152.10000000000034,"[36, 36]","[4.449999999999992, 0]","[0, 0]",56
38,"[0, 1]",123.04999999999515,"[37, -999]","[3.999999999999994, 0]","[0, 0]",56
39,"[2, 1]",46.59999999999949,"[30, 5]","[0, 0]","[0, 0]",56
40,"[0, 1]",124.14999999999509,"[38, 38]","[3.399999999999996, 0]","[0, 0]",56
41,"[0, 1]",125.24999999999503,"[40, 40]","[2.799999999999998, 0]","[0, 0]",56
42,"[0, 1]",126.24999999999497,"[41, 41]","[2.2, 0]","[0, 0]",56
43,"[0, 1]",127.29999999999491,"[42, 42]","[1.6000000000000008, 0]","[0, 0]",56
44,"[0, 3]",158.25000000000173,"[43, 37]","[1.0000000000000002, 0]","[0, 0]",56
45,"[0, 1]",130.99999999999554,"[44, 43]","[0, 0]","[0, 0]",56
46,"[0, 3]",162.35000000000267,"[45, 44]","[0, 0]","[0, 0]",56
47,"[0, 1]",134.89999999999642,"[46, 45]","[0, 0]","[0, 0]",56
48,"[0, 3]",165.85000000000346,"[47, 46]","[0, 0]","[0, 0]",56
49,"[0, 3]",164.7000000000032,"[48, 48]","[0, 0]","[0, 0]",56
50,"[0, 1]",135.6499999999966,"[49, 47]","[0, 0]","[0, 0]",56
51,"[0, 1]",136.5499999999968,"[50, 50]","[0, 0]","[0, 0]",56
52,"[0, 1]",137.49999999999702,"[51, 51]","[0, 0]","[0, 0]",56
53,"[0, 1]",138.09999999999715,"[52, 52]","[0, 0]","[0, 0]",56
54,"[0, 3]",167.05000000000373,"[53, 49]","[0, 0]","[0, 0]",56
55,"[0, 1]",137.24999999999696,"[54, 53]","[0, 0]","[0, 0]",56
56,"[0, 3]",164.95000000000326,"[55, 54]","[0, 0]","[0, 0]",56
57,"[0, 1]",136.69999999999683,"[56, 55]","[0, 0]","[0, 0]",56
58,"[0, 3]",167.65000000000387,"[57, 56]","[0, 0]","[0, 0]",56
59,"[0, 3]",164.95000000000326,"[58, 58]","[0, 0]","[0, 0]",56
60,"[0, 3]",165.25000000000333,"[59, 59]","[0, 0]","[0, 0]",56
61,"[0, 1]",135.94999999999666,"[60, -999]","[0, 0]","[0, 0]",56
62,"[0, 1]",136.44999999999678,"[61, 61]","[0, 0]","[0, 0]",56
63,"[0, 3]",165.90000000000347,"[62, 60]","[0, 0]","[0, 0]",56
64,"[2, 3]",68.14999999999827,"[39, 8]","[0, 0]","[0, 0]",56
65,"[0, 3]",167.25000000000378,"[63, 63]","[0.8000000000000002, 0]","[0, 0]",56
66,"[0, 1]",137.74999999999707,"[65, 62]","[1.2000000000000004, 0]","[0, 0]",56
67,"[0, 3]",167.10000000000375,"[66, 65]","[1.4500000000000006, 0]","[0, 0]",56
68,"[0, 1]",138.7999999999973,"[67, 66]","[1.4500000000000006, 0]","[0, 0]",56
69,"[0, 3]",169.85000000000437,"[68, 67]","[0.9000000000000002, 0]","[0, 0]",56
70,"[0, 3]",170.65000000000455,"[69, 69]","[0, 0]","[0, 0]",56
71,"[2, 1]",37.25000000000002,"[64, 15]","[0, 0]","[0, 0]",56
72,"[0, 1]",137.24999999999696,"[70, 68]","[0, 0]","[0, 0]",56
73,"[0, 3]",168.40000000000404,"[72, 70]","[0, 0]","[0, 0]",56
74,"[0, 1]",140.64999999999773,"[73, 72]","[0, 0]","[0, 0]",56
75,"[0, 1]",140.9499999999978,"[74, 74]","[0, 0]","[0, 0]",56
76,"[0, 1]",139.39999999999745,"[75, 75]","[0, 0]","[0, 0]",56
77,"[2, 1]",42.74999999999971,"[71, 17]","[0, 0]","[0, 0]",56
78,"[0, 1]",137.24999999999696,"[76, 76]","[0, 0]","[0, 0]",56
79,"[2, 1]",43.349999999999675,"[77, 77]","[0, 0]","[0, 0]",56
0,"[2, 1]",36.40000000000007,"[-999, -999]","[0, 0]","[0, 0]",57
1,"[2, 3]",68.49999999999825,"[0, -999]","[0, 0]","[0, 0]",57
2,"[2, 3]",71.1999999999981,"[1, 1]","[0, 0]","[0, 0]",57
3,"[2, 3]",73.049999999998,"[2, 2]","[0, 0]","[0, 0]",57
4,"[2, 3]",74.6999999999979,"[3, 3]","[0, 0]","[0, 0]",57
5,"[2, 1]",40.04999999999986,"[4, -999]","[0, 0]","[0, 0]",57
6,"[2, 1]",42.299999999999734,"[5, 5]","[0, 0]","[0, 0]",57
7,"[2, 3]",72.74999999999801,"[6, 4]","[0, 0]","[0, 0]",57
8,"[2, 1]",40.29999999999985,"[7, 6]","[0, 0]","[0, 0]",57
9,"[2, 1]",42.49999999999972,"[8, 8]","[0, 0]","[0, 0]",57
10,"[0, 1]",68.94999999999823,"[-999, 9]","[0, 0]","[0, 0]",57
11,"[0, 3]",105.89999999999613,"[10, 35]","[2.25, 0]","[2.25, 0]",57
12,"[0, 1]",76.24999999999781,"[11, 10]","[0, 0]","[0, 0]",57
13,"[0, 1]",77.34999999999775,"[12, 12]","[0, 0]","[0, 0]",57
14,"[0, 1]",78.49999999999768,"[13, 13]","[0, 0]","[0, 0]",57
15,"[0, 3]",109.69999999999591,"[14, 52]","[0, 0]","[0, 0]",57
16,"[0, 3]",111.94999999999578,"[15, 15]","[0, 0]","[0, 0]",57
17,"[0, 3]",113.54999999999569,"[16, 16]","[0, 0]","[0, 0]",57
18,"[2, 3]",72.69999999999801,"[9, 7]","[0, 0]","[0, 0]",57
19,"[0, 3]",119.84999999999533,"[17, 78]","[3.2499999999999964, 0]","[3.2499999999999964, 0]",57
20,"[0, 3]",120.84999999999528,"[19, 19]","[0, 0]","[0, 0]",57
21,"[0, 1]",90.69999999999699,"[20, 79]","[0, 0]","[0, 0]",57
22,"[0, 3]",122.0999999999952,"[21, 20]","[0, 0]","[0, 0]",57
23,"[0, 1]",94.49999999999677,"[22, 21]","[0, 0]","[0, 0]",57
24,"[0, 3]",125.89999999999499,"[23, 22]","[0, 0]","[0, 0]",57
25,"[0, 1]",98.39999999999655,"[24, 23]","[0, 0]","[0, 0]",57
26,"[0, 3]",129.74999999999525,"[25, 24]","[0, 0]","[0, 0]",57
27,"[0, 3]",131.99999999999577,"[26, 26]","[0, 0]","[0, 0]",57
28,"[0, 1]",103.49999999999626,"[27, 25]","[0, 0]","[0, 0]",57
29,"[0, 1]",104.5999999999962,"[28, 28]","[0, 0]","[0, 0]",57
30,"[0, 1]",105.69999999999614,"[29, 29]","[0, 0]","[0, 0]",57
31,"[0, 1]",106.74999999999608,"[30, 30]","[0, 0]","[0, 0]",57
32,"[0, 3]",137.74999999999707,"[31, 27]","[0, 0]","[0, 0]",57
33,"[0, 1]",110.54999999999586,"[32, 31]","[0, 0]","[0, 0]",57
34,"[0, 1]",111.6999999999958,"[33, 33]","[0, 0]","[0, 0]",57
35,"[2, 3]",75.09999999999788,"[18, 18]","[0, 0]","[0, 0]",57
36,"[0, 3]",142.79999999999822,"[34, 32]","[0, 0]","[0, 0]",57
37,"[0, 1]",115.54999999999558,"[36, 34]","[0, 0]","[0, 0]",57
38,"[0, 3]",146.89999999999915,"[37, 36]","[0, 0]","[0, 0]",57
39,"[0, 1]",119.44999999999536,"[38, 37]","[0, 0]","[0, 0]",57
40,"[0, 1]",120.5499999999953,"[39, 39]","[0, 0]","[0, 0]",57
41,"[0, 1]",121.64999999999523,"[40, 40]","[0, 0]","[0, 0]",57
42,"[0, 3]",152.65000000000046,"[41, 38]","[0, 0]","[0, 0]",57
43,"[0, 1]",125.39999999999502,"[42, 41]","[0, 0]","[0, 0]",57
44,"[0, 1]",126.49999999999496,"[43, 43]","[0, 0]","[0, 0]",57
45,"[0, 3]",157.6000000000016,"[44, 42]","[0, 0]","[0, 0]",57
46,"[0, 1]",130.3999999999954,"[45, 44]","[0, 0]","[0, 0]",57
47,"[0, 1]",131.49999999999565,"[46, 46]","[0, 0]","[0, 0]",57
48,"[0, 1]",132.5499999999959,"[47, 47]","[0, 0]","[0, 0]",57
49,"[0, 1]",133.59999999999613,"[48, 48]","[0, 0]","[0, 0]",57
50,"[0, 3]",164.50000000000315,"[49, 45]","[0, 0]","[0, 0]",57
51,"[0, 1]",137.14999999999694,"[50, 49]","[0, 0]","[0, 0]",57
52,"[2, 3]",71.0999999999981,"[35, 11]","[0, 0]","[0, 0]",57
53,"[0, 1]",137.8499999999971,"[51, 51]","[0, 0]","[0, 0]",57
54,"[0, 1]",136.9999999999969,"[53, 53]","[0, 0]","[0, 0]",57
55,"[0, 1]",134.8499999999964,"[54, 54]","[0, 0]","[0, 0]",57
56,"[0, 3]",164.85000000000323,"[55, 50]","[0, 0]","[0, 0]",57
57,"[0, 1]",137.09999999999692,"[56, 55]","[0, 0]","[0, 0]",57
58,"[0, 1]",137.79999999999708,"[57, 57]","[0, 0]","[0, 0]",57
59,"[0, 3]",168.200000000004,"[58, 56]","[0, 0]","[0, 0]",57
60,"[0, 1]",136.24999999999673,"[59, 58]","[0, 0]","[0, 0]",57
61,"[0, 3]",166.80000000000368,"[60, 59]","[0, 0]","[0, 0]",57
62,"[0, 1]",138.2499999999972,"[61, 60]","[0, 0]","[0, 0]",57
63,"[0, 3]",167.3500000000038,"[62, 61]","[0, 0]","[0, 0]",57
64,"[0, 1]",139.1999999999974,"[63, 62]","[0, 0]","[0, 0]",57
65,"[0, 3]",169.9500000000044,"[64, 63]","[0, 0]","[0, 0]",57
66,"[0, 1]",137.8999999999971,"[65, 64]","[0, 0]","[0, 0]",57
67,"[0, 3]",168.35000000000403,"[66, 65]","[0, 0]","[0, 0]",57
68,"[0, 1]",140.34999999999766,"[67, 66]","[0, 0]","[0, 0]",57
69,"[0, 3]",171.00000000000463,"[68, 67]","[0, 0]","[0, 0]",57
70,"[2, 1]",36.90000000000004,"[52, 14]","[0, 0]","[0, 0]",57
71,"[0, 1]",141.19999999999786,"[69, 68]","[0, 0]","[0, 0]",57
72,"[0, 3]",169.85000000000437,"[71, 69]","[0, 0]","[0, 0]",57
73,"[0, 3]",170.9000000000046,"[72, 72]","[0, 0]","[0, 0]",57
74,"[0, 1]",141.54999999999794,"[73, 71]","[0, 0]","[0, 0]",57
75,"[0, 3]",171.65000000000478,"[74, 73]","[0, 0]","[0, 0]",57
76,"[0, 1]",142.59999999999818,"[75, 74]","[0, 0]","[0, 0]",57
77,"[2, 1]",36.60000000000006,"[70, 70]","[0, 0]","[0, 0]",57
78,"[2, 3]",73.14999999999799,"[77, 17]","[0, 0]","[0, 0]",57
79,"[2, 1]",42.099999999999746,"[78, 77]","[0, 0]","[0, 0]",57
0,"[2, 1]",36.40000000000007,"[-999, -999]","[0, 0]","[0, 0]",58
1,"[2, 1]",38.09999999999997,"[0, 0]","[0, 0]","[0, 0]",58
2,"[2, 1]",39.89999999999987,"[1, 1]","[0, 0]","[0, 0]",58
3,"[2, 1]",41.79999999999976,"[2, 2]","[0, 0]","[0, 0]",58
4,"[2, 3]",69.79999999999818,"[3, -999]","[0, 0]","[0, 0]",58
5,"[2, 3]",72.39999999999803,"[4, 4]","[0, 0]","[0, 0]",58
6,"[0, 3]",99.04999999999652,"[-999, 8]","[0, 0]","[0, 0]",58
7,"[2, 3]",74.19999999999793,"[5, 5]","[0, 0]","[0, 0]",58
8,"[2, 3]",75.59999999999785,"[7, 7]","[0, 0]","[0, 0]",58
9,"[2, 1]",45.39999999999956,"[8, -999]","[0, 0]","[0, 0]",58
10,"[2, 3]",78.64999999999768,"[9, 6]","[0, 0]","[0, 0]",58
11,"[0, 3]",104.09999999999623,"[6, 10]","[0, 0]","[0, 0]",58
12,"[0, 1]",74.6499999999979,"[11, 9]","[0, 0]","[0, 0]",58
13,"[0, 3]",106.74999999999608,"[12, 16]","[0, 0]","[0, 0]",58
14,"[0, 1]",76.94999999999777,"[13, 12]","[0, 0]","[0, 0]",58
15,"[0, 1]",78.04999999999771,"[14, 14]","[0, 0]","[0, 0]",58
16,"[2, 3]",85.04999999999731,"[10, 11]","[3.1999999999999966, 0]","[3.1999999999999966, 0]",58
17,"[2, 3]",91.59999999999694,"[16, 13]","[3.2499999999999964, 0]","[3.2499999999999964, 0]",58
18,"[0, 1]",84.64999999999733,"[15, 44]","[2.7499999999999982, 0]","[2.7499999999999982, 0]",58
19,"[0, 1]",84.69999999999733,"[18, 18]","[0, 0]","[0, 0]",58
20,"[0, 3]",118.14999999999543,"[19, 52]","[0, 0]","[0, 0]",58
21,"[0, 3]",124.69999999999506,"[20, 79]","[2.3999999999999995, 0]","[2.3999999999999995, 0]",58
22,"[0, 1]",94.0999999999968,"[21, -999]","[0, 0]","[0, 0]",58
23,"[0, 3]",125.699999999995,"[22, 21]","[0, 0]","[0, 0]",58
24,"[0, 3]",127.79999999999488,"[23, 23]","[0, 0]","[0, 0]",58
25,"[0, 1]",99.1999999999965,"[24, 22]","[0, 0]","[0, 0]",58
26,"[0, 3]",130.69999999999547,"[25, 24]","[0, 0]","[0, 0]",58
27,"[0, 3]",132.89999999999597,"[26, 26]","[0, 0]","[0, 0]",58
28,"[0, 1]",104.29999999999622,"[27, 25]","[0, 0]","[0, 0]",58
29,"[0, 3]",135.74999999999662,"[28, 27]","[0, 0]","[0, 0]",58
30,"[0, 3]",137.99999999999713,"[29, 29]","[0, 0]","[0, 0]",58
31,"[0, 1]",109.39999999999593,"[30, 28]","[0, 0]","[0, 0]",58
32,"[0, 1]",110.49999999999586,"[31, 31]","[0, 0]","[0, 0]",58
33,"[0, 1]",111.5499999999958,"[32, 32]","[0, 0]","[0, 0]",58
34,"[0, 1]",112.64999999999574,"[33, 33]","[0.7000000000000001, 0]","[0, 0]",58
35,"[0, 1]",113.69999999999568,"[34, 34]","[1.1000000000000003, 0]","[0, 0]",58
36,"[0, 3]",144.64999999999864,"[35, 30]","[1.2500000000000004, 0]","[0, 0]",58
37,"[0, 3]",147.0499999999992,"[36, 36]","[1.3500000000000005, 0]","[0, 0]",58
38,"[0, 3]",148.64999999999955,"[37, 37]","[1.6000000000000008, 0]","[0, 0]",58
39,"[0, 1]",119.69999999999534,"[38, -999]","[2.1500000000000004, 0]","[0, 0]",58
40,"[0, 3]",151.1000000000001,"[39, 38]","[2.4499999999999993, 0]","[0, 0]",58
41,"[0, 3]",153.3000000000006,"[40, 40]","[2.1500000000000004, 0]","[0, 0]",58
42,"[0, 1]",124.74999999999505,"[41, 39]","[1.6500000000000008, 0]","[0, 0]",58
43,"[0, 3]",156.20000000000127,"[42, 41]","[1.0500000000000003, 0]","[0, 0]",58
44,"[2, 1]",65.29999999999843,"[17, 15]","[0, 0]","[0, 0]",58
45,"[0, 3]",158.40000000000177,"[43, 43]","[0.3, 0]","[0, 0]",58
46,"[2, 3]",95.7999999999967,"[44, 17]","[18.900000000000134, 0]","[0.35, 0]",58
47,"[0, 1]",129.84999999999528,"[45, 42]","[0, 0]","[0, 0]",58
48,"[0, 1]",130.94999999999553,"[47, 47]","[0, 0]","[0, 0]",58
49,"[0, 3]",162.1000000000026,"[48, 45]","[0, 0]","[0, 0]",58
50,"[0, 3]",164.10000000000306,"[49, 49]","[0, 0]","[0, 0]",58
51,"[0, 1]",133.14999999999603,"[50, 48]","[0, 0]","[0, 0]",58
52,"[2, 3]",97.29999999999661,"[46, 46]","[17.750000000000117, 0]","[0, 0]",58
53,"[0, 1]",133.4499999999961,"[51, 51]","[0, 0]","[0, 0]",58
54,"[0, 1]",134.3499999999963,"[53, 53]","[0, 0]","[0, 0]",58
55,"[0, 1]",134.89999999999642,"[54, 54]","[0, 0]","[0, 0]",58
56,"[0, 1]",133.049999999996,"[55, 55]","[0, 0]","[0, 0]",58
57,"[0, 1]",133.24999999999605,"[56, 56]","[0, 0]","[0, 0]",58
58,"[0, 3]",163.55000000000294,"[57, 50]","[0.35, 0]","[0, 0]",58
59,"[0, 3]",161.95000000000258,"[58, 58]","[1.1000000000000003, 0]","[0, 0]",58
60,"[0, 1]",132.6499999999959,"[59, 57]","[1.6000000000000008, 0]","[0, 0]",58
61,"[0, 1]",133.39999999999608,"[60, 60]","[2.0500000000000007, 0]","[0, 0]",58
62,"[0, 3]",164.40000000000313,"[61, 59]","[2.2, 0]","[0, 0]",58
63,"[0, 3]",166.4000000000036,"[62, 62]","[1.6500000000000008, 0]","[0, 0]",58
64,"[0, 1]",131.99999999999577,"[63, 61]","[0, 0]","[0, 0]",58
65,"[0, 3]",162.20000000000263,"[64, 63]","[0, 0]","[0, 0]",58
66,"[0, 1]",134.44999999999632,"[65, 64]","[0, 0]","[0, 0]",58
67,"[0, 3]",165.70000000000343,"[66, 65]","[0, 0]","[0, 0]",58
68,"[0, 1]",137.74999999999707,"[67, 66]","[0, 0]","[0, 0]",58
69,"[0, 3]",167.4000000000038,"[68, 67]","[0, 0]","[0, 0]",58
70,"[0, 1]",138.04999999999714,"[69, 68]","[0, 0]","[0, 0]",58
71,"[0, 1]",137.449999999997,"[70, 70]","[0, 0]","[0, 0]",58
72,"[0, 3]",167.55000000000385,"[71, 69]","[0, 0]","[0, 0]",58
73,"[0, 3]",165.70000000000343,"[72, 72]","[0, 0]","[0, 0]",58
74,"[0, 1]",136.19999999999672,"[73, 71]","[0, 0]","[0, 0]",58
75,"[0, 1]",136.74999999999685,"[74, 74]","[0, 0]","[0, 0]",58
76,"[0, 1]",136.74999999999685,"[75, 75]","[0, 0]","[0, 0]",58
77,"[0, 1]",136.0499999999967,"[76, 76]","[0.2, 0]","[0, 0]",58
78,"[0, 1]",135.94999999999666,"[77, 77]","[1.1500000000000004, 0]","[0, 0]",58
79,"[2, 3]",80.29999999999758,"[52, 20]","[2.3, 0]","[2.3, 0]",58
0,"[2, 1]",36.40000000000007,"[-999, -999]","[0, 0]","[0, 0]",59
1,"[2, 1]",38.09999999999997,"[0, 0]","[0, 0]","[0, 0]",59
2,"[2, 3]",68.64999999999824,"[1, -999]","[0, 0]","[0, 0]",59
3,"[2, 1]",37.40000000000001,"[2, 1]","[0, 0]","[0, 0]",59
4,"[2, 3]",70.24999999999815,"[3, 2]","[0, 0]","[0, 0]",59
5,"[2, 3]",72.59999999999802,"[4, 4]","[0, 0]","[0, 0]",59
6,"[2, 1]",38.44999999999995,"[5, 3]","[0, 0]","[0, 0]",59
7,"[0, 1]",75.09999999999788,"[-999, 11]","[0, 0]","[2.849999999999998, 0]",59
8,"[2, 1]",40.74999999999982,"[6, 6]","[0, 0]","[0, 0]",59
9,"[2, 1]",42.59999999999972,"[8, 8]","[0, 0]","[0, 0]",59
10,"[0, 1]",79.54999999999762,"[7, 13]","[2.000000000000001, 0]","[2.000000000000001, 0]",59
11,"[2, 1]",44.199999999999626,"[9, 9]","[0, 0]","[0, 0]",59
12,"[0, 1]",80.0499999999976,"[10, 10]","[0, 0]","[0, 0]",59
13,"[2, 1]",51.29999999999922,"[11, 7]","[1.1000000000000003, 0]","[1.1000000000000003, 0]",59
14,"[0, 3]",110.94999999999584,"[12, 5]","[0, 0]","[0, 0]",59
15,"[2, 1]",61.74999999999863,"[13, 12]","[9.650000000000002, 0]","[9.650000000000002, 0]",59
16,"[0, 1]",83.24999999999741,"[14, 15]","[0, 0]","[0, 0]",59
17,"[0, 3]",114.79999999999562,"[16, 23]","[0, 0]","[0, 0]",59
18,"[0, 3]",120.74999999999528,"[17, 26]","[2.2, 0]","[2.2, 0]",59
19,"[0, 1]",90.94999999999698,"[18, 30]","[0, 0]","[0, 0]",59
20,"[0, 1]",97.4999999999966,"[19, 32]","[2.1000000000000005, 0]","[2.1000000000000005, 0]",59
21,"[0, 1]",96.89999999999664,"[20, 20]","[0, 0]","[0, 0]",59
22,"[0, 3]",127.19999999999492,"[21, 18]","[0, 0]","[0, 0]",59
23,"[2, 3]",93.19999999999685,"[15, 14]","[12.250000000000039, 0]","[0.05, 0]",59
24,"[0, 3]",129.4999999999952,"[22, 22]","[0, 0]","[0, 0]",59
25,"[0, 1]",101.0499999999964,"[24, 79]","[0, 0]","[0, 0]",59
26,"[2, 3]",99.99999999999646,"[23, 17]","[10.85000000000002, 0]","[0, 0]",59
27,"[0, 1]",102.09999999999634,"[25, 25]","[0, 0]","[0, 0]",59
28,"[0, 3]",133.29999999999606,"[27, 24]","[0, 0]","[0, 0]",59
29,"[0, 3]",135.54999999999657,"[28, 28]","[0, 0]","[0, 0]",59
30,"[2, 1]",68.64999999999824,"[26, 16]","[13.200000000000053, 0]","[0, 0]",59
31,"[0, 1]",107.04999999999606,"[29, 27]","[0, 0]","[0, 0]",59
32,"[2, 1]",76.99999999999777,"[30, 19]","[22.25000000000018, 0]","[0, 0]",59
33,"[0, 3]",138.49999999999724,"[31, 29]","[0, 0]","[0, 0]",59
34,"[0, 1]",110.94999999999584,"[33, 31]","[0, 0]","[0, 0]",59
35,"[0, 3]",142.39999999999813,"[34, 33]","[0, 0]","[0, 0]",59
36,"[0, 1]",114.89999999999561,"[35, 34]","[0, 0]","[0, 0]",59
37,"[0, 3]",146.29999999999902,"[36, 35]","[0, 0]","[0, 0]",59
38,"[0, 1]",118.84999999999539,"[37, 36]","[0, 0]","[0, 0]",59
39,"[0, 1]",120.04999999999532,"[38, 38]","[0, 0]","[0, 0]",59
40,"[0, 3]",151.20000000000013,"[39, 37]","[0, 0]","[0, 0]",59
41,"[0, 1]",123.8999999999951,"[40, 39]","[0, 0]","[0, 0]",59
42,"[0, 1]",124.99999999999504,"[41, 41]","[0, 0]","[0, 0]",59
43,"[0, 1]",126.09999999999498,"[42, 42]","[0, 0]","[0, 0]",59
44,"[0, 1]",127.14999999999492,"[43, 43]","[0, 0]","[0, 0]",59
45,"[0, 3]",158.1500000000017,"[44, 40]","[0, 0]","[0, 0]",59
46,"[0, 1]",130.94999999999553,"[45, 44]","[0, 0]","[0, 0]",59
47,"[0, 1]",132.0999999999958,"[46, 46]","[0, 0]","[0, 0]",59
48,"[0, 1]",133.14999999999603,"[47, 47]","[0, 0]","[0, 0]",59
49,"[0, 3]",164.15000000000308,"[48, 45]","[0, 0]","[0, 0]",59
50,"[0, 3]",166.4000000000036,"[49, 49]","[0, 0]","[0, 0]",59
51,"[0, 3]",167.3500000000038,"[50, 50]","[0, 0]","[0, 0]",59
52,"[0, 1]",136.89999999999688,"[51, -999]","[0, 0]","[0, 0]",59
53,"[0, 3]",167.60000000000386,"[52, 51]","[0, 0]","[0, 0]",59
54,"[0, 1]",139.49999999999747,"[53, 52]","[0, 0]","[0, 0]",59
55,"[0, 3]",167.95000000000394,"[54, 53]","[0, 0]","[0, 0]",59
56,"[0, 1]",139.1499999999974,"[55, 54]","[0, 0]","[0, 0]",59
57,"[0, 3]",169.9500000000044,"[56, 55]","[0, 0]","[0, 0]",59
58,"[0, 3]",171.45000000000474,"[57, 57]","[0, 0]","[0, 0]",59
59,"[0, 3]",172.00000000000486,"[58, 58]","[0, 0]","[0, 0]",59
60,"[0, 1]",141.94999999999803,"[59, -999]","[0, 0]","[0, 0]",59
61,"[0, 3]",170.4000000000045,"[60, 59]","[0, 0]","[0, 0]",59
62,"[0, 1]",141.19999999999786,"[61, 60]","[0, 0]","[0, 0]",59
63,"[0, 3]",171.20000000000468,"[62, 61]","[0, 0]","[0, 0]",59
64,"[0, 1]",139.5999999999975,"[63, 62]","[0, 0]","[0, 0]",59
65,"[0, 3]",168.40000000000404,"[64, 63]","[0, 0]","[0, 0]",59
66,"[0, 1]",139.99999999999758,"[65, 64]","[0, 0]","[0, 0]",59
67,"[0, 3]",170.65000000000455,"[66, 65]","[0, 0]","[0, 0]",59
68,"[0, 1]",141.14999999999785,"[67, 66]","[0, 0]","[0, 0]",59
69,"[0, 1]",140.8999999999978,"[68, 68]","[0, 0]","[0, 0]",59
70,"[0, 3]",171.50000000000475,"[69, 67]","[0, 0]","[0, 0]",59
71,"[0, 1]",141.09999999999783,"[70, 69]","[0, 0]","[0, 0]",59
72,"[0, 3]",171.00000000000463,"[71, 70]","[0, 0]","[0, 0]",59
73,"[0, 1]",142.99999999999827,"[72, 71]","[0, 0]","[0, 0]",59
74,"[0, 1]",143.39999999999836,"[73, 73]","[0, 0]","[0, 0]",59
75,"[0, 3]",172.600000000005,"[74, 72]","[0, 0]","[0, 0]",59
76,"[0, 1]",143.49999999999838,"[75, 74]","[0, 0]","[0, 0]",59
77,"[0, 1]",143.74999999999844,"[76, 76]","[0, 0]","[0, 0]",59
78,"[0, 3]",174.20000000000536,"[77, 75]","[0, 0]","[0, 0]",59
79,"[2, 1]",63.14999999999855,"[32, 21]","[2.849999999999998, 0]","[2.849999999999998, 0]",59
0,"[2, 1]",36.40000000000007,"[-999, -999]","[0, 0]","[0, 0]",60
1,"[2, 3]",68.49999999999825,"[0, -999]","[0, 0]","[0, 0]",60
2,"[2, 1]",38.64999999999994,"[1, 0]","[0, 0]","[0, 0]",60
3,"[2, 1]",40.549999999999834,"[2, 2]","[0, 0]","[0, 0]",60
4,"[2, 1]",42.449999999999726,"[3, 3]","[0, 0]","[0, 0]",60
5,"[2, 1]",43.99999999999964,"[4, 4]","[0, 0]","[0, 0]",60
6,"[2, 1]",45.49999999999955,"[5, 5]","[0, 0]","[0, 0]",60
7,"[2, 1]",46.79999999999948,"[6, 6]","[0, 0]","[0, 0]",60
8,"[2, 1]",47.64999999999943,"[7, 7]","[0, 0]","[0, 0]",60
9,"[2, 1]",48.949999999999356,"[8, 8]","[0, 0]","[0, 0]",60
10,"[2, 3]",80.64999999999756,"[9, 11]","[0, 0]","[0, 0]",60
11,"[0, 3]",96.59999999999665,"[-999, 1]","[0, 0]","[0, 0]",60
12,"[0, 1]",70.34999999999815,"[11, 9]","[0, 0]","[0, 0]",60
13,"[2, 1]",52.69999999999914,"[10, 12]","[0, 0]","[0, 0]",60
14,"[0, 3]",103.69999999999625,"[12, 10]","[0, 0]","[0, 0]",60
15,"[0, 1]",75.64999999999785,"[14, 13]","[0, 0]","[0, 0]",60
16,"[0, 1]",76.4499999999978,"[15, 15]","[0, 0]","[0, 0]",60
17,"[0, 1]",77.49999999999774,"[16, 16]","[0, 0]","[0, 0]",60
18,"[0, 1]",83.4499999999974,"[17, 20]","[2.549999999999999, 0]","[2.549999999999999, 0]",60
19,"[0, 3]",115.49999999999558,"[18, 22]","[0, 0]","[0, 0]",60
20,"[2, 1]",71.54999999999808,"[13, 17]","[9.700000000000003, 0]","[9.700000000000003, 0]",60
21,"[0, 3]",117.04999999999549,"[19, 19]","[0, 0]","[0, 0]",60
22,"[2, 3]",100.89999999999641,"[20, 14]","[24.150000000000208, 0]","[0.05, 0]",60
23,"[0, 1]",89.09999999999708,"[21, 60]","[0, 0]","[0, 0]",60
24,"[0, 3]",121.14999999999526,"[23, 67]","[0, 0]","[0, 0]",60
25,"[0, 1]",92.94999999999686,"[24, 69]","[0, 0]","[0, 0]",60
26,"[0, 3]",123.39999999999513,"[25, 24]","[0, 0]","[0, 0]",60
27,"[0, 3]",125.54999999999501,"[26, 26]","[0, 0]","[0, 0]",60
28,"[0, 3]",127.14999999999492,"[27, 27]","[0, 0]","[0, 0]",60
29,"[0, 3]",128.34999999999494,"[28, 28]","[0, 0]","[0, 0]",60
30,"[0, 1]",99.1999999999965,"[29, -999]","[0, 0]","[0, 0]",60
31,"[0, 1]",100.29999999999644,"[30, 30]","[0, 0]","[0, 0]",60
32,"[0, 1]",101.34999999999638,"[31, 31]","[0, 0]","[0, 0]",60
33,"[0, 3]",132.44999999999587,"[32, 29]","[0, 0]","[0, 0]",60
34,"[0, 1]",105.14999999999617,"[33, 32]","[0, 0]","[0, 0]",60
35,"[0, 3]",136.5499999999968,"[34, 33]","[0, 0]","[0, 0]",60
36,"[0, 3]",138.7999999999973,"[35, 35]","[0, 0]","[0, 0]",60
37,"[0, 1]",110.34999999999587,"[36, 34]","[0, 0]","[0, 0]",60
38,"[0, 3]",141.74999999999798,"[37, 36]","[0, 0]","[0, 0]",60
39,"[0, 1]",114.19999999999565,"[38, 37]","[0, 0]","[0, 0]",60
40,"[2, 1]",73.19999999999798,"[22, 18]","[21.800000000000175, 0]","[0, 0]",60
41,"[0, 3]",145.49999999999883,"[39, 38]","[0, 0]","[0, 0]",60
42,"[0, 3]",147.74999999999935,"[41, 41]","[0, 0]","[0, 0]",60
43,"[0, 3]",149.3499999999997,"[42, 42]","[0, 0]","[0, 0]",60
44,"[0, 1]",120.3499999999953,"[43, -999]","[0, 0]","[0, 0]",60
45,"[0, 3]",151.75000000000026,"[44, 43]","[0, 0]","[0, 0]",60
46,"[0, 1]",124.24999999999508,"[45, 44]","[0, 0]","[0, 0]",60
47,"[0, 1]",125.39999999999502,"[46, 46]","[0, 0]","[0, 0]",60
48,"[0, 1]",126.49999999999496,"[47, 47]","[0, 0]","[0, 0]",60
49,"[0, 1]",127.5499999999949,"[48, 48]","[0, 0]","[0, 0]",60
50,"[0, 3]",158.5500000000018,"[49, 45]","[0, 0]","[0, 0]",60
51,"[0, 3]",160.90000000000234,"[50, 50]","[0, 0]","[0, 0]",60
52,"[0, 1]",132.29999999999583,"[51, 49]","[0, 0]","[0, 0]",60
53,"[0, 1]",133.19999999999604,"[52, 52]","[0, 0]","[0, 0]",60
54,"[0, 1]",134.09999999999624,"[53, 53]","[0, 0]","[0, 0]",60
55,"[0, 3]",165.00000000000327,"[54, 51]","[0, 0]","[0, 0]",60
56,"[0, 1]",137.24999999999696,"[55, 54]","[0, 0]","[0, 0]",60
57,"[0, 3]",164.3000000000031,"[56, 55]","[0, 0]","[0, 0]",60
58,"[0, 3]",166.0000000000035,"[57, 57]","[0, 0]","[0, 0]",60
59,"[0, 1]",137.399999999997,"[58, 56]","[0, 0]","[0, 0]",60
60,"[2, 1]",66.89999999999834,"[40, 40]","[11.55000000000003, 0]","[0, 0]",60
61,"[0, 1]",138.2999999999972,"[59, 59]","[0, 0]","[0, 0]",60
62,"[0, 3]",168.95000000000417,"[61, 58]","[0, 0]","[0, 0]",60
63,"[0, 1]",138.89999999999733,"[62, 61]","[0, 0]","[0, 0]",60
64,"[0, 1]",135.99999999999667,"[63, 63]","[0, 0]","[0, 0]",60
65,"[0, 3]",166.75000000000367,"[64, 62]","[0, 0]","[0, 0]",60
66,"[0, 1]",139.1999999999974,"[65, 64]","[0, 0]","[0, 0]",60
67,"[2, 3]",96.44999999999666,"[60, 21]","[6.399999999999985, 0]","[0, 0]",60
68,"[0, 1]",139.6499999999975,"[66, 66]","[0, 0]","[0, 0]",60
69,"[2, 1]",67.99999999999828,"[67, 23]","[5.14999999999999, 0]","[0, 0]",60
70,"[0, 3]",166.9000000000037,"[68, 65]","[0, 0]","[0, 0]",60
71,"[0, 1]",138.44999999999723,"[70, 68]","[0, 0]","[0, 0]",60
72,"[0, 1]",138.84999999999732,"[71, 71]","[0, 0]","[0, 0]",60
73,"[0, 1]",139.09999999999738,"[72, 72]","[0, 0]","[0, 0]",60
74,"[0, 1]",138.6999999999973,"[73, 73]","[0, 0]","[0, 0]",60
75,"[0, 1]",136.69999999999683,"[74, 74]","[0, 0]","[0, 0]",60
76,"[0, 1]",134.19999999999627,"[75, 75]","[0, 0]","[0, 0]",60
77,"[0, 1]",134.7499999999964,"[76, 76]","[0, 0]","[0, 0]",60
78,"[0, 1]",135.14999999999648,"[77, 77]","[0, 0]","[0, 0]",60
79,"[2, 1]",70.84999999999812,"[69, 25]","[3.1999999999999966, 0]","[3.1999999999999966, 0]",60
0,"[2, 1]",36.40000000000007,"[-999, -999]","[0, 0]","[0, 0]",61
1,"[2, 3]",68.49999999999825,"[0, -999]","[0, 0]","[0, 0]",61
2,"[2, 1]",38.599999999999945,"[1, 0]","[0, 0]","[0, 0]",61
3,"[2, 3]",69.64999999999819,"[2, 1]","[0, 0]","[0, 0]",61
4,"[2, 1]",39.89999999999987,"[3, 2]","[0, 0]","[0, 0]",61
5,"[0, 3]",96.64999999999665,"[-999, 3]","[0, 0]","[0, 0]",61
6,"[2, 1]",41.89999999999976,"[4, 4]","[0, 0]","[0, 0]",61
7,"[2, 1]",43.59999999999966,"[6, 6]","[0, 0]","[0, 0]",61
8,"[2, 1]",45.14999999999957,"[7, 7]","[0, 0]","[0, 0]",61
9,"[2, 1]",46.4499999999995,"[8, 8]","[0, 0]","[0, 0]",61
10,"[2, 1]",47.49999999999944,"[9, 9]","[0, 0]","[0, 0]",61
11,"[2, 1]",48.64999999999937,"[10, 10]","[0, 0]","[0, 0]",61
12,"[0, 3]",97.94999999999658,"[5, 5]","[0, 0]","[0, 0]",61
13,"[2, 3]",83.5999999999974,"[11, 14]","[3.399999999999996, 0]","[3.399999999999996, 0]",61
14,"[0, 3]",100.89999999999641,"[12, 12]","[0, 0]","[0, 0]",61
15,"[0, 1]",72.949999999998,"[14, 11]","[0, 0]","[0, 0]",61
16,"[0, 1]",73.89999999999795,"[15, 15]","[0, 0]","[0, 0]",61
17,"[2, 1]",65.8999999999984,"[13, 19]","[6.5999999999999845, 0]","[6.5999999999999845, 0]",61
18,"[2, 3]",98.04999999999657,"[17, 20]","[0, 0]","[0, 0]",61
19,"[0, 1]",74.89999999999789,"[16, 16]","[0, 0]","[0, 0]",61
20,"[0, 3]",106.14999999999611,"[19, 13]","[0, 0]","[0, 0]",61
21,"[0, 1]",78.04999999999771,"[20, 17]","[0, 0]","[0, 0]",61
22,"[0, 3]",110.69999999999585,"[21, 18]","[0, 0]","[0, 0]",61
23,"[0, 3]",112.04999999999578,"[22, 22]","[0, 0]","[0, 0]",61
24,"[2, 3]",111.24999999999582,"[18, 23]","[3.2999999999999963, 0]","[3.2999999999999963, 0]",61
25,"[0, 1]",82.89999999999743,"[23, 21]","[0, 0]","[0, 0]",61
26,"[2, 3]",117.74999999999545,"[24, 28]","[22.500000000000185, 0]","[0, 0]",61
27,"[2, 3]",123.69999999999511,"[26, 29]","[20.300000000000153, 0]","[0, 0]",61
28,"[0, 3]",114.74999999999562,"[25, 24]","[0, 0]","[0, 0]",61
29,"[0, 3]",120.59999999999529,"[28, 26]","[2.2, 0]","[2.2, 0]",61
30,"[0, 1]",89.84999999999704,"[29, -999]","[0, 0]","[0, 0]",61
31,"[0, 1]",91.04999999999697,"[30, 30]","[0, 0]","[0, 0]",61
32,"[0, 3]",122.99999999999515,"[31, 51]","[0, 0]","[0, 0]",61
33,"[0, 1]",94.29999999999679,"[32, 52]","[0, 0]","[0, 0]",61
34,"[0, 1]",95.04999999999674,"[33, 33]","[0, 0]","[0, 0]",61
35,"[0, 1]",100.9999999999964,"[34, 63]","[2.499999999999999, 0]","[2.499999999999999, 0]",61
36,"[0, 3]",132.44999999999587,"[35, 73]","[0, 0]","[0, 0]",61
37,"[0, 1]",103.44999999999627,"[36, 35]","[0, 0]","[0, 0]",61
38,"[0, 3]",134.8499999999964,"[37, 36]","[0, 0]","[0, 0]",61
39,"[0, 1]",107.24999999999605,"[38, 37]","[0, 0]","[0, 0]",61
40,"[0, 3]",138.59999999999727,"[39, 38]","[0, 0]","[0, 0]",61
41,"[0, 3]",140.79999999999777,"[40, 40]","[0, 0]","[0, 0]",61
42,"[0, 3]",142.39999999999813,"[41, 41]","[0, 0]","[0, 0]",61
43,"[0, 1]",113.3999999999957,"[42, -999]","[0, 0]","[0, 0]",61
44,"[0, 1]",114.44999999999564,"[43, 43]","[0, 0]","[0, 0]",61
45,"[0, 1]",115.54999999999558,"[44, 44]","[0, 0]","[0, 0]",61
46,"[0, 3]",146.6499999999991,"[45, 42]","[0, 0]","[0, 0]",61
47,"[0, 3]",148.94999999999962,"[46, 46]","[0, 0]","[0, 0]",61
48,"[0, 1]",120.4499999999953,"[47, 45]","[0, 0]","[0, 0]",61
49,"[0, 3]",151.9000000000003,"[48, 47]","[0, 0]","[0, 0]",61
50,"[0, 3]",154.1000000000008,"[49, 49]","[0, 0]","[0, 0]",61
51,"[2, 3]",124.79999999999505,"[27, 27]","[18.60000000000013, 0]","[0, 0]",61
52,"[2, 1]",94.79999999999676,"[51, 31]","[17.050000000000107, 0]","[0, 0]",61
53,"[0, 1]",125.54999999999501,"[50, 48]","[0, 0]","[0, 0]",61
54,"[0, 1]",126.59999999999495,"[53, 53]","[1.1500000000000004, 0]","[0, 0]",61
55,"[0, 3]",157.90000000000165,"[54, 50]","[2.1000000000000005, 0]","[0, 0]",61
56,"[0, 3]",160.15000000000217,"[55, 55]","[2.799999999999998, 0]","[0, 0]",61
57,"[0, 1]",131.64999999999569,"[56, 54]","[2.5999999999999988, 0]","[0, 0]",61
58,"[0, 3]",163.15000000000285,"[57, 56]","[2.549999999999999, 0]","[0, 0]",61
59,"[0, 1]",135.6499999999966,"[58, 57]","[2.6999999999999984, 0]","[0, 0]",61
60,"[0, 3]",167.05000000000373,"[59, 58]","[2.799999999999998, 0]","[0, 0]",61
61,"[0, 3]",169.25000000000423,"[60, 60]","[2.849999999999998, 0]","[0, 0]",61
62,"[0, 1]",140.59999999999772,"[61, 59]","[2.9999999999999973, 0]","[0, 0]",61
63,"[2, 1]",108.94999999999595,"[52, 34]","[18.300000000000125, 0]","[2.7499999999999982, 0]",61
64,"[0, 1]",140.39999999999768,"[62, 62]","[3.099999999999997, 0]","[0, 0]",61
65,"[0, 3]",170.4500000000045,"[64, 61]","[2.799999999999998, 0]","[0, 0]",61
66,"[0, 1]",142.19999999999808,"[65, 64]","[1.5000000000000007, 0]","[0, 0]",61
67,"[0, 3]",166.15000000000353,"[66, 65]","[0, 0]","[0, 0]",61
68,"[0, 1]",138.2999999999972,"[67, 66]","[0, 0]","[0, 0]",61
69,"[0, 1]",138.49999999999724,"[68, 68]","[0, 0]","[0, 0]",61
70,"[0, 3]",166.60000000000363,"[69, 67]","[0, 0]","[0, 0]",61
71,"[0, 1]",138.7499999999973,"[70, 69]","[0, 0]","[0, 0]",61
72,"[0, 1]",139.2499999999974,"[71, 71]","[0, 0]","[0, 0]",61
73,"[2, 3]",133.64999999999614,"[63, 32]","[9.950000000000006, 0]","[0, 0]",61
74,"[0, 1]",138.54999999999725,"[72, 72]","[0, 0]","[0, 0]",61
75,"[0, 3]",168.6500000000041,"[74, 70]","[0, 0]","[0, 0]",61
76,"[0, 1]",140.24999999999764,"[75, 74]","[0, 0]","[0, 0]",61
77,"[0, 1]",138.3499999999972,"[76, 76]","[0, 0]","[0, 0]",61
78,"[0, 3]",168.85000000000414,"[77, 75]","[0, 0]","[0, 0]",61
79,"[0, 3]",170.4000000000045,"[78, 78]","[0, 0]","[0, 0]",61
0,"[2, 1]",36.40000000000007,"[-999, -999]","[0, 0]","[0, 0]",62
1,"[2, 1]",38.09999999999997,"[0, 0]","[0, 0]","[0, 0]",62
2,"[2, 3]",68.64999999999824,"[1, -999]","[0, 0]","[0, 0]",62
3,"[2, 1]",37.40000000000001,"[2, 1]","[0, 0]","[0, 0]",62
4,"[2, 1]",39.19999999999991,"[3, 3]","[0, 0]","[0, 0]",62
5,"[0, 1]",74.6999999999979,"[-999, 9]","[0, 0]","[2.3499999999999996, 0]",62
6,"[2, 1]",41.0999999999998,"[4, 4]","[0, 0]","[0, 0]",62
7,"[2, 1]",42.9499999999997,"[6, 6]","[0, 0]","[0, 0]",62
8,"[2, 1]",44.549999999999606,"[7, 7]","[0, 0]","[0, 0]",62
9,"[2, 1]",45.999999999999524,"[8, 8]","[0, 0]","[0, 0]",62
10,"[2, 1]",52.39999999999916,"[9, 5]","[1.3000000000000005, 0]","[1.3000000000000005, 0]",62
11,"[0, 1]",76.3499999999978,"[5, 10]","[2.1000000000000005, 0]","[2.1000000000000005, 0]",62
12,"[0, 1]",77.39999999999775,"[11, 11]","[0, 0]","[0, 0]",62
13,"[0, 3]",108.34999999999599,"[12, 28]","[0, 0]","[0, 0]",62
14,"[0, 3]",110.54999999999586,"[13, 13]","[0, 0]","[0, 0]",62
15,"[0, 1]",82.04999999999748,"[14, 36]","[0, 0]","[0, 0]",62
16,"[0, 1]",82.89999999999743,"[15, 15]","[0, 0]","[0, 0]",62
17,"[0, 3]",113.89999999999567,"[16, 14]","[0, 0]","[0, 0]",62
18,"[0, 3]",116.19999999999554,"[17, 17]","[0, 0]","[0, 0]",62
19,"[0, 1]",87.49999999999717,"[18, 37]","[0, 0]","[0, 0]",62
20,"[0, 3]",119.44999999999536,"[19, 45]","[0, 0]","[0, 0]",62
21,"[0, 3]",120.74999999999528,"[20, 20]","[0, 0]","[0, 0]",62
22,"[0, 3]",122.04999999999521,"[21, 21]","[0, 0]","[0, 0]",62
23,"[0, 1]",94.44999999999678,"[22, 70]","[0, 0]","[0, 0]",62
24,"[0, 1]",94.89999999999675,"[23, 23]","[0, 0]","[0, 0]",62
25,"[0, 3]",125.84999999999499,"[24, 71]","[0, 0]","[0, 0]",62
26,"[0, 3]",128.04999999999487,"[25, 25]","[0, 0]","[0, 0]",62
27,"[0, 1]",99.3499999999965,"[26, 79]","[0, 0]","[0, 0]",62
28,"[2, 3]",81.04999999999754,"[10, 2]","[0, 0]","[0, 0]",62
29,"[0, 1]",100.39999999999644,"[27, 27]","[0, 0]","[0, 0]",62
30,"[2, 1]",58.649999999998805,"[28, 12]","[5.4999999999999885, 0]","[1.7500000000000009, 0]",62
31,"[0, 1]",101.44999999999638,"[29, 29]","[0, 0]","[0, 0]",62
32,"[0, 1]",102.54999999999632,"[31, 31]","[0, 0]","[0, 0]",62
33,"[0, 1]",103.54999999999626,"[32, 32]","[0, 0]","[0, 0]",62
34,"[0, 1]",104.5499999999962,"[33, 33]","[0, 0]","[0, 0]",62
35,"[0, 3]",135.49999999999656,"[34, 26]","[0, 0]","[0, 0]",62
36,"[2, 1]",59.549999999998754,"[30, 30]","[13.00000000000005, 0]","[1.2500000000000004, 0]",62
37,"[2, 1]",73.29999999999798,"[36, 16]","[19.800000000000146, 0]","[6.749999999999984, 0]",62
38,"[0, 3]",137.8499999999971,"[35, 35]","[0, 0]","[0, 0]",62
39,"[0, 1]",109.39999999999593,"[38, 34]","[0, 0]","[0, 0]",62
40,"[0, 1]",110.44999999999587,"[39, 39]","[0, 0]","[0, 0]",62
41,"[0, 1]",111.49999999999581,"[40, 40]","[0, 0]","[0, 0]",62
42,"[0, 1]",112.64999999999574,"[41, 41]","[0, 0]","[0, 0]",62
43,"[0, 1]",113.69999999999568,"[42, 42]","[0, 0]","[0, 0]",62
44,"[0, 1]",114.69999999999563,"[43, 43]","[0, 0]","[0, 0]",62
45,"[2, 3]",110.49999999999586,"[37, 18]","[25.150000000000222, 0]","[0, 0]",62
46,"[0, 1]",115.79999999999556,"[44, 44]","[0, 0]","[0, 0]",62
47,"[0, 1]",116.7999999999955,"[46, 46]","[0, 0]","[0, 0]",62
48,"[0, 1]",117.84999999999545,"[47, 47]","[0, 0]","[0, 0]",62
49,"[0, 1]",118.89999999999539,"[48, 48]","[0, 0]","[0, 0]",62
50,"[0, 3]",149.84999999999982,"[49, -999]","[0, 0]","[0, 0]",62
51,"[0, 3]",152.15000000000035,"[50, 50]","[0, 0]","[0, 0]",62
52,"[0, 1]",123.64999999999512,"[51, 49]","[0, 0]","[0, 0]",62
53,"[0, 1]",124.69999999999506,"[52, 52]","[0, 0]","[0, 0]",62
54,"[0, 1]",125.749999999995,"[53, 53]","[0, 0]","[0, 0]",62
55,"[0, 3]",156.70000000000138,"[54, 51]","[0, 0]","[0, 0]",62
56,"[0, 1]",129.14999999999512,"[55, 54]","[0, 0]","[0, 0]",62
57,"[2, 1]",75.84999999999783,"[45, 19]","[17.500000000000114, 0]","[0, 0]",62
58,"[0, 1]",129.14999999999512,"[56, 56]","[0, 0]","[0, 0]",62
59,"[0, 3]",159.0000000000019,"[58, 55]","[1.0000000000000002, 0]","[0, 0]",62
60,"[0, 3]",160.8000000000023,"[59, 59]","[1.4500000000000006, 0]","[0, 0]",62
61,"[0, 1]",132.04999999999578,"[60, 58]","[1.950000000000001, 0]","[0, 0]",62
62,"[0, 1]",132.79999999999595,"[61, 61]","[2.3499999999999996, 0]","[0, 0]",62
63,"[0, 1]",133.4999999999961,"[62, 62]","[1.900000000000001, 0]","[0, 0]",62
64,"[0, 3]",157.75000000000162,"[63, 60]","[0, 0]","[0, 0]",62
65,"[2, 1]",73.14999999999799,"[57, 57]","[11.000000000000021, 0]","[0, 0]",62
66,"[0, 1]",129.4999999999952,"[64, 63]","[0, 0]","[0, 0]",62
67,"[0, 3]",160.55000000000226,"[66, 64]","[0, 0]","[0, 0]",62
68,"[0, 1]",132.74999999999594,"[67, 66]","[0, 0]","[0, 0]",62
69,"[0, 1]",133.29999999999606,"[68, 68]","[0, 0]","[0, 0]",62
70,"[2, 1]",73.79999999999795,"[65, 65]","[7.94999999999998, 0]","[0, 0]",62
71,"[2, 3]",107.44999999999604,"[70, 22]","[6.549999999999985, 0]","[0, 0]",62
72,"[0, 3]",163.850000000003,"[69, 67]","[0, 0]","[0, 0]",62
73,"[0, 3]",165.70000000000343,"[72, 72]","[0, 0]","[0, 0]",62
74,"[0, 1]",136.9499999999969,"[73, 69]","[0, 0]","[0, 0]",62
75,"[0, 1]",137.74999999999707,"[74, 74]","[0, 0]","[0, 0]",62
76,"[0, 3]",168.45000000000405,"[75, 73]","[0, 0]","[0, 0]",62
77,"[0, 1]",140.0999999999976,"[76, 75]","[0, 0]","[0, 0]",62
78,"[0, 1]",140.0999999999976,"[77, 77]","[0.49999999999999994, 0]","[0, 0]",62
79,"[2, 1]",80.54999999999757,"[71, 24]","[2.5999999999999988, 0]","[0, 0]",62
0,"[2, 3]",67.7499999999983,"[-999, -999]","[0, 0]","[0, 0]",63
1,"[2, 3]",70.84999999999812,"[0, 0]","[0, 0]","[0, 0]",63
2,"[2, 1]",37.550000000000004,"[1, -999]","[0, 0]","[0, 0]",63
3,"[2, 1]",39.49999999999989,"[2, 2]","[0, 0]","[0, 0]",63
4,"[2, 1]",41.44999999999978,"[3, 3]","[0, 0]","[0, 0]",63
5,"[0, 3]",97.79999999999659,"[-999, 8]","[0, 0]","[0, 0]",63
6,"[2, 1]",43.29999999999968,"[4, 4]","[0, 0]","[0, 0]",63
7,"[2, 1]",44.79999999999959,"[6, 6]","[0, 0]","[0, 0]",63
8,"[2, 3]",71.69999999999807,"[7, 1]","[0, 0]","[0, 0]",63
9,"[2, 1]",43.74999999999965,"[8, 7]","[0, 0]","[0, 0]",63
10,"[2, 3]",76.84999999999778,"[9, 5]","[0, 0]","[0, 0]",63
11,"[2, 1]",46.79999999999948,"[10, 9]","[0, 0]","[0, 0]",63
12,"[0, 3]",101.44999999999638,"[5, 10]","[0, 0]","[0, 0]",63
13,"[2, 1]",47.79999999999942,"[11, 11]","[0, 0]","[0, 0]",63
14,"[0, 3]",102.9499999999963,"[12, 12]","[0, 0]","[0, 0]",63
15,"[0, 3]",103.69999999999625,"[14, 14]","[0, 0]","[0, 0]",63
16,"[0, 1]",72.74999999999801,"[15, 17]","[0, 0]","[0, 0]",63
17,"[2, 1]",49.149999999999345,"[13, 13]","[0, 0]","[0, 0]",63
18,"[0, 1]",73.34999999999798,"[16, 16]","[0, 0]","[0, 0]",63
19,"[0, 1]",74.04999999999794,"[18, 18]","[0, 0]","[0, 0]",63
20,"[0, 3]",105.24999999999616,"[19, 30]","[0, 0]","[0, 0]",63
21,"[0, 1]",76.74999999999778,"[20, 36]","[0, 0]","[0, 0]",63
22,"[0, 1]",77.74999999999773,"[21, 21]","[0, 0]","[0, 0]",63
23,"[0, 1]",78.84999999999766,"[22, 22]","[0, 0]","[0, 0]",63
24,"[2, 3]",82.24999999999747,"[17, 15]","[0, 0]","[0, 0]",63
25,"[0, 1]",84.74999999999733,"[23, 39]","[2.4499999999999993, 0]","[2.4499999999999993, 0]",63
26,"[0, 3]",114.64999999999563,"[25, 20]","[0, 0]","[0, 0]",63
27,"[0, 1]",86.09999999999725,"[26, 42]","[0, 0]","[0, 0]",63
28,"[0, 1]",87.0499999999972,"[27, 27]","[0, 0]","[0, 0]",63
29,"[0, 3]",118.19999999999543,"[28, 26]","[0, 0]","[0, 0]",63
30,"[2, 3]",84.29999999999735,"[24, 24]","[0, 0]","[0, 0]",63
31,"[0, 1]",90.09999999999702,"[29, 79]","[0, 0]","[0, 0]",63
32,"[0, 1]",91.14999999999696,"[31, 31]","[0, 0]","[0, 0]",63
33,"[0, 1]",92.1999999999969,"[32, 32]","[0, 0]","[0, 0]",63
34,"[0, 3]",123.24999999999514,"[33, 29]","[0, 0]","[0, 0]",63
35,"[0, 3]",125.54999999999501,"[34, 34]","[0, 0]","[0, 0]",63
36,"[2, 1]",56.64999999999892,"[30, 19]","[4.199999999999993, 0]","[0, 0]",63
37,"[0, 1]",97.09999999999663,"[35, 33]","[0, 0]","[0, 0]",63
38,"[0, 1]",98.14999999999657,"[37, 37]","[0, 0]","[0, 0]",63
39,"[2, 1]",75.59999999999785,"[36, 23]","[12.000000000000036, 0]","[6.449999999999985, 0]",63
40,"[0, 1]",99.1999999999965,"[38, 38]","[0, 0]","[0, 0]",63
41,"[0, 1]",100.24999999999645,"[40, 40]","[0, 0]","[0, 0]",63
42,"[2, 1]",80.49999999999757,"[39, 25]","[3.599999999999995, 0]","[0, 0]",63
43,"[0, 3]",131.2999999999956,"[41, 35]","[0, 0]","[0, 0]",63
44,"[0, 1]",103.99999999999623,"[43, 41]","[0, 0]","[0, 0]",63
45,"[0, 3]",135.29999999999652,"[44, 43]","[0, 0]","[0, 0]",63
46,"[0, 3]",137.49999999999702,"[45, 45]","[0, 0]","[0, 0]",63
47,"[0, 1]",108.99999999999595,"[46, 44]","[0, 0]","[0, 0]",63
48,"[0, 1]",110.04999999999589,"[47, 47]","[0, 0]","[0, 0]",63
49,"[0, 3]",141.24999999999787,"[48, 46]","[0, 0]","[0, 0]",63
50,"[0, 1]",113.89999999999567,"[49, 48]","[0, 0]","[0, 0]",63
51,"[0, 1]",115.0499999999956,"[50, 50]","[0, 0]","[0, 0]",63
52,"[0, 3]",146.199999999999,"[51, 49]","[0, 0]","[0, 0]",63
53,"[0, 3]",148.4499999999995,"[52, 52]","[0, 0]","[0, 0]",63
54,"[0, 1]",120.04999999999532,"[53, 51]","[0, 0]","[0, 0]",63
55,"[0, 3]",151.5000000000002,"[54, 53]","[0, 0]","[0, 0]",63
56,"[0, 1]",123.9499999999951,"[55, 54]","[0, 0]","[0, 0]",63
57,"[0, 3]",155.35000000000107,"[56, 55]","[0, 0]","[0, 0]",63
58,"[0, 1]",127.94999999999487,"[57, 56]","[0, 0]","[0, 0]",63
59,"[0, 1]",129.0499999999951,"[58, 58]","[0, 0]","[0, 0]",63
60,"[0, 1]",130.14999999999534,"[59, 59]","[0, 0]","[0, 0]",63
61,"[0, 3]",161.1500000000024,"[60, 57]","[0, 0]","[0, 0]",63
62,"[0, 1]",133.79999999999617,"[61, 60]","[0, 0]","[0, 0]",63
63,"[0, 3]",165.00000000000327,"[62, 61]","[0, 0]","[0, 0]",63
64,"[0, 1]",137.399999999997,"[63, 62]","[0, 0]","[0, 0]",63
65,"[0, 3]",168.45000000000405,"[64, 63]","[0, 0]","[0, 0]",63
66,"[0, 1]",140.64999999999773,"[65, 64]","[0, 0]","[0, 0]",63
67,"[0, 1]",141.19999999999786,"[66, 66]","[0, 0]","[0, 0]",63
68,"[0, 1]",141.64999999999796,"[67, 67]","[0, 0]","[0, 0]",63
69,"[0, 3]",168.85000000000414,"[68, 65]","[0.5499999999999999, 0]","[0, 0]",63
70,"[0, 3]",170.10000000000443,"[69, 69]","[0.2, 0]","[0, 0]",63
71,"[0, 1]",139.94999999999757,"[70, 68]","[0, 0]","[0, 0]",63
72,"[0, 1]",136.4999999999968,"[71, 71]","[0, 0]","[0, 0]",63
73,"[0, 1]",137.19999999999695,"[72, 72]","[0, 0]","[0, 0]",63
74,"[0, 1]",137.94999999999712,"[73, 73]","[0, 0]","[0, 0]",63
75,"[0, 1]",138.3499999999972,"[74, 74]","[0, 0]","[0, 0]",63
76,"[0, 1]",138.14999999999716,"[75, 75]","[0, 0]","[0, 0]",63
77,"[0, 1]",135.89999999999665,"[76, 76]","[0, 0]","[0, 0]",63
78,"[0, 3]",165.25000000000333,"[77, 70]","[0, 0]","[0, 0]",63
79,"[2, 1]",74.7499999999979,"[42, 28]","[6.699999999999984, 0]","[6.699999999999984, 0]",63
0,"[2, 1]",36.40000000000007,"[-999, -999]","[0, 0]","[0, 0]",64
1,"[2, 3]",68.49999999999825,"[0, -999]","[0, 0]","[0, 0]",64
2,"[2, 3]",71.2499999999981,"[1, 1]","[0, 0]","[0, 0]",64
3,"[2, 1]",37.699999999999996,"[2, 0]","[0, 0]","[0, 0]",64
4,"[2, 1]",39.799999999999876,"[3, 3]","[0, 0]","[0, 0]",64
5,"[2, 1]",41.749999999999766,"[4, 4]","[0, 0]","[0, 0]",64
6,"[2, 3]",72.74999999999801,"[5, 2]","[0, 0]","[0, 0]",64
7,"[2, 3]",75.34999999999786,"[6, 6]","[0, 0]","[0, 0]",64
8,"[2, 1]",41.69999999999977,"[7, 5]","[0, 0]","[0, 0]",64
9,"[2, 1]",43.849999999999646,"[8, 8]","[0, 0]","[0, 0]",64
10,"[2, 3]",73.79999999999795,"[9, 7]","[0, 0]","[0, 0]",64
11,"[2, 1]",46.149999999999515,"[10, 12]","[0, 0]","[0, 0]",64
12,"[0, 1]",67.7499999999983,"[-999, 9]","[0, 0]","[0, 0]",64
13,"[0, 1]",78.99999999999766,"[12, 15]","[2.799999999999998, 0]","[2.799999999999998, 0]",64
14,"[0, 3]",109.34999999999593,"[13, 16]","[0, 0]","[0, 0]",64
15,"[2, 1]",47.049999999999464,"[11, 11]","[0, 0]","[0, 0]",64
16,"[2, 3]",76.4999999999978,"[15, 10]","[0, 0]","[0, 0]",64
17,"[0, 3]",110.89999999999584,"[14, 14]","[0, 0]","[0, 0]",64
18,"[0, 3]",117.49999999999547,"[17, 19]","[2.3999999999999995, 0]","[2.3999999999999995, 0]",64
19,"[2, 3]",90.04999999999703,"[16, 17]","[6.099999999999986, 0]","[6.099999999999986, 0]",64
20,"[0, 3]",118.34999999999542,"[18, 18]","[0, 0]","[0, 0]",64
21,"[0, 1]",88.29999999999713,"[20, -999]","[0, 0]","[0, 0]",64
22,"[0, 3]",120.29999999999531,"[21, 30]","[0, 0]","[0, 0]",64
23,"[0, 1]",90.449999999997,"[22, 21]","[0, 0]","[0, 0]",64
24,"[0, 3]",122.54999999999518,"[23, 46]","[0, 0]","[0, 0]",64
25,"[0, 1]",93.39999999999684,"[24, 62]","[0, 0]","[0, 0]",64
26,"[0, 3]",124.44999999999507,"[25, 24]","[0, 0]","[0, 0]",64
27,"[0, 3]",126.69999999999494,"[26, 26]","[0, 0]","[0, 0]",64
28,"[0, 1]",97.89999999999658,"[27, 78]","[0, 0]","[0, 0]",64
29,"[0, 3]",128.84999999999505,"[28, 27]","[0, 0]","[0, 0]",64
30,"[2, 3]",101.34999999999638,"[19, 20]","[6.649999999999984, 0]","[6.649999999999984, 0]",64
31,"[0, 1]",101.29999999999639,"[29, 28]","[0, 0]","[0, 0]",64
32,"[0, 1]",102.44999999999632,"[31, 31]","[0, 0]","[0, 0]",64
33,"[0, 1]",103.54999999999626,"[32, 32]","[0, 0]","[0, 0]",64
34,"[0, 1]",104.5499999999962,"[33, 33]","[0, 0]","[0, 0]",64
35,"[0, 3]",135.54999999999657,"[34, 29]","[0, 0]","[0, 0]",64
36,"[0, 3]",137.8999999999971,"[35, 35]","[0, 0]","[0, 0]",64
37,"[0, 1]",109.44999999999592,"[36, 34]","[0, 0]","[0, 0]",64
38,"[0, 3]",140.84999999999778,"[37, 36]","[0, 0]","[0, 0]",64
39,"[0, 1]",113.3999999999957,"[38, 37]","[0, 0]","[0, 0]",64
40,"[0, 3]",144.74999999999866,"[39, 38]","[0, 0]","[0, 0]",64
41,"[0, 1]",117.29999999999548,"[40, 39]","[0, 0]","[0, 0]",64
42,"[0, 1]",118.39999999999542,"[41, 41]","[0, 0]","[0, 0]",64
43,"[0, 3]",149.59999999999977,"[42, 40]","[0, 0]","[0, 0]",64
44,"[0, 1]",122.34999999999519,"[43, 42]","[0, 0]","[0, 0]",64
45,"[0, 1]",123.44999999999513,"[44, 44]","[0.15000000000000002, 0]","[0, 0]",64
46,"[2, 3]",107.64999999999603,"[30, 22]","[0, 0]","[0, 0]",64
47,"[0, 1]",124.54999999999507,"[45, 45]","[0.8500000000000002, 0]","[0, 0]",64
48,"[0, 1]",125.649999999995,"[47, 47]","[1.1000000000000003, 0]","[0, 0]",64
49,"[0, 1]",126.64999999999495,"[48, 48]","[1.3000000000000005, 0]","[0, 0]",64
50,"[0, 3]",157.6500000000016,"[49, 43]","[1.5000000000000007, 0]","[0, 0]",64
51,"[0, 1]",130.3999999999954,"[50, 49]","[1.6000000000000008, 0]","[0, 0]",64
52,"[0, 3]",161.80000000000254,"[51, 50]","[1.7500000000000009, 0]","[0, 0]",64
53,"[0, 3]",163.95000000000303,"[52, 52]","[1.850000000000001, 0]","[0, 0]",64
54,"[0, 1]",134.94999999999644,"[53, 51]","[2.000000000000001, 0]","[0, 0]",64
55,"[0, 1]",135.04999999999646,"[54, 54]","[2.0500000000000007, 0]","[0, 0]",64
56,"[0, 3]",165.80000000000345,"[55, 53]","[1.7500000000000009, 0]","[0, 0]",64
57,"[0, 1]",138.09999999999715,"[56, 55]","[1.0000000000000002, 0]","[0, 0]",64
58,"[0, 3]",163.30000000000288,"[57, 56]","[0, 0]","[0, 0]",64
59,"[0, 3]",164.95000000000326,"[58, 58]","[0, 0]","[0, 0]",64
60,"[0, 3]",166.35000000000358,"[59, 59]","[0, 0]","[0, 0]",64
61,"[0, 3]",167.3500000000038,"[60, 60]","[0, 0]","[0, 0]",64
62,"[2, 1]",74.44999999999791,"[46, 23]","[17.30000000000011, 0]","[0, 0]",64
63,"[0, 3]",166.20000000000354,"[61, 61]","[0, 0]","[0, 0]",64
64,"[0, 1]",135.79999999999663,"[63, -999]","[0, 0]","[0, 0]",64
65,"[0, 3]",167.05000000000373,"[64, 63]","[0, 0]","[0, 0]",64
66,"[0, 1]",139.1999999999974,"[65, 64]","[0, 0]","[0, 0]",64
67,"[0, 3]",170.0000000000044,"[66, 65]","[0, 0]","[0, 0]",64
68,"[0, 1]",139.94999999999757,"[67, 66]","[0, 0]","[0, 0]",64
69,"[0, 1]",138.44999999999723,"[68, 68]","[0, 0]","[0, 0]",64
70,"[2, 1]",78.1499999999977,"[62, 25]","[18.850000000000133, 0]","[0, 0]",64
71,"[0, 1]",135.79999999999663,"[69, 69]","[0, 0]","[0, 0]",64
72,"[0, 3]",166.10000000000352,"[71, 67]","[0.8500000000000002, 0]","[0, 0]",64
73,"[0, 3]",167.8000000000039,"[72, 72]","[1.2500000000000004, 0]","[0, 0]",64
74,"[0, 1]",137.8499999999971,"[73, 71]","[1.5000000000000007, 0]","[0, 0]",64
75,"[0, 1]",137.49999999999702,"[74, 74]","[1.7500000000000009, 0]","[0, 0]",64
76,"[0, 3]",168.200000000004,"[75, 73]","[1.2500000000000004, 0]","[0, 0]",64
77,"[0, 1]",139.1999999999974,"[76, 75]","[0, 0]","[0, 0]",64
78,"[2, 1]",74.09999999999793,"[70, 70]","[12.400000000000041, 0]","[0, 0]",64
79,"[0, 1]",135.14999999999648,"[77, 77]","[0, 0]","[0, 0]",64
0,"[2, 3]",67.7499999999983,"[-999, -999]","[0, 0]","[0, 0]",65
1,"[2, 3]",70.84999999999812,"[0, 0]","[0, 0]","[0, 0]",65
2,"[2, 1]",37.550000000000004,"[1, -999]","[0, 0]","[0, 0]",65
3,"[2, 1]",39.49999999999989,"[2, 2]","[0, 0]","[0, 0]",65
4,"[2, 1]",41.44999999999978,"[3, 3]","[0, 0]","[0, 0]",65
5,"[2, 1]",43.29999999999968,"[4, 4]","[0, 0]","[0, 0]",65
6,"[2, 1]",44.79999999999959,"[5, 5]","[0, 0]","[0, 0]",65
7,"[2, 3]",74.7499999999979,"[6, 1]","[0, 0]","[0, 0]",65
8,"[2, 1]",42.8499999999997,"[7, 6]","[0, 0]","[0, 0]",65
9,"[2, 1]",45.04999999999958,"[8, 8]","[0, 0]","[0, 0]",65
10,"[0, 1]",71.2999999999981,"[-999, 9]","[0, 0]","[0, 0]",65
11,"[0, 3]",102.8999999999963,"[10, 16]","[0, 0]","[0, 0]",65
12,"[0, 1]",79.19999999999764,"[11, 31]","[2.000000000000001, 0]","[2.000000000000001, 0]",65
13,"[0, 1]",78.64999999999768,"[12, 12]","[0, 0]","[0, 0]",65
14,"[0, 1]",79.39999999999763,"[13, 13]","[0, 0]","[0, 0]",65
15,"[0, 3]",110.19999999999588,"[14, 50]","[0, 0]","[0, 0]",65
16,"[2, 3]",74.84999999999789,"[9, 7]","[0, 0]","[0, 0]",65
17,"[0, 3]",112.09999999999577,"[15, 15]","[0, 0]","[0, 0]",65
18,"[0, 1]",91.09999999999697,"[17, 72]","[2.799999999999998, 0]","[2.799999999999998, 0]",65
19,"[0, 3]",119.64999999999534,"[18, 17]","[0, 0]","[0, 0]",65
20,"[0, 1]",91.84999999999692,"[19, 79]","[0, 0]","[0, 0]",65
21,"[0, 1]",92.69999999999688,"[20, 20]","[0, 0]","[0, 0]",65
22,"[0, 3]",123.8999999999951,"[21, 19]","[0, 0]","[0, 0]",65
23,"[0, 1]",96.64999999999665,"[22, 21]","[0, 0]","[0, 0]",65
24,"[2, 1]",47.59999999999943,"[16, 10]","[0, 0]","[0, 0]",65
25,"[0, 1]",97.74999999999659,"[23, 23]","[0, 0]","[0, 0]",65
26,"[0, 3]",128.89999999999506,"[25, 22]","[0, 0]","[0, 0]",65
27,"[0, 3]",131.19999999999558,"[26, 26]","[0.6, 0]","[0, 0]",65
28,"[0, 3]",132.79999999999595,"[27, 27]","[2.499999999999999, 0]","[0, 0]",65
29,"[0, 3]",134.14999999999625,"[28, 28]","[2.7499999999999982, 0]","[0, 0]",65
30,"[0, 1]",104.94999999999618,"[29, -999]","[2.499999999999999, 0]","[0, 0]",65
31,"[2, 1]",48.29999999999939,"[24, 24]","[0, 0]","[0, 0]",65
32,"[0, 3]",136.44999999999678,"[30, 29]","[2.1000000000000005, 0]","[0, 0]",65
33,"[0, 1]",108.89999999999596,"[32, 30]","[1.6000000000000008, 0]","[0, 0]",65
34,"[2, 3]",79.29999999999764,"[31, 11]","[0, 0]","[0, 0]",65
35,"[0, 1]",109.9999999999959,"[33, 33]","[1.1000000000000003, 0]","[0, 0]",65
36,"[0, 1]",111.09999999999583,"[35, 35]","[0.39999999999999997, 0]","[0, 0]",65
37,"[0, 3]",142.14999999999807,"[36, 32]","[0, 0]","[0, 0]",65
38,"[0, 1]",114.84999999999562,"[37, 36]","[0, 0]","[0, 0]",65
39,"[0, 1]",115.94999999999555,"[38, 38]","[0, 0]","[0, 0]",65
40,"[0, 3]",147.0499999999992,"[39, 37]","[0, 0]","[0, 0]",65
41,"[0, 1]",119.84999999999533,"[40, 39]","[0, 0]","[0, 0]",65
42,"[0, 3]",151.20000000000013,"[41, 40]","[0, 0]","[0, 0]",65
43,"[0, 3]",153.40000000000063,"[42, 42]","[0, 0]","[0, 0]",65
44,"[0, 3]",155.000000000001,"[43, 43]","[0, 0]","[0, 0]",65
45,"[0, 1]",126.04999999999498,"[44, -999]","[0, 0]","[0, 0]",65
46,"[0, 3]",157.45000000000155,"[45, 44]","[0, 0]","[0, 0]",65
47,"[0, 3]",159.65000000000205,"[46, 46]","[0, 0]","[0, 0]",65
48,"[0, 3]",161.2000000000024,"[47, 47]","[0, 0]","[0, 0]",65
49,"[0, 1]",132.1499999999958,"[48, -999]","[0, 0]","[0, 0]",65
50,"[2, 3]",80.84999999999755,"[34, 34]","[0, 0]","[0, 0]",65
51,"[0, 3]",163.55000000000294,"[49, 48]","[0, 0]","[0, 0]",65
52,"[0, 3]",165.65000000000342,"[51, 51]","[0, 0]","[0, 0]",65
53,"[0, 1]",136.84999999999687,"[52, 49]","[0, 0]","[0, 0]",65
54,"[0, 3]",166.80000000000368,"[53, 52]","[0, 0]","[0, 0]",65
55,"[0, 3]",167.85000000000392,"[54, 54]","[0, 0]","[0, 0]",65
56,"[0, 1]",138.7999999999973,"[55, 53]","[0, 0]","[0, 0]",65
57,"[0, 3]",169.90000000000438,"[56, 55]","[0, 0]","[0, 0]",65
58,"[0, 1]",141.49999999999793,"[57, 56]","[0, 0]","[0, 0]",65
59,"[0, 3]",167.70000000000388,"[58, 57]","[0, 0]","[0, 0]",65
60,"[0, 1]",139.69999999999752,"[59, 58]","[0, 0]","[0, 0]",65
61,"[0, 3]",170.05000000000442,"[60, 59]","[0, 0]","[0, 0]",65
62,"[0, 1]",138.49999999999724,"[61, 60]","[0, 0]","[0, 0]",65
63,"[0, 1]",139.2499999999974,"[62, 62]","[0, 0]","[0, 0]",65
64,"[0, 3]",170.15000000000444,"[63, 61]","[0, 0]","[0, 0]",65
65,"[2, 1]",41.44999999999978,"[50, 14]","[0, 0]","[0, 0]",65
66,"[0, 1]",141.94999999999803,"[64, 63]","[0, 0]","[0, 0]",65
67,"[2, 1]",42.74999999999971,"[65, 65]","[0, 0]","[0, 0]",65
68,"[0, 1]",140.29999999999765,"[66, 66]","[0, 0]","[0, 0]",65
69,"[0, 1]",140.4499999999977,"[68, 68]","[0, 0]","[0, 0]",65
70,"[2, 1]",43.74999999999965,"[67, 67]","[0, 0]","[0, 0]",65
71,"[0, 1]",140.8999999999978,"[69, 69]","[0, 0]","[0, 0]",65
72,"[2, 1]",45.04999999999958,"[70, 70]","[0, 0]","[0, 0]",65
73,"[0, 3]",166.9000000000037,"[71, 64]","[0, 0]","[0, 0]",65
74,"[0, 1]",138.14999999999716,"[73, 71]","[0, 0]","[0, 0]",65
75,"[0, 1]",138.89999999999733,"[74, 74]","[0, 0]","[0, 0]",65
76,"[0, 1]",139.5999999999975,"[75, 75]","[0, 0]","[0, 0]",65
77,"[0, 3]",169.35000000000426,"[76, 73]","[0, 0]","[0, 0]",65
78,"[0, 3]",169.70000000000434,"[77, 77]","[0, 0]","[0, 0]",65
79,"[2, 1]",50.94999999999924,"[72, 18]","[1.0000000000000002, 0]","[1.0000000000000002, 0]",65
0,"[2, 3]",67.7499999999983,"[-999, -999]","[0, 0]","[0, 0]",66
1,"[2, 1]",37.15000000000003,"[0, -999]","[0, 0]","[0, 0]",66
2,"[2, 1]",38.84999999999993,"[1, 1]","[0, 0]","[0, 0]",66
3,"[2, 3]",69.19999999999821,"[2, 0]","[0, 0]","[0, 0]",66
4,"[2, 1]",39.69999999999988,"[3, 2]","[0, 0]","[0, 0]",66
5,"[2, 3]",70.04999999999816,"[4, 3]","[0, 0]","[0, 0]",66
6,"[2, 3]",72.29999999999804,"[5, 5]","[0, 0]","[0, 0]",66
7,"[0, 3]",96.94999999999663,"[-999, 6]","[0, 0]","[0, 0]",66
8,"[2, 1]",42.39999999999973,"[6, 4]","[0, 0]","[0, 0]",66
9,"[2, 1]",44.049999999999635,"[8, 8]","[0, 0]","[0, 0]",66
10,"[2, 1]",45.59999999999955,"[9, 9]","[0, 0]","[0, 0]",66
11,"[2, 1]",46.849999999999476,"[10, 10]","[0, 0]","[0, 0]",66
12,"[2, 3]",78.84999999999766,"[11, 13]","[0, 0]","[0, 0]",66
13,"[0, 3]",98.44999999999655,"[7, 7]","[0, 0]","[0, 0]",66
14,"[0, 3]",106.69999999999608,"[13, 12]","[2.8999999999999977, 0]","[2.8999999999999977, 0]",66
15,"[0, 3]",107.89999999999601,"[14, 14]","[0, 0]","[0, 0]",66
16,"[2, 3]",90.99999999999697,"[12, 15]","[6.699999999999984, 0]","[6.699999999999984, 0]",66
17,"[0, 3]",114.14999999999566,"[15, 16]","[1.7000000000000008, 0]","[1.7000000000000008, 0]",66
18,"[0, 1]",85.04999999999731,"[17, 47]","[0, 0]","[0, 0]",66
19,"[0, 3]",116.7999999999955,"[18, 67]","[0, 0]","[0, 0]",66
20,"[0, 1]",87.44999999999717,"[19, 18]","[0, 0]","[0, 0]",66
21,"[0, 1]",88.54999999999711,"[20, 20]","[0, 0]","[0, 0]",66
22,"[0, 3]",119.84999999999533,"[21, 79]","[0, 0]","[0, 0]",66
23,"[0, 1]",92.2999999999969,"[22, 21]","[0, 0]","[0, 0]",66
24,"[0, 1]",93.39999999999684,"[23, 23]","[0, 0]","[0, 0]",66
25,"[0, 1]",94.49999999999677,"[24, 24]","[0, 0]","[0, 0]",66
26,"[0, 3]",125.599999999995,"[25, 22]","[0, 0]","[0, 0]",66
27,"[0, 1]",98.34999999999656,"[26, 25]","[0, 0]","[0, 0]",66
28,"[0, 3]",129.74999999999525,"[27, 26]","[0, 0]","[0, 0]",66
29,"[0, 1]",102.29999999999633,"[28, 27]","[0, 0]","[0, 0]",66
30,"[0, 1]",103.44999999999627,"[29, 29]","[0, 0]","[0, 0]",66
31,"[0, 1]",104.5499999999962,"[30, 30]","[0, 0]","[0, 0]",66
32,"[0, 1]",105.59999999999614,"[31, 31]","[0, 0]","[0, 0]",66
33,"[0, 1]",106.64999999999608,"[32, 32]","[0, 0]","[0, 0]",66
34,"[0, 1]",107.64999999999603,"[33, 33]","[0, 0]","[0, 0]",66
35,"[0, 1]",108.69999999999597,"[34, 34]","[0, 0]","[0, 0]",66
36,"[0, 1]",109.69999999999591,"[35, 35]","[0, 0]","[0, 0]",66
37,"[0, 3]",140.69999999999774,"[36, 28]","[0, 0]","[0, 0]",66
38,"[0, 3]",142.99999999999827,"[37, 37]","[0, 0]","[0, 0]",66
39,"[0, 1]",114.49999999999564,"[38, 36]","[0, 0]","[0, 0]",66
40,"[0, 1]",115.54999999999558,"[39, 39]","[0, 0]","[0, 0]",66
41,"[0, 1]",116.64999999999552,"[40, 40]","[0, 0]","[0, 0]",66
42,"[0, 1]",117.69999999999546,"[41, 41]","[0, 0]","[0, 0]",66
43,"[0, 1]",118.7499999999954,"[42, 42]","[0, 0]","[0, 0]",66
44,"[0, 1]",119.74999999999534,"[43, 43]","[0, 0]","[0, 0]",66
45,"[0, 3]",150.75000000000003,"[44, 38]","[0, 0]","[0, 0]",66
46,"[0, 3]",153.10000000000056,"[45, 45]","[0, 0]","[0, 0]",66
47,"[2, 1]",58.999999999998785,"[16, -999]","[0, 0]","[0, 0]",66
48,"[0, 3]",154.65000000000092,"[46, 46]","[0, 0]","[0, 0]",66
49,"[0, 1]",125.649999999995,"[48, -999]","[0, 0]","[0, 0]",66
50,"[0, 3]",157.05000000000146,"[49, 48]","[0, 0]","[0, 0]",66
51,"[0, 3]",159.15000000000194,"[50, 50]","[0, 0]","[0, 0]",66
52,"[0, 3]",160.7000000000023,"[51, 51]","[0, 0]","[0, 0]",66
53,"[0, 3]",161.90000000000256,"[52, 52]","[0, 0]","[0, 0]",66
54,"[0, 1]",132.44999999999587,"[53, -999]","[0, 0]","[0, 0]",66
55,"[0, 1]",132.89999999999597,"[54, 54]","[0, 0]","[0, 0]",66
56,"[0, 1]",130.09999999999533,"[55, 55]","[0, 0]","[0, 0]",66
57,"[0, 3]",159.55000000000203,"[56, 53]","[0, 0]","[0, 0]",66
58,"[0, 1]",131.6999999999957,"[57, 56]","[0, 0]","[0, 0]",66
59,"[0, 1]",132.49999999999588,"[58, 58]","[0, 0]","[0, 0]",66
60,"[0, 3]",163.4000000000029,"[59, 57]","[0, 0]","[0, 0]",66
61,"[0, 3]",165.45000000000337,"[60, 60]","[0, 0]","[0, 0]",66
62,"[0, 3]",166.4500000000036,"[61, 61]","[0, 0]","[0, 0]",66
63,"[0, 3]",162.4500000000027,"[62, 62]","[0, 0]","[0, 0]",66
64,"[0, 1]",130.89999999999552,"[63, -999]","[0, 0]","[0, 0]",66
65,"[0, 3]",161.85000000000255,"[64, 63]","[0.49999999999999994, 0]","[0, 0]",66
66,"[0, 1]",133.79999999999617,"[65, 64]","[1.2500000000000004, 0]","[0, 0]",66
67,"[2, 3]",74.7499999999979,"[47, 17]","[0, 0]","[0, 0]",66
68,"[0, 1]",134.19999999999627,"[66, 66]","[1.7000000000000008, 0]","[0, 0]",66
69,"[0, 3]",164.60000000000318,"[68, 65]","[2.1500000000000004, 0]","[0, 0]",66
70,"[0, 1]",136.84999999999687,"[69, 68]","[2.25, 0]","[0, 0]",66
71,"[0, 1]",137.54999999999703,"[70, 70]","[1.6500000000000008, 0]","[0, 0]",66
72,"[0, 1]",132.1499999999958,"[71, 71]","[0, 0]","[0, 0]",66
73,"[0, 3]",162.30000000000265,"[72, 69]","[0, 0]","[0, 0]",66
74,"[0, 1]",134.8499999999964,"[73, 72]","[0, 0]","[0, 0]",66
75,"[0, 1]",135.74999999999662,"[74, 74]","[0, 0]","[0, 0]",66
76,"[0, 1]",136.34999999999675,"[75, 75]","[0, 0]","[0, 0]",66
77,"[0, 1]",135.6499999999966,"[76, 76]","[0, 0]","[0, 0]",66
78,"[0, 3]",165.40000000000336,"[77, 73]","[0, 0]","[0, 0]",66
79,"[2, 3]",72.49999999999802,"[67, 19]","[0, 0]","[0, 0]",66
0,"[2, 3]",67.7499999999983,"[-999, -999]","[0, 0]","[0, 0]",67
1,"[2, 3]",70.79999999999812,"[0, 0]","[0, 0]","[0, 0]",67
2,"[2, 3]",72.69999999999801,"[1, 1]","[0, 0]","[0, 0]",67
3,"[2, 1]",38.249999999999964,"[2, -999]","[0, 0]","[0, 0]",67
4,"[2, 1]",40.44999999999984,"[3, 3]","[0, 0]","[0, 0]",67
5,"[2, 1]",42.299999999999734,"[4, 4]","[0, 0]","[0, 0]",67
6,"[2, 3]",73.049999999998,"[5, 2]","[0, 0]","[0, 0]",67
7,"[2, 1]",41.0999999999998,"[6, 5]","[0, 0]","[0, 0]",67
8,"[2, 1]",43.29999999999968,"[7, 7]","[0, 0]","[0, 0]",67
9,"[2, 1]",44.44999999999961,"[8, 8]","[0, 0]","[0, 0]",67
10,"[2, 1]",45.04999999999958,"[9, 9]","[0, 0]","[0, 0]",67
11,"[0, 1]",79.24999999999764,"[-999, 29]","[0, 0]","[5.999999999999987, 0]",67
12,"[0, 3]",108.39999999999598,"[11, 6]","[0, 0]","[0, 0]",67
13,"[0, 1]",85.04999999999731,"[12, 42]","[2.3499999999999996, 0]","[2.3499999999999996, 0]",67
14,"[0, 3]",117.34999999999548,"[13, 50]","[0, 0]","[0, 0]",67
15,"[0, 1]",88.24999999999713,"[14, 13]","[0, 0]","[0, 0]",67
16,"[0, 1]",89.39999999999706,"[15, 15]","[0, 0]","[0, 0]",67
17,"[0, 1]",90.499999999997,"[16, 16]","[0, 0]","[0, 0]",67
18,"[0, 1]",95.94999999999669,"[17, 64]","[2.499999999999999, 0]","[2.499999999999999, 0]",67
19,"[0, 1]",100.89999999999641,"[18, 65]","[2.4499999999999993, 0]","[2.4499999999999993, 0]",67
20,"[0, 1]",105.74999999999613,"[19, 72]","[2.4499999999999993, 0]","[2.4499999999999993, 0]",67
21,"[0, 1]",111.14999999999583,"[20, 79]","[2.6499999999999986, 0]","[2.6499999999999986, 0]",67
22,"[0, 3]",140.84999999999778,"[21, 62]","[0, 0]","[0, 0]",67
23,"[0, 1]",113.64999999999569,"[22, 21]","[0.49999999999999994, 0]","[0, 0]",67
24,"[0, 1]",114.74999999999562,"[23, 23]","[1.0500000000000003, 0]","[0, 0]",67
25,"[0, 1]",115.84999999999556,"[24, 24]","[1.2500000000000004, 0]","[0, 0]",67
26,"[0, 3]",146.84999999999914,"[25, 22]","[1.3500000000000005, 0]","[0, 0]",67
27,"[0, 3]",149.19999999999968,"[26, 26]","[1.4500000000000006, 0]","[0, 0]",67
28,"[0, 3]",150.80000000000004,"[27, 27]","[1.5500000000000007, 0]","[0, 0]",67
29,"[2, 1]",46.04999999999952,"[10, 10]","[0, 0]","[0, 0]",67
30,"[0, 3]",152.10000000000034,"[28, 28]","[1.6500000000000008, 0]","[0, 0]",67
31,"[0, 1]",122.94999999999516,"[30, -999]","[1.7000000000000008, 0]","[0, 0]",67
32,"[0, 1]",123.9999999999951,"[31, 31]","[1.800000000000001, 0]","[0, 0]",67
33,"[0, 1]",125.09999999999503,"[32, 32]","[1.850000000000001, 0]","[0, 0]",67
34,"[0, 3]",156.10000000000124,"[33, 30]","[1.850000000000001, 0]","[0, 0]",67
35,"[0, 1]",128.89999999999506,"[34, 33]","[1.900000000000001, 0]","[0, 0]",67
36,"[2, 1]",52.24999999999917,"[29, 11]","[1.0500000000000003, 0]","[1.0500000000000003, 0]",67
37,"[0, 1]",129.9999999999953,"[35, 35]","[1.900000000000001, 0]","[0, 0]",67
38,"[0, 1]",131.09999999999556,"[37, 37]","[2.2, 0]","[0, 0]",67
39,"[0, 1]",132.1499999999958,"[38, 38]","[3.049999999999997, 0]","[0, 0]",67
40,"[0, 3]",163.20000000000286,"[39, 34]","[2.8999999999999977, 0]","[0, 0]",67
41,"[0, 3]",165.5500000000034,"[40, 40]","[2.3, 0]","[0, 0]",67
42,"[2, 1]",52.499999999999154,"[36, 36]","[3.399999999999996, 0]","[3.399999999999996, 0]",67
43,"[0, 3]",167.15000000000376,"[41, 41]","[2.25, 0]","[0, 0]",67
44,"[0, 3]",168.50000000000406,"[43, 43]","[2.000000000000001, 0]","[0, 0]",67
45,"[0, 3]",169.70000000000434,"[44, 44]","[1.6000000000000008, 0]","[0, 0]",67
46,"[0, 3]",170.9000000000046,"[45, 45]","[1.1000000000000003, 0]","[0, 0]",67
47,"[0, 3]",172.05000000000487,"[46, 46]","[1.4500000000000006, 0]","[0, 0]",67
48,"[0, 1]",142.49999999999815,"[47, -999]","[3.699999999999995, 0]","[0, 0]",67
49,"[0, 1]",136.24999999999673,"[48, 48]","[1.2000000000000004, 0]","[0, 0]",67
50,"[2, 3]",82.14999999999748,"[42, 12]","[6.0499999999999865, 0]","[2.3499999999999996, 0]",67
51,"[0, 3]",165.65000000000342,"[49, 47]","[1.1500000000000004, 0]","[0, 0]",67
52,"[0, 1]",133.59999999999613,"[51, 49]","[0.7500000000000001, 0]","[0, 0]",67
53,"[0, 1]",127.94999999999487,"[52, 52]","[0, 0]","[0, 0]",67
54,"[0, 1]",128.649999999995,"[53, 53]","[0, 0]","[0, 0]",67
55,"[0, 1]",129.5499999999952,"[54, 54]","[0, 0]","[0, 0]",67
56,"[0, 1]",130.24999999999537,"[55, 55]","[0, 0]","[0, 0]",67
57,"[0, 3]",160.60000000000227,"[56, 51]","[0.49999999999999994, 0]","[0, 0]",67
58,"[0, 3]",162.35000000000267,"[57, 57]","[0.65, 0]","[0, 0]",67
59,"[2, 3]",84.79999999999733,"[50, 14]","[3.1999999999999966, 0]","[3.1999999999999966, 0]",67
60,"[0, 3]",163.15000000000285,"[58, 58]","[0, 0]","[0, 0]",67
61,"[0, 3]",159.0000000000019,"[60, 60]","[0, 0]","[0, 0]",67
62,"[2, 3]",87.49999999999717,"[59, 59]","[0, 0]","[0, 0]",67
63,"[0, 1]",129.44999999999519,"[61, -999]","[0, 0]","[0, 0]",67
64,"[2, 1]",62.39999999999859,"[62, 17]","[0, 0]","[0, 0]",67
65,"[2, 1]",68.09999999999827,"[64, 18]","[0, 0]","[0, 0]",67
66,"[0, 1]",130.3999999999954,"[63, 63]","[0, 0]","[0, 0]",67
67,"[0, 1]",131.19999999999558,"[66, 66]","[0, 0]","[0, 0]",67
68,"[0, 3]",161.30000000000243,"[67, 61]","[0, 0]","[0, 0]",67
69,"[0, 3]",162.30000000000265,"[68, 68]","[0, 0]","[0, 0]",67
70,"[0, 3]",163.10000000000284,"[69, 69]","[0, 0]","[0, 0]",67
71,"[0, 1]",133.19999999999604,"[70, -999]","[0, 0]","[0, 0]",67
72,"[2, 1]",73.39999999999797,"[65, 19]","[7.4499999999999815, 0]","[0, 0]",67
73,"[0, 1]",128.649999999995,"[71, 71]","[0, 0]","[0, 0]",67
74,"[0, 1]",129.24999999999514,"[73, 73]","[0, 0]","[0, 0]",67
75,"[0, 1]",130.14999999999534,"[74, 74]","[0, 0]","[0, 0]",67
76,"[0, 1]",131.09999999999556,"[75, 75]","[0, 0]","[0, 0]",67
77,"[0, 1]",131.99999999999577,"[76, 76]","[0, 0]","[0, 0]",67
78,"[0, 1]",132.79999999999595,"[77, 77]","[0, 0]","[0, 0]",67
79,"[2, 1]",75.14999999999787,"[72, 20]","[2.9499999999999975, 0]","[0, 0]",67
0,"[2, 3]",67.7499999999983,"[-999, -999]","[0, 0]","[0, 0]",68
1,"[0, 3]",97.5999999999966,"[-999, 7]","[0, 0]","[0, 0]",68
2,"[2, 3]",70.79999999999812,"[0, 0]","[0, 0]","[0, 0]",68
3,"[2, 3]",72.69999999999801,"[2, 2]","[0, 0]","[0, 0]",68
4,"[2, 1]",38.69999999999994,"[3, -999]","[0, 0]","[0, 0]",68
5,"[2, 1]",41.0999999999998,"[4, 4]","[0, 0]","[0, 0]",68
6,"[2, 1]",42.69999999999971,"[5, 5]","[0, 0]","[0, 0]",68
7,"[2, 3]",70.39999999999814,"[6, 3]","[0, 0]","[0, 0]",68
8,"[2, 1]",41.84999999999976,"[7, 6]","[0, 0]","[0, 0]",68
9,"[2, 1]",43.59999999999966,"[8, 8]","[0, 0]","[0, 0]",68
10,"[2, 3]",74.49999999999791,"[9, 1]","[0, 0]","[0, 0]",68
11,"[0, 1]",67.79999999999829,"[1, 9]","[0, 0]","[0, 0]",68
12,"[0, 3]",102.54999999999632,"[11, 13]","[0, 0]","[0, 0]",68
13,"[2, 3]",76.64999999999779,"[10, 10]","[0, 0]","[0, 0]",68
14,"[0, 3]",103.49999999999626,"[12, 12]","[0, 0]","[0, 0]",68
15,"[0, 1]",73.14999999999799,"[14, 22]","[0, 0]","[0, 0]",68
16,"[0, 1]",73.94999999999794,"[15, 15]","[0, 0]","[0, 0]",68
17,"[0, 1]",74.89999999999789,"[16, 16]","[0, 0]","[0, 0]",68
18,"[0, 3]",106.09999999999611,"[17, 14]","[0, 0]","[0, 0]",68
19,"[2, 1]",47.199999999999456,"[13, 11]","[0, 0]","[0, 0]",68
20,"[0, 3]",108.44999999999598,"[18, 18]","[0, 0]","[0, 0]",68
21,"[0, 3]",109.9999999999959,"[20, 20]","[0, 0]","[0, 0]",68
22,"[2, 1]",48.49999999999938,"[19, 19]","[0, 0]","[0, 0]",68
23,"[2, 1]",65.44999999999843,"[22, 17]","[10.000000000000007, 0]","[10.000000000000007, 0]",68
24,"[0, 3]",116.19999999999554,"[21, 28]","[2.3999999999999995, 0]","[2.3999999999999995, 0]",68
25,"[0, 1]",87.64999999999716,"[24, 39]","[0, 0]","[0, 0]",68
26,"[2, 1]",65.9499999999984,"[23, 23]","[0, 0]","[0, 0]",68
27,"[0, 3]",117.29999999999548,"[25, 24]","[0, 0]","[0, 0]",68
28,"[2, 3]",104.24999999999622,"[26, 21]","[0, 0]","[0, 0]",68
29,"[0, 1]",88.89999999999709,"[27, 46]","[0, 0]","[0, 0]",68
30,"[0, 3]",121.44999999999524,"[29, 49]","[0, 0]","[0, 0]",68
31,"[0, 1]",92.3999999999969,"[30, 29]","[0, 0]","[0, 0]",68
32,"[0, 1]",93.44999999999683,"[31, 31]","[0, 0]","[0, 0]",68
33,"[0, 1]",98.99999999999652,"[32, 78]","[2.3499999999999996, 0]","[2.3499999999999996, 0]",68
34,"[0, 3]",129.14999999999512,"[33, 50]","[0, 0]","[0, 0]",68
35,"[0, 3]",131.54999999999566,"[34, 34]","[0, 0]","[0, 0]",68
36,"[0, 3]",133.14999999999603,"[35, 35]","[0, 0]","[0, 0]",68
37,"[0, 1]",104.14999999999623,"[36, 79]","[0, 0]","[0, 0]",68
38,"[0, 1]",105.24999999999616,"[37, 37]","[0, 0]","[0, 0]",68
39,"[2, 1]",73.19999999999798,"[28, 26]","[26.850000000000247, 0]","[0.05, 0]",68
40,"[0, 1]",106.3499999999961,"[38, 38]","[0, 0]","[0, 0]",68
41,"[0, 1]",107.39999999999604,"[40, 40]","[0, 0]","[0, 0]",68
42,"[0, 1]",108.39999999999598,"[41, 41]","[0, 0]","[0, 0]",68
43,"[0, 1]",109.44999999999592,"[42, 42]","[0, 0]","[0, 0]",68
44,"[0, 1]",110.49999999999586,"[43, 43]","[0, 0]","[0, 0]",68
45,"[0, 1]",111.5999999999958,"[44, 44]","[0, 0]","[0, 0]",68
46,"[2, 1]",81.94999999999749,"[39, 25]","[26.40000000000024, 0]","[0, 0]",68
47,"[0, 3]",142.44999999999814,"[45, 36]","[0, 0]","[0, 0]",68
48,"[0, 1]",115.2499999999956,"[47, 45]","[0, 0]","[0, 0]",68
49,"[2, 3]",113.89999999999567,"[46, 27]","[24.050000000000207, 0]","[0, 0]",68
50,"[2, 3]",121.89999999999522,"[49, 30]","[25.350000000000225, 0]","[2.9499999999999975, 0]",68
51,"[0, 3]",146.54999999999907,"[48, 47]","[0, 0]","[0, 0]",68
52,"[0, 1]",119.04999999999538,"[51, 48]","[0, 0]","[0, 0]",68
53,"[0, 3]",150.44999999999996,"[52, 51]","[0, 0]","[0, 0]",68
54,"[0, 1]",122.99999999999515,"[53, 52]","[0, 0]","[0, 0]",68
55,"[0, 3]",154.35000000000085,"[54, 53]","[0, 0]","[0, 0]",68
56,"[0, 1]",126.89999999999493,"[55, 54]","[0, 0]","[0, 0]",68
57,"[0, 3]",158.35000000000176,"[56, 55]","[0.7000000000000001, 0]","[0, 0]",68
58,"[0, 3]",160.55000000000226,"[57, 57]","[1.0000000000000002, 0]","[0, 0]",68
59,"[0, 3]",162.20000000000263,"[58, 58]","[1.2500000000000004, 0]","[0, 0]",68
60,"[0, 1]",133.14999999999603,"[59, -999]","[1.5500000000000007, 0]","[0, 0]",68
61,"[0, 3]",164.55000000000317,"[60, 59]","[1.6500000000000008, 0]","[0, 0]",68
62,"[0, 3]",166.60000000000363,"[61, 61]","[1.2000000000000004, 0]","[0, 0]",68
63,"[0, 3]",168.00000000000395,"[62, 62]","[0.35, 0]","[0, 0]",68
64,"[0, 1]",133.64999999999614,"[63, -999]","[0, 0]","[0, 0]",68
65,"[0, 3]",164.2500000000031,"[64, 63]","[0, 0]","[0, 0]",68
66,"[0, 1]",136.4999999999968,"[65, 64]","[0, 0]","[0, 0]",68
67,"[0, 3]",167.3500000000038,"[66, 65]","[0, 0]","[0, 0]",68
68,"[0, 1]",138.59999999999727,"[67, 66]","[0, 0]","[0, 0]",68
69,"[0, 3]",169.20000000000422,"[68, 67]","[0, 0]","[0, 0]",68
70,"[0, 3]",171.10000000000466,"[69, 69]","[0, 0]","[0, 0]",68
71,"[0, 1]",142.39999999999813,"[70, 68]","[0, 0]","[0, 0]",68
72,"[0, 3]",173.65000000000524,"[71, 70]","[0, 0]","[0, 0]",68
73,"[0, 1]",145.69999999999888,"[72, 71]","[0, 0]","[0, 0]",68
74,"[0, 1]",142.49999999999815,"[73, 73]","[0, 0]","[0, 0]",68
75,"[0, 1]",141.14999999999785,"[74, 74]","[0, 0]","[0, 0]",68
76,"[0, 1]",141.64999999999796,"[75, 75]","[0, 0]","[0, 0]",68
77,"[0, 3]",172.2000000000049,"[76, 72]","[0, 0]","[0, 0]",68
78,"[2, 1]",88.49999999999712,"[50, 32]","[11.250000000000025, 0]","[0, 0]",68
79,"[2, 1]",94.44999999999678,"[78, 33]","[10.20000000000001, 0]","[0, 0]",68
0,"[2, 1]",36.40000000000007,"[-999, -999]","[0, 0]","[0, 0]",69
1,"[2, 1]",38.09999999999997,"[0, 0]","[0, 0]","[0, 0]",69
2,"[2, 3]",68.64999999999824,"[1, -999]","[0, 0]","[0, 0]",69
3,"[2, 3]",71.34999999999809,"[2, 2]","[0, 0]","[0, 0]",69
4,"[2, 1]",37.84999999999999,"[3, 1]","[0, 0]","[0, 0]",69
5,"[2, 3]",71.04999999999811,"[4, 3]","[0, 0]","[0, 0]",69
6,"[2, 3]",73.24999999999798,"[5, 5]","[0, 0]","[0, 0]",69
7,"[2, 3]",74.94999999999789,"[6, 6]","[0, 0]","[0, 0]",69
8,"[2, 1]",40.39999999999984,"[7, -999]","[0, 0]","[0, 0]",69
9,"[2, 1]",42.69999999999971,"[8, 8]","[0, 0]","[0, 0]",69
10,"[0, 1]",79.29999999999764,"[-999, 16]","[0, 0]","[5.849999999999987, 0]",69
11,"[2, 1]",43.64999999999966,"[9, 9]","[0, 0]","[0, 0]",69
12,"[0, 1]",79.44999999999763,"[10, 10]","[0, 0]","[0, 0]",69
13,"[0, 1]",85.09999999999731,"[12, 34]","[2.6499999999999986, 0]","[2.6499999999999986, 0]",69
14,"[0, 3]",116.34999999999553,"[13, 36]","[0, 0]","[0, 0]",69
15,"[0, 1]",88.24999999999713,"[14, 53]","[0, 0]","[0, 0]",69
16,"[2, 1]",44.5999999999996,"[11, 11]","[0, 0]","[0, 0]",69
17,"[0, 3]",120.79999999999528,"[15, 55]","[0, 0]","[0, 0]",69
18,"[0, 3]",122.1499999999952,"[17, 17]","[0, 0]","[0, 0]",69
19,"[2, 3]",74.39999999999792,"[16, 7]","[0, 0]","[0, 0]",69
20,"[0, 3]",123.29999999999514,"[18, 18]","[0, 0]","[0, 0]",69
21,"[0, 1]",93.84999999999681,"[20, 79]","[0, 0]","[0, 0]",69
22,"[0, 3]",125.29999999999502,"[21, 20]","[0, 0]","[0, 0]",69
23,"[0, 1]",97.74999999999659,"[22, 21]","[0, 0]","[0, 0]",69
24,"[0, 3]",129.0999999999951,"[23, 22]","[0, 0]","[0, 0]",69
25,"[0, 1]",101.69999999999636,"[24, 23]","[0, 0]","[0, 0]",69
26,"[2, 3]",76.84999999999778,"[19, 19]","[0, 0]","[0, 0]",69
27,"[0, 3]",133.049999999996,"[25, 24]","[0, 0]","[0, 0]",69
28,"[0, 3]",135.2499999999965,"[27, 27]","[0, 0]","[0, 0]",69
29,"[0, 3]",136.79999999999686,"[28, 28]","[0, 0]","[0, 0]",69
30,"[0, 3]",138.19999999999717,"[29, 29]","[0, 0]","[0, 0]",69
31,"[0, 3]",139.44999999999746,"[30, 30]","[0, 0]","[0, 0]",69
32,"[0, 1]",110.09999999999589,"[31, -999]","[0, 0]","[0, 0]",69
33,"[0, 1]",111.24999999999582,"[32, 32]","[0, 0]","[0, 0]",69
34,"[2, 1]",48.49999999999938,"[26, 12]","[0, 0]","[0, 0]",69
35,"[0, 1]",112.29999999999576,"[33, 33]","[0, 0]","[0, 0]",69
36,"[2, 3]",78.34999999999769,"[34, 26]","[0, 0]","[0, 0]",69
37,"[0, 1]",113.3499999999957,"[35, 35]","[0, 0]","[0, 0]",69
38,"[0, 3]",144.34999999999857,"[37, 31]","[0, 0]","[0, 0]",69
39,"[0, 1]",117.14999999999549,"[38, 37]","[0, 0]","[0, 0]",69
40,"[0, 1]",118.24999999999542,"[39, 39]","[0, 0]","[0, 0]",69
41,"[0, 3]",149.44999999999973,"[40, 38]","[0, 0]","[0, 0]",69
42,"[0, 3]",151.75000000000026,"[41, 41]","[0, 0]","[0, 0]",69
43,"[0, 3]",153.40000000000063,"[42, 42]","[0, 0]","[0, 0]",69
44,"[0, 1]",124.39999999999507,"[43, -999]","[0, 0]","[0, 0]",69
45,"[0, 3]",155.80000000000118,"[44, 43]","[0, 0]","[0, 0]",69
46,"[0, 3]",158.00000000000168,"[45, 45]","[0, 0]","[0, 0]",69
47,"[0, 3]",159.60000000000204,"[46, 46]","[0, 0]","[0, 0]",69
48,"[0, 1]",130.54999999999544,"[47, -999]","[0, 0]","[0, 0]",69
49,"[0, 1]",131.59999999999567,"[48, 48]","[0, 0]","[0, 0]",69
50,"[0, 3]",162.80000000000277,"[49, 47]","[0.35, 0]","[0, 0]",69
51,"[0, 3]",165.00000000000327,"[50, 50]","[1.0000000000000002, 0]","[0, 0]",69
52,"[0, 1]",136.29999999999674,"[51, 49]","[1.4500000000000006, 0]","[0, 0]",69
53,"[2, 1]",50.749999999999254,"[36, 13]","[0, 0]","[0, 0]",69
54,"[0, 1]",136.69999999999683,"[52, 52]","[1.7000000000000008, 0]","[0, 0]",69
55,"[2, 3]",83.74999999999739,"[53, 14]","[0, 0]","[0, 0]",69
56,"[0, 1]",136.0499999999967,"[54, 54]","[2.000000000000001, 0]","[0, 0]",69
57,"[0, 3]",164.35000000000312,"[56, 51]","[2.3, 0]","[0, 0]",69
58,"[0, 3]",163.75000000000298,"[57, 57]","[2.499999999999999, 0]","[0, 0]",69
59,"[0, 1]",134.7499999999964,"[58, 56]","[2.499999999999999, 0]","[0, 0]",69
60,"[0, 1]",135.44999999999655,"[59, 59]","[1.900000000000001, 0]","[0, 0]",69
61,"[0, 3]",160.55000000000226,"[60, 58]","[0, 0]","[0, 0]",69
62,"[0, 1]",132.04999999999578,"[61, 60]","[0, 0]","[0, 0]",69
63,"[0, 3]",163.15000000000285,"[62, 61]","[0, 0]","[0, 0]",69
64,"[0, 1]",135.54999999999657,"[63, 62]","[0, 0]","[0, 0]",69
65,"[0, 3]",166.4500000000036,"[64, 63]","[0, 0]","[0, 0]",69
66,"[0, 1]",136.0499999999967,"[65, 64]","[0, 0]","[0, 0]",69
67,"[0, 3]",166.60000000000363,"[66, 65]","[0, 0]","[0, 0]",69
68,"[0, 1]",138.2499999999972,"[67, 66]","[0, 0]","[0, 0]",69
69,"[0, 3]",167.50000000000384,"[68, 67]","[0, 0]","[0, 0]",69
70,"[0, 3]",169.0500000000042,"[69, 69]","[0, 0]","[0, 0]",69
71,"[0, 1]",140.0499999999976,"[70, 68]","[0, 0]","[0, 0]",69
72,"[0, 1]",140.14999999999762,"[71, 71]","[0, 0]","[0, 0]",69
73,"[0, 1]",138.84999999999732,"[72, 72]","[0, 0]","[0, 0]",69
74,"[0, 1]",138.7999999999973,"[73, 73]","[0, 0]","[0, 0]",69
75,"[0, 3]",168.7000000000041,"[74, 70]","[0, 0]","[0, 0]",69
76,"[0, 1]",139.09999999999738,"[75, 74]","[0, 0]","[0, 0]",69
77,"[0, 1]",137.54999999999703,"[76, 76]","[0, 0]","[0, 0]",69
78,"[0, 1]",137.74999999999707,"[77, 77]","[0, 0]","[0, 0]",69
79,"[2, 1]",37.10000000000003,"[55, 15]","[0, 0]","[0, 0]",69
0,"[2, 1]",36.40000000000007,"[-999, -999]","[0, 0]","[0, 0]",70
1,"[2, 1]",38.09999999999997,"[0, 0]","[0, 0]","[0, 0]",70
2,"[2, 3]",68.64999999999824,"[1, -999]","[0, 0]","[0, 0]",70
3,"[2, 3]",71.34999999999809,"[2, 2]","[0, 0]","[0, 0]",70
4,"[2, 1]",37.84999999999999,"[3, 1]","[0, 0]","[0, 0]",70
5,"[2, 3]",71.04999999999811,"[4, 3]","[0, 0]","[0, 0]",70
6,"[2, 1]",38.29999999999996,"[5, 4]","[0, 0]","[0, 0]",70
7,"[2, 3]",71.2999999999981,"[6, 5]","[0, 0]","[0, 0]",70
8,"[2, 1]",38.54999999999995,"[7, 6]","[0, 0]","[0, 0]",70
9,"[2, 1]",40.84999999999982,"[8, 8]","[0, 0]","[0, 0]",70
10,"[2, 3]",72.19999999999804,"[9, 7]","[0, 0]","[0, 0]",70
11,"[2, 1]",46.24999999999951,"[10, 12]","[0, 0]","[0, 0]",70
12,"[0, 1]",67.49999999999831,"[-999, 9]","[0, 0]","[0, 0]",70
13,"[0, 3]",105.59999999999614,"[12, 19]","[2.0500000000000007, 0]","[2.0500000000000007, 0]",70
14,"[0, 3]",111.89999999999579,"[13, 44]","[2.3999999999999995, 0]","[2.3999999999999995, 0]",70
15,"[0, 1]",80.94999999999754,"[14, 50]","[0, 0]","[0, 0]",70
16,"[0, 3]",117.99999999999544,"[15, 62]","[2.499999999999999, 0]","[2.499999999999999, 0]",70
17,"[0, 3]",118.6999999999954,"[16, 16]","[0, 0]","[0, 0]",70
18,"[0, 1]",88.59999999999711,"[17, -999]","[0, 0]","[0, 0]",70
19,"[2, 3]",72.49999999999802,"[11, 10]","[0, 0]","[0, 0]",70
20,"[0, 3]",120.84999999999528,"[18, 71]","[0, 0]","[0, 0]",70
21,"[0, 1]",91.54999999999694,"[20, 18]","[0, 0]","[0, 0]",70
22,"[0, 3]",122.94999999999516,"[21, 20]","[0, 0]","[0, 0]",70
23,"[0, 3]",125.09999999999503,"[22, 22]","[0, 0]","[0, 0]",70
24,"[0, 3]",126.59999999999495,"[23, 23]","[0, 0]","[0, 0]",70
25,"[0, 3]",127.99999999999487,"[24, 24]","[0, 0]","[0, 0]",70
26,"[0, 3]",129.19999999999513,"[25, 25]","[0, 0]","[0, 0]",70
27,"[0, 3]",130.3499999999954,"[26, 26]","[0, 0]","[0, 0]",70
28,"[0, 3]",131.44999999999564,"[27, 27]","[0, 0]","[0, 0]",70
29,"[0, 1]",102.19999999999634,"[28, -999]","[0, 0]","[0, 0]",70
30,"[0, 3]",133.69999999999615,"[29, 28]","[0, 0]","[0, 0]",70
31,"[0, 3]",135.84999999999664,"[30, 30]","[0, 0]","[0, 0]",70
32,"[0, 1]",107.34999999999604,"[31, 29]","[0, 0]","[0, 0]",70
33,"[0, 1]",108.44999999999598,"[32, 32]","[0, 0]","[0, 0]",70
34,"[2, 1]",43.849999999999646,"[19, 11]","[0, 0]","[0, 0]",70
35,"[0, 3]",139.69999999999752,"[33, 31]","[0, 0]","[0, 0]",70
36,"[0, 1]",112.34999999999576,"[35, 33]","[0, 0]","[0, 0]",70
37,"[0, 3]",143.74999999999844,"[36, 35]","[0, 0]","[0, 0]",70
38,"[0, 1]",116.24999999999554,"[37, 36]","[0, 0]","[0, 0]",70
39,"[0, 1]",117.39999999999547,"[38, 38]","[0, 0]","[0, 0]",70
40,"[0, 1]",118.49999999999541,"[39, 39]","[0, 0]","[0, 0]",70
41,"[0, 1]",119.54999999999535,"[40, 40]","[0, 0]","[0, 0]",70
42,"[0, 1]",120.5499999999953,"[41, 41]","[0, 0]","[0, 0]",70
43,"[0, 3]",151.5000000000002,"[42, 37]","[0, 0]","[0, 0]",70
44,"[2, 3]",76.74999999999778,"[34, 13]","[0, 0]","[0, 0]",70
45,"[0, 1]",124.24999999999508,"[43, 42]","[0, 0]","[0, 0]",70
46,"[0, 3]",155.70000000000115,"[45, 43]","[0, 0]","[0, 0]",70
47,"[0, 1]",128.1999999999949,"[46, 45]","[0, 0]","[0, 0]",70
48,"[0, 3]",159.55000000000203,"[47, 46]","[0, 0]","[0, 0]",70
49,"[0, 3]",161.70000000000252,"[48, 48]","[0, 0]","[0, 0]",70
50,"[2, 1]",46.29999999999951,"[44, 34]","[0, 0]","[0, 0]",70
51,"[0, 1]",133.049999999996,"[49, 47]","[0, 0]","[0, 0]",70
52,"[2, 3]",79.29999999999764,"[50, 14]","[0, 0]","[0, 0]",70
53,"[0, 1]",133.9499999999962,"[51, 51]","[0, 0]","[0, 0]",70
54,"[0, 3]",165.05000000000328,"[53, 49]","[0, 0]","[0, 0]",70
55,"[0, 3]",167.20000000000377,"[54, 54]","[0, 0]","[0, 0]",70
56,"[0, 1]",138.6999999999973,"[55, 53]","[0, 0]","[0, 0]",70
57,"[0, 3]",169.90000000000438,"[56, 55]","[0, 0]","[0, 0]",70
58,"[0, 3]",167.90000000000393,"[57, 57]","[0, 0]","[0, 0]",70
59,"[0, 1]",138.19999999999717,"[58, 56]","[0, 0]","[0, 0]",70
60,"[0, 1]",138.6999999999973,"[59, 59]","[0, 0]","[0, 0]",70
61,"[0, 3]",166.55000000000362,"[60, 58]","[0, 0]","[0, 0]",70
62,"[2, 3]",76.89999999999777,"[52, 52]","[0, 0]","[0, 0]",70
63,"[0, 3]",167.50000000000384,"[61, 61]","[0, 0]","[0, 0]",70
64,"[0, 1]",138.44999999999723,"[63, 60]","[0, 0]","[0, 0]",70
65,"[0, 1]",138.94999999999735,"[64, 64]","[0, 0]","[0, 0]",70
66,"[0, 1]",139.1499999999974,"[65, 65]","[0, 0]","[0, 0]",70
67,"[0, 1]",139.04999999999737,"[66, 66]","[0.44999999999999996, 0]","[0, 0]",70
68,"[0, 3]",165.1500000000033,"[67, 63]","[1.0500000000000003, 0]","[0, 0]",70
69,"[0, 1]",136.69999999999683,"[68, 67]","[1.5000000000000007, 0]","[0, 0]",70
70,"[0, 1]",137.399999999997,"[69, 69]","[1.7500000000000009, 0]","[0, 0]",70
71,"[2, 3]",81.6999999999975,"[62, 17]","[6.399999999999985, 0]","[6.399999999999985, 0]",70
72,"[0, 1]",138.09999999999715,"[70, 70]","[1.2000000000000004, 0]","[0, 0]",70
73,"[0, 3]",167.4000000000038,"[72, 68]","[0, 0]","[0, 0]",70
74,"[0, 1]",135.09999999999647,"[73, 72]","[0, 0]","[0, 0]",70
75,"[0, 1]",135.94999999999666,"[74, 74]","[0, 0]","[0, 0]",70
76,"[0, 1]",136.74999999999685,"[75, 75]","[0, 0]","[0, 0]",70
77,"[0, 1]",136.79999999999686,"[76, 76]","[0, 0]","[0, 0]",70
78,"[0, 1]",135.09999999999647,"[77, 77]","[0, 0]","[0, 0]",70
79,"[0, 1]",132.89999999999597,"[78, 78]","[0, 0]","[0, 0]",70
0,"[2, 1]",36.40000000000007,"[-999, -999]","[0, 0]","[0, 0]",71
1,"[2, 1]",38.09999999999997,"[0, 0]","[0, 0]","[0, 0]",71
2,"[2, 1]",39.89999999999987,"[1, 1]","[0, 0]","[0, 0]",71
3,"[2, 1]",41.79999999999976,"[2, 2]","[0, 0]","[0, 0]",71
4,"[2, 1]",43.54999999999966,"[3, 3]","[0, 0]","[0, 0]",71
5,"[2, 1]",45.04999999999958,"[4, 4]","[0, 0]","[0, 0]",71
6,"[2, 3]",71.79999999999806,"[5, -999]","[0, 0]","[0, 0]",71
7,"[0, 3]",96.89999999999664,"[-999, 6]","[0, 0]","[0, 0]",71
8,"[2, 1]",43.94999999999964,"[6, 5]","[0, 0]","[0, 0]",71
9,"[2, 1]",45.799999999999535,"[8, 8]","[0, 0]","[0, 0]",71
10,"[0, 1]",72.79999999999801,"[7, 12]","[0, 0]","[0, 0]",71
11,"[0, 1]",73.84999999999795,"[10, 10]","[0, 0]","[0, 0]",71
12,"[2, 1]",47.199999999999456,"[9, 9]","[0, 0]","[0, 0]",71
13,"[0, 1]",74.94999999999789,"[11, 11]","[0, 0]","[0, 0]",71
14,"[0, 3]",106.19999999999611,"[13, 19]","[0, 0]","[0, 0]",71
15,"[0, 3]",108.49999999999598,"[14, 14]","[0, 0]","[0, 0]",71
16,"[0, 3]",110.09999999999589,"[15, 15]","[0, 0]","[0, 0]",71
17,"[0, 1]",81.14999999999753,"[16, 43]","[0, 0]","[0, 0]",71
18,"[0, 1]",87.39999999999718,"[17, 48]","[2.7499999999999982, 0]","[2.7499999999999982, 0]",71
19,"[2, 3]",77.49999999999774,"[12, 7]","[0, 0]","[0, 0]",71
20,"[0, 3]",119.74999999999534,"[18, 49]","[2.549999999999999, 0]","[2.549999999999999, 0]",71
21,"[0, 1]",91.84999999999692,"[20, 58]","[0, 0]","[0, 0]",71
22,"[0, 1]",92.2999999999969,"[21, 21]","[0, 0]","[0, 0]",71
23,"[0, 3]",123.19999999999514,"[22, 59]","[0, 0]","[0, 0]",71
24,"[0, 1]",94.79999999999676,"[23, 79]","[0, 0]","[0, 0]",71
25,"[0, 3]",125.89999999999499,"[24, 23]","[0, 0]","[0, 0]",71
26,"[0, 3]",128.09999999999488,"[25, 25]","[0, 0]","[0, 0]",71
27,"[0, 1]",99.54999999999649,"[26, 24]","[0, 0]","[0, 0]",71
28,"[0, 1]",100.59999999999643,"[27, 27]","[0, 0]","[0, 0]",71
29,"[0, 3]",131.79999999999572,"[28, 26]","[0, 0]","[0, 0]",71
30,"[0, 1]",104.5499999999962,"[29, 28]","[0, 0]","[0, 0]",71
31,"[0, 1]",105.64999999999614,"[30, 30]","[0, 0]","[0, 0]",71
32,"[0, 1]",106.74999999999608,"[31, 31]","[0, 0]","[0, 0]",71
33,"[0, 1]",107.74999999999602,"[32, 32]","[0, 0]","[0, 0]",71
34,"[2, 1]",60.69999999999869,"[19, 13]","[6.849999999999984, 0]","[6.849999999999984, 0]",71
35,"[0, 3]",138.7499999999973,"[33, 29]","[0, 0]","[0, 0]",71
36,"[0, 1]",111.49999999999581,"[35, 33]","[0, 0]","[0, 0]",71
37,"[2, 1]",61.24999999999866,"[34, 34]","[0, 0]","[0, 0]",71
38,"[0, 3]",142.79999999999822,"[36, 35]","[0, 0]","[0, 0]",71
39,"[0, 3]",144.99999999999872,"[38, 38]","[0, 0]","[0, 0]",71
40,"[0, 3]",146.59999999999908,"[39, 39]","[0, 0]","[0, 0]",71
41,"[0, 1]",117.59999999999546,"[40, -999]","[0, 0]","[0, 0]",71
42,"[0, 1]",118.6499999999954,"[41, 41]","[0, 0]","[0, 0]",71
43,"[2, 1]",62.94999999999856,"[37, 37]","[0, 0]","[0, 0]",71
44,"[0, 3]",149.84999999999982,"[42, 40]","[0, 0]","[0, 0]",71
45,"[0, 1]",122.54999999999518,"[44, 42]","[0, 0]","[0, 0]",71
46,"[0, 3]",153.90000000000074,"[45, 44]","[0, 0]","[0, 0]",71
47,"[0, 1]",126.39999999999496,"[46, 45]","[0, 0]","[0, 0]",71
48,"[2, 1]",71.1999999999981,"[43, 17]","[16.5000000000001, 0]","[0, 0]",71
49,"[2, 3]",102.04999999999634,"[48, 16]","[25.150000000000222, 0]","[0.05, 0]",71
50,"[0, 1]",127.5499999999949,"[47, 47]","[0, 0]","[0, 0]",71
51,"[0, 1]",128.649999999995,"[50, 50]","[0, 0]","[0, 0]",71
52,"[0, 3]",159.65000000000205,"[51, 46]","[0, 0]","[0, 0]",71
53,"[0, 1]",132.34999999999584,"[52, 51]","[0, 0]","[0, 0]",71
54,"[0, 3]",163.75000000000298,"[53, 52]","[0, 0]","[0, 0]",71
55,"[0, 3]",165.85000000000346,"[54, 54]","[0, 0]","[0, 0]",71
56,"[0, 1]",136.79999999999686,"[55, 53]","[0, 0]","[0, 0]",71
57,"[0, 3]",166.65000000000364,"[56, 55]","[0, 0]","[0, 0]",71
58,"[2, 1]",71.39999999999809,"[49, 18]","[20.250000000000153, 0]","[0, 0]",71
59,"[2, 3]",105.54999999999615,"[58, 20]","[18.65000000000013, 0]","[0, 0]",71
60,"[0, 3]",168.00000000000395,"[57, 57]","[0, 0]","[0, 0]",71
61,"[0, 1]",138.89999999999733,"[60, 56]","[0, 0]","[0, 0]",71
62,"[0, 1]",138.94999999999735,"[61, 61]","[0, 0]","[0, 0]",71
63,"[0, 3]",168.7000000000041,"[62, 60]","[0, 0]","[0, 0]",71
64,"[0, 1]",140.0499999999976,"[63, 62]","[0, 0]","[0, 0]",71
65,"[0, 3]",170.20000000000445,"[64, 63]","[0, 0]","[0, 0]",71
66,"[0, 1]",141.74999999999798,"[65, 64]","[0, 0]","[0, 0]",71
67,"[0, 3]",169.1000000000042,"[66, 65]","[0, 0]","[0, 0]",71
68,"[0, 1]",140.59999999999772,"[67, 66]","[0, 0]","[0, 0]",71
69,"[0, 3]",171.00000000000463,"[68, 67]","[0, 0]","[0, 0]",71
70,"[0, 1]",139.29999999999742,"[69, 68]","[0, 0]","[0, 0]",71
71,"[0, 1]",139.99999999999758,"[70, 70]","[0, 0]","[0, 0]",71
72,"[0, 3]",170.65000000000455,"[71, 69]","[0, 0]","[0, 0]",71
73,"[0, 3]",171.05000000000464,"[72, 72]","[0, 0]","[0, 0]",71
74,"[0, 1]",141.59999999999795,"[73, 71]","[0, 0]","[0, 0]",71
75,"[0, 1]",142.19999999999808,"[74, 74]","[0, 0]","[0, 0]",71
76,"[0, 1]",142.6499999999982,"[75, 75]","[0, 0]","[0, 0]",71
77,"[0, 1]",139.29999999999742,"[76, 76]","[0, 0]","[0, 0]",71
78,"[0, 1]",139.09999999999738,"[77, 77]","[0, 0]","[0, 0]",71
79,"[2, 1]",65.9999999999984,"[59, 22]","[1.6500000000000008, 0]","[0, 0]",71
0,"[0, 3]",100.89999999999641,"[-999, 9]","[0, 0]","[0, 0]",72
1,"[2, 1]",36.40000000000007,"[-999, -999]","[0, 0]","[0, 0]",72
2,"[2, 3]",68.49999999999825,"[1, -999]","[0, 0]","[0, 0]",72
3,"[2, 3]",71.1999999999981,"[2, 2]","[0, 0]","[0, 0]",72
4,"[2, 3]",73.09999999999799,"[3, 3]","[0, 0]","[0, 0]",72
5,"[2, 3]",74.6999999999979,"[4, 4]","[0, 0]","[0, 0]",72
6,"[0, 1]",74.89999999999789,"[0, 11]","[2.7499999999999982, 0]","[2.7499999999999982, 0]",72
7,"[0, 3]",104.39999999999621,"[6, 0]","[0, 0]","[0, 0]",72
8,"[2, 1]",44.5999999999996,"[5, -999]","[0, 0]","[0, 0]",72
9,"[2, 3]",73.19999999999798,"[8, 5]","[0, 0]","[0, 0]",72
10,"[2, 1]",43.94999999999964,"[9, 8]","[0, 0]","[0, 0]",72
11,"[2, 1]",45.84999999999953,"[10, 10]","[0, 0]","[0, 0]",72
12,"[0, 1]",76.5499999999978,"[7, 15]","[0, 0]","[0, 0]",72
13,"[0, 3]",108.94999999999595,"[12, 26]","[0, 0]","[0, 0]",72
14,"[0, 3]",110.24999999999588,"[13, 13]","[0, 0]","[0, 0]",72
15,"[2, 1]",52.69999999999914,"[11, 6]","[1.5500000000000007, 0]","[1.5500000000000007, 0]",72
16,"[0, 1]",81.8499999999975,"[14, 53]","[0, 0]","[0, 0]",72
17,"[0, 1]",82.59999999999745,"[16, 16]","[0, 0]","[0, 0]",72
18,"[0, 1]",83.5499999999974,"[17, 17]","[0, 0]","[0, 0]",72
19,"[0, 1]",94.69999999999676,"[18, 79]","[5.649999999999988, 0]","[5.649999999999988, 0]",72
20,"[0, 1]",94.0499999999968,"[19, 19]","[0, 0]","[0, 0]",72
21,"[0, 3]",124.39999999999507,"[20, 14]","[0, 0]","[0, 0]",72
22,"[0, 1]",97.24999999999662,"[21, 20]","[0, 0]","[0, 0]",72
23,"[0, 3]",128.599999999995,"[22, 21]","[0, 0]","[0, 0]",72
24,"[0, 1]",101.1499999999964,"[23, 22]","[0, 0]","[0, 0]",72
25,"[0, 1]",102.24999999999633,"[24, 24]","[0, 0]","[0, 0]",72
26,"[2, 3]",84.39999999999735,"[15, 7]","[3.399999999999996, 0]","[3.399999999999996, 0]",72
27,"[0, 1]",103.39999999999627,"[25, 25]","[0, 0]","[0, 0]",72
28,"[0, 3]",134.49999999999633,"[27, 23]","[0, 0]","[0, 0]",72
29,"[0, 3]",136.79999999999686,"[28, 28]","[0, 0]","[0, 0]",72
30,"[0, 1]",108.29999999999599,"[29, 27]","[0, 0]","[0, 0]",72
31,"[2, 1]",55.89999999999896,"[26, 12]","[0, 0]","[0, 0]",72
32,"[0, 1]",109.44999999999592,"[30, 30]","[0, 0]","[0, 0]",72
33,"[0, 1]",110.49999999999586,"[32, 32]","[0.8500000000000002, 0]","[0, 0]",72
34,"[0, 3]",141.54999999999794,"[33, 29]","[1.1000000000000003, 0]","[0, 0]",72
35,"[0, 1]",114.24999999999565,"[34, 33]","[1.0000000000000002, 0]","[0, 0]",72
36,"[0, 1]",115.34999999999559,"[35, 35]","[0.8000000000000002, 0]","[0, 0]",72
37,"[0, 1]",116.39999999999553,"[36, 36]","[0.3, 0]","[0, 0]",72
38,"[0, 3]",147.39999999999927,"[37, 34]","[0, 0]","[0, 0]",72
39,"[0, 1]",120.14999999999532,"[38, 37]","[0, 0]","[0, 0]",72
40,"[0, 1]",121.24999999999525,"[39, 39]","[0, 0]","[0, 0]",72
41,"[0, 3]",152.4000000000004,"[40, 38]","[0, 0]","[0, 0]",72
42,"[0, 1]",125.14999999999503,"[41, 40]","[0, 0]","[0, 0]",72
43,"[0, 1]",126.29999999999497,"[42, 42]","[0, 0]","[0, 0]",72
44,"[0, 3]",157.45000000000155,"[43, 41]","[0, 0]","[0, 0]",72
45,"[0, 3]",159.70000000000206,"[44, 44]","[0, 0]","[0, 0]",72
46,"[0, 1]",131.19999999999558,"[45, 43]","[0, 0]","[0, 0]",72
47,"[0, 1]",132.24999999999582,"[46, 46]","[0, 0]","[0, 0]",72
48,"[0, 1]",133.24999999999605,"[47, 47]","[0, 0]","[0, 0]",72
49,"[0, 1]",134.19999999999627,"[48, 48]","[0, 0]","[0, 0]",72
50,"[0, 1]",135.09999999999647,"[49, 49]","[0, 0]","[0, 0]",72
51,"[0, 1]",135.6499999999966,"[50, 50]","[0, 0]","[0, 0]",72
52,"[0, 1]",133.049999999996,"[51, 51]","[0, 0]","[0, 0]",72
53,"[2, 1]",47.199999999999456,"[31, 31]","[0, 0]","[0, 0]",72
54,"[2, 1]",65.64999999999841,"[53, 18]","[9.800000000000004, 0]","[9.800000000000004, 0]",72
55,"[0, 3]",163.0000000000028,"[52, 45]","[0, 0]","[0, 0]",72
56,"[0, 1]",135.14999999999648,"[55, 52]","[0, 0]","[0, 0]",72
57,"[0, 3]",165.00000000000327,"[56, 55]","[0, 0]","[0, 0]",72
58,"[0, 1]",134.64999999999637,"[57, 56]","[0, 0]","[0, 0]",72
59,"[0, 1]",135.04999999999646,"[58, 58]","[0, 0]","[0, 0]",72
60,"[0, 3]",165.70000000000343,"[59, 57]","[0, 0]","[0, 0]",72
61,"[0, 1]",137.69999999999706,"[60, 59]","[0, 0]","[0, 0]",72
62,"[0, 1]",137.449999999997,"[61, 61]","[0, 0]","[0, 0]",72
63,"[0, 1]",136.29999999999674,"[62, 62]","[0, 0]","[0, 0]",72
64,"[0, 1]",135.99999999999667,"[63, 63]","[0, 0]","[0, 0]",72
65,"[0, 3]",165.95000000000348,"[64, 60]","[0, 0]","[0, 0]",72
66,"[0, 1]",137.59999999999704,"[65, 64]","[0, 0]","[0, 0]",72
67,"[0, 1]",136.44999999999678,"[66, 66]","[0, 0]","[0, 0]",72
68,"[0, 1]",134.7999999999964,"[67, 67]","[0, 0]","[0, 0]",72
69,"[0, 3]",164.45000000000314,"[68, 65]","[0, 0]","[0, 0]",72
70,"[0, 1]",136.24999999999673,"[69, 68]","[0, 0]","[0, 0]",72
71,"[0, 1]",133.34999999999607,"[70, 70]","[0, 0]","[0, 0]",72
72,"[0, 3]",163.3500000000029,"[71, 69]","[0, 0]","[0, 0]",72
73,"[0, 1]",135.54999999999657,"[72, 71]","[0, 0]","[0, 0]",72
74,"[0, 1]",135.74999999999662,"[73, 73]","[0, 0]","[0, 0]",72
75,"[0, 1]",135.54999999999657,"[74, 74]","[0, 0]","[0, 0]",72
76,"[0, 1]",135.94999999999666,"[75, 75]","[0, 0]","[0, 0]",72
77,"[0, 1]",136.5499999999968,"[76, 76]","[0, 0]","[0, 0]",72
78,"[0, 1]",137.29999999999697,"[77, 77]","[0, 0]","[0, 0]",72
79,"[2, 1]",44.549999999999606,"[54, 54]","[0, 0]","[0, 0]",72
0,"[2, 1]",36.40000000000007,"[-999, -999]","[0, 0]","[0, 0]",73
1,"[2, 3]",68.49999999999825,"[0, -999]","[0, 0]","[0, 0]",73
2,"[2, 1]",37.30000000000002,"[1, 0]","[0, 0]","[0, 0]",73
3,"[2, 3]",70.09999999999816,"[2, 1]","[0, 0]","[0, 0]",73
4,"[0, 1]",68.99999999999822,"[-999, 9]","[0, 0]","[0, 0]",73
5,"[0, 3]",105.99999999999612,"[4, 12]","[2.4499999999999993, 0]","[2.4499999999999993, 0]",73
6,"[2, 1]",37.74999999999999,"[3, 2]","[0, 0]","[0, 0]",73
7,"[2, 1]",39.69999999999988,"[6, 6]","[0, 0]","[0, 0]",73
8,"[2, 1]",41.49999999999978,"[7, 7]","[0, 0]","[0, 0]",73
9,"[2, 1]",43.349999999999675,"[8, 8]","[0, 0]","[0, 0]",73
10,"[2, 3]",73.69999999999796,"[9, 3]","[0, 0]","[0, 0]",73
11,"[0, 1]",75.44999999999786,"[5, 17]","[0, 0]","[0, 0]",73
12,"[2, 3]",76.29999999999781,"[10, 10]","[0, 0]","[0, 0]",73
13,"[0, 1]",82.39999999999746,"[11, 49]","[3.5499999999999954, 0]","[3.5499999999999954, 0]",73
14,"[0, 1]",81.94999999999749,"[13, 13]","[0, 0]","[0, 0]",73
15,"[0, 3]",112.24999999999577,"[14, 58]","[0, 0]","[0, 0]",73
16,"[0, 3]",114.14999999999566,"[15, 15]","[0, 0]","[0, 0]",73
17,"[2, 1]",47.049999999999464,"[12, 4]","[0, 0]","[0, 0]",73
18,"[0, 3]",115.59999999999557,"[16, 16]","[0, 0]","[0, 0]",73
19,"[0, 1]",84.19999999999736,"[18, 70]","[0, 0]","[0, 0]",73
20,"[0, 3]",115.79999999999556,"[19, 18]","[0, 0]","[0, 0]",73
21,"[0, 3]",117.84999999999545,"[20, 20]","[0, 0]","[0, 0]",73
22,"[0, 1]",89.14999999999708,"[21, 79]","[0, 0]","[0, 0]",73
23,"[0, 1]",90.29999999999701,"[22, 22]","[0, 0]","[0, 0]",73
24,"[0, 3]",121.49999999999524,"[23, 21]","[0, 0]","[0, 0]",73
25,"[0, 3]",123.74999999999511,"[24, 24]","[0, 0]","[0, 0]",73
26,"[0, 3]",125.34999999999502,"[25, 25]","[0, 0]","[0, 0]",73
27,"[0, 1]",96.39999999999667,"[26, -999]","[0, 0]","[0, 0]",73
28,"[0, 1]",97.4999999999966,"[27, 27]","[0, 0]","[0, 0]",73
29,"[0, 1]",98.54999999999654,"[28, 28]","[0, 0]","[0, 0]",73
30,"[0, 3]",129.69999999999524,"[29, 26]","[0, 0]","[0, 0]",73
31,"[0, 1]",102.39999999999633,"[30, 29]","[0, 0]","[0, 0]",73
32,"[0, 1]",103.49999999999626,"[31, 31]","[0, 0]","[0, 0]",73
33,"[0, 3]",134.64999999999637,"[32, 30]","[0, 0]","[0, 0]",73
34,"[0, 3]",136.9999999999969,"[33, 33]","[0, 0]","[0, 0]",73
35,"[0, 1]",108.49999999999598,"[34, 32]","[0, 0]","[0, 0]",73
36,"[0, 1]",109.54999999999592,"[35, 35]","[0, 0]","[0, 0]",73
37,"[0, 1]",110.59999999999586,"[36, 36]","[0, 0]","[0, 0]",73
38,"[0, 1]",111.6999999999958,"[37, 37]","[0, 0]","[0, 0]",73
39,"[0, 1]",112.74999999999574,"[38, 38]","[0, 0]","[0, 0]",73
40,"[0, 1]",113.74999999999568,"[39, 39]","[0, 0]","[0, 0]",73
41,"[0, 1]",114.79999999999562,"[40, 40]","[0, 0]","[0, 0]",73
42,"[0, 1]",115.84999999999556,"[41, 41]","[0, 0]","[0, 0]",73
43,"[0, 1]",116.8999999999955,"[42, 42]","[0, 0]","[0, 0]",73
44,"[0, 1]",117.94999999999544,"[43, 43]","[0, 0]","[0, 0]",73
45,"[0, 1]",118.99999999999538,"[44, 44]","[0, 0]","[0, 0]",73
46,"[0, 3]",149.94999999999985,"[45, -999]","[0, 0]","[0, 0]",73
47,"[0, 1]",122.69999999999517,"[46, 45]","[0, 0]","[0, 0]",73
48,"[0, 3]",154.05000000000078,"[47, 46]","[0, 0]","[0, 0]",73
49,"[2, 1]",39.94999999999987,"[17, 11]","[0, 0]","[0, 0]",73
50,"[0, 3]",156.3000000000013,"[48, 48]","[0, 0]","[0, 0]",73
51,"[0, 1]",127.69999999999489,"[50, 47]","[0, 0]","[0, 0]",73
52,"[0, 3]",159.15000000000194,"[51, 50]","[0, 0]","[0, 0]",73
53,"[0, 3]",161.2000000000024,"[52, 52]","[0, 0]","[0, 0]",73
54,"[0, 1]",132.29999999999583,"[53, 51]","[0, 0]","[0, 0]",73
55,"[0, 1]",132.69999999999592,"[54, 54]","[0, 0]","[0, 0]",73
56,"[0, 3]",163.3500000000029,"[55, 53]","[0, 0]","[0, 0]",73
57,"[0, 1]",135.49999999999656,"[56, 55]","[0, 0]","[0, 0]",73
58,"[2, 3]",68.19999999999827,"[49, 5]","[0, 0]","[0, 0]",73
59,"[0, 3]",164.7000000000032,"[57, 56]","[0, 0]","[0, 0]",73
60,"[0, 1]",134.69999999999638,"[59, 57]","[0, 0]","[0, 0]",73
61,"[2, 1]",41.79999999999976,"[58, 14]","[0, 0]","[0, 0]",73
62,"[0, 3]",164.50000000000315,"[60, 59]","[0, 0]","[0, 0]",73
63,"[0, 3]",165.65000000000342,"[62, 62]","[0, 0]","[0, 0]",73
64,"[0, 3]",166.0500000000035,"[63, 63]","[0, 0]","[0, 0]",73
65,"[0, 3]",166.0000000000035,"[64, 64]","[0, 0]","[0, 0]",73
66,"[0, 1]",136.0999999999967,"[65, -999]","[0, 0]","[0, 0]",73
67,"[0, 3]",167.25000000000378,"[66, 65]","[0, 0]","[0, 0]",73
68,"[0, 1]",139.39999999999745,"[67, 66]","[0, 0]","[0, 0]",73
69,"[0, 1]",140.24999999999764,"[68, 68]","[0, 0]","[0, 0]",73
70,"[2, 1]",37.05000000000003,"[61, 61]","[0, 0]","[0, 0]",73
71,"[0, 1]",140.84999999999778,"[69, 69]","[0, 0]","[0, 0]",73
72,"[0, 3]",170.95000000000462,"[71, 67]","[0, 0]","[0, 0]",73
73,"[0, 1]",142.6499999999982,"[72, 71]","[0, 0]","[0, 0]",73
74,"[0, 1]",142.7499999999982,"[73, 73]","[0.39999999999999997, 0]","[0, 0]",73
75,"[0, 1]",137.64999999999705,"[74, 74]","[1.0000000000000002, 0]","[0, 0]",73
76,"[0, 3]",167.10000000000375,"[75, 72]","[1.2000000000000004, 0]","[0, 0]",73
77,"[0, 1]",139.39999999999745,"[76, 75]","[0.65, 0]","[0, 0]",73
78,"[0, 3]",166.0500000000035,"[77, 76]","[0, 0]","[0, 0]",73
79,"[2, 1]",41.99999999999975,"[70, 19]","[0, 0]","[0, 0]",73
0,"[2, 1]",36.40000000000007,"[-999, -999]","[0, 0]","[0, 0]",74
1,"[2, 1]",38.09999999999997,"[0, 0]","[0, 0]","[0, 0]",74
2,"[0, 3]",96.79999999999664,"[-999, 6]","[0, 0]","[0, 0]",74
3,"[2, 1]",39.89999999999987,"[1, 1]","[0, 0]","[0, 0]",74
4,"[2, 3]",69.04999999999822,"[3, -999]","[0, 0]","[0, 0]",74
5,"[0, 1]",79.54999999999762,"[2, 18]","[2.3, 0]","[2.3, 0]",74
6,"[2, 3]",71.79999999999806,"[4, 4]","[0, 0]","[0, 0]",74
7,"[2, 1]",41.89999999999976,"[6, 3]","[0, 0]","[0, 0]",74
8,"[2, 1]",43.64999999999966,"[7, 7]","[0, 0]","[0, 0]",74
9,"[2, 1]",45.19999999999957,"[8, 8]","[0, 0]","[0, 0]",74
10,"[0, 3]",106.99999999999606,"[5, 2]","[0, 0]","[0, 0]",74
11,"[0, 3]",109.7999999999959,"[10, 10]","[0, 0]","[0, 0]",74
12,"[0, 1]",81.29999999999752,"[11, 31]","[0, 0]","[0, 0]",74
13,"[0, 1]",82.34999999999746,"[12, 12]","[0, 0]","[0, 0]",74
14,"[0, 1]",83.4999999999974,"[13, 13]","[0, 0]","[0, 0]",74
15,"[0, 1]",84.54999999999734,"[14, 14]","[0, 0]","[0, 0]",74
16,"[2, 1]",46.499999999999496,"[9, 9]","[0, 0]","[0, 0]",74
17,"[0, 1]",85.54999999999728,"[15, 15]","[0, 0]","[0, 0]",74
18,"[2, 1]",47.49999999999944,"[16, 16]","[0, 0]","[0, 0]",74
19,"[0, 3]",122.34999999999519,"[17, 79]","[3.049999999999997, 0]","[3.049999999999997, 0]",74
20,"[0, 3]",123.49999999999513,"[19, 19]","[0, 0]","[0, 0]",74
21,"[0, 1]",93.34999999999684,"[20, -999]","[0, 0]","[0, 0]",74
22,"[0, 1]",94.49999999999677,"[21, 21]","[0, 0]","[0, 0]",74
23,"[0, 1]",95.54999999999671,"[22, 22]","[0, 0]","[0, 0]",74
24,"[0, 3]",126.59999999999495,"[23, 20]","[0, 0]","[0, 0]",74
25,"[0, 1]",99.2999999999965,"[24, 23]","[0, 0]","[0, 0]",74
26,"[0, 3]",130.74999999999548,"[25, 24]","[0, 0]","[0, 0]",74
27,"[0, 1]",103.29999999999627,"[26, 25]","[0, 0]","[0, 0]",74
28,"[0, 3]",134.69999999999638,"[27, 26]","[2.1000000000000005, 0]","[0, 0]",74
29,"[0, 3]",136.9999999999969,"[28, 28]","[3.4499999999999957, 0]","[0, 0]",74
30,"[0, 3]",138.54999999999725,"[29, 29]","[3.599999999999995, 0]","[0, 0]",74
31,"[2, 1]",53.549999999999095,"[18, 5]","[3.4499999999999957, 0]","[3.4499999999999957, 0]",74
32,"[0, 3]",139.89999999999756,"[30, 30]","[3.2499999999999964, 0]","[0, 0]",74
33,"[0, 3]",141.04999999999782,"[32, 32]","[2.7499999999999982, 0]","[0, 0]",74
34,"[0, 3]",142.2999999999981,"[33, 33]","[2.2, 0]","[0, 0]",74
35,"[0, 1]",112.99999999999572,"[34, -999]","[1.6000000000000008, 0]","[0, 0]",74
36,"[0, 1]",114.09999999999566,"[35, 35]","[1.0500000000000003, 0]","[0, 0]",74
37,"[0, 3]",145.3499999999988,"[36, 34]","[0.2, 0]","[0, 0]",74
38,"[0, 3]",147.69999999999933,"[37, 37]","[0, 0]","[0, 0]",74
39,"[0, 1]",119.24999999999537,"[38, 36]","[0, 0]","[0, 0]",74
40,"[0, 1]",120.3499999999953,"[39, 39]","[0, 0]","[0, 0]",74
41,"[0, 1]",121.39999999999525,"[40, 40]","[0, 0]","[0, 0]",74
42,"[0, 1]",122.49999999999518,"[41, 41]","[0, 0]","[0, 0]",74
43,"[0, 3]",153.50000000000065,"[42, 38]","[0, 0]","[0, 0]",74
44,"[0, 1]",126.24999999999497,"[43, 42]","[0, 0]","[0, 0]",74
45,"[0, 3]",157.6500000000016,"[44, 43]","[0, 0]","[0, 0]",74
46,"[0, 1]",130.14999999999534,"[45, 44]","[0, 0]","[0, 0]",74
47,"[0, 3]",161.50000000000247,"[46, 45]","[0, 0]","[0, 0]",74
48,"[0, 1]",133.9499999999962,"[47, 46]","[0, 0]","[0, 0]",74
49,"[0, 1]",134.99999999999645,"[48, 48]","[0, 0]","[0, 0]",74
50,"[0, 3]",166.0500000000035,"[49, 47]","[0, 0]","[0, 0]",74
51,"[0, 1]",138.39999999999722,"[50, 49]","[0, 0]","[0, 0]",74
52,"[0, 1]",138.84999999999732,"[51, 51]","[0, 0]","[0, 0]",74
53,"[0, 1]",139.1999999999974,"[52, 52]","[0.39999999999999997, 0]","[0, 0]",74
54,"[0, 1]",138.14999999999716,"[53, 53]","[1.2000000000000004, 0]","[0, 0]",74
55,"[0, 3]",166.15000000000353,"[54, 50]","[1.6500000000000008, 0]","[0, 0]",74
56,"[0, 3]",166.55000000000362,"[55, 55]","[2.0500000000000007, 0]","[0, 0]",74
57,"[0, 3]",167.15000000000376,"[56, 56]","[2.3, 0]","[0, 0]",74
58,"[0, 3]",168.00000000000395,"[57, 57]","[2.25, 0]","[0, 0]",74
59,"[0, 1]",138.44999999999723,"[58, -999]","[1.5500000000000007, 0]","[0, 0]",74
60,"[0, 1]",132.94999999999598,"[59, 59]","[0, 0]","[0, 0]",74
61,"[0, 3]",163.45000000000292,"[60, 58]","[0, 0]","[0, 0]",74
62,"[0, 1]",135.74999999999662,"[61, 60]","[0, 0]","[0, 0]",74
63,"[0, 1]",136.39999999999677,"[62, 62]","[0, 0]","[0, 0]",74
64,"[0, 1]",136.0999999999967,"[63, 63]","[0, 0]","[0, 0]",74
65,"[0, 3]",165.80000000000345,"[64, 61]","[0, 0]","[0, 0]",74
66,"[0, 1]",137.59999999999704,"[65, 64]","[0, 0]","[0, 0]",74
67,"[0, 1]",137.99999999999713,"[66, 66]","[0, 0]","[0, 0]",74
68,"[0, 1]",138.19999999999717,"[67, 67]","[0, 0]","[0, 0]",74
69,"[0, 3]",164.35000000000312,"[68, 65]","[0, 0]","[0, 0]",74
70,"[0, 1]",136.44999999999678,"[69, 68]","[0, 0]","[0, 0]",74
71,"[0, 1]",137.19999999999695,"[70, 70]","[0, 0]","[0, 0]",74
72,"[0, 3]",167.15000000000376,"[71, 69]","[0, 0]","[0, 0]",74
73,"[0, 3]",167.00000000000372,"[72, 72]","[0, 0]","[0, 0]",74
74,"[0, 1]",135.54999999999657,"[73, 71]","[0, 0]","[0, 0]",74
75,"[0, 1]",133.59999999999613,"[74, 74]","[0, 0]","[0, 0]",74
76,"[0, 3]",164.2500000000031,"[75, 73]","[0, 0]","[0, 0]",74
77,"[2, 3]",67.99999999999828,"[11, 11]","[0, 0]","[0, 0]",74
78,"[0, 1]",136.29999999999674,"[76, 75]","[0, 0]","[0, 0]",74
79,"[2, 3]",71.0999999999981,"[77, 77]","[0, 0]","[0, 0]",74
0,"[2, 3]",67.7499999999983,"[-999, -999]","[0, 0]","[0, 0]",75
1,"[2, 3]",70.84999999999812,"[0, 0]","[0, 0]","[0, 0]",75
2,"[2, 1]",37.550000000000004,"[1, -999]","[0, 0]","[0, 0]",75
3,"[2, 1]",39.49999999999989,"[2, 2]","[0, 0]","[0, 0]",75
4,"[2, 1]",41.44999999999978,"[3, 3]","[0, 0]","[0, 0]",75
5,"[2, 1]",43.29999999999968,"[4, 4]","[0, 0]","[0, 0]",75
6,"[2, 1]",44.79999999999959,"[5, 5]","[0, 0]","[0, 0]",75
7,"[0, 3]",96.64999999999665,"[-999, 1]","[0, 0]","[0, 0]",75
8,"[2, 1]",46.19999999999951,"[6, 6]","[0, 0]","[0, 0]",75
9,"[2, 1]",47.24999999999945,"[8, 8]","[0, 0]","[0, 0]",75
10,"[0, 1]",70.39999999999814,"[7, 9]","[0, 0]","[0, 0]",75
11,"[0, 3]",102.7499999999963,"[10, 15]","[0, 0]","[0, 0]",75
12,"[0, 1]",73.59999999999796,"[11, 30]","[0, 0]","[0, 0]",75
13,"[0, 1]",74.49999999999791,"[12, 12]","[0, 0]","[0, 0]",75
14,"[0, 3]",105.84999999999613,"[13, 35]","[0, 0]","[0, 0]",75
15,"[2, 3]",78.54999999999768,"[9, 7]","[0, 0]","[0, 0]",75
16,"[0, 1]",77.34999999999775,"[14, 49]","[0, 0]","[0, 0]",75
17,"[0, 1]",78.39999999999769,"[16, 16]","[0, 0]","[0, 0]",75
18,"[0, 3]",109.54999999999592,"[17, 14]","[0, 0]","[0, 0]",75
19,"[0, 3]",111.84999999999579,"[18, 18]","[0, 0]","[0, 0]",75
20,"[0, 3]",113.3999999999957,"[19, 19]","[0, 0]","[0, 0]",75
21,"[0, 3]",114.69999999999563,"[20, 20]","[0, 0]","[0, 0]",75
22,"[0, 3]",115.94999999999555,"[21, 21]","[0, 0]","[0, 0]",75
23,"[0, 3]",117.14999999999549,"[22, 22]","[0, 0]","[0, 0]",75
24,"[0, 1]",87.79999999999715,"[23, -999]","[0, 0]","[0, 0]",75
25,"[0, 1]",88.89999999999709,"[24, 24]","[0, 0]","[0, 0]",75
26,"[0, 1]",89.99999999999703,"[25, 25]","[0, 0]","[0, 0]",75
27,"[0, 1]",91.04999999999697,"[26, 26]","[0, 0]","[0, 0]",75
28,"[0, 3]",122.04999999999521,"[27, 23]","[0, 0]","[0, 0]",75
29,"[0, 1]",94.79999999999676,"[28, 27]","[0, 0]","[0, 0]",75
30,"[2, 1]",51.7499999999992,"[15, 10]","[3.4499999999999957, 0]","[3.4499999999999957, 0]",75
31,"[0, 1]",95.8999999999967,"[29, 29]","[0, 0]","[0, 0]",75
32,"[0, 1]",96.94999999999663,"[31, 31]","[0, 0]","[0, 0]",75
33,"[0, 1]",97.99999999999658,"[32, 32]","[0, 0]","[0, 0]",75
34,"[0, 1]",99.04999999999652,"[33, 33]","[0, 0]","[0, 0]",75
35,"[2, 3]",84.49999999999734,"[30, 11]","[2.9499999999999975, 0]","[0.05, 0]",75
36,"[0, 1]",100.04999999999646,"[34, 34]","[0, 0]","[0, 0]",75
37,"[0, 1]",101.0499999999964,"[36, 36]","[0, 0]","[0, 0]",75
38,"[0, 3]",132.04999999999578,"[37, 28]","[0, 0]","[0, 0]",75
39,"[0, 1]",104.84999999999619,"[38, 37]","[0, 0]","[0, 0]",75
40,"[0, 1]",105.94999999999612,"[39, 39]","[0, 0]","[0, 0]",75
41,"[0, 3]",137.14999999999694,"[40, 38]","[0, 0]","[0, 0]",75
42,"[0, 1]",109.8999999999959,"[41, 40]","[0, 0]","[0, 0]",75
43,"[0, 3]",141.24999999999787,"[42, 41]","[0, 0]","[0, 0]",75
44,"[0, 3]",143.44999999999837,"[43, 43]","[0, 0]","[0, 0]",75
45,"[0, 1]",114.89999999999561,"[44, 42]","[0, 0]","[0, 0]",75
46,"[0, 3]",146.34999999999903,"[45, 44]","[0, 0]","[0, 0]",75
47,"[0, 3]",148.54999999999953,"[46, 46]","[0, 0]","[0, 0]",75
48,"[0, 1]",119.99999999999532,"[47, 45]","[0, 0]","[0, 0]",75
49,"[2, 1]",52.74999999999914,"[35, 13]","[3.4499999999999957, 0]","[3.4499999999999957, 0]",75
50,"[0, 3]",151.4500000000002,"[48, 47]","[0, 0]","[0, 0]",75
51,"[0, 3]",153.7000000000007,"[50, 50]","[0, 0]","[0, 0]",75
52,"[0, 1]",125.09999999999503,"[51, 48]","[0, 0]","[0, 0]",75
53,"[0, 1]",126.19999999999497,"[52, 52]","[0, 0]","[0, 0]",75
54,"[0, 1]",127.24999999999491,"[53, 53]","[0, 0]","[0, 0]",75
55,"[0, 1]",128.29999999999492,"[54, 54]","[0, 0]","[0, 0]",75
56,"[0, 1]",129.29999999999515,"[55, 55]","[0, 0]","[0, 0]",75
57,"[0, 1]",130.29999999999538,"[56, 56]","[0, 0]","[0, 0]",75
58,"[0, 3]",161.25000000000242,"[57, 51]","[0, 0]","[0, 0]",75
59,"[0, 1]",133.9499999999962,"[58, 57]","[0, 0]","[0, 0]",75
60,"[0, 3]",165.1500000000033,"[59, 58]","[0, 0]","[0, 0]",75
61,"[0, 1]",137.54999999999703,"[60, 59]","[0, 0]","[0, 0]",75
62,"[0, 1]",138.54999999999725,"[61, 61]","[0, 0]","[0, 0]",75
63,"[0, 3]",169.45000000000428,"[62, 60]","[0, 0]","[0, 0]",75
64,"[0, 1]",136.89999999999688,"[63, 62]","[0, 0]","[0, 0]",75
65,"[0, 3]",167.20000000000377,"[64, 63]","[0, 0]","[0, 0]",75
66,"[2, 1]",50.64999999999926,"[49, 17]","[6.449999999999985, 0]","[6.449999999999985, 0]",75
67,"[0, 3]",168.90000000000416,"[65, 65]","[0.05, 0]","[0, 0]",75
68,"[0, 1]",138.49999999999724,"[67, 64]","[0.9500000000000003, 0]","[0, 0]",75
69,"[0, 1]",137.449999999997,"[68, 68]","[1.2000000000000004, 0]","[0, 0]",75
70,"[2, 1]",51.6499999999992,"[66, 66]","[5.249999999999989, 0]","[2.499999999999999, 0]",75
71,"[0, 1]",138.04999999999714,"[69, 69]","[0.65, 0]","[0, 0]",75
72,"[0, 1]",133.69999999999615,"[71, 71]","[0, 0]","[0, 0]",75
73,"[0, 1]",133.59999999999613,"[72, 72]","[0, 0]","[0, 0]",75
74,"[0, 1]",134.3999999999963,"[73, 73]","[0, 0]","[0, 0]",75
75,"[0, 1]",134.94999999999644,"[74, 74]","[0, 0]","[0, 0]",75
76,"[0, 3]",162.4500000000027,"[75, 67]","[0, 0]","[0, 0]",75
77,"[0, 1]",134.44999999999632,"[76, 75]","[0, 0]","[0, 0]",75
78,"[0, 1]",134.94999999999644,"[77, 77]","[0, 0]","[0, 0]",75
79,"[2, 1]",47.94999999999941,"[70, 70]","[0, 0]","[0, 0]",75
0,"[2, 1]",36.40000000000007,"[-999, -999]","[0, 0]","[0, 0]",76
1,"[2, 1]",38.09999999999997,"[0, 0]","[0, 0]","[0, 0]",76
2,"[2, 1]",39.89999999999987,"[1, 1]","[0, 0]","[0, 0]",76
3,"[2, 3]",69.04999999999822,"[2, -999]","[0, 0]","[0, 0]",76
4,"[2, 1]",39.89999999999987,"[3, 2]","[0, 0]","[0, 0]",76
5,"[2, 1]",41.749999999999766,"[4, 4]","[0, 0]","[0, 0]",76
6,"[2, 3]",69.99999999999817,"[5, 3]","[0, 0]","[0, 0]",76
7,"[0, 3]",96.79999999999664,"[-999, 6]","[0, 0]","[0, 0]",76
8,"[2, 1]",41.1499999999998,"[6, 5]","[0, 0]","[0, 0]",76
9,"[2, 1]",42.999999999999694,"[8, 8]","[0, 0]","[0, 0]",76
10,"[0, 1]",76.4499999999978,"[7, 17]","[2.2, 0]","[2.2, 0]",76
11,"[0, 3]",105.24999999999616,"[10, 7]","[0, 0]","[0, 0]",76
12,"[0, 1]",80.99999999999754,"[11, 50]","[0, 0]","[0, 0]",76
13,"[2, 1]",44.549999999999606,"[9, 9]","[0, 0]","[0, 0]",76
14,"[0, 3]",111.04999999999583,"[12, 11]","[0, 0]","[0, 0]",76
15,"[0, 3]",113.3999999999957,"[14, 14]","[0, 0]","[0, 0]",76
16,"[0, 1]",84.84999999999732,"[15, 56]","[0, 0]","[0, 0]",76
17,"[2, 1]",45.94999999999953,"[13, 13]","[0, 0]","[0, 0]",76
18,"[0, 3]",113.94999999999567,"[16, 15]","[0, 0]","[0, 0]",76
19,"[2, 1]",52.34999999999916,"[17, 10]","[1.1000000000000003, 0]","[1.1000000000000003, 0]",76
20,"[0, 3]",126.19999999999497,"[18, 79]","[5.699999999999988, 0]","[5.699999999999988, 0]",76
21,"[0, 1]",95.19999999999673,"[20, -999]","[0, 0]","[0, 0]",76
22,"[0, 1]",96.34999999999667,"[21, 21]","[0, 0]","[0, 0]",76
23,"[0, 1]",97.4499999999966,"[22, 22]","[0, 0]","[0, 0]",76
24,"[0, 3]",128.54999999999498,"[23, 20]","[0, 0]","[0, 0]",76
25,"[0, 1]",101.1999999999964,"[24, 23]","[0, 0]","[0, 0]",76
26,"[0, 1]",102.29999999999633,"[25, 25]","[0, 0]","[0, 0]",76
27,"[0, 1]",103.34999999999627,"[26, 26]","[0, 0]","[0, 0]",76
28,"[0, 1]",104.44999999999621,"[27, 27]","[0, 0]","[0, 0]",76
29,"[0, 1]",105.49999999999615,"[28, 28]","[0, 0]","[0, 0]",76
30,"[0, 1]",106.59999999999609,"[29, 29]","[0, 0]","[0, 0]",76
31,"[0, 1]",107.59999999999603,"[30, 30]","[0, 0]","[0, 0]",76
32,"[0, 3]",138.59999999999727,"[31, 24]","[0.8000000000000002, 0]","[0, 0]",76
33,"[0, 1]",111.39999999999581,"[32, 31]","[1.2500000000000004, 0]","[0, 0]",76
34,"[0, 1]",112.54999999999575,"[33, 33]","[2.799999999999998, 0]","[0, 0]",76
35,"[0, 1]",113.69999999999568,"[34, 34]","[3.649999999999995, 0]","[0, 0]",76
36,"[0, 1]",114.74999999999562,"[35, 35]","[3.399999999999996, 0]","[0, 0]",76
37,"[0, 1]",115.74999999999557,"[36, 36]","[2.8999999999999977, 0]","[0, 0]",76
38,"[0, 3]",146.6499999999991,"[37, 32]","[2.3499999999999996, 0]","[0, 0]",76
39,"[0, 1]",119.44999999999536,"[38, 37]","[1.800000000000001, 0]","[0, 0]",76
40,"[0, 1]",120.5499999999953,"[39, 39]","[1.1500000000000004, 0]","[0, 0]",76
41,"[0, 1]",121.64999999999523,"[40, 40]","[0.44999999999999996, 0]","[0, 0]",76
42,"[0, 1]",122.69999999999517,"[41, 41]","[0, 0]","[0, 0]",76
43,"[0, 3]",153.7500000000007,"[42, 38]","[0, 0]","[0, 0]",76
44,"[0, 3]",156.10000000000124,"[43, 43]","[0, 0]","[0, 0]",76
45,"[0, 1]",127.59999999999489,"[44, 42]","[0, 0]","[0, 0]",76
46,"[0, 3]",158.85000000000187,"[45, 44]","[0, 0]","[0, 0]",76
47,"[0, 1]",130.4499999999954,"[46, 45]","[0, 0]","[0, 0]",76
48,"[0, 1]",130.3499999999954,"[47, 47]","[0, 0]","[0, 0]",76
49,"[0, 3]",161.1500000000024,"[48, 46]","[0, 0]","[0, 0]",76
50,"[2, 1]",42.799999999999706,"[19, 19]","[0, 0]","[0, 0]",76
51,"[0, 3]",163.20000000000286,"[49, 49]","[0, 0]","[0, 0]",76
52,"[0, 3]",164.15000000000308,"[51, 51]","[0, 0]","[0, 0]",76
53,"[0, 1]",133.69999999999615,"[52, -999]","[0, 0]","[0, 0]",76
54,"[0, 3]",164.3000000000031,"[53, 52]","[0, 0]","[0, 0]",76
55,"[0, 3]",166.15000000000353,"[54, 54]","[0, 0]","[0, 0]",76
56,"[2, 1]",47.29999999999945,"[50, 12]","[2.000000000000001, 0]","[2.000000000000001, 0]",76
57,"[0, 1]",137.34999999999698,"[55, 53]","[0, 0]","[0, 0]",76
58,"[0, 1]",137.99999999999713,"[57, 57]","[0, 0]","[0, 0]",76
59,"[0, 1]",133.4499999999961,"[58, 58]","[0, 0]","[0, 0]",76
60,"[0, 1]",133.39999999999608,"[59, 59]","[0.8500000000000002, 0]","[0, 0]",76
61,"[0, 3]",163.95000000000303,"[60, 55]","[1.2000000000000004, 0]","[0, 0]",76
62,"[0, 3]",165.80000000000345,"[61, 61]","[1.5000000000000007, 0]","[0, 0]",76
63,"[0, 3]",166.5000000000036,"[62, 62]","[1.850000000000001, 0]","[0, 0]",76
64,"[0, 1]",136.74999999999685,"[63, -999]","[1.7000000000000008, 0]","[0, 0]",76
65,"[0, 3]",163.20000000000286,"[64, 63]","[0, 0]","[0, 0]",76
66,"[0, 1]",133.34999999999607,"[65, 64]","[0, 0]","[0, 0]",76
67,"[0, 1]",134.14999999999625,"[66, 66]","[0, 0]","[0, 0]",76
68,"[0, 1]",135.09999999999647,"[67, 67]","[0, 0]","[0, 0]",76
69,"[0, 1]",135.89999999999665,"[68, 68]","[0, 0]","[0, 0]",76
70,"[0, 1]",136.24999999999673,"[69, 69]","[0, 0]","[0, 0]",76
71,"[0, 1]",132.0999999999958,"[70, 70]","[0, 0]","[0, 0]",76
72,"[0, 1]",132.5999999999959,"[71, 71]","[0, 0]","[0, 0]",76
73,"[0, 1]",133.34999999999607,"[72, 72]","[0, 0]","[0, 0]",76
74,"[0, 1]",134.04999999999623,"[73, 73]","[0, 0]","[0, 0]",76
75,"[0, 1]",130.24999999999537,"[74, 74]","[0, 0]","[0, 0]",76
76,"[0, 3]",159.65000000000205,"[75, -999]","[0, 0]","[0, 0]",76
77,"[2, 3]",74.6499999999979,"[56, 18]","[0, 0]","[0, 0]",76
78,"[0, 1]",131.89999999999574,"[76, 75]","[0, 0]","[0, 0]",76
79,"[2, 3]",76.74999999999778,"[77, 77]","[0, 0]","[0, 0]",76
0,"[2, 1]",36.40000000000007,"[-999, -999]","[0, 0]","[0, 0]",77
1,"[2, 1]",38.09999999999997,"[0, 0]","[0, 0]","[0, 0]",77
2,"[2, 1]",39.89999999999987,"[1, 1]","[0, 0]","[0, 0]",77
3,"[2, 1]",41.79999999999976,"[2, 2]","[0, 0]","[0, 0]",77
4,"[2, 3]",69.79999999999818,"[3, -999]","[0, 0]","[0, 0]",77
5,"[2, 3]",72.34999999999803,"[4, 4]","[0, 0]","[0, 0]",77
6,"[0, 3]",96.79999999999664,"[-999, 5]","[0, 0]","[0, 0]",77
7,"[2, 1]",42.54999999999972,"[5, 3]","[0, 0]","[0, 0]",77
8,"[2, 1]",44.14999999999963,"[7, 7]","[0, 0]","[0, 0]",77
9,"[2, 1]",45.54999999999955,"[8, 8]","[0, 0]","[0, 0]",77
10,"[0, 1]",76.14999999999782,"[6, 19]","[3.049999999999997, 0]","[3.049999999999997, 0]",77
11,"[0, 3]",105.59999999999614,"[10, 18]","[0, 0]","[0, 0]",77
12,"[0, 1]",77.49999999999774,"[11, 37]","[0, 0]","[0, 0]",77
13,"[0, 1]",78.44999999999769,"[12, 12]","[0, 0]","[0, 0]",77
14,"[0, 3]",109.74999999999591,"[13, 45]","[0, 0]","[0, 0]",77
15,"[0, 3]",111.84999999999579,"[14, 14]","[0, 0]","[0, 0]",77
16,"[0, 1]",83.69999999999739,"[15, 53]","[0, 0]","[0, 0]",77
17,"[0, 1]",84.34999999999735,"[16, 16]","[0, 0]","[0, 0]",77
18,"[2, 3]",77.64999999999773,"[9, 6]","[0, 0]","[0, 0]",77
19,"[2, 1]",44.199999999999626,"[18, 9]","[0, 0]","[0, 0]",77
20,"[0, 3]",115.34999999999559,"[17, 15]","[0, 0]","[0, 0]",77
21,"[0, 3]",117.64999999999546,"[20, 20]","[0, 0]","[0, 0]",77
22,"[0, 1]",88.09999999999714,"[21, 67]","[0, 0]","[0, 0]",77
23,"[0, 3]",121.14999999999526,"[22, 79]","[0, 0]","[0, 0]",77
24,"[0, 1]",91.79999999999693,"[23, 22]","[0, 0]","[0, 0]",77
25,"[0, 1]",92.89999999999687,"[24, 24]","[0, 0]","[0, 0]",77
26,"[0, 3]",124.14999999999509,"[25, 23]","[0, 0]","[0, 0]",77
27,"[0, 1]",96.84999999999664,"[26, 25]","[0, 0]","[0, 0]",77
28,"[0, 1]",97.94999999999658,"[27, 27]","[0, 0]","[0, 0]",77
29,"[0, 1]",98.99999999999652,"[28, 28]","[0, 0]","[0, 0]",77
30,"[0, 3]",130.09999999999533,"[29, 26]","[0, 0]","[0, 0]",77
31,"[0, 1]",102.7999999999963,"[30, 29]","[0, 0]","[0, 0]",77
32,"[0, 1]",103.89999999999624,"[31, 31]","[0, 0]","[0, 0]",77
33,"[0, 1]",104.94999999999618,"[32, 32]","[0, 0]","[0, 0]",77
34,"[0, 1]",106.04999999999612,"[33, 33]","[0, 0]","[0, 0]",77
35,"[0, 3]",137.0499999999969,"[34, 30]","[0, 0]","[0, 0]",77
36,"[0, 3]",139.39999999999745,"[35, 35]","[0, 0]","[0, 0]",77
37,"[2, 1]",51.84999999999919,"[19, 10]","[1.5500000000000007, 0]","[1.5500000000000007, 0]",77
38,"[0, 3]",140.9999999999978,"[36, 36]","[0, 0]","[0, 0]",77
39,"[0, 3]",142.39999999999813,"[38, 38]","[0, 0]","[0, 0]",77
40,"[0, 1]",113.09999999999572,"[39, -999]","[0.35, 0]","[0, 0]",77
41,"[0, 3]",144.54999999999862,"[40, 39]","[0, 0]","[0, 0]",77
42,"[0, 3]",146.6999999999991,"[41, 41]","[0, 0]","[0, 0]",77
43,"[0, 3]",148.24999999999946,"[42, 42]","[0, 0]","[0, 0]",77
44,"[0, 3]",149.54999999999976,"[43, 43]","[0, 0]","[0, 0]",77
45,"[2, 3]",79.8499999999976,"[37, 11]","[3.049999999999997, 0]","[3.049999999999997, 0]",77
46,"[0, 3]",150.70000000000002,"[44, 44]","[0, 0]","[0, 0]",77
47,"[2, 1]",57.09999999999889,"[45, 13]","[6.999999999999983, 0]","[6.5999999999999845, 0]",77
48,"[0, 1]",121.44999999999524,"[46, -999]","[0, 0]","[0, 0]",77
49,"[0, 3]",152.95000000000053,"[48, 46]","[0, 0]","[0, 0]",77
50,"[0, 1]",125.34999999999502,"[49, 48]","[0, 0]","[0, 0]",77
51,"[0, 3]",156.70000000000138,"[50, 49]","[0, 0]","[0, 0]",77
52,"[0, 3]",158.90000000000188,"[51, 51]","[0, 0]","[0, 0]",77
53,"[2, 1]",56.84999999999891,"[47, 47]","[10.500000000000014, 0]","[2.2, 0]",77
54,"[0, 1]",130.3499999999954,"[52, 50]","[0, 0]","[0, 0]",77
55,"[0, 3]",161.6500000000025,"[54, 52]","[0, 0]","[0, 0]",77
56,"[0, 1]",134.09999999999624,"[55, 54]","[0, 0]","[0, 0]",77
57,"[0, 3]",165.25000000000333,"[56, 55]","[0, 0]","[0, 0]",77
58,"[0, 3]",166.70000000000366,"[57, 57]","[0, 0]","[0, 0]",77
59,"[0, 1]",137.09999999999692,"[58, 56]","[0, 0]","[0, 0]",77
60,"[2, 1]",66.39999999999837,"[53, 17]","[10.050000000000008, 0]","[3.2499999999999964, 0]",77
61,"[0, 3]",167.85000000000392,"[59, 58]","[0, 0]","[0, 0]",77
62,"[0, 3]",168.7000000000041,"[61, 61]","[0, 0]","[0, 0]",77
63,"[0, 3]",168.00000000000395,"[62, 62]","[0, 0]","[0, 0]",77
64,"[0, 1]",138.2999999999972,"[63, -999]","[0, 0]","[0, 0]",77
65,"[0, 3]",168.90000000000416,"[64, 63]","[0, 0]","[0, 0]",77
66,"[0, 1]",136.0499999999967,"[65, 64]","[0, 0]","[0, 0]",77
67,"[2, 1]",62.54999999999858,"[60, 60]","[5.249999999999989, 0]","[0, 0]",77
68,"[0, 1]",136.64999999999682,"[66, 66]","[0, 0]","[0, 0]",77
69,"[0, 1]",137.54999999999703,"[68, 68]","[0, 0]","[0, 0]",77
70,"[0, 3]",168.10000000000397,"[69, 65]","[0, 0]","[0, 0]",77
71,"[0, 3]",166.35000000000358,"[70, 70]","[0.6, 0]","[0, 0]",77
72,"[0, 3]",167.45000000000383,"[71, 71]","[1.1000000000000003, 0]","[0, 0]",77
73,"[0, 1]",138.2499999999972,"[72, -999]","[1.6000000000000008, 0]","[0, 0]",77
74,"[0, 1]",139.09999999999738,"[73, 73]","[2.0500000000000007, 0]","[0, 0]",77
75,"[0, 1]",139.89999999999756,"[74, 74]","[1.6000000000000008, 0]","[0, 0]",77
76,"[0, 1]",135.29999999999652,"[75, 75]","[0, 0]","[0, 0]",77
77,"[0, 1]",134.7499999999964,"[76, 76]","[0, 0]","[0, 0]",77
78,"[0, 1]",135.49999999999656,"[77, 77]","[0, 0]","[0, 0]",77
79,"[2, 3]",87.34999999999718,"[67, 21]","[0, 0]","[0, 0]",77
0,"[2, 3]",67.7499999999983,"[-999, -999]","[0, 0]","[0, 0]",78
1,"[2, 1]",37.15000000000003,"[0, -999]","[0, 0]","[0, 0]",78
2,"[2, 3]",69.4499999999982,"[1, 0]","[0, 0]","[0, 0]",78
3,"[2, 3]",71.79999999999806,"[2, 2]","[0, 0]","[0, 0]",78
4,"[2, 1]",41.749999999999766,"[3, 1]","[0, 0]","[0, 0]",78
5,"[2, 3]",71.2999999999981,"[4, 3]","[0, 0]","[0, 0]",78
6,"[2, 1]",42.099999999999746,"[5, 4]","[0, 0]","[0, 0]",78
7,"[0, 3]",97.24999999999662,"[-999, 8]","[0, 0]","[0, 0]",78
8,"[2, 3]",71.34999999999809,"[6, 5]","[0, 0]","[0, 0]",78
9,"[2, 1]",42.34999999999973,"[8, 6]","[0, 0]","[0, 0]",78
10,"[0, 3]",100.49999999999643,"[7, 7]","[0, 0]","[0, 0]",78
11,"[2, 1]",43.99999999999964,"[9, 9]","[0, 0]","[0, 0]",78
12,"[2, 1]",45.49999999999955,"[11, 11]","[0, 0]","[0, 0]",78
13,"[0, 1]",71.59999999999808,"[10, 12]","[0, 0]","[0, 0]",78
14,"[0, 3]",108.54999999999598,"[13, 40]","[2.3, 0]","[2.3, 0]",78
15,"[0, 1]",78.0999999999977,"[14, 50]","[0, 0]","[0, 0]",78
16,"[0, 1]",84.99999999999731,"[15, 62]","[3.4999999999999956, 0]","[3.4999999999999956, 0]",78
17,"[2, 3]",77.69999999999773,"[12, 10]","[0, 0]","[0, 0]",78
18,"[0, 1]",84.54999999999734,"[16, 16]","[0, 0]","[0, 0]",78
19,"[0, 1]",85.2499999999973,"[18, 18]","[0, 0]","[0, 0]",78
20,"[0, 1]",86.24999999999724,"[19, 19]","[0, 0]","[0, 0]",78
21,"[0, 3]",117.19999999999548,"[20, 14]","[0, 0]","[0, 0]",78
22,"[0, 3]",119.49999999999535,"[21, 21]","[0, 0]","[0, 0]",78
23,"[0, 3]",121.09999999999526,"[22, 22]","[0, 0]","[0, 0]",78
24,"[0, 3]",122.39999999999519,"[23, 23]","[0, 0]","[0, 0]",78
25,"[0, 1]",93.19999999999685,"[24, -999]","[0, 0]","[0, 0]",78
26,"[0, 3]",124.69999999999506,"[25, 24]","[0, 0]","[0, 0]",78
27,"[0, 1]",97.09999999999663,"[26, 25]","[0, 0]","[0, 0]",78
28,"[0, 1]",98.24999999999656,"[27, 27]","[0, 0]","[0, 0]",78
29,"[0, 3]",129.39999999999517,"[28, 26]","[0, 0]","[0, 0]",78
30,"[0, 1]",102.09999999999634,"[29, 28]","[0, 0]","[0, 0]",78
31,"[0, 1]",103.24999999999628,"[30, 30]","[0, 0]","[0, 0]",78
32,"[0, 1]",104.29999999999622,"[31, 31]","[0, 0]","[0, 0]",78
33,"[0, 1]",105.34999999999616,"[32, 32]","[0, 0]","[0, 0]",78
34,"[0, 1]",106.3499999999961,"[33, 33]","[0, 0]","[0, 0]",78
35,"[0, 1]",107.39999999999604,"[34, 34]","[0, 0]","[0, 0]",78
36,"[0, 3]",138.3499999999972,"[35, 29]","[0, 0]","[0, 0]",78
37,"[0, 1]",111.04999999999583,"[36, 35]","[0, 0]","[0, 0]",78
38,"[0, 3]",142.39999999999813,"[37, 36]","[0, 0]","[0, 0]",78
39,"[0, 3]",144.64999999999864,"[38, 38]","[0, 0]","[0, 0]",78
40,"[2, 3]",79.39999999999763,"[17, 17]","[0, 0]","[0, 0]",78
41,"[0, 1]",116.09999999999555,"[39, 37]","[0, 0]","[0, 0]",78
42,"[0, 1]",117.14999999999549,"[41, 41]","[0, 0]","[0, 0]",78
43,"[0, 1]",118.24999999999542,"[42, 42]","[0, 0]","[0, 0]",78
44,"[0, 3]",149.3499999999997,"[43, 39]","[0, 0]","[0, 0]",78
45,"[0, 1]",122.04999999999521,"[44, 43]","[0, 0]","[0, 0]",78
46,"[0, 1]",123.14999999999515,"[45, 45]","[0, 0]","[0, 0]",78
47,"[0, 3]",154.40000000000086,"[46, 44]","[0, 0]","[0, 0]",78
48,"[0, 3]",156.70000000000138,"[47, 47]","[0, 0]","[0, 0]",78
49,"[0, 3]",158.25000000000173,"[48, 48]","[0, 0]","[0, 0]",78
50,"[2, 1]",43.54999999999966,"[40, 13]","[0, 0]","[0, 0]",78
51,"[0, 3]",159.50000000000202,"[49, 49]","[0, 0]","[0, 0]",78
52,"[0, 3]",160.7000000000023,"[51, 51]","[0, 0]","[0, 0]",78
53,"[0, 1]",131.39999999999563,"[52, -999]","[0, 0]","[0, 0]",78
54,"[0, 3]",162.75000000000276,"[53, 52]","[0, 0]","[0, 0]",78
55,"[0, 3]",163.65000000000296,"[54, 54]","[0, 0]","[0, 0]",78
56,"[0, 3]",162.20000000000263,"[55, 55]","[0, 0]","[0, 0]",78
57,"[0, 3]",163.10000000000284,"[56, 56]","[0.6, 0]","[0, 0]",78
58,"[0, 1]",133.59999999999613,"[57, -999]","[1.2000000000000004, 0]","[0, 0]",78
59,"[0, 1]",133.8999999999962,"[58, 58]","[1.5000000000000007, 0]","[0, 0]",78
60,"[0, 3]",164.00000000000304,"[59, 57]","[1.850000000000001, 0]","[0, 0]",78
61,"[0, 1]",136.19999999999672,"[60, 59]","[1.7500000000000009, 0]","[0, 0]",78
62,"[2, 1]",40.09999999999986,"[50, 15]","[0, 0]","[0, 0]",78
63,"[0, 3]",167.20000000000377,"[61, 60]","[1.0500000000000003, 0]","[0, 0]",78
64,"[0, 1]",133.99999999999622,"[63, 61]","[0.6, 0]","[0, 0]",78
65,"[0, 3]",164.40000000000313,"[64, 63]","[0.39999999999999997, 0]","[0, 0]",78
66,"[0, 3]",166.4000000000036,"[65, 65]","[0, 0]","[0, 0]",78
67,"[0, 1]",135.6499999999966,"[66, 64]","[0, 0]","[0, 0]",78
68,"[0, 1]",133.4999999999961,"[67, 67]","[0, 0]","[0, 0]",78
69,"[0, 3]",164.50000000000315,"[68, 66]","[0, 0]","[0, 0]",78
70,"[0, 3]",166.55000000000362,"[69, 69]","[0, 0]","[0, 0]",78
71,"[0, 1]",137.74999999999707,"[70, 68]","[0, 0]","[0, 0]",78
72,"[0, 3]",168.35000000000403,"[71, 70]","[0, 0]","[0, 0]",78
73,"[0, 1]",138.64999999999728,"[72, 71]","[0.7500000000000001, 0]","[0, 0]",78
74,"[0, 1]",137.24999999999696,"[73, 73]","[1.3000000000000005, 0]","[0, 0]",78
75,"[0, 1]",136.64999999999682,"[74, 74]","[1.7500000000000009, 0]","[0, 0]",78
76,"[0, 1]",137.0499999999969,"[75, 75]","[2.1500000000000004, 0]","[0, 0]",78
77,"[0, 1]",137.74999999999707,"[76, 76]","[2.3499999999999996, 0]","[0, 0]",78
78,"[0, 1]",138.3499999999972,"[77, 77]","[1.800000000000001, 0]","[0, 0]",78
79,"[0, 1]",133.049999999996,"[78, 78]","[0, 0]","[0, 0]",78
0,"[2, 1]",36.40000000000007,"[-999, -999]","[0, 0]","[0, 0]",79
1,"[2, 1]",38.09999999999997,"[0, 0]","[0, 0]","[0, 0]",79
2,"[2, 1]",39.89999999999987,"[1, 1]","[0, 0]","[0, 0]",79
3,"[2, 1]",41.79999999999976,"[2, 2]","[0, 0]","[0, 0]",79
4,"[2, 3]",70.24999999999815,"[3, -999]","[0, 0]","[0, 0]",79
5,"[2, 3]",72.69999999999801,"[4, 4]","[0, 0]","[0, 0]",79
6,"[2, 1]",38.399999999999956,"[5, 3]","[0, 0]","[0, 0]",79
7,"[2, 3]",71.74999999999807,"[6, 5]","[0, 0]","[0, 0]",79
8,"[2, 1]",38.64999999999994,"[7, 6]","[0, 0]","[0, 0]",79
9,"[2, 1]",40.899999999999814,"[8, 8]","[0, 0]","[0, 0]",79
10,"[2, 1]",42.59999999999972,"[9, 9]","[0, 0]","[0, 0]",79
11,"[2, 1]",44.14999999999963,"[10, 10]","[0, 0]","[0, 0]",79
12,"[2, 1]",51.249999999999226,"[11, 13]","[1.1500000000000004, 0]","[1.1500000000000004, 0]",79
13,"[0, 1]",76.24999999999781,"[-999, 11]","[0, 0]","[2.9999999999999973, 0]",79
14,"[0, 3]",105.44999999999615,"[13, 7]","[0, 0]","[0, 0]",79
15,"[0, 1]",77.69999999999773,"[14, 12]","[0, 0]","[0, 0]",79
16,"[0, 3]",109.74999999999591,"[15, 18]","[0, 0]","[0, 0]",79
17,"[0, 3]",110.89999999999584,"[16, 16]","[0, 0]","[0, 0]",79
18,"[2, 3]",82.64999999999745,"[12, 14]","[3.1999999999999966, 0]","[3.1999999999999966, 0]",79
19,"[0, 1]",81.49999999999751,"[17, 15]","[0, 0]","[0, 0]",79
20,"[0, 3]",113.4499999999957,"[19, 40]","[0, 0]","[0, 0]",79
21,"[0, 1]",84.14999999999736,"[20, 19]","[0, 0]","[0, 0]",79
22,"[0, 1]",85.2499999999973,"[21, 21]","[0, 0]","[0, 0]",79
23,"[0, 1]",86.29999999999724,"[22, 22]","[0, 0]","[0, 0]",79
24,"[0, 3]",117.39999999999547,"[23, 58]","[0, 0]","[0, 0]",79
25,"[0, 1]",89.74999999999704,"[24, 23]","[0, 0]","[0, 0]",79
26,"[0, 3]",121.14999999999526,"[25, 24]","[0, 0]","[0, 0]",79
27,"[0, 3]",123.39999999999513,"[26, 26]","[0, 0]","[0, 0]",79
28,"[0, 3]",124.94999999999504,"[27, 27]","[0, 0]","[0, 0]",79
29,"[0, 1]",95.94999999999669,"[28, -999]","[0, 0]","[0, 0]",79
30,"[0, 1]",97.09999999999663,"[29, 29]","[0, 0]","[0, 0]",79
31,"[0, 1]",98.14999999999657,"[30, 30]","[0, 0]","[0, 0]",79
32,"[0, 1]",99.1999999999965,"[31, 31]","[0, 0]","[0, 0]",79
33,"[0, 1]",100.29999999999644,"[32, 32]","[0, 0]","[0, 0]",79
34,"[0, 3]",131.2999999999956,"[33, 28]","[0, 0]","[0, 0]",79
35,"[0, 1]",103.99999999999623,"[34, 33]","[0, 0]","[0, 0]",79
36,"[0, 1]",105.09999999999617,"[35, 35]","[0, 0]","[0, 0]",79
37,"[0, 1]",106.19999999999611,"[36, 36]","[0, 0]","[0, 0]",79
38,"[0, 1]",107.24999999999605,"[37, 37]","[0, 0]","[0, 0]",79
39,"[0, 1]",108.24999999999599,"[38, 38]","[0, 0]","[0, 0]",79
40,"[2, 3]",94.84999999999675,"[18, 17]","[6.649999999999984, 0]","[6.649999999999984, 0]",79
41,"[0, 3]",139.2499999999974,"[39, 34]","[0, 0]","[0, 0]",79
42,"[0, 1]",111.99999999999578,"[41, 39]","[0, 0]","[0, 0]",79
43,"[0, 1]",113.09999999999572,"[42, 42]","[0, 0]","[0, 0]",79
44,"[0, 1]",114.14999999999566,"[43, 43]","[0, 0]","[0, 0]",79
45,"[0, 1]",115.1999999999956,"[44, 44]","[0, 0]","[0, 0]",79
46,"[0, 1]",116.24999999999554,"[45, 45]","[0, 0]","[0, 0]",79
47,"[0, 1]",117.24999999999548,"[46, 46]","[0, 0]","[0, 0]",79
48,"[0, 1]",118.24999999999542,"[47, 47]","[0, 0]","[0, 0]",79
49,"[0, 3]",149.2999999999997,"[48, 41]","[0, 0]","[0, 0]",79
50,"[0, 1]",122.04999999999521,"[49, 48]","[0, 0]","[0, 0]",79
51,"[2, 3]",101.84999999999636,"[40, 20]","[3.399999999999996, 0]","[3.399999999999996, 0]",79
52,"[0, 3]",153.40000000000063,"[50, 49]","[0, 0]","[0, 0]",79
53,"[0, 1]",125.89999999999499,"[52, 50]","[0, 0]","[0, 0]",79
54,"[0, 1]",126.99999999999493,"[53, 53]","[0, 0]","[0, 0]",79
55,"[0, 1]",128.04999999999487,"[54, 54]","[0.49999999999999994, 0]","[0, 0]",79
56,"[0, 1]",128.99999999999508,"[55, 55]","[1.0500000000000003, 0]","[0, 0]",79
57,"[0, 3]",159.65000000000205,"[56, 52]","[1.3500000000000005, 0]","[0, 0]",79
58,"[2, 3]",100.94999999999641,"[51, 51]","[15.500000000000085, 0]","[0, 0]",79
59,"[0, 1]",131.94999999999575,"[57, 56]","[1.6000000000000008, 0]","[0, 0]",79
60,"[0, 1]",132.6499999999959,"[59, 59]","[1.6000000000000008, 0]","[0, 0]",79
61,"[0, 3]",163.50000000000293,"[60, 57]","[0.9500000000000003, 0]","[0, 0]",79
62,"[0, 3]",163.90000000000302,"[61, 61]","[0, 0]","[0, 0]",79
63,"[0, 3]",160.95000000000235,"[62, 62]","[0, 0]","[0, 0]",79
64,"[0, 1]",131.6999999999957,"[63, -999]","[0, 0]","[0, 0]",79
65,"[0, 1]",132.5999999999959,"[64, 64]","[0.6, 0]","[0, 0]",79
66,"[0, 1]",133.4499999999961,"[65, 65]","[1.3000000000000005, 0]","[0, 0]",79
67,"[0, 3]",164.10000000000306,"[66, 63]","[1.1000000000000003, 0]","[0, 0]",79
68,"[0, 1]",135.44999999999655,"[67, 66]","[0, 0]","[0, 0]",79
69,"[0, 3]",161.55000000000248,"[68, 67]","[0, 0]","[0, 0]",79
70,"[0, 1]",133.79999999999617,"[69, 68]","[0, 0]","[0, 0]",79
71,"[0, 1]",134.69999999999638,"[70, 70]","[0, 0]","[0, 0]",79
72,"[0, 1]",135.54999999999657,"[71, 71]","[0, 0]","[0, 0]",79
73,"[0, 1]",136.29999999999674,"[72, 72]","[0, 0]","[0, 0]",79
74,"[0, 1]",136.9999999999969,"[73, 73]","[0.3, 0]","[0, 0]",79
75,"[0, 1]",137.69999999999706,"[74, 74]","[0, 0]","[0, 0]",79
76,"[0, 1]",133.049999999996,"[75, 75]","[0, 0]","[0, 0]",79
77,"[0, 1]",132.999999999996,"[76, 76]","[0, 0]","[0, 0]",79
78,"[0, 1]",133.64999999999614,"[77, 77]","[0, 0]","[0, 0]",79
79,"[0, 1]",134.19999999999627,"[78, 78]","[0, 0]","[0, 0]",79
0,"[2, 1]",36.40000000000007,"[-999, -999]","[0, 0]","[0, 0]",80
1,"[2, 3]",68.49999999999825,"[0, -999]","[0, 0]","[0, 0]",80
2,"[2, 1]",37.30000000000002,"[1, 0]","[0, 0]","[0, 0]",80
3,"[0, 1]",68.14999999999827,"[-999, 8]","[0, 0]","[0, 0]",80
4,"[2, 1]",38.99999999999992,"[2, 2]","[0, 0]","[0, 0]",80
5,"[2, 3]",70.99999999999811,"[4, 1]","[0, 0]","[0, 0]",80
6,"[2, 3]",73.59999999999796,"[5, 5]","[0, 0]","[0, 0]",80
7,"[2, 1]",39.59999999999989,"[6, 4]","[0, 0]","[0, 0]",80
8,"[2, 1]",41.99999999999975,"[7, 7]","[0, 0]","[0, 0]",80
9,"[2, 1]",49.39999999999933,"[8, 3]","[2.5999999999999988, 0]","[2.5999999999999988, 0]",80
10,"[0, 3]",102.24999999999633,"[3, 11]","[0, 0]","[0, 0]",80
11,"[2, 3]",74.54999999999791,"[9, 6]","[0, 0]","[0, 0]",80
12,"[0, 1]",73.29999999999798,"[10, 32]","[0, 0]","[0, 0]",80
13,"[0, 1]",74.44999999999791,"[12, 12]","[0, 0]","[0, 0]",80
14,"[0, 3]",107.34999999999604,"[13, 40]","[0, 0]","[0, 0]",80
15,"[0, 1]",77.84999999999772,"[14, 49]","[0, 0]","[0, 0]",80
16,"[0, 1]",78.84999999999766,"[15, 15]","[0, 0]","[0, 0]",80
17,"[0, 1]",84.84999999999732,"[16, 62]","[2.549999999999999, 0]","[2.549999999999999, 0]",80
18,"[0, 3]",114.74999999999562,"[17, 51]","[0, 0]","[0, 0]",80
19,"[0, 1]",86.54999999999723,"[18, 79]","[0, 0]","[0, 0]",80
20,"[0, 3]",117.84999999999545,"[19, 18]","[0, 0]","[0, 0]",80
21,"[0, 3]",120.04999999999532,"[20, 20]","[0, 0]","[0, 0]",80
22,"[0, 1]",91.44999999999695,"[21, 19]","[0, 0]","[0, 0]",80
23,"[0, 1]",92.49999999999689,"[22, 22]","[0, 0]","[0, 0]",80
24,"[0, 1]",93.64999999999682,"[23, 23]","[0, 0]","[0, 0]",80
25,"[0, 1]",94.69999999999676,"[24, 24]","[0, 0]","[0, 0]",80
26,"[0, 3]",125.649999999995,"[25, 21]","[0, 0]","[0, 0]",80
27,"[0, 1]",98.34999999999656,"[26, 25]","[0, 0]","[0, 0]",80
28,"[0, 1]",99.44999999999649,"[27, 27]","[0, 0]","[0, 0]",80
29,"[0, 1]",100.54999999999643,"[28, 28]","[0, 0]","[0, 0]",80
30,"[0, 1]",101.59999999999637,"[29, 29]","[0, 0]","[0, 0]",80
31,"[0, 1]",102.64999999999631,"[30, 30]","[0, 0]","[0, 0]",80
32,"[2, 1]",47.049999999999464,"[11, 9]","[0, 0]","[0, 0]",80
33,"[0, 1]",103.69999999999625,"[31, 31]","[0, 0]","[0, 0]",80
34,"[0, 3]",134.69999999999638,"[33, 26]","[0, 0]","[0, 0]",80
35,"[2, 3]",79.14999999999765,"[32, 10]","[0, 0]","[0, 0]",80
36,"[0, 1]",107.44999999999604,"[34, 33]","[0, 0]","[0, 0]",80
37,"[0, 1]",108.59999999999597,"[36, 36]","[0, 0]","[0, 0]",80
38,"[0, 1]",109.64999999999591,"[37, 37]","[0, 0]","[0, 0]",80
39,"[0, 3]",140.69999999999774,"[38, 34]","[0, 0]","[0, 0]",80
40,"[2, 3]",80.89999999999755,"[35, 35]","[0, 0]","[0, 0]",80
41,"[0, 1]",113.3999999999957,"[39, 38]","[0, 0]","[0, 0]",80
42,"[0, 3]",144.74999999999866,"[41, 39]","[0, 0]","[0, 0]",80
43,"[0, 3]",146.94999999999916,"[42, 42]","[0, 0]","[0, 0]",80
44,"[0, 1]",118.44999999999541,"[43, 41]","[0, 0]","[0, 0]",80
45,"[0, 3]",149.84999999999982,"[44, 43]","[0, 0]","[0, 0]",80
46,"[0, 3]",152.05000000000032,"[45, 45]","[0, 0]","[0, 0]",80
47,"[0, 3]",153.60000000000068,"[46, 46]","[0, 0]","[0, 0]",80
48,"[0, 1]",124.64999999999506,"[47, -999]","[0, 0]","[0, 0]",80
49,"[2, 1]",47.69999999999943,"[40, 13]","[0, 0]","[0, 0]",80
50,"[0, 1]",125.749999999995,"[48, 48]","[0, 0]","[0, 0]",80
51,"[2, 3]",80.99999999999754,"[49, 14]","[0, 0]","[0, 0]",80
52,"[0, 1]",126.89999999999493,"[50, 50]","[0, 0]","[0, 0]",80
53,"[0, 3]",157.95000000000167,"[52, 47]","[0, 0]","[0, 0]",80
54,"[0, 1]",130.59999999999545,"[53, 52]","[0, 0]","[0, 0]",80
55,"[0, 1]",131.64999999999569,"[54, 54]","[0, 0]","[0, 0]",80
56,"[0, 1]",132.49999999999588,"[55, 55]","[0, 0]","[0, 0]",80
57,"[0, 3]",163.0000000000028,"[56, 53]","[0, 0]","[0, 0]",80
58,"[0, 1]",135.09999999999647,"[57, 56]","[0.9000000000000002, 0]","[0, 0]",80
59,"[0, 1]",135.6999999999966,"[58, 58]","[1.3000000000000005, 0]","[0, 0]",80
60,"[0, 1]",136.29999999999674,"[59, 59]","[1.7000000000000008, 0]","[0, 0]",80
61,"[0, 3]",166.8500000000037,"[60, 57]","[2.0500000000000007, 0]","[0, 0]",80
62,"[2, 1]",50.59999999999926,"[51, 16]","[2.3999999999999995, 0]","[2.3999999999999995, 0]",80
63,"[0, 1]",139.04999999999737,"[61, 60]","[1.6500000000000008, 0]","[0, 0]",80
64,"[0, 1]",133.69999999999615,"[63, 63]","[0, 0]","[0, 0]",80
65,"[0, 3]",163.850000000003,"[64, 61]","[0, 0]","[0, 0]",80
66,"[0, 1]",136.29999999999674,"[65, 64]","[0, 0]","[0, 0]",80
67,"[0, 3]",167.3500000000038,"[66, 65]","[0, 0]","[0, 0]",80
68,"[0, 1]",139.1499999999974,"[67, 66]","[0, 0]","[0, 0]",80
69,"[0, 3]",169.60000000000431,"[68, 67]","[0, 0]","[0, 0]",80
70,"[0, 3]",170.8000000000046,"[69, 69]","[0, 0]","[0, 0]",80
71,"[0, 3]",167.50000000000384,"[70, 70]","[0, 0]","[0, 0]",80
72,"[0, 3]",166.4500000000036,"[71, 71]","[0, 0]","[0, 0]",80
73,"[0, 1]",136.79999999999686,"[72, -999]","[0, 0]","[0, 0]",80
74,"[0, 1]",137.399999999997,"[73, 73]","[0, 0]","[0, 0]",80
75,"[0, 1]",136.64999999999682,"[74, 74]","[0, 0]","[0, 0]",80
76,"[0, 1]",136.1499999999967,"[75, 75]","[0, 0]","[0, 0]",80
77,"[0, 1]",136.19999999999672,"[76, 76]","[0, 0]","[0, 0]",80
78,"[0, 1]",135.09999999999647,"[77, 77]","[0, 0]","[0, 0]",80
79,"[2, 1]",39.19999999999991,"[62, 17]","[0, 0]","[0, 0]",80
0,"[2, 1]",36.40000000000007,"[-999, -999]","[0, 0]","[0, 0]",81
1,"[2, 3]",68.49999999999825,"[0, -999]","[0, 0]","[0, 0]",81
2,"[2, 1]",37.30000000000002,"[1, 0]","[0, 0]","[0, 0]",81
3,"[0, 1]",68.34999999999826,"[-999, 9]","[0, 0]","[0, 0]",81
4,"[2, 3]",70.09999999999816,"[2, 1]","[0, 0]","[0, 0]",81
5,"[2, 3]",72.49999999999802,"[4, 4]","[0, 0]","[0, 0]",81
6,"[2, 3]",74.29999999999792,"[5, 5]","[0, 0]","[0, 0]",81
7,"[2, 1]",39.74999999999988,"[6, -999]","[0, 0]","[0, 0]",81
8,"[0, 1]",72.949999999998,"[3, 16]","[0, 0]","[0, 0]",81
9,"[2, 1]",42.099999999999746,"[7, 7]","[0, 0]","[0, 0]",81
10,"[0, 3]",103.89999999999624,"[8, 6]","[0, 0]","[0, 0]",81
11,"[0, 3]",106.2999999999961,"[10, 10]","[0, 0]","[0, 0]",81
12,"[0, 3]",107.94999999999601,"[11, 11]","[0, 0]","[0, 0]",81
13,"[0, 3]",109.19999999999594,"[12, 12]","[0, 0]","[0, 0]",81
14,"[0, 3]",110.49999999999586,"[13, 13]","[0, 0]","[0, 0]",81
15,"[0, 1]",81.24999999999753,"[14, -999]","[0, 0]","[0, 0]",81
16,"[2, 1]",49.59999999999932,"[9, 3]","[2.2, 0]","[2.2, 0]",81
17,"[0, 3]",113.3999999999957,"[15, 60]","[0, 0]","[0, 0]",81
18,"[0, 1]",89.64999999999705,"[17, 72]","[2.3, 0]","[2.3, 0]",81
19,"[0, 3]",118.24999999999542,"[18, 17]","[0, 0]","[0, 0]",81
20,"[0, 3]",120.5499999999953,"[19, 19]","[0, 0]","[0, 0]",81
21,"[0, 3]",122.0999999999952,"[20, 20]","[0, 0]","[0, 0]",81
22,"[0, 3]",123.44999999999513,"[21, 21]","[0, 0]","[0, 0]",81
23,"[0, 1]",94.24999999999679,"[22, -999]","[0, 0]","[0, 0]",81
24,"[0, 1]",95.34999999999673,"[23, 23]","[0, 0]","[0, 0]",81
25,"[0, 1]",96.44999999999666,"[24, 24]","[0, 0]","[0, 0]",81
26,"[0, 3]",127.5499999999949,"[25, 22]","[0, 0]","[0, 0]",81
27,"[0, 1]",100.19999999999645,"[26, 25]","[0, 0]","[0, 0]",81
28,"[0, 3]",131.59999999999567,"[27, 26]","[1.0500000000000003, 0]","[0, 0]",81
29,"[0, 1]",104.14999999999623,"[28, 27]","[0.8500000000000002, 0]","[0, 0]",81
30,"[0, 1]",105.29999999999616,"[29, 29]","[0.2, 0]","[0, 0]",81
31,"[0, 3]",136.44999999999678,"[30, 28]","[0, 0]","[0, 0]",81
32,"[0, 1]",109.09999999999594,"[31, 30]","[0, 0]","[0, 0]",81
33,"[0, 1]",110.19999999999588,"[32, 32]","[0, 0]","[0, 0]",81
34,"[0, 3]",141.3499999999979,"[33, 31]","[0, 0]","[0, 0]",81
35,"[0, 3]",143.6499999999984,"[34, 34]","[0, 0]","[0, 0]",81
36,"[0, 3]",145.24999999999878,"[35, 35]","[0, 0]","[0, 0]",81
37,"[0, 1]",116.24999999999554,"[36, -999]","[0, 0]","[0, 0]",81
38,"[0, 3]",147.69999999999933,"[37, 36]","[0, 0]","[0, 0]",81
39,"[0, 3]",149.89999999999984,"[38, 38]","[0, 0]","[0, 0]",81
40,"[0, 1]",121.29999999999525,"[39, 37]","[0, 0]","[0, 0]",81
41,"[0, 1]",122.39999999999519,"[40, 40]","[0, 0]","[0, 0]",81
42,"[0, 1]",123.49999999999513,"[41, 41]","[0, 0]","[0, 0]",81
43,"[0, 3]",154.5500000000009,"[42, 39]","[0, 0]","[0, 0]",81
44,"[0, 1]",127.19999999999492,"[43, 42]","[0, 0]","[0, 0]",81
45,"[0, 1]",128.34999999999494,"[44, 44]","[0, 0]","[0, 0]",81
46,"[0, 1]",129.39999999999517,"[45, 45]","[0, 0]","[0, 0]",81
47,"[2, 1]",37.30000000000002,"[16, 8]","[0, 0]","[0, 0]",81
48,"[0, 1]",130.3999999999954,"[46, 46]","[0, 0]","[0, 0]",81
49,"[0, 1]",131.34999999999562,"[48, 48]","[0, 0]","[0, 0]",81
50,"[0, 3]",162.15000000000262,"[49, 43]","[0, 0]","[0, 0]",81
51,"[0, 1]",134.64999999999637,"[50, 49]","[0, 0]","[0, 0]",81
52,"[0, 1]",135.49999999999656,"[51, 51]","[0, 0]","[0, 0]",81
53,"[0, 1]",136.34999999999675,"[52, 52]","[0, 0]","[0, 0]",81
54,"[0, 1]",136.79999999999686,"[53, 53]","[0, 0]","[0, 0]",81
55,"[0, 3]",166.70000000000366,"[54, 50]","[0, 0]","[0, 0]",81
56,"[2, 1]",36.55000000000006,"[47, 47]","[0, 0]","[0, 0]",81
57,"[0, 3]",163.95000000000303,"[55, 55]","[0, 0]","[0, 0]",81
58,"[0, 1]",134.09999999999624,"[57, 54]","[0, 0]","[0, 0]",81
59,"[0, 1]",134.49999999999633,"[58, 58]","[0, 0]","[0, 0]",81
60,"[2, 3]",81.44999999999752,"[56, 14]","[6.5999999999999845, 0]","[6.5999999999999845, 0]",81
61,"[0, 3]",164.80000000000322,"[59, 57]","[0, 0]","[0, 0]",81
62,"[0, 3]",162.80000000000277,"[61, 61]","[0, 0]","[0, 0]",81
63,"[0, 3]",163.55000000000294,"[62, 62]","[0, 0]","[0, 0]",81
64,"[0, 1]",134.09999999999624,"[63, -999]","[0, 0]","[0, 0]",81
65,"[0, 3]",165.1000000000033,"[64, 63]","[0, 0]","[0, 0]",81
66,"[0, 1]",136.4999999999968,"[65, 64]","[0, 0]","[0, 0]",81
67,"[2, 1]",50.09999999999929,"[60, 15]","[2.499999999999999, 0]","[2.499999999999999, 0]",81
68,"[0, 1]",135.09999999999647,"[66, 66]","[0, 0]","[0, 0]",81
69,"[0, 3]",163.850000000003,"[68, 65]","[0, 0]","[0, 0]",81
70,"[0, 1]",134.8499999999964,"[69, 68]","[0, 0]","[0, 0]",81
71,"[0, 1]",135.29999999999652,"[70, 70]","[0, 0]","[0, 0]",81
72,"[2, 1]",48.949999999999356,"[67, 67]","[3.4999999999999956, 0]","[3.4999999999999956, 0]",81
73,"[0, 1]",135.84999999999664,"[71, 71]","[0, 0]","[0, 0]",81
74,"[0, 1]",135.79999999999663,"[73, 73]","[0, 0]","[0, 0]",81
75,"[0, 1]",134.44999999999632,"[74, 74]","[0.49999999999999994, 0]","[0, 0]",81
76,"[0, 1]",134.2999999999963,"[75, 75]","[1.1000000000000003, 0]","[0, 0]",81
77,"[0, 1]",134.59999999999636,"[76, 76]","[1.5500000000000007, 0]","[0, 0]",81
78,"[0, 3]",165.00000000000327,"[77, 69]","[1.4000000000000006, 0]","[0, 0]",81
79,"[2, 1]",51.54999999999921,"[72, 18]","[1.2000000000000004, 0]","[1.2000000000000004, 0]",81
0,"[2, 1]",36.40000000000007,"[-999, -999]","[0, 0]","[0, 0]",82
1,"[2, 1]",38.09999999999997,"[0, 0]","[0, 0]","[0, 0]",82
2,"[2, 1]",39.89999999999987,"[1, 1]","[0, 0]","[0, 0]",82
3,"[2, 1]",41.79999999999976,"[2, 2]","[0, 0]","[0, 0]",82
4,"[0, 3]",96.59999999999665,"[-999, -999]","[0, 0]","[0, 0]",82
5,"[2, 1]",43.54999999999966,"[3, 3]","[0, 0]","[0, 0]",82
6,"[2, 1]",45.04999999999958,"[5, 5]","[0, 0]","[0, 0]",82
7,"[0, 3]",100.24999999999645,"[4, 4]","[0, 0]","[0, 0]",82
8,"[2, 1]",46.349999999999504,"[6, 6]","[0, 0]","[0, 0]",82
9,"[2, 1]",47.34999999999945,"[8, 8]","[0, 0]","[0, 0]",82
10,"[2, 1]",48.449999999999385,"[9, 9]","[0, 0]","[0, 0]",82
11,"[2, 1]",50.09999999999929,"[10, 10]","[0, 0]","[0, 0]",82
12,"[2, 3]",89.24999999999707,"[11, 15]","[3.349999999999996, 0]","[3.349999999999996, 0]",82
13,"[0, 3]",100.34999999999644,"[7, 7]","[0, 0]","[0, 0]",82
14,"[2, 1]",59.899999999998734,"[12, 16]","[0, 0]","[0, 0]",82
15,"[0, 3]",102.34999999999633,"[13, 13]","[0, 0]","[0, 0]",82
16,"[0, 1]",73.54999999999797,"[15, 11]","[0, 0]","[0, 0]",82
17,"[2, 3]",93.44999999999683,"[14, 18]","[13.500000000000057, 0]","[0, 0]",82
18,"[0, 3]",105.54999999999615,"[16, 12]","[0, 0]","[0, 0]",82
19,"[0, 1]",76.69999999999779,"[18, 14]","[0, 0]","[0, 0]",82
20,"[0, 1]",77.54999999999774,"[19, 19]","[0, 0]","[0, 0]",82
21,"[0, 1]",78.54999999999768,"[20, 20]","[0, 0]","[0, 0]",82
22,"[0, 1]",79.64999999999762,"[21, 21]","[0, 0]","[0, 0]",82
23,"[0, 3]",114.89999999999561,"[22, 37]","[2.2, 0]","[2.2, 0]",82
24,"[0, 3]",121.69999999999523,"[23, 48]","[1.850000000000001, 0]","[1.850000000000001, 0]",82
25,"[0, 1]",90.84999999999698,"[24, -999]","[0, 0]","[0, 0]",82
26,"[0, 3]",123.64999999999512,"[25, 50]","[0, 0]","[0, 0]",82
27,"[0, 3]",124.54999999999507,"[26, 26]","[0, 0]","[0, 0]",82
28,"[0, 3]",125.599999999995,"[27, 27]","[0, 0]","[0, 0]",82
29,"[0, 1]",96.14999999999668,"[28, 55]","[0, 0]","[0, 0]",82
30,"[0, 3]",127.69999999999489,"[29, 28]","[0, 0]","[0, 0]",82
31,"[2, 3]",95.8499999999967,"[17, 17]","[15.250000000000082, 0]","[0, 0]",82
32,"[0, 1]",100.14999999999645,"[30, 29]","[0, 0]","[0, 0]",82
33,"[0, 1]",101.24999999999639,"[32, 32]","[0, 0]","[0, 0]",82
34,"[0, 3]",132.44999999999587,"[33, 30]","[0, 0]","[0, 0]",82
35,"[2, 3]",98.14999999999657,"[31, 31]","[12.900000000000048, 0]","[0, 0]",82
36,"[0, 1]",105.19999999999617,"[34, 33]","[0, 0]","[0, 0]",82
37,"[2, 3]",100.39999999999644,"[35, 35]","[11.200000000000024, 0]","[0, 0]",82
38,"[0, 1]",106.2999999999961,"[36, 36]","[0, 0]","[0, 0]",82
39,"[0, 1]",107.34999999999604,"[38, 38]","[0, 0]","[0, 0]",82
40,"[0, 1]",108.44999999999598,"[39, 39]","[0, 0]","[0, 0]",82
41,"[0, 1]",109.44999999999592,"[40, 40]","[0, 0]","[0, 0]",82
42,"[0, 1]",110.49999999999586,"[41, 41]","[0, 0]","[0, 0]",82
43,"[0, 3]",141.4499999999979,"[42, 34]","[0, 0]","[0, 0]",82
44,"[0, 1]",114.24999999999565,"[43, 42]","[0, 0]","[0, 0]",82
45,"[0, 3]",145.59999999999886,"[44, 43]","[0, 0]","[0, 0]",82
46,"[0, 3]",147.84999999999937,"[45, 45]","[0, 0]","[0, 0]",82
47,"[0, 1]",119.34999999999536,"[46, 44]","[0, 0]","[0, 0]",82
48,"[2, 3]",107.94999999999601,"[37, 23]","[9.650000000000002, 0]","[0, 0]",82
49,"[0, 1]",120.4499999999953,"[47, 47]","[0, 0]","[0, 0]",82
50,"[2, 3]",114.69999999999563,"[48, 24]","[8.14999999999998, 0]","[0, 0]",82
51,"[0, 1]",121.49999999999524,"[49, 49]","[0, 0]","[0, 0]",82
52,"[0, 3]",152.55000000000044,"[51, 46]","[0, 0]","[0, 0]",82
53,"[0, 1]",125.24999999999503,"[52, 51]","[0, 0]","[0, 0]",82
54,"[0, 1]",126.34999999999496,"[53, 53]","[0, 0]","[0, 0]",82
55,"[2, 1]",83.94999999999737,"[50, 25]","[6.649999999999984, 0]","[0, 0]",82
56,"[0, 1]",127.3999999999949,"[54, 54]","[0, 0]","[0, 0]",82
57,"[0, 1]",128.44999999999496,"[56, 56]","[0, 0]","[0, 0]",82
58,"[0, 3]",159.450000000002,"[57, 52]","[0, 0]","[0, 0]",82
59,"[0, 1]",132.1999999999958,"[58, 57]","[0, 0]","[0, 0]",82
60,"[0, 3]",163.45000000000292,"[59, 58]","[0, 0]","[0, 0]",82
61,"[0, 3]",165.35000000000335,"[60, 60]","[0, 0]","[0, 0]",82
62,"[0, 1]",136.24999999999673,"[61, 59]","[0, 0]","[0, 0]",82
63,"[0, 1]",135.89999999999665,"[62, 62]","[0, 0]","[0, 0]",82
64,"[0, 1]",132.0999999999958,"[63, 63]","[0, 0]","[0, 0]",82
65,"[0, 1]",132.79999999999595,"[64, 64]","[0.44999999999999996, 0]","[0, 0]",82
66,"[0, 1]",133.4999999999961,"[65, 65]","[1.1500000000000004, 0]","[0, 0]",82
67,"[0, 1]",133.69999999999615,"[66, 66]","[1.4500000000000006, 0]","[0, 0]",82
68,"[0, 1]",133.59999999999613,"[67, 67]","[1.800000000000001, 0]","[0, 0]",82
69,"[0, 3]",164.05000000000305,"[68, 61]","[1.7000000000000008, 0]","[0, 0]",82
70,"[0, 1]",136.44999999999678,"[69, 68]","[1.6000000000000008, 0]","[0, 0]",82
71,"[0, 1]",131.79999999999572,"[70, 70]","[0.8000000000000002, 0]","[0, 0]",82
72,"[0, 3]",162.0000000000026,"[71, 69]","[0.65, 0]","[0, 0]",82
73,"[0, 1]",134.44999999999632,"[72, 71]","[0, 0]","[0, 0]",82
74,"[0, 1]",131.7499999999957,"[73, 73]","[0, 0]","[0, 0]",82
75,"[0, 1]",131.14999999999557,"[74, 74]","[0, 0]","[0, 0]",82
76,"[0, 1]",131.89999999999574,"[75, 75]","[0, 0]","[0, 0]",82
77,"[0, 1]",132.74999999999594,"[76, 76]","[0, 0]","[0, 0]",82
78,"[0, 1]",133.4499999999961,"[77, 77]","[0, 0]","[0, 0]",82
79,"[0, 3]",163.50000000000293,"[78, 72]","[0, 0]","[0, 0]",82
0,"[2, 1]",36.40000000000007,"[-999, -999]","[0, 0]","[0, 0]",83
1,"[2, 1]",38.09999999999997,"[0, 0]","[0, 0]","[0, 0]",83
2,"[2, 1]",39.89999999999987,"[1, 1]","[0, 0]","[0, 0]",83
3,"[2, 1]",41.79999999999976,"[2, 2]","[0, 0]","[0, 0]",83
4,"[2, 3]",70.24999999999815,"[3, -999]","[0, 0]","[0, 0]",83
5,"[2, 1]",38.69999999999994,"[4, 3]","[0, 0]","[0, 0]",83
6,"[2, 3]",71.1999999999981,"[5, 4]","[0, 0]","[0, 0]",83
7,"[0, 1]",67.5499999999983,"[-999, 9]","[0, 0]","[0, 0]",83
8,"[2, 1]",38.69999999999994,"[6, 5]","[0, 0]","[0, 0]",83
9,"[2, 1]",40.94999999999981,"[8, 8]","[0, 0]","[0, 0]",83
10,"[0, 1]",74.14999999999793,"[7, 12]","[0, 0]","[0, 0]",83
11,"[0, 3]",104.84999999999619,"[10, 13]","[0, 0]","[0, 0]",83
12,"[2, 1]",49.499999999999325,"[9, 7]","[2.4499999999999993, 0]","[2.4499999999999993, 0]",83
13,"[2, 3]",78.04999999999771,"[12, 6]","[0, 0]","[0, 0]",83
14,"[0, 1]",75.79999999999784,"[11, 10]","[0, 0]","[0, 0]",83
15,"[0, 3]",107.64999999999603,"[14, 16]","[0, 0]","[0, 0]",83
16,"[2, 3]",85.94999999999726,"[13, 11]","[3.2999999999999963, 0]","[3.2999999999999963, 0]",83
17,"[0, 1]",77.94999999999771,"[15, 14]","[0, 0]","[0, 0]",83
18,"[0, 1]",78.99999999999766,"[17, 17]","[0, 0]","[0, 0]",83
19,"[2, 3]",92.3999999999969,"[16, 15]","[9.600000000000001, 0]","[2.000000000000001, 0]",83
20,"[0, 3]",110.34999999999587,"[18, 19]","[0, 0]","[0, 0]",83
21,"[0, 1]",81.54999999999751,"[20, 26]","[0, 0]","[0, 0]",83
22,"[0, 3]",112.74999999999574,"[21, 20]","[0, 0]","[0, 0]",83
23,"[0, 1]",88.7999999999971,"[22, 36]","[2.4499999999999993, 0]","[2.4499999999999993, 0]",83
24,"[0, 3]",119.09999999999538,"[23, 22]","[0, 0]","[0, 0]",83
25,"[0, 1]",90.89999999999698,"[24, 38]","[0, 0]","[0, 0]",83
26,"[2, 1]",69.2999999999982,"[19, 18]","[17.550000000000114, 0]","[3.4999999999999956, 0]",83
27,"[0, 3]",123.69999999999511,"[25, 48]","[0, 0]","[0, 0]",83
28,"[0, 1]",95.19999999999673,"[27, 56]","[0, 0]","[0, 0]",83
29,"[0, 3]",125.749999999995,"[28, 27]","[0, 0]","[0, 0]",83
30,"[0, 3]",127.99999999999487,"[29, 29]","[0, 0]","[0, 0]",83
31,"[2, 1]",75.74999999999784,"[26, 21]","[11.750000000000032, 0]","[0, 0]",83
32,"[0, 1]",98.69999999999654,"[30, 62]","[0.49999999999999994, 0]","[0, 0]",83
33,"[0, 1]",99.79999999999647,"[32, 32]","[0.9000000000000002, 0]","[0, 0]",83
34,"[0, 1]",100.84999999999641,"[33, 33]","[1.3000000000000005, 0]","[0, 0]",83
35,"[0, 3]",131.84999999999573,"[34, 30]","[1.850000000000001, 0]","[0, 0]",83
36,"[2, 1]",75.49999999999785,"[31, 31]","[23.250000000000195, 0]","[0, 0]",83
37,"[0, 1]",109.34999999999593,"[35, 71]","[5.399999999999989, 0]","[3.2499999999999964, 0]",83
38,"[2, 1]",83.5499999999974,"[36, 23]","[20.85000000000016, 0]","[0, 0]",83
39,"[0, 1]",109.29999999999593,"[37, 37]","[1.900000000000001, 0]","[0, 0]",83
40,"[0, 1]",110.19999999999588,"[39, 39]","[1.3500000000000005, 0]","[0, 0]",83
41,"[0, 1]",116.09999999999555,"[40, 72]","[3.149999999999997, 0]","[2.3999999999999995, 0]",83
42,"[0, 1]",121.64999999999523,"[41, 77]","[2.6999999999999984, 0]","[2.6999999999999984, 0]",83
43,"[0, 1]",121.74999999999523,"[42, 42]","[0, 0]","[0, 0]",83
44,"[0, 1]",122.59999999999518,"[43, 43]","[0, 0]","[0, 0]",83
45,"[0, 3]",153.55000000000067,"[44, -999]","[0.65, 0]","[0, 0]",83
46,"[0, 1]",126.29999999999497,"[45, 44]","[2.0500000000000007, 0]","[0, 0]",83
47,"[0, 1]",127.3999999999949,"[46, 46]","[2.9499999999999975, 0]","[0, 0]",83
48,"[2, 3]",115.54999999999558,"[38, 24]","[19.150000000000137, 0]","[0, 0]",83
49,"[0, 3]",158.65000000000182,"[47, 45]","[3.2999999999999963, 0]","[0, 0]",83
50,"[0, 1]",131.2999999999956,"[49, 47]","[3.599999999999995, 0]","[0, 0]",83
51,"[0, 1]",132.34999999999584,"[50, 50]","[3.899999999999994, 0]","[0, 0]",83
52,"[0, 3]",163.50000000000293,"[51, 49]","[4.149999999999993, 0]","[0, 0]",83
53,"[0, 3]",165.80000000000345,"[52, 52]","[4.049999999999994, 0]","[0, 0]",83
54,"[0, 3]",167.3500000000038,"[53, 53]","[3.649999999999995, 0]","[0, 0]",83
55,"[0, 3]",168.6000000000041,"[54, 54]","[3.049999999999997, 0]","[0, 0]",83
56,"[2, 1]",86.59999999999722,"[48, 25]","[17.600000000000115, 0]","[0, 0]",83
57,"[2, 1]",95.04999999999674,"[56, 28]","[16.100000000000094, 0]","[0, 0]",83
58,"[0, 3]",169.70000000000434,"[55, 55]","[2.6499999999999986, 0]","[0, 0]",83
59,"[0, 3]",170.8500000000046,"[58, 58]","[2.8999999999999977, 0]","[0, 0]",83
60,"[0, 1]",141.3999999999979,"[59, -999]","[3.149999999999997, 0]","[0, 0]",83
61,"[0, 3]",170.75000000000458,"[60, 59]","[3.349999999999996, 0]","[0, 0]",83
62,"[2, 1]",95.34999999999673,"[57, 57]","[14.700000000000074, 0]","[0, 0]",83
63,"[0, 3]",171.10000000000466,"[61, 61]","[3.2999999999999963, 0]","[0, 0]",83
64,"[0, 1]",142.2999999999981,"[63, 60]","[3.2499999999999964, 0]","[0, 0]",83
65,"[0, 3]",173.5500000000052,"[64, 63]","[4.099999999999993, 0]","[0, 0]",83
66,"[0, 1]",144.64999999999864,"[65, 64]","[4.499999999999992, 0]","[0, 0]",83
67,"[0, 3]",172.80000000000504,"[66, 65]","[4.749999999999991, 0]","[0, 0]",83
68,"[0, 1]",145.09999999999874,"[67, 66]","[4.899999999999991, 0]","[0, 0]",83
69,"[2, 1]",114.49999999999564,"[62, 34]","[22.90000000000019, 0]","[9.700000000000003, 0]",83
70,"[0, 1]",146.04999999999896,"[68, 68]","[4.99999999999999, 0]","[0, 0]",83
71,"[2, 1]",114.29999999999565,"[69, 69]","[13.500000000000057, 0]","[0, 0]",83
72,"[2, 1]",132.5499999999959,"[71, 40]","[23.150000000000194, 0]","[9.800000000000004, 0]",83
73,"[0, 1]",146.249999999999,"[70, 70]","[5.04999999999999, 0]","[0, 0]",83
74,"[0, 1]",144.19999999999854,"[73, 73]","[4.899999999999991, 0]","[0, 0]",83
75,"[0, 3]",174.55000000000544,"[74, 67]","[3.949999999999994, 0]","[0, 0]",83
76,"[0, 1]",133.74999999999616,"[75, 74]","[0, 0]","[0, 0]",83
77,"[2, 1]",137.49999999999702,"[72, 41]","[12.750000000000046, 0]","[0, 0]",83
78,"[0, 1]",133.09999999999602,"[76, 76]","[0, 0]","[0, 0]",83
79,"[0, 1]",133.8499999999962,"[78, 78]","[0, 0]","[0, 0]",83
0,"[2, 3]",67.7499999999983,"[-999, -999]","[0, 0]","[0, 0]",84
1,"[2, 3]",70.79999999999812,"[0, 0]","[0, 0]","[0, 0]",84
2,"[2, 1]",37.550000000000004,"[1, -999]","[0, 0]","[0, 0]",84
3,"[2, 1]",39.49999999999989,"[2, 2]","[0, 0]","[0, 0]",84
4,"[2, 1]",41.44999999999978,"[3, 3]","[0, 0]","[0, 0]",84
5,"[0, 3]",102.69999999999631,"[-999, 21]","[0, 0]","[1.6500000000000008, 0]",84
6,"[0, 1]",73.69999999999796,"[5, 37]","[0, 0]","[0, 0]",84
7,"[0, 3]",105.04999999999617,"[6, 5]","[0, 0]","[0, 0]",84
8,"[2, 1]",43.29999999999968,"[4, 4]","[0, 0]","[0, 0]",84
9,"[2, 1]",44.79999999999959,"[8, 8]","[0, 0]","[0, 0]",84
10,"[2, 3]",71.69999999999807,"[9, 1]","[0, 0]","[0, 0]",84
11,"[0, 3]",112.54999999999575,"[7, 50]","[3.2499999999999964, 0]","[3.2499999999999964, 0]",84
12,"[0, 3]",118.6499999999954,"[11, 51]","[2.549999999999999, 0]","[2.549999999999999, 0]",84
13,"[0, 1]",84.94999999999732,"[12, -999]","[0, 0]","[0, 0]",84
14,"[0, 1]",86.09999999999725,"[13, 13]","[0, 0]","[0, 0]",84
15,"[0, 1]",87.19999999999719,"[14, 14]","[0, 0]","[0, 0]",84
16,"[0, 1]",92.54999999999688,"[15, 79]","[2.3499999999999996, 0]","[2.3499999999999996, 0]",84
17,"[0, 3]",122.74999999999517,"[16, 12]","[0, 0]","[0, 0]",84
18,"[0, 3]",125.14999999999503,"[17, 17]","[0, 0]","[0, 0]",84
19,"[0, 1]",96.64999999999665,"[18, 16]","[0, 0]","[0, 0]",84
20,"[0, 3]",128.09999999999488,"[19, 18]","[0, 0]","[0, 0]",84
21,"[2, 3]",74.34999999999792,"[10, 10]","[0, 0]","[0, 0]",84
22,"[0, 1]",100.64999999999642,"[20, 19]","[0, 0]","[0, 0]",84
23,"[0, 1]",101.79999999999636,"[22, 22]","[0, 0]","[0, 0]",84
24,"[0, 3]",132.94999999999598,"[23, 20]","[0, 0]","[0, 0]",84
25,"[0, 1]",105.69999999999614,"[24, 23]","[0, 0]","[0, 0]",84
26,"[0, 3]",136.9999999999969,"[25, 24]","[0, 0]","[0, 0]",84
27,"[0, 1]",109.49999999999592,"[26, 25]","[0, 0]","[0, 0]",84
28,"[0, 1]",110.64999999999586,"[27, 27]","[0, 0]","[0, 0]",84
29,"[0, 1]",111.7499999999958,"[28, 28]","[0, 0]","[0, 0]",84
30,"[0, 1]",112.79999999999573,"[29, 29]","[0, 0]","[0, 0]",84
31,"[0, 3]",143.74999999999844,"[30, 26]","[0, 0]","[0, 0]",84
32,"[0, 3]",146.14999999999898,"[31, 31]","[0, 0]","[0, 0]",84
33,"[0, 3]",147.79999999999936,"[32, 32]","[0, 0]","[0, 0]",84
34,"[0, 3]",149.09999999999965,"[33, 33]","[0, 0]","[0, 0]",84
35,"[0, 3]",150.24999999999991,"[34, 34]","[0, 0]","[0, 0]",84
36,"[0, 3]",151.5500000000002,"[35, 35]","[0, 0]","[0, 0]",84
37,"[2, 1]",36.75000000000005,"[21, 9]","[0, 0]","[0, 0]",84
38,"[0, 3]",152.65000000000046,"[36, 36]","[0, 0]","[0, 0]",84
39,"[0, 1]",123.29999999999514,"[38, -999]","[0, 0]","[0, 0]",84
40,"[0, 3]",154.75000000000094,"[39, 38]","[0, 0]","[0, 0]",84
41,"[0, 3]",156.90000000000143,"[40, 40]","[0, 0]","[0, 0]",84
42,"[0, 1]",128.39999999999495,"[41, 39]","[0, 0]","[0, 0]",84
43,"[2, 1]",42.8999999999997,"[37, 6]","[0, 0]","[0, 0]",84
44,"[0, 1]",129.4999999999952,"[42, 42]","[0, 0]","[0, 0]",84
45,"[0, 1]",130.59999999999545,"[44, 44]","[0, 0]","[0, 0]",84
46,"[0, 3]",161.50000000000247,"[45, 41]","[0, 0]","[0, 0]",84
47,"[0, 3]",163.60000000000295,"[46, 46]","[0.6, 0]","[0, 0]",84
48,"[0, 3]",164.85000000000323,"[47, 47]","[0.9000000000000002, 0]","[0, 0]",84
49,"[0, 3]",165.85000000000346,"[48, 48]","[0.1, 0]","[0, 0]",84
50,"[2, 3]",71.89999999999806,"[43, 7]","[0, 0]","[0, 0]",84
51,"[2, 3]",79.54999999999762,"[50, 11]","[1.7500000000000009, 0]","[1.7500000000000009, 0]",84
52,"[0, 1]",131.39999999999563,"[49, -999]","[0, 0]","[0, 0]",84
53,"[0, 1]",131.59999999999567,"[52, 52]","[0, 0]","[0, 0]",84
54,"[0, 3]",162.5000000000027,"[53, 49]","[0, 0]","[0, 0]",84
55,"[0, 3]",164.55000000000317,"[54, 54]","[0, 0]","[0, 0]",84
56,"[0, 1]",135.44999999999655,"[55, 53]","[0, 0]","[0, 0]",84
57,"[0, 3]",163.0000000000028,"[56, 55]","[0, 0]","[0, 0]",84
58,"[0, 3]",164.00000000000304,"[57, 57]","[0, 0]","[0, 0]",84
59,"[0, 3]",164.95000000000326,"[58, 58]","[0, 0]","[0, 0]",84
60,"[0, 3]",165.45000000000337,"[59, 59]","[0, 0]","[0, 0]",84
61,"[0, 1]",130.54999999999544,"[60, -999]","[0, 0]","[0, 0]",84
62,"[0, 1]",131.19999999999558,"[61, 61]","[0, 0]","[0, 0]",84
63,"[0, 3]",162.30000000000265,"[62, 60]","[0, 0]","[0, 0]",84
64,"[0, 1]",134.89999999999642,"[63, 62]","[0, 0]","[0, 0]",84
65,"[0, 1]",135.89999999999665,"[64, 64]","[0, 0]","[0, 0]",84
66,"[0, 1]",136.69999999999683,"[65, 65]","[0, 0]","[0, 0]",84
67,"[0, 3]",163.30000000000288,"[66, 63]","[0, 0]","[0, 0]",84
68,"[0, 3]",164.40000000000313,"[67, 67]","[0, 0]","[0, 0]",84
69,"[0, 3]",165.40000000000336,"[68, 68]","[0, 0]","[0, 0]",84
70,"[0, 1]",133.69999999999615,"[69, -999]","[0, 0]","[0, 0]",84
71,"[0, 3]",163.30000000000288,"[70, 69]","[0, 0]","[0, 0]",84
72,"[0, 3]",165.00000000000327,"[71, 71]","[0, 0]","[0, 0]",84
73,"[0, 1]",135.99999999999667,"[72, 70]","[0, 0]","[0, 0]",84
74,"[0, 1]",134.14999999999625,"[73, 73]","[0.44999999999999996, 0]","[0, 0]",84
75,"[0, 1]",133.79999999999617,"[74, 74]","[0.9000000000000002, 0]","[0, 0]",84
76,"[0, 1]",134.44999999999632,"[75, 75]","[0.49999999999999994, 0]","[0, 0]",84
77,"[0, 1]",134.8499999999964,"[76, 76]","[0, 0]","[0, 0]",84
78,"[0, 1]",130.54999999999544,"[77, 77]","[0, 0]","[0, 0]",84
79,"[2, 1]",41.64999999999977,"[51, 15]","[0, 0]","[0, 0]",84
0,"[2, 1]",36.40000000000007,"[-999, -999]","[0, 0]","[0, 0]",85
1,"[2, 1]",38.09999999999997,"[0, 0]","[0, 0]","[0, 0]",85
2,"[2, 1]",39.89999999999987,"[1, 1]","[0, 0]","[0, 0]",85
3,"[2, 1]",41.79999999999976,"[2, 2]","[0, 0]","[0, 0]",85
4,"[0, 1]",72.29999999999804,"[-999, 9]","[0, 0]","[2.4499999999999993, 0]",85
5,"[2, 1]",43.54999999999966,"[3, 3]","[0, 0]","[0, 0]",85
6,"[0, 1]",78.39999999999769,"[4, 12]","[2.3, 0]","[2.3, 0]",85
7,"[2, 1]",45.04999999999958,"[5, 5]","[0, 0]","[0, 0]",85
8,"[2, 1]",46.349999999999504,"[7, 7]","[0, 0]","[0, 0]",85
9,"[2, 1]",47.34999999999945,"[8, 8]","[0, 0]","[0, 0]",85
10,"[0, 1]",84.89999999999732,"[6, 37]","[2.25, 0]","[2.25, 0]",85
11,"[0, 3]",113.3499999999957,"[10, 17]","[0, 0]","[0, 0]",85
12,"[2, 1]",53.94999999999907,"[9, 4]","[2.9999999999999973, 0]","[2.9999999999999973, 0]",85
13,"[0, 1]",85.69999999999727,"[11, 50]","[1.0500000000000003, 0]","[0, 0]",85
14,"[0, 3]",114.24999999999565,"[13, 11]","[0, 0]","[0, 0]",85
15,"[0, 3]",121.24999999999525,"[14, 68]","[3.1999999999999966, 0]","[2.3999999999999995, 0]",85
16,"[0, 3]",122.1999999999952,"[15, 15]","[0.9500000000000003, 0]","[0, 0]",85
17,"[2, 3]",80.09999999999759,"[12, -999]","[0, 0]","[0, 0]",85
18,"[0, 3]",123.24999999999514,"[16, 16]","[0.25, 0]","[0, 0]",85
19,"[0, 1]",93.44999999999683,"[18, 79]","[0, 0]","[0, 0]",85
20,"[0, 3]",124.89999999999505,"[19, 18]","[0, 0]","[0, 0]",85
21,"[0, 3]",126.99999999999493,"[20, 20]","[0, 0]","[0, 0]",85
22,"[0, 3]",128.599999999995,"[21, 21]","[0, 0]","[0, 0]",85
23,"[0, 1]",99.54999999999649,"[22, -999]","[0, 0]","[0, 0]",85
24,"[0, 3]",130.94999999999553,"[23, 22]","[0, 0]","[0, 0]",85
25,"[0, 1]",103.44999999999627,"[24, 23]","[0, 0]","[0, 0]",85
26,"[0, 3]",134.7999999999964,"[25, 24]","[0, 0]","[0, 0]",85
27,"[0, 1]",107.34999999999604,"[26, 25]","[0, 0]","[0, 0]",85
28,"[0, 1]",108.44999999999598,"[27, 27]","[0, 0]","[0, 0]",85
29,"[0, 3]",139.5999999999975,"[28, 26]","[0, 0]","[0, 0]",85
30,"[0, 1]",112.34999999999576,"[29, 28]","[0, 0]","[0, 0]",85
31,"[0, 1]",113.4999999999957,"[30, 30]","[0, 0]","[0, 0]",85
32,"[0, 3]",144.69999999999865,"[31, 29]","[0, 0]","[0, 0]",85
33,"[0, 3]",147.0499999999992,"[32, 32]","[0, 0]","[0, 0]",85
34,"[0, 1]",118.5999999999954,"[33, 31]","[0, 0]","[0, 0]",85
35,"[0, 1]",119.64999999999534,"[34, 34]","[0, 0]","[0, 0]",85
36,"[0, 1]",120.74999999999528,"[35, 35]","[0, 0]","[0, 0]",85
37,"[2, 1]",52.74999999999914,"[17, 6]","[0, 0]","[0, 0]",85
38,"[0, 3]",151.85000000000028,"[36, 33]","[1.1000000000000003, 0]","[0, 0]",85
39,"[0, 3]",154.1500000000008,"[38, 38]","[1.0000000000000002, 0]","[0, 0]",85
40,"[0, 3]",155.70000000000115,"[39, 39]","[0.49999999999999994, 0]","[0, 0]",85
41,"[0, 1]",126.69999999999494,"[40, -999]","[0, 0]","[0, 0]",85
42,"[0, 1]",127.84999999999488,"[41, 41]","[0, 0]","[0, 0]",85
43,"[0, 1]",128.94999999999507,"[42, 42]","[0, 0]","[0, 0]",85
44,"[0, 3]",160.00000000000213,"[43, 40]","[0, 0]","[0, 0]",85
45,"[0, 1]",132.69999999999592,"[44, 43]","[0, 0]","[0, 0]",85
46,"[0, 3]",163.90000000000302,"[45, 44]","[0, 0]","[0, 0]",85
47,"[0, 3]",165.30000000000334,"[46, 46]","[0, 0]","[0, 0]",85
48,"[0, 3]",165.95000000000348,"[47, 47]","[0, 0]","[0, 0]",85
49,"[0, 1]",136.64999999999682,"[48, -999]","[0, 0]","[0, 0]",85
50,"[2, 1]",48.99999999999935,"[37, 10]","[3.349999999999996, 0]","[3.349999999999996, 0]",85
51,"[0, 3]",167.7500000000039,"[49, 48]","[0, 0]","[0, 0]",85
52,"[0, 1]",139.74999999999753,"[51, 49]","[0, 0]","[0, 0]",85
53,"[0, 3]",170.05000000000442,"[52, 51]","[0, 0]","[0, 0]",85
54,"[0, 1]",140.24999999999764,"[53, 52]","[0, 0]","[0, 0]",85
55,"[0, 1]",138.2999999999972,"[54, 54]","[0, 0]","[0, 0]",85
56,"[0, 1]",136.0999999999967,"[55, 55]","[0, 0]","[0, 0]",85
57,"[0, 1]",136.1499999999967,"[56, 56]","[0, 0]","[0, 0]",85
58,"[0, 3]",166.4000000000036,"[57, 53]","[0, 0]","[0, 0]",85
59,"[0, 1]",134.94999999999644,"[58, 57]","[0, 0]","[0, 0]",85
60,"[0, 3]",165.45000000000337,"[59, 58]","[0, 0]","[0, 0]",85
61,"[0, 3]",167.15000000000376,"[60, 60]","[0, 0]","[0, 0]",85
62,"[0, 1]",137.59999999999704,"[61, 59]","[0, 0]","[0, 0]",85
63,"[0, 1]",137.24999999999696,"[62, 62]","[0, 0]","[0, 0]",85
64,"[0, 1]",137.49999999999702,"[63, 63]","[0, 0]","[0, 0]",85
65,"[0, 3]",166.65000000000364,"[64, 61]","[0, 0]","[0, 0]",85
66,"[0, 1]",137.0499999999969,"[65, 64]","[0, 0]","[0, 0]",85
67,"[0, 1]",137.54999999999703,"[66, 66]","[0, 0]","[0, 0]",85
68,"[2, 3]",73.049999999998,"[50, 14]","[0, 0]","[0, 0]",85
69,"[0, 3]",167.65000000000387,"[67, 65]","[0, 0]","[0, 0]",85
70,"[0, 1]",137.8499999999971,"[69, 67]","[0, 0]","[0, 0]",85
71,"[0, 1]",138.2499999999972,"[70, 70]","[0, 0]","[0, 0]",85
72,"[0, 3]",168.95000000000417,"[71, 69]","[0, 0]","[0, 0]",85
73,"[0, 1]",140.74999999999775,"[72, 71]","[0, 0]","[0, 0]",85
74,"[0, 1]",139.04999999999737,"[73, 73]","[0, 0]","[0, 0]",85
75,"[0, 1]",136.34999999999675,"[74, 74]","[0, 0]","[0, 0]",85
76,"[0, 3]",166.8500000000037,"[75, 72]","[0, 0]","[0, 0]",85
77,"[0, 1]",139.2499999999974,"[76, 75]","[0, 0]","[0, 0]",85
78,"[0, 1]",139.74999999999753,"[77, 77]","[0, 0]","[0, 0]",85
79,"[2, 1]",36.500000000000064,"[68, 13]","[0, 0]","[0, 0]",85
0,"[2, 3]",67.7499999999983,"[-999, -999]","[0, 0]","[0, 0]",86
1,"[2, 1]",37.15000000000003,"[0, -999]","[0, 0]","[0, 0]",86
2,"[2, 1]",38.89999999999993,"[1, 1]","[0, 0]","[0, 0]",86
3,"[2, 1]",40.74999999999982,"[2, 2]","[0, 0]","[0, 0]",86
4,"[2, 1]",42.54999999999972,"[3, 3]","[0, 0]","[0, 0]",86
5,"[0, 1]",70.44999999999814,"[-999, 10]","[0, 0]","[0, 0]",86
6,"[0, 1]",71.64999999999807,"[5, 5]","[0, 0]","[0, 0]",86
7,"[0, 1]",78.2999999999977,"[6, 17]","[2.0500000000000007, 0]","[2.0500000000000007, 0]",86
8,"[2, 1]",44.09999999999963,"[4, 4]","[0, 0]","[0, 0]",86
9,"[2, 1]",45.54999999999955,"[8, 8]","[0, 0]","[0, 0]",86
10,"[2, 1]",46.849999999999476,"[9, 9]","[0, 0]","[0, 0]",86
11,"[0, 1]",77.64999999999773,"[7, 7]","[0, 0]","[0, 0]",86
12,"[0, 1]",78.2999999999977,"[11, 11]","[0, 0]","[0, 0]",86
13,"[0, 1]",84.24999999999736,"[12, 36]","[2.4499999999999993, 0]","[2.4499999999999993, 0]",86
14,"[0, 1]",90.34999999999701,"[13, 37]","[2.849999999999998, 0]","[2.849999999999998, 0]",86
15,"[0, 3]",121.44999999999524,"[14, 55]","[0, 0]","[0, 0]",86
16,"[2, 3]",76.19999999999781,"[10, 0]","[0, 0]","[0, 0]",86
17,"[2, 1]",54.64999999999903,"[16, 6]","[3.2499999999999964, 0]","[3.2499999999999964, 0]",86
18,"[0, 3]",122.94999999999516,"[15, 15]","[0, 0]","[0, 0]",86
19,"[2, 3]",83.74999999999739,"[17, 16]","[0, 0]","[0, 0]",86
20,"[0, 3]",124.14999999999509,"[18, 18]","[0, 0]","[0, 0]",86
21,"[0, 1]",94.0999999999968,"[20, 57]","[0, 0]","[0, 0]",86
22,"[0, 3]",125.44999999999501,"[21, 20]","[0, 0]","[0, 0]",86
23,"[0, 1]",97.89999999999658,"[22, 21]","[0, 0]","[0, 0]",86
24,"[0, 3]",129.24999999999514,"[23, 22]","[0, 0]","[0, 0]",86
25,"[0, 1]",101.79999999999636,"[24, 23]","[0, 0]","[0, 0]",86
26,"[0, 1]",102.8999999999963,"[25, 25]","[0, 0]","[0, 0]",86
27,"[0, 3]",134.09999999999624,"[26, 24]","[0, 0]","[0, 0]",86
28,"[0, 3]",136.34999999999675,"[27, 27]","[0, 0]","[0, 0]",86
29,"[0, 1]",107.89999999999601,"[28, 26]","[0, 0]","[0, 0]",86
30,"[0, 1]",108.99999999999595,"[29, 29]","[0, 0]","[0, 0]",86
31,"[0, 1]",110.04999999999589,"[30, 30]","[0, 0]","[0, 0]",86
32,"[0, 3]",141.09999999999783,"[31, 28]","[0, 0]","[0, 0]",86
33,"[0, 3]",143.39999999999836,"[32, 32]","[0, 0]","[0, 0]",86
34,"[0, 3]",145.04999999999873,"[33, 33]","[0, 0]","[0, 0]",86
35,"[0, 1]",116.04999999999555,"[34, -999]","[0, 0]","[0, 0]",86
36,"[2, 1]",65.8999999999984,"[19, 12]","[2.6999999999999984, 0]","[2.6999999999999984, 0]",86
37,"[2, 1]",70.84999999999812,"[36, 13]","[0, 0]","[0, 0]",86
38,"[0, 3]",147.44999999999928,"[35, 34]","[0, 0]","[0, 0]",86
39,"[0, 1]",119.94999999999533,"[38, 35]","[0, 0]","[0, 0]",86
40,"[0, 3]",151.35000000000016,"[39, 38]","[0, 0]","[0, 0]",86
41,"[0, 3]",153.55000000000067,"[40, 40]","[0, 0]","[0, 0]",86
42,"[0, 3]",155.15000000000103,"[41, 41]","[0, 0]","[0, 0]",86
43,"[0, 1]",126.14999999999498,"[42, -999]","[0, 0]","[0, 0]",86
44,"[0, 3]",157.6000000000016,"[43, 42]","[0, 0]","[0, 0]",86
45,"[0, 3]",159.75000000000207,"[44, 44]","[0, 0]","[0, 0]",86
46,"[0, 1]",131.19999999999558,"[45, 43]","[0, 0]","[0, 0]",86
47,"[0, 3]",162.60000000000272,"[46, 45]","[0, 0]","[0, 0]",86
48,"[0, 1]",135.04999999999646,"[47, 46]","[0, 0]","[0, 0]",86
49,"[0, 1]",136.1499999999967,"[48, 48]","[0, 0]","[0, 0]",86
50,"[0, 1]",137.14999999999694,"[49, 49]","[0, 0]","[0, 0]",86
51,"[0, 3]",167.65000000000387,"[50, 47]","[0, 0]","[0, 0]",86
52,"[0, 1]",139.29999999999742,"[51, 50]","[0, 0]","[0, 0]",86
53,"[0, 1]",138.3499999999972,"[52, 52]","[0, 0]","[0, 0]",86
54,"[0, 1]",134.99999999999645,"[53, 53]","[0, 0]","[0, 0]",86
55,"[2, 3]",90.34999999999701,"[37, 19]","[0, 0]","[0, 0]",86
56,"[2, 1]",63.199999999998546,"[55, 14]","[13.70000000000006, 0]","[0, 0]",86
57,"[2, 1]",65.69999999999841,"[56, 56]","[11.800000000000033, 0]","[0, 0]",86
58,"[0, 1]",135.54999999999657,"[54, 54]","[0, 0]","[0, 0]",86
59,"[0, 3]",166.0000000000035,"[58, 51]","[0, 0]","[0, 0]",86
60,"[0, 1]",137.54999999999703,"[59, 58]","[0, 0]","[0, 0]",86
61,"[0, 3]",167.70000000000388,"[60, 59]","[0, 0]","[0, 0]",86
62,"[0, 1]",139.44999999999746,"[61, 60]","[0, 0]","[0, 0]",86
63,"[0, 3]",168.75000000000412,"[62, 61]","[0, 0]","[0, 0]",86
64,"[0, 1]",139.04999999999737,"[63, 62]","[0, 0]","[0, 0]",86
65,"[0, 3]",169.80000000000436,"[64, 63]","[0, 0]","[0, 0]",86
66,"[0, 1]",141.89999999999802,"[65, 64]","[0, 0]","[0, 0]",86
67,"[0, 1]",141.89999999999802,"[66, 66]","[0, 0]","[0, 0]",86
68,"[0, 1]",141.49999999999793,"[67, 67]","[0, 0]","[0, 0]",86
69,"[0, 1]",137.8999999999971,"[68, 68]","[0, 0]","[0, 0]",86
70,"[0, 1]",137.54999999999703,"[69, 69]","[0, 0]","[0, 0]",86
71,"[0, 1]",138.09999999999715,"[70, 70]","[0, 0]","[0, 0]",86
72,"[0, 3]",168.40000000000404,"[71, 65]","[0, 0]","[0, 0]",86
73,"[0, 1]",138.6999999999973,"[72, 71]","[0, 0]","[0, 0]",86
74,"[0, 1]",137.449999999997,"[73, 73]","[0, 0]","[0, 0]",86
75,"[0, 1]",137.14999999999694,"[74, 74]","[0, 0]","[0, 0]",86
76,"[0, 1]",137.449999999997,"[75, 75]","[0, 0]","[0, 0]",86
77,"[0, 1]",133.54999999999612,"[76, 76]","[0, 0]","[0, 0]",86
78,"[0, 3]",163.0000000000028,"[77, 72]","[0, 0]","[0, 0]",86
79,"[0, 1]",135.39999999999654,"[78, 77]","[0, 0]","[0, 0]",86
0,"[2, 3]",67.7499999999983,"[-999, -999]","[0, 0]","[0, 0]",87
1,"[2, 1]",37.15000000000003,"[0, -999]","[0, 0]","[0, 0]",87
2,"[2, 3]",69.4499999999982,"[1, 0]","[0, 0]","[0, 0]",87
3,"[2, 1]",39.49999999999989,"[2, 1]","[0, 0]","[0, 0]",87
4,"[0, 3]",96.84999999999664,"[-999, 6]","[0, 0]","[0, 0]",87
5,"[2, 1]",41.54999999999978,"[3, 3]","[0, 0]","[0, 0]",87
6,"[2, 3]",69.94999999999817,"[5, 2]","[0, 0]","[0, 0]",87
7,"[2, 1]",41.049999999999805,"[6, 5]","[0, 0]","[0, 0]",87
8,"[2, 1]",42.8999999999997,"[7, 7]","[0, 0]","[0, 0]",87
9,"[2, 1]",44.399999999999615,"[8, 8]","[0, 0]","[0, 0]",87
10,"[0, 1]",74.5999999999979,"[4, 18]","[3.2999999999999963, 0]","[3.2999999999999963, 0]",87
11,"[0, 3]",104.29999999999622,"[10, 17]","[0, 0]","[0, 0]",87
12,"[0, 3]",106.49999999999609,"[11, 11]","[0, 0]","[0, 0]",87
13,"[0, 3]",108.099999999996,"[12, 12]","[0, 0]","[0, 0]",87
14,"[0, 1]",78.94999999999766,"[13, 46]","[0, 0]","[0, 0]",87
15,"[0, 3]",112.19999999999577,"[14, 64]","[0, 0]","[0, 0]",87
16,"[0, 1]",83.04999999999742,"[15, 14]","[0, 0]","[0, 0]",87
17,"[2, 3]",75.69999999999784,"[9, 4]","[0, 0]","[0, 0]",87
18,"[2, 1]",41.99999999999975,"[17, 9]","[0, 0]","[0, 0]",87
19,"[2, 1]",50.24999999999928,"[18, 10]","[2.4499999999999993, 0]","[2.4499999999999993, 0]",87
20,"[0, 3]",112.34999999999576,"[16, 15]","[0, 0]","[0, 0]",87
21,"[0, 3]",114.34999999999565,"[20, 20]","[0, 0]","[0, 0]",87
22,"[0, 3]",121.44999999999524,"[21, 78]","[1.950000000000001, 0]","[1.950000000000001, 0]",87
23,"[0, 1]",90.39999999999701,"[22, -999]","[0, 0]","[0, 0]",87
24,"[0, 3]",123.49999999999513,"[23, 79]","[0, 0]","[0, 0]",87
25,"[0, 3]",124.49999999999507,"[24, 24]","[0, 0]","[0, 0]",87
26,"[0, 3]",125.49999999999501,"[25, 25]","[0, 0]","[0, 0]",87
27,"[0, 3]",126.59999999999495,"[26, 26]","[0, 0]","[0, 0]",87
28,"[0, 1]",97.24999999999662,"[27, -999]","[0, 0]","[0, 0]",87
29,"[0, 3]",128.69999999999501,"[28, 27]","[0, 0]","[0, 0]",87
30,"[0, 1]",101.0999999999964,"[29, 28]","[0, 0]","[0, 0]",87
31,"[0, 1]",102.19999999999634,"[30, 30]","[0, 0]","[0, 0]",87
32,"[0, 1]",103.29999999999627,"[31, 31]","[0, 0]","[0, 0]",87
33,"[0, 1]",104.34999999999621,"[32, 32]","[0, 0]","[0, 0]",87
34,"[0, 1]",105.39999999999615,"[33, 33]","[0, 0]","[0, 0]",87
35,"[0, 3]",136.39999999999677,"[34, 29]","[0, 0]","[0, 0]",87
36,"[0, 3]",138.7999999999973,"[35, 35]","[0, 0]","[0, 0]",87
37,"[0, 3]",140.39999999999768,"[36, 36]","[0, 0]","[0, 0]",87
38,"[0, 3]",141.74999999999798,"[37, 37]","[0, 0]","[0, 0]",87
39,"[0, 1]",112.59999999999575,"[38, -999]","[0, 0]","[0, 0]",87
40,"[0, 3]",144.0499999999985,"[39, 38]","[0, 0]","[0, 0]",87
41,"[0, 1]",116.44999999999553,"[40, 39]","[0, 0]","[0, 0]",87
42,"[0, 1]",117.54999999999546,"[41, 41]","[0, 0]","[0, 0]",87
43,"[0, 1]",118.6499999999954,"[42, 42]","[0, 0]","[0, 0]",87
44,"[0, 3]",149.6999999999998,"[43, 40]","[0, 0]","[0, 0]",87
45,"[0, 1]",122.39999999999519,"[44, 43]","[0, 0]","[0, 0]",87
46,"[2, 1]",46.09999999999952,"[19, 19]","[0, 0]","[0, 0]",87
47,"[0, 1]",123.49999999999513,"[45, 45]","[0, 0]","[0, 0]",87
48,"[0, 1]",124.64999999999506,"[47, 47]","[0.15000000000000002, 0]","[0, 0]",87
49,"[0, 3]",155.70000000000115,"[48, 44]","[0, 0]","[0, 0]",87
50,"[0, 3]",157.95000000000167,"[49, 49]","[0, 0]","[0, 0]",87
51,"[0, 1]",129.44999999999519,"[50, 48]","[0, 0]","[0, 0]",87
52,"[0, 1]",130.54999999999544,"[51, 51]","[0, 0]","[0, 0]",87
53,"[0, 1]",131.49999999999565,"[52, 52]","[0, 0]","[0, 0]",87
54,"[0, 3]",161.80000000000254,"[53, 50]","[0.7000000000000001, 0]","[0, 0]",87
55,"[0, 1]",132.89999999999597,"[54, 53]","[1.0000000000000002, 0]","[0, 0]",87
56,"[0, 1]",133.4999999999961,"[55, 55]","[1.2000000000000004, 0]","[0, 0]",87
57,"[0, 1]",133.59999999999613,"[56, 56]","[1.3500000000000005, 0]","[0, 0]",87
58,"[0, 3]",161.00000000000236,"[57, 54]","[1.3500000000000005, 0]","[0, 0]",87
59,"[0, 3]",162.9000000000028,"[58, 58]","[0.9500000000000003, 0]","[0, 0]",87
60,"[0, 1]",134.24999999999628,"[59, 57]","[0, 0]","[0, 0]",87
61,"[0, 1]",133.8499999999962,"[60, 60]","[0, 0]","[0, 0]",87
62,"[0, 1]",130.74999999999548,"[61, 61]","[0, 0]","[0, 0]",87
63,"[0, 3]",161.6000000000025,"[62, 59]","[0, 0]","[0, 0]",87
64,"[2, 3]",69.74999999999818,"[46, 13]","[0, 0]","[0, 0]",87
65,"[0, 3]",163.75000000000298,"[63, 63]","[0, 0]","[0, 0]",87
66,"[0, 1]",134.7999999999964,"[65, 62]","[0, 0]","[0, 0]",87
67,"[0, 1]",132.69999999999592,"[66, 66]","[0, 0]","[0, 0]",87
68,"[0, 1]",133.09999999999602,"[67, 67]","[0, 0]","[0, 0]",87
69,"[0, 3]",163.4000000000029,"[68, 65]","[0, 0]","[0, 0]",87
70,"[0, 1]",132.34999999999584,"[69, 68]","[0, 0]","[0, 0]",87
71,"[0, 1]",133.049999999996,"[70, 70]","[0, 0]","[0, 0]",87
72,"[0, 1]",133.8999999999962,"[71, 71]","[0, 0]","[0, 0]",87
73,"[0, 1]",134.2999999999963,"[72, 72]","[0, 0]","[0, 0]",87
74,"[0, 1]",133.4499999999961,"[73, 73]","[0, 0]","[0, 0]",87
75,"[0, 1]",133.4499999999961,"[74, 74]","[0, 0]","[0, 0]",87
76,"[0, 1]",132.94999999999598,"[75, 75]","[0, 0]","[0, 0]",87
77,"[0, 3]",160.95000000000235,"[76, 69]","[0, 0]","[0, 0]",87
78,"[2, 3]",80.79999999999755,"[64, 21]","[6.699999999999984, 0]","[6.699999999999984, 0]",87
79,"[2, 3]",87.99999999999714,"[78, 22]","[7.549999999999981, 0]","[5.449999999999989, 0]",87
0,"[0, 3]",98.49999999999655,"[-999, 7]","[0, 0]","[0, 0]",88
1,"[2, 1]",36.40000000000007,"[-999, -999]","[0, 0]","[0, 0]",88
2,"[2, 1]",38.09999999999997,"[1, 1]","[0, 0]","[0, 0]",88
3,"[2, 1]",39.89999999999987,"[2, 2]","[0, 0]","[0, 0]",88
4,"[2, 1]",41.79999999999976,"[3, 3]","[0, 0]","[0, 0]",88
5,"[2, 3]",69.79999999999818,"[4, -999]","[0, 0]","[0, 0]",88
6,"[2, 1]",41.1499999999998,"[5, 4]","[0, 0]","[0, 0]",88
7,"[2, 3]",70.59999999999813,"[6, 5]","[0, 0]","[0, 0]",88
8,"[2, 1]",41.49999999999978,"[7, 6]","[0, 0]","[0, 0]",88
9,"[2, 1]",43.24999999999968,"[8, 8]","[0, 0]","[0, 0]",88
10,"[0, 3]",105.34999999999616,"[0, 29]","[2.499999999999999, 0]","[2.499999999999999, 0]",88
11,"[0, 1]",73.59999999999796,"[10, 9]","[0, 0]","[0, 0]",88
12,"[0, 1]",80.84999999999755,"[11, 50]","[3.2999999999999963, 0]","[3.2999999999999963, 0]",88
13,"[0, 1]",80.34999999999758,"[12, 12]","[0, 0]","[0, 0]",88
14,"[0, 1]",85.89999999999726,"[13, 59]","[2.499999999999999, 0]","[2.499999999999999, 0]",88
15,"[0, 3]",115.79999999999556,"[14, 53]","[0, 0]","[0, 0]",88
16,"[0, 1]",87.19999999999719,"[15, 63]","[0, 0]","[0, 0]",88
17,"[0, 3]",118.39999999999542,"[16, 15]","[0, 0]","[0, 0]",88
18,"[0, 1]",89.74999999999704,"[17, 64]","[0, 0]","[0, 0]",88
19,"[2, 3]",72.09999999999805,"[9, 0]","[0, 0]","[0, 0]",88
20,"[0, 3]",120.89999999999527,"[18, 17]","[0, 0]","[0, 0]",88
21,"[0, 3]",123.04999999999515,"[20, 20]","[0, 0]","[0, 0]",88
22,"[0, 1]",93.49999999999683,"[21, 66]","[0, 0]","[0, 0]",88
23,"[0, 1]",94.69999999999676,"[22, 22]","[0, 0]","[0, 0]",88
24,"[0, 3]",125.699999999995,"[23, 71]","[0, 0]","[0, 0]",88
25,"[0, 1]",98.09999999999657,"[24, 23]","[0, 0]","[0, 0]",88
26,"[0, 3]",129.44999999999519,"[25, 24]","[0, 0]","[0, 0]",88
27,"[0, 3]",131.6999999999957,"[26, 26]","[0, 0]","[0, 0]",88
28,"[0, 3]",133.24999999999605,"[27, 27]","[0, 0]","[0, 0]",88
29,"[2, 3]",74.09999999999793,"[19, 19]","[0, 0]","[0, 0]",88
30,"[0, 1]",104.29999999999622,"[28, -999]","[0, 0]","[0, 0]",88
31,"[0, 1]",105.34999999999616,"[30, 30]","[0, 0]","[0, 0]",88
32,"[0, 1]",106.4499999999961,"[31, 31]","[0, 0]","[0, 0]",88
33,"[0, 1]",107.54999999999603,"[32, 32]","[0, 0]","[0, 0]",88
34,"[0, 1]",108.54999999999598,"[33, 33]","[0, 0]","[0, 0]",88
35,"[0, 1]",109.59999999999592,"[34, 34]","[0, 0]","[0, 0]",88
36,"[0, 3]",140.59999999999772,"[35, 28]","[0, 0]","[0, 0]",88
37,"[0, 1]",113.3999999999957,"[36, 35]","[0, 0]","[0, 0]",88
38,"[0, 1]",114.49999999999564,"[37, 37]","[0, 0]","[0, 0]",88
39,"[0, 1]",115.54999999999558,"[38, 38]","[0, 0]","[0, 0]",88
40,"[0, 1]",116.59999999999552,"[39, 39]","[0, 0]","[0, 0]",88
41,"[0, 1]",117.64999999999546,"[40, 40]","[0, 0]","[0, 0]",88
42,"[0, 3]",148.64999999999955,"[41, 36]","[0, 0]","[0, 0]",88
43,"[0, 3]",150.95000000000007,"[42, 42]","[0, 0]","[0, 0]",88
44,"[0, 1]",122.49999999999518,"[43, 41]","[0, 0]","[0, 0]",88
45,"[0, 1]",123.64999999999512,"[44, 44]","[0, 0]","[0, 0]",88
46,"[0, 1]",124.69999999999506,"[45, 45]","[0, 0]","[0, 0]",88
47,"[0, 1]",125.749999999995,"[46, 46]","[0, 0]","[0, 0]",88
48,"[0, 1]",126.74999999999494,"[47, 47]","[0, 0]","[0, 0]",88
49,"[0, 1]",127.79999999999488,"[48, 48]","[0, 0]","[0, 0]",88
50,"[2, 1]",39.299999999999905,"[29, 11]","[0, 0]","[0, 0]",88
51,"[0, 3]",158.70000000000184,"[49, 43]","[0, 0]","[0, 0]",88
52,"[0, 1]",131.44999999999564,"[51, 49]","[0, 0]","[0, 0]",88
53,"[2, 3]",71.2499999999981,"[50, 10]","[0, 0]","[0, 0]",88
54,"[0, 1]",132.04999999999578,"[52, 52]","[0, 0]","[0, 0]",88
55,"[0, 1]",129.74999999999525,"[54, 54]","[0, 0]","[0, 0]",88
56,"[0, 3]",160.15000000000217,"[55, 51]","[0, 0]","[0, 0]",88
57,"[0, 3]",162.1000000000026,"[56, 56]","[0, 0]","[0, 0]",88
58,"[0, 3]",161.50000000000247,"[57, 57]","[0.9000000000000002, 0]","[0, 0]",88
59,"[2, 1]",46.849999999999476,"[53, 13]","[2.4499999999999993, 0]","[2.4499999999999993, 0]",88
60,"[0, 1]",130.4499999999954,"[58, -999]","[1.4000000000000006, 0]","[0, 0]",88
61,"[0, 1]",131.09999999999556,"[60, 60]","[1.6500000000000008, 0]","[0, 0]",88
62,"[0, 1]",131.94999999999575,"[61, 61]","[1.4000000000000006, 0]","[0, 0]",88
63,"[2, 1]",51.799999999999194,"[59, 14]","[3.149999999999997, 0]","[3.149999999999997, 0]",88
64,"[2, 1]",58.34999999999882,"[63, 16]","[7.7499999999999805, 0]","[6.299999999999986, 0]",88
65,"[2, 1]",64.74999999999847,"[64, 18]","[12.950000000000049, 0]","[1.850000000000001, 0]",88
66,"[2, 1]",64.94999999999845,"[65, 65]","[13.300000000000054, 0]","[0, 0]",88
67,"[0, 1]",132.79999999999595,"[62, 62]","[0.65, 0]","[0, 0]",88
68,"[0, 1]",128.34999999999494,"[67, 67]","[0.8000000000000002, 0]","[0, 0]",88
69,"[0, 3]",158.40000000000177,"[68, 58]","[1.2000000000000004, 0]","[0, 0]",88
70,"[0, 1]",130.89999999999552,"[69, 68]","[1.5000000000000007, 0]","[0, 0]",88
71,"[2, 3]",99.2499999999965,"[66, 21]","[14.45000000000007, 0]","[0, 0]",88
72,"[0, 3]",161.95000000000258,"[70, 69]","[1.7500000000000009, 0]","[0, 0]",88
73,"[0, 1]",133.8999999999962,"[72, 70]","[2.1000000000000005, 0]","[0, 0]",88
74,"[0, 1]",134.3999999999963,"[73, 73]","[1.800000000000001, 0]","[0, 0]",88
75,"[0, 1]",133.54999999999612,"[74, 74]","[0, 0]","[0, 0]",88
76,"[0, 1]",129.0499999999951,"[75, 75]","[0, 0]","[0, 0]",88
77,"[0, 1]",129.79999999999526,"[76, 76]","[0, 0]","[0, 0]",88
78,"[0, 1]",130.59999999999545,"[77, 77]","[0.6, 0]","[0, 0]",88
79,"[0, 1]",131.2999999999956,"[78, 78]","[1.2500000000000004, 0]","[0, 0]",88
0,"[2, 3]",67.7499999999983,"[-999, -999]","[0, 0]","[0, 0]",89
1,"[2, 1]",37.15000000000003,"[0, -999]","[0, 0]","[0, 0]",89
2,"[2, 1]",38.89999999999993,"[1, 1]","[0, 0]","[0, 0]",89
3,"[2, 1]",40.74999999999982,"[2, 2]","[0, 0]","[0, 0]",89
4,"[2, 3]",72.04999999999805,"[3, 0]","[0, 0]","[0, 0]",89
5,"[2, 3]",74.6999999999979,"[4, 4]","[0, 0]","[0, 0]",89
6,"[2, 1]",40.84999999999982,"[5, 3]","[0, 0]","[0, 0]",89
7,"[2, 1]",43.04999999999969,"[6, 6]","[0, 0]","[0, 0]",89
8,"[2, 1]",44.09999999999963,"[7, 7]","[0, 0]","[0, 0]",89
9,"[2, 1]",44.79999999999959,"[8, 8]","[0, 0]","[0, 0]",89
10,"[0, 1]",76.59999999999779,"[-999, 11]","[0, 0]","[2.8999999999999977, 0]",89
11,"[2, 1]",45.89999999999953,"[9, 9]","[0, 0]","[0, 0]",89
12,"[2, 3]",75.34999999999786,"[11, 5]","[0, 0]","[0, 0]",89
13,"[0, 3]",106.94999999999607,"[10, 12]","[0, 0]","[0, 0]",89
14,"[0, 3]",108.49999999999598,"[13, 13]","[0, 0]","[0, 0]",89
15,"[0, 3]",109.8499999999959,"[14, 14]","[0, 0]","[0, 0]",89
16,"[0, 1]",80.34999999999758,"[15, 26]","[0, 0]","[0, 0]",89
17,"[0, 1]",81.49999999999751,"[16, 16]","[0, 0]","[0, 0]",89
18,"[0, 1]",82.59999999999745,"[17, 17]","[0, 0]","[0, 0]",89
19,"[2, 1]",47.99999999999941,"[12, 10]","[0, 0]","[0, 0]",89
20,"[0, 3]",113.69999999999568,"[18, 34]","[0, 0]","[0, 0]",89
21,"[0, 1]",90.09999999999702,"[20, 69]","[2.549999999999999, 0]","[2.549999999999999, 0]",89
22,"[0, 3]",120.3499999999953,"[21, 20]","[0, 0]","[0, 0]",89
23,"[0, 3]",122.64999999999517,"[22, 22]","[0, 0]","[0, 0]",89
24,"[0, 3]",124.14999999999509,"[23, 23]","[0, 0]","[0, 0]",89
25,"[0, 1]",95.24999999999673,"[24, -999]","[0, 0]","[0, 0]",89
26,"[2, 1]",49.499999999999325,"[19, 19]","[0, 0]","[0, 0]",89
27,"[0, 3]",126.69999999999494,"[25, 24]","[0, 0]","[0, 0]",89
28,"[0, 1]",99.1999999999965,"[27, 25]","[0, 0]","[0, 0]",89
29,"[0, 1]",100.29999999999644,"[28, 28]","[0, 0]","[0, 0]",89
30,"[0, 1]",101.39999999999638,"[29, 29]","[0, 0]","[0, 0]",89
31,"[0, 1]",102.44999999999632,"[30, 30]","[0, 0]","[0, 0]",89
32,"[0, 3]",133.39999999999608,"[31, 27]","[0, 0]","[0, 0]",89
33,"[0, 3]",135.74999999999662,"[32, 32]","[0, 0]","[0, 0]",89
34,"[2, 3]",87.0499999999972,"[26, 15]","[0, 0]","[0, 0]",89
35,"[0, 1]",107.29999999999605,"[33, 31]","[1.4000000000000006, 0]","[0, 0]",89
36,"[0, 1]",108.34999999999599,"[35, 35]","[1.4000000000000006, 0]","[0, 0]",89
37,"[0, 1]",109.44999999999592,"[36, 36]","[0.9500000000000003, 0]","[0, 0]",89
38,"[0, 1]",110.54999999999586,"[37, 37]","[0.25, 0]","[0, 0]",89
39,"[0, 1]",111.5499999999958,"[38, 38]","[0, 0]","[0, 0]",89
40,"[0, 3]",142.49999999999815,"[39, 33]","[0, 0]","[0, 0]",89
41,"[0, 1]",115.1999999999956,"[40, 39]","[0, 0]","[0, 0]",89
42,"[0, 3]",146.59999999999908,"[41, 40]","[0, 0]","[0, 0]",89
43,"[0, 3]",148.8499999999996,"[42, 42]","[0, 0]","[0, 0]",89
44,"[0, 1]",120.24999999999531,"[43, 41]","[0, 0]","[0, 0]",89
45,"[0, 1]",121.29999999999525,"[44, 44]","[0, 0]","[0, 0]",89
46,"[0, 1]",122.44999999999519,"[45, 45]","[0, 0]","[0, 0]",89
47,"[0, 1]",123.49999999999513,"[46, 46]","[0, 0]","[0, 0]",89
48,"[0, 1]",124.49999999999507,"[47, 47]","[0, 0]","[0, 0]",89
49,"[0, 3]",155.4500000000011,"[48, 43]","[0, 0]","[0, 0]",89
50,"[0, 3]",157.80000000000163,"[49, 49]","[0, 0]","[0, 0]",89
51,"[0, 1]",129.29999999999515,"[50, 48]","[0, 0]","[0, 0]",89
52,"[0, 1]",130.29999999999538,"[51, 51]","[0, 0]","[0, 0]",89
53,"[0, 1]",131.34999999999562,"[52, 52]","[0, 0]","[0, 0]",89
54,"[0, 1]",132.1999999999958,"[53, 53]","[0, 0]","[0, 0]",89
55,"[0, 1]",131.94999999999575,"[54, 54]","[0, 0]","[0, 0]",89
56,"[0, 1]",129.84999999999528,"[55, 55]","[0, 0]","[0, 0]",89
57,"[0, 1]",130.3499999999954,"[56, 56]","[0, 0]","[0, 0]",89
58,"[2, 1]",62.499999999998586,"[34, 18]","[2.849999999999998, 0]","[2.849999999999998, 0]",89
59,"[0, 3]",160.8000000000023,"[57, 50]","[0, 0]","[0, 0]",89
60,"[0, 3]",158.5000000000018,"[59, 59]","[0, 0]","[0, 0]",89
61,"[0, 3]",159.50000000000202,"[60, 60]","[0.49999999999999994, 0]","[0, 0]",89
62,"[0, 1]",130.29999999999538,"[61, -999]","[1.0500000000000003, 0]","[0, 0]",89
63,"[0, 3]",161.40000000000245,"[62, 61]","[1.5000000000000007, 0]","[0, 0]",89
64,"[0, 3]",163.30000000000288,"[63, 63]","[1.850000000000001, 0]","[0, 0]",89
65,"[0, 1]",134.3999999999963,"[64, 62]","[1.4500000000000006, 0]","[0, 0]",89
66,"[0, 1]",130.54999999999544,"[65, 65]","[0, 0]","[0, 0]",89
67,"[0, 3]",159.75000000000207,"[66, 64]","[0, 0]","[0, 0]",89
68,"[0, 1]",132.04999999999578,"[67, 66]","[0, 0]","[0, 0]",89
69,"[2, 1]",54.799999999999024,"[58, 58]","[0, 0]","[0, 0]",89
70,"[0, 3]",162.20000000000263,"[68, 67]","[0.65, 0]","[0, 0]",89
71,"[0, 3]",160.45000000000223,"[70, 70]","[1.2000000000000004, 0]","[0, 0]",89
72,"[0, 3]",161.75000000000253,"[71, 71]","[1.7500000000000009, 0]","[0, 0]",89
73,"[0, 1]",132.5999999999959,"[72, -999]","[2.25, 0]","[0, 0]",89
74,"[0, 1]",133.59999999999613,"[73, 73]","[2.1000000000000005, 0]","[0, 0]",89
75,"[0, 1]",134.3999999999963,"[74, 74]","[1.4500000000000006, 0]","[0, 0]",89
76,"[0, 1]",129.79999999999526,"[75, 75]","[0, 0]","[0, 0]",89
77,"[0, 1]",129.4999999999952,"[76, 76]","[0, 0]","[0, 0]",89
78,"[0, 3]",160.20000000000218,"[77, 72]","[0, 0]","[0, 0]",89
79,"[0, 1]",132.74999999999594,"[78, 77]","[0, 0]","[0, 0]",89
0,"[2, 3]",67.7499999999983,"[-999, -999]","[0, 0]","[0, 0]",90
1,"[2, 1]",37.15000000000003,"[0, -999]","[0, 0]","[0, 0]",90
2,"[2, 3]",69.99999999999817,"[1, 0]","[0, 0]","[0, 0]",90
3,"[2, 3]",72.39999999999803,"[2, 2]","[0, 0]","[0, 0]",90
4,"[0, 1]",71.59999999999808,"[-999, 9]","[0, 0]","[0, 0]",90
5,"[2, 3]",74.24999999999793,"[3, 3]","[0, 0]","[0, 0]",90
6,"[2, 1]",39.59999999999989,"[5, -999]","[0, 0]","[0, 0]",90
7,"[2, 3]",72.899999999998,"[6, 5]","[0, 0]","[0, 0]",90
8,"[2, 1]",39.69999999999988,"[7, 6]","[0, 0]","[0, 0]",90
9,"[2, 1]",42.04999999999975,"[8, 8]","[0, 0]","[0, 0]",90
10,"[0, 1]",75.14999999999787,"[4, 36]","[2.799999999999998, 0]","[2.799999999999998, 0]",90
11,"[0, 1]",75.84999999999783,"[10, 10]","[0, 0]","[0, 0]",90
12,"[0, 1]",76.79999999999778,"[11, 11]","[0, 0]","[0, 0]",90
13,"[0, 1]",83.34999999999741,"[12, 56]","[3.1999999999999966, 0]","[3.1999999999999966, 0]",90
14,"[0, 3]",112.69999999999574,"[13, 7]","[0, 0]","[0, 0]",90
15,"[0, 1]",93.39999999999684,"[14, 72]","[6.149999999999986, 0]","[6.149999999999986, 0]",90
16,"[0, 3]",121.84999999999522,"[15, 14]","[0, 0]","[0, 0]",90
17,"[0, 1]",94.49999999999677,"[16, 15]","[0, 0]","[0, 0]",90
18,"[0, 1]",95.59999999999671,"[17, 17]","[0, 0]","[0, 0]",90
19,"[0, 1]",96.69999999999665,"[18, 18]","[0, 0]","[0, 0]",90
20,"[0, 3]",127.74999999999488,"[19, 16]","[0, 0]","[0, 0]",90
21,"[0, 3]",130.04999999999532,"[20, 20]","[0, 0]","[0, 0]",90
22,"[0, 3]",131.6999999999957,"[21, 21]","[0.65, 0]","[0, 0]",90
23,"[0, 3]",133.049999999996,"[22, 22]","[1.950000000000001, 0]","[0, 0]",90
24,"[0, 1]",103.84999999999624,"[23, -999]","[2.5999999999999988, 0]","[0, 0]",90
25,"[0, 1]",104.99999999999618,"[24, 24]","[3.149999999999997, 0]","[0, 0]",90
26,"[0, 3]",136.19999999999672,"[25, 23]","[3.7499999999999947, 0]","[0, 0]",90
27,"[0, 3]",138.49999999999724,"[26, 26]","[4.149999999999993, 0]","[0, 0]",90
28,"[0, 1]",109.9999999999959,"[27, 25]","[3.999999999999994, 0]","[0, 0]",90
29,"[0, 3]",141.49999999999793,"[28, 27]","[3.599999999999995, 0]","[0, 0]",90
30,"[0, 1]",113.99999999999567,"[29, 28]","[3.049999999999997, 0]","[0, 0]",90
31,"[0, 3]",145.3999999999988,"[30, 29]","[2.4499999999999993, 0]","[0, 0]",90
32,"[0, 1]",117.94999999999544,"[31, 30]","[1.900000000000001, 0]","[0, 0]",90
33,"[0, 3]",149.2999999999997,"[32, 31]","[1.3000000000000005, 0]","[0, 0]",90
34,"[0, 1]",121.84999999999522,"[33, 32]","[0.65, 0]","[0, 0]",90
35,"[0, 3]",153.15000000000057,"[34, 33]","[0, 0]","[0, 0]",90
36,"[2, 1]",43.94999999999964,"[9, 4]","[0, 0]","[0, 0]",90
37,"[0, 1]",125.749999999995,"[35, 34]","[0, 0]","[0, 0]",90
38,"[0, 1]",126.84999999999494,"[37, 37]","[0, 0]","[0, 0]",90
39,"[0, 1]",127.94999999999487,"[38, 38]","[0, 0]","[0, 0]",90
40,"[0, 1]",128.99999999999508,"[39, 39]","[0, 0]","[0, 0]",90
41,"[0, 1]",129.9999999999953,"[40, 40]","[0, 0]","[0, 0]",90
42,"[0, 1]",131.04999999999555,"[41, 41]","[0, 0]","[0, 0]",90
43,"[0, 3]",161.90000000000256,"[42, 35]","[0, 0]","[0, 0]",90
44,"[0, 1]",134.3499999999963,"[43, 42]","[0, 0]","[0, 0]",90
45,"[0, 1]",135.1999999999965,"[44, 44]","[0, 0]","[0, 0]",90
46,"[0, 3]",166.10000000000352,"[45, 43]","[0.44999999999999996, 0]","[0, 0]",90
47,"[0, 1]",138.14999999999716,"[46, 45]","[0.9000000000000002, 0]","[0, 0]",90
48,"[0, 1]",137.69999999999706,"[47, 47]","[1.2000000000000004, 0]","[0, 0]",90
49,"[0, 1]",138.09999999999715,"[48, 48]","[0.8500000000000002, 0]","[0, 0]",90
50,"[0, 3]",168.30000000000402,"[49, 46]","[0, 0]","[0, 0]",90
51,"[0, 1]",135.49999999999656,"[50, 49]","[0, 0]","[0, 0]",90
52,"[0, 3]",166.4500000000036,"[51, 50]","[0, 0]","[0, 0]",90
53,"[0, 1]",138.7499999999973,"[52, 51]","[0, 0]","[0, 0]",90
54,"[0, 3]",169.60000000000431,"[53, 52]","[0, 0]","[0, 0]",90
55,"[0, 1]",141.24999999999787,"[54, 53]","[0, 0]","[0, 0]",90
56,"[2, 1]",40.349999999999845,"[36, 12]","[0, 0]","[0, 0]",90
57,"[0, 1]",141.59999999999795,"[55, 55]","[0, 0]","[0, 0]",90
58,"[0, 3]",171.80000000000481,"[57, 54]","[0, 0]","[0, 0]",90
59,"[0, 1]",141.24999999999787,"[58, 57]","[0, 0]","[0, 0]",90
60,"[0, 1]",140.9499999999978,"[59, 59]","[0, 0]","[0, 0]",90
61,"[0, 3]",170.8500000000046,"[60, 58]","[0, 0]","[0, 0]",90
62,"[0, 1]",141.24999999999787,"[61, 60]","[0, 0]","[0, 0]",90
63,"[0, 1]",140.5499999999977,"[62, 62]","[0.1, 0]","[0, 0]",90
64,"[0, 1]",138.2999999999972,"[63, 63]","[1.0500000000000003, 0]","[0, 0]",90
65,"[0, 3]",167.05000000000373,"[64, 61]","[1.4500000000000006, 0]","[0, 0]",90
66,"[0, 1]",139.09999999999738,"[65, 64]","[1.850000000000001, 0]","[0, 0]",90
67,"[0, 1]",139.89999999999756,"[66, 66]","[1.7500000000000009, 0]","[0, 0]",90
68,"[0, 1]",140.64999999999773,"[67, 67]","[1.1000000000000003, 0]","[0, 0]",90
69,"[0, 1]",135.79999999999663,"[68, 68]","[0, 0]","[0, 0]",90
70,"[2, 1]",37.10000000000003,"[56, 13]","[0, 0]","[0, 0]",90
71,"[0, 1]",135.89999999999665,"[69, 69]","[0, 0]","[0, 0]",90
72,"[2, 1]",39.04999999999992,"[70, 70]","[0, 0]","[0, 0]",90
73,"[0, 1]",136.64999999999682,"[71, 71]","[0, 0]","[0, 0]",90
74,"[0, 1]",136.29999999999674,"[73, 73]","[0, 0]","[0, 0]",90
75,"[0, 3]",165.25000000000333,"[74, 65]","[0, 0]","[0, 0]",90
76,"[0, 3]",167.05000000000373,"[75, 75]","[0, 0]","[0, 0]",90
77,"[0, 1]",137.74999999999707,"[76, 74]","[0, 0]","[0, 0]",90
78,"[0, 3]",167.65000000000387,"[77, 76]","[0, 0]","[0, 0]",90
79,"[0, 1]",139.2499999999974,"[78, 77]","[0, 0]","[0, 0]",90
0,"[2, 3]",67.7499999999983,"[-999, -999]","[0, 0]","[0, 0]",91
1,"[0, 1]",67.44999999999831,"[-999, 11]","[0, 0]","[0, 0]",91
2,"[0, 1]",73.79999999999795,"[1, 30]","[0, 0]","[0, 0]",91
3,"[0, 3]",114.04999999999566,"[2, 36]","[6.0499999999999865, 0]","[6.0499999999999865, 0]",91
4,"[0, 1]",82.64999999999745,"[3, 44]","[0, 0]","[0, 0]",91
5,"[0, 3]",113.99999999999567,"[4, 3]","[0, 0]","[0, 0]",91
6,"[2, 1]",36.500000000000064,"[0, -999]","[0, 0]","[0, 0]",91
7,"[0, 3]",116.04999999999555,"[5, 5]","[0, 0]","[0, 0]",91
8,"[2, 1]",38.34999999999996,"[6, 6]","[0, 0]","[0, 0]",91
9,"[2, 1]",40.199999999999854,"[8, 8]","[0, 0]","[0, 0]",91
10,"[0, 1]",93.14999999999685,"[7, 67]","[3.649999999999995, 0]","[3.649999999999995, 0]",91
11,"[2, 1]",41.99999999999975,"[9, 9]","[0, 0]","[0, 0]",91
12,"[0, 1]",98.04999999999657,"[10, 76]","[3.2499999999999964, 0]","[3.2499999999999964, 0]",91
13,"[0, 3]",126.49999999999496,"[12, 7]","[0, 0]","[0, 0]",91
14,"[0, 1]",98.69999999999654,"[13, 79]","[0, 0]","[0, 0]",91
15,"[0, 3]",129.79999999999526,"[14, 13]","[0, 0]","[0, 0]",91
16,"[2, 3]",72.849999999998,"[11, 0]","[0, 0]","[0, 0]",91
17,"[0, 3]",131.99999999999577,"[15, 15]","[0, 0]","[0, 0]",91
18,"[0, 3]",133.54999999999612,"[17, 17]","[0, 0]","[0, 0]",91
19,"[0, 1]",104.5999999999962,"[18, -999]","[0, 0]","[0, 0]",91
20,"[0, 3]",135.99999999999667,"[19, 18]","[0, 0]","[0, 0]",91
21,"[0, 1]",108.49999999999598,"[20, 19]","[0.8500000000000002, 0]","[0, 0]",91
22,"[0, 3]",139.89999999999756,"[21, 20]","[1.5500000000000007, 0]","[0, 0]",91
23,"[0, 1]",112.39999999999576,"[22, 21]","[2.000000000000001, 0]","[0, 0]",91
24,"[0, 3]",143.74999999999844,"[23, 22]","[2.4499999999999993, 0]","[0, 0]",91
25,"[0, 1]",116.29999999999553,"[24, 23]","[2.549999999999999, 0]","[0, 0]",91
26,"[0, 3]",147.64999999999932,"[25, 24]","[2.25, 0]","[0, 0]",91
27,"[0, 3]",149.89999999999984,"[26, 26]","[1.7500000000000009, 0]","[0, 0]",91
28,"[0, 1]",121.34999999999525,"[27, 25]","[1.1500000000000004, 0]","[0, 0]",91
29,"[0, 3]",152.8500000000005,"[28, 27]","[0.49999999999999994, 0]","[0, 0]",91
30,"[2, 1]",42.9499999999997,"[16, 1]","[0, 0]","[0, 0]",91
31,"[0, 3]",155.050000000001,"[29, 29]","[0, 0]","[0, 0]",91
32,"[2, 3]",72.79999999999801,"[30, 16]","[0, 0]","[0, 0]",91
33,"[0, 1]",126.44999999999496,"[31, 28]","[0, 0]","[0, 0]",91
34,"[0, 3]",157.90000000000165,"[33, 31]","[0, 0]","[0, 0]",91
35,"[2, 3]",75.04999999999788,"[32, 32]","[0, 0]","[0, 0]",91
36,"[2, 3]",76.59999999999779,"[35, 35]","[0, 0]","[0, 0]",91
37,"[0, 1]",130.4499999999954,"[34, 33]","[0, 0]","[0, 0]",91
38,"[0, 3]",161.85000000000255,"[37, 34]","[0, 0]","[0, 0]",91
39,"[0, 1]",134.3999999999963,"[38, 37]","[0, 0]","[0, 0]",91
40,"[0, 1]",135.49999999999656,"[39, 39]","[0, 0]","[0, 0]",91
41,"[0, 1]",136.5999999999968,"[40, 40]","[0, 0]","[0, 0]",91
42,"[0, 1]",137.64999999999705,"[41, 41]","[0, 0]","[0, 0]",91
43,"[0, 3]",168.50000000000406,"[42, 38]","[0, 0]","[0, 0]",91
44,"[2, 1]",45.34999999999956,"[36, 2]","[0, 0]","[0, 0]",91
45,"[0, 3]",170.70000000000456,"[43, 43]","[0, 0]","[0, 0]",91
46,"[0, 1]",139.79999999999754,"[45, 42]","[0, 0]","[0, 0]",91
47,"[0, 3]",169.5000000000043,"[46, 45]","[0, 0]","[0, 0]",91
48,"[0, 3]",171.3500000000047,"[47, 47]","[0, 0]","[0, 0]",91
49,"[0, 3]",172.50000000000497,"[48, 48]","[0, 0]","[0, 0]",91
50,"[0, 3]",172.85000000000505,"[49, 49]","[0, 0]","[0, 0]",91
51,"[0, 1]",142.2499999999981,"[50, -999]","[0, 0]","[0, 0]",91
52,"[0, 3]",172.600000000005,"[51, 50]","[0, 0]","[0, 0]",91
53,"[0, 1]",142.2499999999981,"[52, 51]","[0, 0]","[0, 0]",91
54,"[0, 1]",141.4499999999979,"[53, 53]","[0, 0]","[0, 0]",91
55,"[0, 1]",141.19999999999786,"[54, 54]","[0, 0]","[0, 0]",91
56,"[0, 1]",139.89999999999756,"[55, 55]","[0, 0]","[0, 0]",91
57,"[0, 3]",167.50000000000384,"[56, 52]","[0, 0]","[0, 0]",91
58,"[0, 3]",166.70000000000366,"[57, 57]","[0, 0]","[0, 0]",91
59,"[0, 3]",167.60000000000386,"[58, 58]","[0, 0]","[0, 0]",91
60,"[0, 3]",168.05000000000396,"[59, 59]","[0, 0]","[0, 0]",91
61,"[0, 3]",165.00000000000327,"[60, 60]","[0, 0]","[0, 0]",91
62,"[0, 1]",134.94999999999644,"[61, -999]","[0, 0]","[0, 0]",91
63,"[0, 3]",166.10000000000352,"[62, 61]","[0, 0]","[0, 0]",91
64,"[0, 1]",137.94999999999712,"[63, 62]","[0, 0]","[0, 0]",91
65,"[2, 1]",36.60000000000006,"[44, 4]","[0, 0]","[0, 0]",91
66,"[0, 1]",135.94999999999666,"[64, 64]","[0, 0]","[0, 0]",91
67,"[2, 1]",38.44999999999995,"[65, 65]","[0, 0]","[0, 0]",91
68,"[0, 1]",135.29999999999652,"[66, 66]","[0, 0]","[0, 0]",91
69,"[0, 1]",133.64999999999614,"[68, 68]","[0, 0]","[0, 0]",91
70,"[0, 3]",163.75000000000298,"[69, 63]","[0, 0]","[0, 0]",91
71,"[0, 1]",135.89999999999665,"[70, 69]","[0, 0]","[0, 0]",91
72,"[0, 3]",161.80000000000254,"[71, 70]","[0, 0]","[0, 0]",91
73,"[0, 1]",133.8999999999962,"[72, 71]","[0, 0]","[0, 0]",91
74,"[0, 1]",134.7999999999964,"[73, 73]","[0, 0]","[0, 0]",91
75,"[0, 1]",135.44999999999655,"[74, 74]","[0, 0]","[0, 0]",91
76,"[2, 1]",41.34999999999979,"[67, 10]","[0, 0]","[0, 0]",91
77,"[0, 1]",135.04999999999646,"[75, 75]","[0, 0]","[0, 0]",91
78,"[0, 1]",134.99999999999645,"[77, 77]","[0, 0]","[0, 0]",91
79,"[2, 1]",48.449999999999385,"[76, 12]","[3.4499999999999957, 0]","[3.4499999999999957, 0]",91
0,"[2, 3]",67.7499999999983,"[-999, -999]","[0, 0]","[0, 0]",92
1,"[2, 3]",70.79999999999812,"[0, 0]","[0, 0]","[0, 0]",92
2,"[2, 3]",72.69999999999801,"[1, 1]","[0, 0]","[0, 0]",92
3,"[2, 1]",38.249999999999964,"[2, -999]","[0, 0]","[0, 0]",92
4,"[2, 1]",40.44999999999984,"[3, 3]","[0, 0]","[0, 0]",92
5,"[0, 1]",71.49999999999808,"[-999, 9]","[0, 0]","[0, 0]",92
6,"[2, 1]",42.299999999999734,"[4, 4]","[0, 0]","[0, 0]",92
7,"[2, 3]",73.049999999998,"[6, 2]","[0, 0]","[0, 0]",92
8,"[2, 1]",41.0999999999998,"[7, 6]","[0, 0]","[0, 0]",92
9,"[2, 1]",43.29999999999968,"[8, 8]","[0, 0]","[0, 0]",92
10,"[0, 1]",70.94999999999811,"[5, 5]","[0, 0]","[0, 0]",92
11,"[2, 3]",73.19999999999798,"[9, 7]","[0, 0]","[0, 0]",92
12,"[0, 3]",103.04999999999629,"[10, 23]","[0, 0]","[0, 0]",92
13,"[0, 3]",104.5499999999962,"[12, 12]","[0, 0]","[0, 0]",92
14,"[0, 1]",75.44999999999786,"[13, 47]","[0, 0]","[0, 0]",92
15,"[0, 3]",106.69999999999608,"[14, 13]","[0, 0]","[0, 0]",92
16,"[0, 3]",108.84999999999596,"[15, 15]","[0, 0]","[0, 0]",92
17,"[0, 3]",110.44999999999587,"[16, 16]","[0, 0]","[0, 0]",92
18,"[0, 1]",78.39999999999769,"[17, -999]","[0, 0]","[0, 0]",92
19,"[0, 3]",110.04999999999589,"[18, 17]","[0, 0]","[0, 0]",92
20,"[0, 1]",85.49999999999729,"[19, 79]","[0, 0]","[0, 0]",92
21,"[0, 1]",85.59999999999728,"[20, 20]","[0, 0]","[0, 0]",92
22,"[0, 3]",116.44999999999553,"[21, 19]","[0, 0]","[0, 0]",92
23,"[2, 3]",75.44999999999786,"[11, 11]","[0, 0]","[0, 0]",92
24,"[0, 1]",89.14999999999708,"[22, 21]","[0, 0]","[0, 0]",92
25,"[0, 1]",90.29999999999701,"[24, 24]","[0, 0]","[0, 0]",92
26,"[0, 3]",121.44999999999524,"[25, 22]","[0, 0]","[0, 0]",92
27,"[0, 3]",123.69999999999511,"[26, 26]","[0, 0]","[0, 0]",92
28,"[0, 1]",95.19999999999673,"[27, 25]","[0, 0]","[0, 0]",92
29,"[0, 3]",126.74999999999494,"[28, 27]","[0, 0]","[0, 0]",92
30,"[0, 1]",99.2499999999965,"[29, 28]","[0, 0]","[0, 0]",92
31,"[0, 3]",130.64999999999546,"[30, 29]","[0, 0]","[0, 0]",92
32,"[0, 3]",132.89999999999597,"[31, 31]","[0, 0]","[0, 0]",92
33,"[0, 1]",104.39999999999621,"[32, 30]","[0, 0]","[0, 0]",92
34,"[0, 3]",135.84999999999664,"[33, 32]","[0, 0]","[0, 0]",92
35,"[2, 1]",48.29999999999939,"[23, 10]","[3.2499999999999964, 0]","[3.2499999999999964, 0]",92
36,"[0, 1]",108.34999999999599,"[34, 33]","[0, 0]","[0, 0]",92
37,"[0, 1]",109.49999999999592,"[36, 36]","[0, 0]","[0, 0]",92
38,"[0, 3]",140.64999999999773,"[37, 34]","[0, 0]","[0, 0]",92
39,"[0, 1]",113.3999999999957,"[38, 37]","[0, 0]","[0, 0]",92
40,"[0, 3]",144.69999999999865,"[39, 38]","[0, 0]","[0, 0]",92
41,"[0, 1]",117.24999999999548,"[40, 39]","[0, 0]","[0, 0]",92
42,"[0, 1]",118.39999999999542,"[41, 41]","[0, 0]","[0, 0]",92
43,"[0, 3]",149.59999999999977,"[42, 40]","[0, 0]","[0, 0]",92
44,"[0, 1]",122.39999999999519,"[43, 42]","[0, 0]","[0, 0]",92
45,"[0, 1]",123.49999999999513,"[44, 44]","[0, 0]","[0, 0]",92
46,"[0, 1]",124.54999999999507,"[45, 45]","[0, 0]","[0, 0]",92
47,"[2, 1]",43.44999999999967,"[35, 35]","[0, 0]","[0, 0]",92
48,"[0, 1]",125.599999999995,"[46, 46]","[0, 0]","[0, 0]",92
49,"[0, 1]",126.64999999999495,"[48, 48]","[0, 0]","[0, 0]",92
50,"[0, 3]",157.6000000000016,"[49, 43]","[0, 0]","[0, 0]",92
51,"[0, 1]",130.3499999999954,"[50, 49]","[0, 0]","[0, 0]",92
52,"[0, 3]",161.70000000000252,"[51, 50]","[0, 0]","[0, 0]",92
53,"[0, 1]",134.19999999999627,"[52, 51]","[0, 0]","[0, 0]",92
54,"[0, 1]",135.34999999999653,"[53, 53]","[0, 0]","[0, 0]",92
55,"[0, 1]",136.39999999999677,"[54, 54]","[0, 0]","[0, 0]",92
56,"[0, 1]",137.34999999999698,"[55, 55]","[0, 0]","[0, 0]",92
57,"[0, 3]",168.250000000004,"[56, 52]","[0, 0]","[0, 0]",92
58,"[0, 3]",170.20000000000445,"[57, 57]","[0, 0]","[0, 0]",92
59,"[0, 3]",167.90000000000393,"[58, 58]","[0, 0]","[0, 0]",92
60,"[0, 1]",137.49999999999702,"[59, -999]","[0, 0]","[0, 0]",92
61,"[0, 3]",168.10000000000397,"[60, 59]","[0, 0]","[0, 0]",92
62,"[0, 1]",139.94999999999757,"[61, 60]","[0.39999999999999997, 0]","[0, 0]",92
63,"[0, 1]",134.94999999999644,"[62, 62]","[0, 0]","[0, 0]",92
64,"[0, 1]",134.99999999999645,"[63, 63]","[0, 0]","[0, 0]",92
65,"[0, 3]",165.65000000000342,"[64, 61]","[0, 0]","[0, 0]",92
66,"[0, 1]",138.14999999999716,"[65, 64]","[0, 0]","[0, 0]",92
67,"[0, 1]",138.59999999999727,"[66, 66]","[0, 0]","[0, 0]",92
68,"[0, 1]",135.34999999999653,"[67, 67]","[0, 0]","[0, 0]",92
69,"[0, 3]",164.85000000000323,"[68, 65]","[0, 0]","[0, 0]",92
70,"[0, 3]",166.15000000000353,"[69, 69]","[0.44999999999999996, 0]","[0, 0]",92
71,"[0, 1]",136.74999999999685,"[70, 68]","[1.0000000000000002, 0]","[0, 0]",92
72,"[0, 3]",166.0000000000035,"[71, 70]","[1.3500000000000005, 0]","[0, 0]",92
73,"[0, 3]",166.8500000000037,"[72, 72]","[1.5500000000000007, 0]","[0, 0]",92
74,"[0, 1]",137.79999999999708,"[73, 71]","[1.1000000000000003, 0]","[0, 0]",92
75,"[0, 1]",137.49999999999702,"[74, 74]","[0, 0]","[0, 0]",92
76,"[0, 3]",163.55000000000294,"[75, 73]","[0, 0]","[0, 0]",92
77,"[0, 1]",135.89999999999665,"[76, 75]","[0, 0]","[0, 0]",92
78,"[2, 1]",38.19999999999997,"[14, 18]","[0, 0]","[0, 0]",92
79,"[2, 1]",39.54999999999989,"[78, 78]","[0, 0]","[0, 0]",92
0,"[2, 1]",36.40000000000007,"[-999, -999]","[0, 0]","[0, 0]",93
1,"[2, 1]",38.09999999999997,"[0, 0]","[0, 0]","[0, 0]",93
2,"[2, 1]",39.89999999999987,"[1, 1]","[0, 0]","[0, 0]",93
3,"[2, 3]",69.24999999999821,"[2, -999]","[0, 0]","[0, 0]",93
4,"[2, 1]",37.74999999999999,"[3, 2]","[0, 0]","[0, 0]",93
5,"[2, 3]",70.44999999999814,"[4, 3]","[0, 0]","[0, 0]",93
6,"[2, 3]",72.79999999999801,"[5, 5]","[0, 0]","[0, 0]",93
7,"[2, 1]",38.64999999999994,"[6, 4]","[0, 0]","[0, 0]",93
8,"[2, 1]",40.899999999999814,"[7, 7]","[0, 0]","[0, 0]",93
9,"[2, 1]",42.69999999999971,"[8, 8]","[0, 0]","[0, 0]",93
10,"[2, 1]",44.14999999999963,"[9, 9]","[0, 0]","[0, 0]",93
11,"[2, 1]",51.29999999999922,"[10, 12]","[1.1000000000000003, 0]","[1.1000000000000003, 0]",93
12,"[0, 1]",73.64999999999796,"[-999, 10]","[0, 0]","[2.9999999999999973, 0]",93
13,"[0, 3]",103.04999999999629,"[12, 6]","[0, 0]","[0, 0]",93
14,"[0, 1]",79.54999999999762,"[13, 16]","[2.3999999999999995, 0]","[2.3999999999999995, 0]",93
15,"[0, 1]",80.19999999999759,"[14, 14]","[0, 0]","[0, 0]",93
16,"[2, 1]",51.599999999999206,"[11, 11]","[3.399999999999996, 0]","[3.399999999999996, 0]",93
17,"[2, 1]",63.64999999999852,"[16, 15]","[8.899999999999991, 0]","[4.99999999999999, 0]",93
18,"[0, 1]",86.14999999999725,"[15, 17]","[2.499999999999999, 0]","[2.499999999999999, 0]",93
19,"[0, 1]",91.14999999999696,"[18, 39]","[2.549999999999999, 0]","[2.549999999999999, 0]",93
20,"[0, 1]",91.54999999999694,"[19, 19]","[0, 0]","[0, 0]",93
21,"[0, 1]",92.44999999999689,"[20, 20]","[0, 0]","[0, 0]",93
22,"[0, 1]",93.54999999999683,"[21, 21]","[0, 0]","[0, 0]",93
23,"[0, 1]",100.54999999999643,"[22, 70]","[2.9499999999999975, 0]","[2.9499999999999975, 0]",93
24,"[0, 3]",131.6999999999957,"[23, 77]","[0, 0]","[0, 0]",93
25,"[0, 3]",133.19999999999604,"[24, 24]","[0, 0]","[0, 0]",93
26,"[0, 1]",103.89999999999624,"[25, 23]","[0, 0]","[0, 0]",93
27,"[0, 1]",104.99999999999618,"[26, 26]","[0, 0]","[0, 0]",93
28,"[0, 3]",136.19999999999672,"[27, 25]","[0, 0]","[0, 0]",93
29,"[0, 1]",108.89999999999596,"[28, 27]","[0, 0]","[0, 0]",93
30,"[0, 1]",110.04999999999589,"[29, 29]","[0, 0]","[0, 0]",93
31,"[0, 1]",111.14999999999583,"[30, 30]","[0, 0]","[0, 0]",93
32,"[0, 3]",142.19999999999808,"[31, 28]","[0, 0]","[0, 0]",93
33,"[0, 1]",114.94999999999561,"[32, 31]","[0, 0]","[0, 0]",93
34,"[0, 3]",146.249999999999,"[33, 32]","[0, 0]","[0, 0]",93
35,"[0, 3]",148.4499999999995,"[34, 34]","[0, 0]","[0, 0]",93
36,"[0, 1]",119.94999999999533,"[35, 33]","[0, 0]","[0, 0]",93
37,"[0, 3]",151.40000000000018,"[36, 35]","[0, 0]","[0, 0]",93
38,"[0, 3]",153.60000000000068,"[37, 37]","[0, 0]","[0, 0]",93
39,"[2, 1]",68.54999999999825,"[17, 18]","[16.4500000000001, 0]","[1.3000000000000005, 0]",93
40,"[0, 1]",125.04999999999504,"[38, 36]","[0, 0]","[0, 0]",93
41,"[0, 1]",126.14999999999498,"[40, 40]","[0, 0]","[0, 0]",93
42,"[0, 1]",127.24999999999491,"[41, 41]","[0, 0]","[0, 0]",93
43,"[0, 1]",128.29999999999492,"[42, 42]","[0, 0]","[0, 0]",93
44,"[0, 1]",129.29999999999515,"[43, 43]","[0.15000000000000002, 0]","[0, 0]",93
45,"[2, 3]",98.14999999999657,"[39, 13]","[21.650000000000173, 0]","[0.2, 0]",93
46,"[0, 3]",160.3000000000022,"[44, 38]","[0.44999999999999996, 0]","[0, 0]",93
47,"[0, 3]",162.65000000000273,"[46, 46]","[0, 0]","[0, 0]",93
48,"[0, 3]",164.3000000000031,"[47, 47]","[0, 0]","[0, 0]",93
49,"[0, 1]",135.2499999999965,"[48, -999]","[0, 0]","[0, 0]",93
50,"[0, 3]",166.70000000000366,"[49, 48]","[0, 0]","[0, 0]",93
51,"[0, 3]",168.7000000000041,"[50, 50]","[0, 0]","[0, 0]",93
52,"[0, 1]",138.7999999999973,"[51, 49]","[0.15000000000000002, 0]","[0, 0]",93
53,"[0, 1]",137.19999999999695,"[52, 52]","[0, 0]","[0, 0]",93
54,"[0, 1]",132.74999999999594,"[53, 53]","[0, 0]","[0, 0]",93
55,"[0, 3]",163.50000000000293,"[54, 51]","[0, 0]","[0, 0]",93
56,"[0, 1]",135.89999999999665,"[55, 54]","[0, 0]","[0, 0]",93
57,"[2, 3]",99.74999999999648,"[45, 45]","[20.15000000000015, 0]","[0, 0]",93
58,"[0, 1]",136.44999999999678,"[56, 56]","[0, 0]","[0, 0]",93
59,"[0, 1]",135.84999999999664,"[58, 58]","[0, 0]","[0, 0]",93
60,"[0, 3]",165.75000000000344,"[59, 55]","[0, 0]","[0, 0]",93
61,"[0, 1]",137.69999999999706,"[60, 59]","[0, 0]","[0, 0]",93
62,"[0, 1]",137.59999999999704,"[61, 61]","[0, 0]","[0, 0]",93
63,"[0, 1]",133.99999999999622,"[62, 62]","[0, 0]","[0, 0]",93
64,"[0, 1]",132.24999999999582,"[63, 63]","[0, 0]","[0, 0]",93
65,"[2, 3]",97.4499999999966,"[57, 57]","[12.700000000000045, 0]","[0, 0]",93
66,"[0, 1]",132.79999999999595,"[64, 64]","[0, 0]","[0, 0]",93
67,"[0, 3]",163.20000000000286,"[66, 60]","[0.7500000000000001, 0]","[0, 0]",93
68,"[0, 1]",131.79999999999572,"[67, 66]","[1.3500000000000005, 0]","[0, 0]",93
69,"[0, 3]",162.5000000000027,"[68, 67]","[1.7500000000000009, 0]","[0, 0]",93
70,"[2, 1]",69.24999999999821,"[65, 22]","[9.55, 0]","[0, 0]",93
71,"[0, 1]",134.7499999999964,"[69, 68]","[2.25, 0]","[0, 0]",93
72,"[0, 1]",135.59999999999658,"[71, 71]","[2.3499999999999996, 0]","[0, 0]",93
73,"[0, 1]",136.44999999999678,"[72, 72]","[1.800000000000001, 0]","[0, 0]",93
74,"[0, 1]",131.34999999999562,"[73, 73]","[0, 0]","[0, 0]",93
75,"[0, 1]",131.19999999999558,"[74, 74]","[0, 0]","[0, 0]",93
76,"[0, 1]",131.94999999999575,"[75, 75]","[0, 0]","[0, 0]",93
77,"[2, 3]",96.69999999999665,"[70, 65]","[4.049999999999994, 0]","[0, 0]",93
78,"[0, 1]",132.84999999999596,"[76, 76]","[0, 0]","[0, 0]",93
79,"[0, 1]",133.54999999999612,"[78, 78]","[0, 0]","[0, 0]",93
0,"[2, 1]",36.40000000000007,"[-999, -999]","[0, 0]","[0, 0]",94
1,"[2, 1]",38.09999999999997,"[0, 0]","[0, 0]","[0, 0]",94
2,"[2, 1]",39.89999999999987,"[1, 1]","[0, 0]","[0, 0]",94
3,"[2, 1]",41.79999999999976,"[2, 2]","[0, 0]","[0, 0]",94
4,"[2, 3]",69.79999999999818,"[3, -999]","[0, 0]","[0, 0]",94
5,"[0, 3]",106.4499999999961,"[-999, 15]","[0, 0]","[3.049999999999997, 0]",94
6,"[0, 1]",76.24999999999781,"[5, -999]","[0, 0]","[0, 0]",94
7,"[0, 1]",77.49999999999774,"[6, 6]","[0, 0]","[0, 0]",94
8,"[2, 1]",41.1499999999998,"[4, 3]","[0, 0]","[0, 0]",94
9,"[2, 1]",42.999999999999694,"[8, 8]","[0, 0]","[0, 0]",94
10,"[2, 3]",70.69999999999813,"[9, 4]","[0, 0]","[0, 0]",94
11,"[0, 3]",109.04999999999595,"[7, 16]","[0, 0]","[0, 0]",94
12,"[0, 1]",80.09999999999759,"[11, 24]","[0, 0]","[0, 0]",94
13,"[2, 3]",73.049999999998,"[10, 10]","[0, 0]","[0, 0]",94
14,"[0, 1]",80.94999999999754,"[12, 12]","[0, 0]","[0, 0]",94
15,"[2, 3]",74.6999999999979,"[13, 13]","[0, 0]","[0, 0]",94
16,"[2, 3]",81.24999999999753,"[15, 5]","[1.6000000000000008, 0]","[1.6000000000000008, 0]",94
17,"[0, 3]",112.19999999999577,"[14, 11]","[0, 0]","[0, 0]",94
18,"[0, 3]",114.44999999999564,"[17, 17]","[0, 0]","[0, 0]",94
19,"[0, 1]",85.89999999999726,"[18, 47]","[0, 0]","[0, 0]",94
20,"[0, 1]",86.79999999999721,"[19, 19]","[0, 0]","[0, 0]",94
21,"[0, 1]",87.79999999999715,"[20, 20]","[0, 0]","[0, 0]",94
22,"[0, 1]",88.6999999999971,"[21, 21]","[0, 0]","[0, 0]",94
23,"[0, 3]",119.84999999999533,"[22, 79]","[0, 0]","[0, 0]",94
24,"[2, 1]",57.249999999998884,"[16, 7]","[6.799999999999984, 0]","[6.799999999999984, 0]",94
25,"[0, 3]",122.04999999999521,"[23, 23]","[0, 0]","[0, 0]",94
26,"[0, 1]",93.54999999999683,"[25, 22]","[0, 0]","[0, 0]",94
27,"[0, 3]",124.94999999999504,"[26, 25]","[0, 0]","[0, 0]",94
28,"[0, 3]",127.14999999999492,"[27, 27]","[0, 0]","[0, 0]",94
29,"[0, 1]",98.64999999999654,"[28, 26]","[0, 0]","[0, 0]",94
30,"[0, 1]",99.69999999999648,"[29, 29]","[0, 0]","[0, 0]",94
31,"[0, 1]",100.84999999999641,"[30, 30]","[0, 0]","[0, 0]",94
32,"[0, 1]",101.89999999999635,"[31, 31]","[0, 0]","[0, 0]",94
33,"[0, 1]",102.8999999999963,"[32, 32]","[0, 0]","[0, 0]",94
34,"[0, 1]",103.89999999999624,"[33, 33]","[0, 0]","[0, 0]",94
35,"[0, 1]",104.99999999999618,"[34, 34]","[0, 0]","[0, 0]",94
36,"[0, 3]",135.99999999999667,"[35, 28]","[0, 0]","[0, 0]",94
37,"[0, 3]",138.2999999999972,"[36, 36]","[0, 0]","[0, 0]",94
38,"[0, 1]",109.8499999999959,"[37, 35]","[0, 0]","[0, 0]",94
39,"[0, 1]",110.94999999999584,"[38, 38]","[0, 0]","[0, 0]",94
40,"[0, 3]",142.14999999999807,"[39, 37]","[0, 0]","[0, 0]",94
41,"[0, 1]",114.79999999999562,"[40, 39]","[0, 0]","[0, 0]",94
42,"[2, 1]",68.54999999999825,"[24, 14]","[16.700000000000102, 0]","[9.199999999999996, 0]",94
43,"[0, 1]",115.89999999999556,"[41, 41]","[0, 0]","[0, 0]",94
44,"[0, 1]",117.04999999999549,"[43, 43]","[0, 0]","[0, 0]",94
45,"[0, 1]",118.09999999999543,"[44, 44]","[0, 0]","[0, 0]",94
46,"[0, 3]",149.04999999999964,"[45, 40]","[0, 0]","[0, 0]",94
47,"[2, 1]",67.6999999999983,"[42, 42]","[21.600000000000172, 0]","[1.4500000000000006, 0]",94
48,"[0, 1]",121.79999999999522,"[46, 45]","[0, 0]","[0, 0]",94
49,"[0, 3]",153.15000000000057,"[48, 46]","[0, 0]","[0, 0]",94
50,"[0, 3]",155.35000000000107,"[49, 49]","[0, 0]","[0, 0]",94
51,"[0, 3]",156.95000000000144,"[50, 50]","[0, 0]","[0, 0]",94
52,"[0, 1]",127.94999999999487,"[51, -999]","[0, 0]","[0, 0]",94
53,"[0, 1]",128.99999999999508,"[52, 52]","[0, 0]","[0, 0]",94
54,"[0, 3]",160.15000000000217,"[53, 51]","[0, 0]","[0, 0]",94
55,"[0, 1]",132.5499999999959,"[54, 53]","[0, 0]","[0, 0]",94
56,"[0, 1]",132.89999999999597,"[55, 55]","[0, 0]","[0, 0]",94
57,"[0, 1]",133.049999999996,"[56, 56]","[0, 0]","[0, 0]",94
58,"[0, 3]",163.60000000000295,"[57, 54]","[0, 0]","[0, 0]",94
59,"[0, 3]",165.50000000000338,"[58, 58]","[0, 0]","[0, 0]",94
60,"[0, 3]",166.80000000000368,"[59, 59]","[0, 0]","[0, 0]",94
61,"[0, 3]",167.85000000000392,"[60, 60]","[0, 0]","[0, 0]",94
62,"[0, 1]",138.2999999999972,"[61, -999]","[0, 0]","[0, 0]",94
63,"[0, 1]",133.4999999999961,"[62, 62]","[0, 0]","[0, 0]",94
64,"[0, 1]",133.24999999999605,"[63, 63]","[0, 0]","[0, 0]",94
65,"[0, 3]",163.75000000000298,"[64, 61]","[0, 0]","[0, 0]",94
66,"[0, 1]",135.6999999999966,"[65, 64]","[0, 0]","[0, 0]",94
67,"[0, 1]",135.14999999999648,"[66, 66]","[0, 0]","[0, 0]",94
68,"[0, 3]",165.05000000000328,"[67, 65]","[0, 0]","[0, 0]",94
69,"[0, 3]",166.4000000000036,"[68, 68]","[0, 0]","[0, 0]",94
70,"[0, 3]",166.4000000000036,"[69, 69]","[0, 0]","[0, 0]",94
71,"[2, 3]",79.49999999999763,"[47, 18]","[0, 0]","[0, 0]",94
72,"[0, 3]",166.4000000000036,"[70, 70]","[0, 0]","[0, 0]",94
73,"[0, 1]",136.39999999999677,"[72, -999]","[0, 0]","[0, 0]",94
74,"[0, 1]",133.4499999999961,"[73, 73]","[0, 0]","[0, 0]",94
75,"[0, 3]",163.70000000000297,"[74, 72]","[0, 0]","[0, 0]",94
76,"[0, 1]",135.49999999999656,"[75, 74]","[0, 0]","[0, 0]",94
77,"[0, 1]",132.5499999999959,"[76, 76]","[0, 0]","[0, 0]",94
78,"[0, 1]",133.14999999999603,"[77, 77]","[0, 0]","[0, 0]",94
79,"[2, 3]",76.84999999999778,"[71, 71]","[0, 0]","[0, 0]",94
0,"[2, 1]",36.40000000000007,"[-999, -999]","[0, 0]","[0, 0]",95
1,"[2, 1]",38.09999999999997,"[0, 0]","[0, 0]","[0, 0]",95
2,"[2, 1]",39.89999999999987,"[1, 1]","[0, 0]","[0, 0]",95
3,"[2, 1]",41.79999999999976,"[2, 2]","[0, 0]","[0, 0]",95
4,"[2, 3]",70.24999999999815,"[3, -999]","[0, 0]","[0, 0]",95
5,"[2, 1]",38.69999999999994,"[4, 3]","[0, 0]","[0, 0]",95
6,"[2, 1]",40.64999999999983,"[5, 5]","[0, 0]","[0, 0]",95
7,"[2, 3]",72.09999999999805,"[6, 4]","[0, 0]","[0, 0]",95
8,"[2, 3]",74.6499999999979,"[7, 7]","[0, 0]","[0, 0]",95
9,"[2, 1]",40.79999999999982,"[8, 6]","[0, 0]","[0, 0]",95
10,"[2, 3]",73.74999999999795,"[9, 8]","[0, 0]","[0, 0]",95
11,"[2, 1]",45.799999999999535,"[10, 12]","[0, 0]","[0, 0]",95
12,"[0, 1]",67.44999999999831,"[-999, 9]","[0, 0]","[0, 0]",95
13,"[0, 3]",100.54999999999643,"[12, 10]","[0, 0]","[0, 0]",95
14,"[2, 1]",46.849999999999476,"[11, 11]","[0, 0]","[0, 0]",95
15,"[0, 3]",102.34999999999633,"[13, 13]","[0, 0]","[0, 0]",95
16,"[0, 1]",73.79999999999795,"[15, 14]","[0, 0]","[0, 0]",95
17,"[0, 1]",80.0499999999976,"[16, 46]","[2.5999999999999988, 0]","[2.5999999999999988, 0]",95
18,"[2, 3]",81.19999999999753,"[14, 15]","[2.4499999999999993, 0]","[2.4499999999999993, 0]",95
19,"[0, 3]",110.04999999999589,"[17, 18]","[0, 0]","[0, 0]",95
20,"[0, 3]",112.29999999999576,"[19, 19]","[0, 0]","[0, 0]",95
21,"[0, 1]",83.5999999999974,"[20, 47]","[0, 0]","[0, 0]",95
22,"[0, 1]",84.69999999999733,"[21, 21]","[0, 0]","[0, 0]",95
23,"[0, 3]",115.99999999999555,"[22, 58]","[0, 0]","[0, 0]",95
24,"[0, 3]",118.14999999999543,"[23, 23]","[0, 0]","[0, 0]",95
25,"[0, 1]",89.44999999999706,"[24, 69]","[0, 0]","[0, 0]",95
26,"[0, 3]",120.4499999999953,"[25, 24]","[0, 0]","[0, 0]",95
27,"[0, 1]",92.1999999999969,"[26, 78]","[0, 0]","[0, 0]",95
28,"[0, 3]",124.54999999999507,"[27, 79]","[0, 0]","[0, 0]",95
29,"[0, 1]",95.44999999999672,"[28, 27]","[0, 0]","[0, 0]",95
30,"[0, 1]",96.54999999999666,"[29, 29]","[0, 0]","[0, 0]",95
31,"[0, 3]",127.74999999999488,"[30, 28]","[0, 0]","[0, 0]",95
32,"[0, 1]",100.39999999999644,"[31, 30]","[0, 0]","[0, 0]",95
33,"[0, 1]",101.54999999999637,"[32, 32]","[0, 0]","[0, 0]",95
34,"[0, 1]",102.59999999999631,"[33, 33]","[0, 0]","[0, 0]",95
35,"[0, 3]",133.64999999999614,"[34, 31]","[0, 0]","[0, 0]",95
36,"[0, 1]",106.3499999999961,"[35, 34]","[0, 0]","[0, 0]",95
37,"[0, 1]",107.49999999999604,"[36, 36]","[0, 0]","[0, 0]",95
38,"[0, 3]",138.64999999999728,"[37, 35]","[0, 0]","[0, 0]",95
39,"[0, 1]",111.34999999999582,"[38, 37]","[0, 0]","[0, 0]",95
40,"[0, 3]",142.6999999999982,"[39, 38]","[0, 0]","[0, 0]",95
41,"[0, 1]",115.2499999999956,"[40, 39]","[0, 0]","[0, 0]",95
42,"[0, 1]",116.34999999999553,"[41, 41]","[0, 0]","[0, 0]",95
43,"[0, 3]",147.4999999999993,"[42, 40]","[0, 0]","[0, 0]",95
44,"[0, 1]",120.14999999999532,"[43, 42]","[0, 0]","[0, 0]",95
45,"[0, 1]",121.24999999999525,"[44, 44]","[0, 0]","[0, 0]",95
46,"[2, 1]",53.99999999999907,"[18, 16]","[2.6499999999999986, 0]","[2.6499999999999986, 0]",95
47,"[2, 1]",59.29999999999877,"[46, 17]","[3.4499999999999957, 0]","[3.4499999999999957, 0]",95
48,"[0, 1]",122.34999999999519,"[45, 45]","[0, 0]","[0, 0]",95
49,"[0, 1]",123.39999999999513,"[48, 48]","[0, 0]","[0, 0]",95
50,"[0, 1]",124.44999999999507,"[49, 49]","[0.7500000000000001, 0]","[0, 0]",95
51,"[0, 1]",125.49999999999501,"[50, 50]","[1.2000000000000004, 0]","[0, 0]",95
52,"[0, 1]",126.54999999999495,"[51, 51]","[1.0000000000000002, 0]","[0, 0]",95
53,"[0, 1]",127.4999999999949,"[52, 52]","[0.35, 0]","[0, 0]",95
54,"[0, 3]",158.45000000000178,"[53, 43]","[0, 0]","[0, 0]",95
55,"[0, 1]",131.19999999999558,"[54, 53]","[0, 0]","[0, 0]",95
56,"[0, 1]",132.29999999999583,"[55, 55]","[0, 0]","[0, 0]",95
57,"[0, 3]",162.5500000000027,"[56, 54]","[0, 0]","[0, 0]",95
58,"[2, 3]",93.44999999999683,"[47, 20]","[0, 0]","[0, 0]",95
59,"[0, 1]",132.5499999999959,"[57, 56]","[0, 0]","[0, 0]",95
60,"[0, 3]",163.50000000000293,"[59, 57]","[0, 0]","[0, 0]",95
61,"[0, 3]",165.50000000000338,"[60, 60]","[0, 0]","[0, 0]",95
62,"[0, 1]",136.4999999999968,"[61, 59]","[0, 0]","[0, 0]",95
63,"[0, 1]",136.79999999999686,"[62, 62]","[0, 0]","[0, 0]",95
64,"[0, 1]",136.9999999999969,"[63, 63]","[0, 0]","[0, 0]",95
65,"[0, 3]",166.4000000000036,"[64, 61]","[0, 0]","[0, 0]",95
66,"[0, 1]",136.0499999999967,"[65, 64]","[0, 0]","[0, 0]",95
67,"[2, 1]",64.84999999999846,"[58, 22]","[13.500000000000057, 0]","[3.399999999999996, 0]",95
68,"[0, 3]",166.4000000000036,"[66, 65]","[0, 0]","[0, 0]",95
69,"[2, 1]",66.04999999999839,"[67, 67]","[8.14999999999998, 0]","[0, 0]",95
70,"[0, 3]",168.00000000000395,"[68, 68]","[0, 0]","[0, 0]",95
71,"[0, 1]",138.7499999999973,"[70, 66]","[0, 0]","[0, 0]",95
72,"[0, 3]",165.1000000000033,"[71, 70]","[0, 0]","[0, 0]",95
73,"[0, 1]",136.34999999999675,"[72, 71]","[0, 0]","[0, 0]",95
74,"[0, 1]",136.74999999999685,"[73, 73]","[0, 0]","[0, 0]",95
75,"[0, 1]",136.9499999999969,"[74, 74]","[0, 0]","[0, 0]",95
76,"[0, 1]",136.0999999999967,"[75, 75]","[0, 0]","[0, 0]",95
77,"[0, 3]",165.75000000000344,"[76, 72]","[0, 0]","[0, 0]",95
78,"[2, 1]",69.4999999999982,"[69, 25]","[14.700000000000074, 0]","[0, 0]",95
79,"[2, 3]",102.19999999999634,"[78, 26]","[12.600000000000044, 0]","[0, 0]",95
0,"[2, 3]",67.7499999999983,"[-999, -999]","[0, 0]","[0, 0]",96
1,"[2, 3]",70.84999999999812,"[0, 0]","[0, 0]","[0, 0]",96
2,"[2, 3]",72.69999999999801,"[1, 1]","[0, 0]","[0, 0]",96
3,"[2, 3]",74.29999999999792,"[2, 2]","[0, 0]","[0, 0]",96
4,"[0, 3]",97.4999999999966,"[-999, 7]","[0, 0]","[0, 0]",96
5,"[2, 1]",40.14999999999986,"[3, -999]","[0, 0]","[0, 0]",96
6,"[2, 3]",72.19999999999804,"[5, 3]","[0, 0]","[0, 0]",96
7,"[2, 3]",73.64999999999796,"[6, 6]","[0, 0]","[0, 0]",96
8,"[2, 1]",43.09999999999969,"[7, 5]","[0, 0]","[0, 0]",96
9,"[2, 1]",44.549999999999606,"[8, 8]","[0, 0]","[0, 0]",96
10,"[0, 3]",102.19999999999634,"[4, 12]","[0, 0]","[0, 0]",96
11,"[0, 3]",103.94999999999624,"[10, 10]","[0, 0]","[0, 0]",96
12,"[2, 3]",75.49999999999785,"[9, 4]","[0, 0]","[0, 0]",96
13,"[2, 1]",45.649999999999544,"[12, 9]","[0, 0]","[0, 0]",96
14,"[0, 1]",73.74999999999795,"[11, 39]","[0, 0]","[0, 0]",96
15,"[0, 1]",74.5999999999979,"[14, 14]","[0, 0]","[0, 0]",96
16,"[0, 1]",81.54999999999751,"[15, 58]","[3.4999999999999956, 0]","[3.4999999999999956, 0]",96
17,"[0, 1]",81.04999999999754,"[16, 16]","[0, 0]","[0, 0]",96
18,"[0, 1]",81.6499999999975,"[17, 17]","[0, 0]","[0, 0]",96
19,"[0, 3]",109.59999999999592,"[18, 64]","[0, 0]","[0, 0]",96
20,"[0, 3]",117.44999999999547,"[19, 79]","[2.9999999999999973, 0]","[2.9999999999999973, 0]",96
21,"[0, 1]",86.9999999999972,"[20, 18]","[0, 0]","[0, 0]",96
22,"[0, 1]",88.14999999999714,"[21, 21]","[0, 0]","[0, 0]",96
23,"[0, 1]",89.24999999999707,"[22, 22]","[0, 0]","[0, 0]",96
24,"[0, 3]",120.3999999999953,"[23, 20]","[0, 0]","[0, 0]",96
25,"[0, 1]",93.04999999999686,"[24, 23]","[0, 0]","[0, 0]",96
26,"[0, 3]",124.34999999999508,"[25, 24]","[0, 0]","[0, 0]",96
27,"[0, 1]",96.89999999999664,"[26, 25]","[0, 0]","[0, 0]",96
28,"[0, 3]",128.2499999999949,"[27, 26]","[0, 0]","[0, 0]",96
29,"[0, 1]",100.79999999999642,"[28, 27]","[0, 0]","[0, 0]",96
30,"[0, 1]",101.94999999999635,"[29, 29]","[0, 0]","[0, 0]",96
31,"[0, 1]",103.09999999999629,"[30, 30]","[0, 0]","[0, 0]",96
32,"[0, 3]",134.09999999999624,"[31, 28]","[0, 0]","[0, 0]",96
33,"[0, 1]",106.84999999999607,"[32, 31]","[0, 0]","[0, 0]",96
34,"[0, 1]",107.94999999999601,"[33, 33]","[0, 0]","[0, 0]",96
35,"[0, 1]",109.09999999999594,"[34, 34]","[0, 0]","[0, 0]",96
36,"[0, 3]",140.0999999999976,"[35, 32]","[0, 0]","[0, 0]",96
37,"[0, 1]",112.79999999999573,"[36, 35]","[0, 0]","[0, 0]",96
38,"[0, 1]",113.94999999999567,"[37, 37]","[0, 0]","[0, 0]",96
39,"[2, 1]",45.89999999999953,"[13, 13]","[0, 0]","[0, 0]",96
40,"[0, 3]",145.09999999999874,"[38, 36]","[0, 0]","[0, 0]",96
41,"[0, 1]",117.79999999999545,"[40, 38]","[0, 0]","[0, 0]",96
42,"[0, 3]",149.14999999999966,"[41, 40]","[0, 0]","[0, 0]",96
43,"[0, 3]",151.40000000000018,"[42, 42]","[0, 0]","[0, 0]",96
44,"[0, 3]",152.95000000000053,"[43, 43]","[0, 0]","[0, 0]",96
45,"[0, 1]",123.9499999999951,"[44, -999]","[0, 0]","[0, 0]",96
46,"[0, 3]",155.30000000000106,"[45, 44]","[0, 0]","[0, 0]",96
47,"[0, 3]",157.55000000000157,"[46, 46]","[0, 0]","[0, 0]",96
48,"[0, 1]",128.99999999999508,"[47, 45]","[0, 0]","[0, 0]",96
49,"[0, 1]",130.09999999999533,"[48, 48]","[0, 0]","[0, 0]",96
50,"[0, 1]",131.14999999999557,"[49, 49]","[0, 0]","[0, 0]",96
51,"[0, 1]",132.1999999999958,"[50, 50]","[0, 0]","[0, 0]",96
52,"[0, 1]",133.19999999999604,"[51, 51]","[0, 0]","[0, 0]",96
53,"[0, 1]",134.14999999999625,"[52, 52]","[0, 0]","[0, 0]",96
54,"[0, 1]",134.99999999999645,"[53, 53]","[0, 0]","[0, 0]",96
55,"[0, 1]",135.59999999999658,"[54, 54]","[0, 0]","[0, 0]",96
56,"[0, 1]",134.49999999999633,"[55, 55]","[0, 0]","[0, 0]",96
57,"[0, 1]",132.74999999999594,"[56, 56]","[0, 0]","[0, 0]",96
58,"[2, 1]",39.84999999999987,"[39, 15]","[0, 0]","[0, 0]",96
59,"[0, 3]",163.05000000000283,"[57, -999]","[0, 0]","[0, 0]",96
60,"[0, 1]",135.2499999999965,"[59, 57]","[0, 0]","[0, 0]",96
61,"[0, 3]",164.80000000000322,"[60, 59]","[0, 0]","[0, 0]",96
62,"[0, 3]",165.1000000000033,"[61, 61]","[0, 0]","[0, 0]",96
63,"[0, 3]",165.80000000000345,"[62, 62]","[0, 0]","[0, 0]",96
64,"[2, 3]",68.19999999999827,"[58, 11]","[0, 0]","[0, 0]",96
65,"[0, 3]",166.0500000000035,"[63, 63]","[0, 0]","[0, 0]",96
66,"[0, 1]",134.3999999999963,"[65, -999]","[0, 0]","[0, 0]",96
67,"[0, 3]",163.15000000000285,"[66, 65]","[0, 0]","[0, 0]",96
68,"[0, 1]",134.2999999999963,"[67, 66]","[0, 0]","[0, 0]",96
69,"[0, 1]",134.69999999999638,"[68, 68]","[0, 0]","[0, 0]",96
70,"[0, 1]",130.99999999999554,"[69, 69]","[0, 0]","[0, 0]",96
71,"[0, 1]",130.3999999999954,"[70, 70]","[0, 0]","[0, 0]",96
72,"[0, 3]",161.00000000000236,"[71, 67]","[0, 0]","[0, 0]",96
73,"[0, 3]",163.0000000000028,"[72, 72]","[0, 0]","[0, 0]",96
74,"[0, 1]",133.14999999999603,"[73, 71]","[0, 0]","[0, 0]",96
75,"[0, 1]",131.44999999999564,"[74, 74]","[0, 0]","[0, 0]",96
76,"[0, 1]",131.34999999999562,"[75, 75]","[0, 0]","[0, 0]",96
77,"[0, 3]",161.70000000000252,"[76, 73]","[0, 0]","[0, 0]",96
78,"[0, 1]",133.99999999999622,"[77, 76]","[0, 0]","[0, 0]",96
79,"[2, 3]",71.2999999999981,"[64, 19]","[0, 0]","[0, 0]",96
0,"[2, 1]",36.40000000000007,"[-999, -999]","[0, 0]","[0, 0]",97
1,"[0, 3]",96.94999999999663,"[-999, 5]","[0, 0]","[0, 0]",97
2,"[2, 1]",38.09999999999997,"[0, 0]","[0, 0]","[0, 0]",97
3,"[2, 3]",68.64999999999824,"[2, -999]","[0, 0]","[0, 0]",97
4,"[2, 3]",71.39999999999809,"[3, 3]","[0, 0]","[0, 0]",97
5,"[2, 3]",73.24999999999798,"[4, 4]","[0, 0]","[0, 0]",97
6,"[2, 1]",43.24999999999968,"[5, -999]","[0, 0]","[0, 0]",97
7,"[2, 1]",44.84999999999959,"[6, 6]","[0, 0]","[0, 0]",97
8,"[2, 1]",46.24999999999951,"[7, 7]","[0, 0]","[0, 0]",97
9,"[2, 1]",47.199999999999456,"[8, 8]","[0, 0]","[0, 0]",97
10,"[0, 3]",97.4499999999966,"[1, 1]","[0, 0]","[0, 0]",97
11,"[0, 1]",70.54999999999814,"[10, 24]","[0, 0]","[0, 0]",97
12,"[0, 3]",102.19999999999634,"[11, 10]","[0, 0]","[0, 0]",97
13,"[0, 1]",77.84999999999772,"[12, 49]","[1.7000000000000008, 0]","[1.7000000000000008, 0]",97
14,"[0, 1]",83.4999999999974,"[13, 56]","[2.549999999999999, 0]","[2.549999999999999, 0]",97
15,"[0, 1]",83.79999999999738,"[14, 14]","[0, 0]","[0, 0]",97
16,"[0, 3]",114.49999999999564,"[15, 12]","[0, 0]","[0, 0]",97
17,"[0, 3]",116.8999999999955,"[16, 16]","[0, 0]","[0, 0]",97
18,"[0, 3]",118.49999999999541,"[17, 17]","[0, 0]","[0, 0]",97
19,"[0, 1]",89.49999999999706,"[18, 66]","[0, 0]","[0, 0]",97
20,"[0, 3]",121.54999999999524,"[19, 67]","[0, 0]","[0, 0]",97
21,"[0, 1]",92.99999999999686,"[20, 72]","[0, 0]","[0, 0]",97
22,"[0, 1]",93.74999999999682,"[21, 21]","[0, 0]","[0, 0]",97
23,"[0, 3]",124.74999999999505,"[22, 20]","[0, 0]","[0, 0]",97
24,"[2, 1]",48.29999999999939,"[9, 9]","[0, 0]","[0, 0]",97
25,"[0, 1]",96.69999999999665,"[23, 79]","[0, 0]","[0, 0]",97
26,"[0, 3]",127.84999999999488,"[25, 23]","[0, 0]","[0, 0]",97
27,"[0, 1]",100.34999999999644,"[26, 25]","[0, 0]","[0, 0]",97
28,"[0, 1]",101.44999999999638,"[27, 27]","[0, 0]","[0, 0]",97
29,"[0, 3]",132.6499999999959,"[28, 26]","[0, 0]","[0, 0]",97
30,"[0, 1]",105.34999999999616,"[29, 28]","[0, 0]","[0, 0]",97
31,"[0, 1]",106.4499999999961,"[30, 30]","[0, 0]","[0, 0]",97
32,"[0, 1]",107.54999999999603,"[31, 31]","[0, 0]","[0, 0]",97
33,"[0, 1]",108.64999999999597,"[32, 32]","[0, 0]","[0, 0]",97
34,"[0, 1]",109.64999999999591,"[33, 33]","[0, 0]","[0, 0]",97
35,"[0, 3]",140.59999999999772,"[34, 29]","[0, 0]","[0, 0]",97
36,"[0, 3]",142.94999999999825,"[35, 35]","[0, 0]","[0, 0]",97
37,"[0, 3]",144.59999999999863,"[36, 36]","[0, 0]","[0, 0]",97
38,"[0, 1]",115.64999999999557,"[37, -999]","[0, 0]","[0, 0]",97
39,"[0, 1]",116.74999999999551,"[38, 38]","[0, 0]","[0, 0]",97
40,"[2, 1]",49.54999999999932,"[24, 11]","[3.349999999999996, 0]","[3.349999999999996, 0]",97
41,"[0, 1]",117.84999999999545,"[39, 39]","[0.7500000000000001, 0]","[0, 0]",97
42,"[0, 1]",118.89999999999539,"[41, 41]","[0.5499999999999999, 0]","[0, 0]",97
43,"[0, 3]",149.89999999999984,"[42, 37]","[0, 0]","[0, 0]",97
44,"[0, 1]",122.69999999999517,"[43, 42]","[0, 0]","[0, 0]",97
45,"[0, 1]",123.8499999999951,"[44, 44]","[0.7000000000000001, 0]","[0, 0]",97
46,"[0, 3]",154.95000000000098,"[45, 43]","[1.0000000000000002, 0]","[0, 0]",97
47,"[0, 1]",127.69999999999489,"[46, 45]","[1.2500000000000004, 0]","[0, 0]",97
48,"[0, 1]",128.79999999999504,"[47, 47]","[1.3500000000000005, 0]","[0, 0]",97
49,"[2, 1]",43.64999999999966,"[40, 40]","[0, 0]","[0, 0]",97
50,"[0, 3]",159.9000000000021,"[48, 46]","[1.5500000000000007, 0]","[0, 0]",97
51,"[0, 3]",161.80000000000254,"[50, 50]","[1.7000000000000008, 0]","[0, 0]",97
52,"[0, 1]",132.84999999999596,"[51, 48]","[1.800000000000001, 0]","[0, 0]",97
53,"[0, 1]",133.54999999999612,"[52, 52]","[1.5000000000000007, 0]","[0, 0]",97
54,"[0, 1]",134.3499999999963,"[53, 53]","[0.65, 0]","[0, 0]",97
55,"[0, 1]",129.64999999999523,"[54, 54]","[0.8000000000000002, 0]","[0, 0]",97
56,"[2, 1]",47.59999999999943,"[49, 13]","[1.2000000000000004, 0]","[1.2000000000000004, 0]",97
57,"[0, 3]",160.00000000000213,"[55, 51]","[1.2500000000000004, 0]","[0, 0]",97
58,"[0, 1]",132.49999999999588,"[57, 55]","[1.5000000000000007, 0]","[0, 0]",97
59,"[0, 1]",133.34999999999607,"[58, 58]","[1.800000000000001, 0]","[0, 0]",97
60,"[0, 3]",163.65000000000296,"[59, 57]","[2.000000000000001, 0]","[0, 0]",97
61,"[0, 3]",164.90000000000325,"[60, 60]","[2.1500000000000004, 0]","[0, 0]",97
62,"[0, 3]",165.95000000000348,"[61, 61]","[1.6000000000000008, 0]","[0, 0]",97
63,"[0, 1]",131.94999999999575,"[62, -999]","[0, 0]","[0, 0]",97
64,"[0, 1]",130.99999999999554,"[63, 63]","[0, 0]","[0, 0]",97
65,"[0, 3]",161.95000000000258,"[64, 62]","[0, 0]","[0, 0]",97
66,"[2, 1]",50.99999999999924,"[56, 15]","[6.499999999999985, 0]","[6.499999999999985, 0]",97
67,"[2, 3]",94.19999999999679,"[66, 18]","[9.800000000000004, 0]","[6.649999999999984, 0]",97
68,"[0, 1]",134.3999999999963,"[65, 64]","[0, 0]","[0, 0]",97
69,"[0, 1]",134.7499999999964,"[68, 68]","[0, 0]","[0, 0]",97
70,"[0, 1]",134.14999999999625,"[69, 69]","[0, 0]","[0, 0]",97
71,"[0, 1]",134.64999999999637,"[70, 70]","[0, 0]","[0, 0]",97
72,"[2, 1]",65.09999999999845,"[67, 19]","[16.850000000000104, 0]","[0.05, 0]",97
73,"[0, 1]",135.2499999999965,"[71, 71]","[0, 0]","[0, 0]",97
74,"[0, 1]",133.24999999999605,"[73, 73]","[0, 0]","[0, 0]",97
75,"[0, 1]",132.999999999996,"[74, 74]","[0, 0]","[0, 0]",97
76,"[0, 1]",133.14999999999603,"[75, 75]","[0, 0]","[0, 0]",97
77,"[0, 1]",132.24999999999582,"[76, 76]","[0, 0]","[0, 0]",97
78,"[0, 3]",162.15000000000262,"[77, -999]","[0, 0]","[0, 0]",97
79,"[2, 1]",75.44999999999786,"[72, 22]","[14.800000000000075, 0]","[3.2999999999999963, 0]",97
