Vehicle_label,Road_order,Total_time,Leading_vehicles,Stopped_time,Stop_while_front,Round_number
0,"[0, 3]",97.89999999999658,"[-999, 13]","[0, 0]","[0, 0]",1
1,"[0, 3]",105.24999999999616,"[0, 18]","[0, 0]","[0, 0]",1
2,"[0, 1]",83.4999999999974,"[1, 21]","[5.449999999999989, 0]","[5.449999999999989, 0]",1
3,"[0, 1]",87.24999999999719,"[2, 23]","[2.4499999999999993, 0]","[2.4499999999999993, 0]",1
4,"[0, 3]",117.14999999999549,"[3, 1]","[0, 0]","[0, 0]",1
5,"[0, 1]",89.14999999999708,"[4, 29]","[0, 0]","[0, 0]",1
6,"[0, 1]",90.19999999999702,"[5, 5]","[0, 0]","[0, 0]",1
7,"[2, 3]",67.7499999999983,"[-999, -999]","[0, 0]","[0, 0]",1
8,"[2, 3]",70.84999999999812,"[7, 7]","[0, 0]","[0, 0]",1
9,"[0, 3]",121.29999999999525,"[6, 31]","[0, 0]","[0, 0]",1
10,"[0, 3]",123.44999999999513,"[9, 9]","[0, 0]","[0, 0]",1
11,"[2, 3]",72.74999999999801,"[8, 8]","[0, 0]","[0, 0]",1
12,"[0, 3]",124.94999999999504,"[10, 10]","[0, 0]","[0, 0]",1
13,"[2, 3]",74.24999999999793,"[11, 11]","[0, 0]","[0, 0]",1
14,"[2, 1]",40.14999999999986,"[13, -999]","[0, 0]","[0, 0]",1
15,"[0, 3]",126.24999999999497,"[12, 12]","[0, 0]","[0, 0]",1
16,"[0, 1]",97.04999999999663,"[15, -999]","[0, 0]","[0, 0]",1
17,"[2, 1]",42.49999999999972,"[14, 14]","[0, 0]","[0, 0]",1
18,"[2, 3]",75.14999999999787,"[17, 0]","[0, 0]","[0, 0]",1
19,"[2, 1]",44.6999999999996,"[18, 17]","[0, 0]","[0, 0]",1
20,"[2, 1]",45.49999999999955,"[19, 19]","[0, 0]","[0, 0]",1
21,"[2, 1]",46.19999999999951,"[20, 20]","[0, 0]","[0, 0]",1
22,"[0, 1]",98.19999999999656,"[16, 16]","[0, 0]","[0, 0]",1
23,"[2, 1]",52.299999999999166,"[21, 2]","[1.1500000000000004, 0]","[1.1500000000000004, 0]",1
24,"[0, 1]",99.2499999999965,"[22, 22]","[0, 0]","[0, 0]",1
25,"[0, 1]",100.29999999999644,"[24, 24]","[0, 0]","[0, 0]",1
26,"[0, 1]",101.29999999999639,"[25, 25]","[0, 0]","[0, 0]",1
27,"[0, 3]",132.24999999999582,"[26, 41]","[0, 0]","[0, 0]",1
28,"[0, 3]",134.2999999999963,"[27, 27]","[0, 0]","[0, 0]",1
29,"[2, 1]",57.64999999999886,"[23, 3]","[6.649999999999984, 0]","[6.649999999999984, 0]",1
30,"[0, 3]",135.84999999999664,"[28, 28]","[0, 0]","[0, 0]",1
31,"[2, 3]",89.34999999999707,"[29, 4]","[8.949999999999992, 0]","[0.05, 0]",1
32,"[2, 1]",65.29999999999843,"[31, 6]","[13.400000000000055, 0]","[0.1, 0]",1
33,"[0, 1]",106.19999999999611,"[30, 50]","[0, 0]","[0, 0]",1
34,"[0, 3]",139.04999999999737,"[33, 51]","[0, 0]","[0, 0]",1
35,"[0, 3]",140.24999999999764,"[34, 34]","[0, 0]","[0, 0]",1
36,"[0, 3]",141.3999999999979,"[35, 35]","[0, 0]","[0, 0]",1
37,"[2, 3]",113.69999999999568,"[32, 15]","[27.80000000000026, 0]","[9.5, 0]",1
38,"[2, 3]",115.34999999999559,"[37, 37]","[15.950000000000092, 0]","[0, 0]",1
39,"[0, 3]",142.59999999999818,"[36, 36]","[0, 0]","[0, 0]",1
40,"[2, 3]",116.9999999999955,"[38, 38]","[14.350000000000069, 0]","[0, 0]",1
41,"[2, 3]",119.04999999999538,"[40, 40]","[13.450000000000056, 0]","[0, 0]",1
42,"[0, 1]",112.14999999999577,"[39, 59]","[0, 0]","[0, 0]",1
43,"[2, 1]",94.54999999999677,"[41, 26]","[12.750000000000046, 0]","[0, 0]",1
44,"[2, 1]",94.49999999999677,"[43, 43]","[11.65000000000003, 0]","[0, 0]",1
45,"[0, 3]",144.59999999999863,"[42, 60]","[0, 0]","[0, 0]",1
46,"[0, 3]",145.69999999999888,"[45, 45]","[0, 0]","[0, 0]",1
47,"[0, 3]",151.70000000000024,"[46, 62]","[2.3999999999999995, 0]","[2.3999999999999995, 0]",1
48,"[0, 1]",122.99999999999515,"[47, 64]","[0, 0]","[0, 0]",1
49,"[0, 3]",154.80000000000095,"[48, 65]","[0, 0]","[0, 0]",1
50,"[2, 1]",96.24999999999667,"[44, 44]","[10.300000000000011, 0]","[0, 0]",1
51,"[2, 3]",130.3499999999954,"[50, 30]","[10.000000000000007, 0]","[0, 0]",1
52,"[2, 1]",100.94999999999641,"[51, 33]","[10.25000000000001, 0]","[0, 0]",1
53,"[0, 1]",126.29999999999497,"[49, 67]","[0, 0]","[0, 0]",1
54,"[0, 1]",126.89999999999493,"[53, 53]","[0, 0]","[0, 0]",1
55,"[2, 1]",103.19999999999628,"[52, 52]","[10.85000000000002, 0]","[0, 0]",1
56,"[0, 1]",127.89999999999488,"[54, 54]","[0, 0]","[0, 0]",1
57,"[0, 1]",133.24999999999605,"[56, 72]","[2.4499999999999993, 0]","[2.4499999999999993, 0]",1
58,"[0, 1]",133.79999999999617,"[57, 57]","[0, 0]","[0, 0]",1
59,"[2, 1]",105.39999999999615,"[55, 55]","[10.800000000000018, 0]","[0, 0]",1
60,"[2, 3]",141.99999999999804,"[59, 39]","[14.850000000000076, 0]","[0, 0]",1
61,"[2, 1]",111.6999999999958,"[60, 42]","[14.050000000000065, 0]","[0, 0]",1
62,"[2, 3]",150.04999999999987,"[61, 46]","[14.050000000000065, 0]","[0, 0]",1
63,"[0, 3]",167.3000000000038,"[58, 76]","[0, 0]","[0, 0]",1
64,"[2, 1]",118.79999999999539,"[62, 61]","[14.800000000000075, 0]","[0, 0]",1
65,"[2, 3]",153.3000000000006,"[64, 47]","[15.700000000000088, 0]","[0, 0]",1
66,"[0, 3]",168.35000000000403,"[63, 63]","[0, 0]","[0, 0]",1
67,"[2, 1]",124.0499999999951,"[65, 48]","[16.4500000000001, 0]","[0, 0]",1
68,"[0, 1]",136.9499999999969,"[66, 78]","[0, 0]","[0, 0]",1
69,"[0, 1]",137.0499999999969,"[68, 68]","[0.6, 0]","[0, 0]",1
70,"[2, 3]",157.85000000000164,"[67, 49]","[17.85000000000012, 0]","[0, 0]",1
71,"[2, 3]",160.2500000000022,"[70, 70]","[17.750000000000117, 0]","[0, 0]",1
72,"[2, 1]",134.59999999999636,"[71, 56]","[19.35000000000014, 0]","[0, 0]",1
73,"[0, 1]",137.94999999999712,"[69, 69]","[1.0500000000000003, 0]","[0, 0]",1
74,"[2, 3]",164.80000000000322,"[72, 71]","[19.95000000000015, 0]","[0, 0]",1
75,"[0, 1]",138.7999999999973,"[73, 73]","[0.7500000000000001, 0]","[0, 0]",1
76,"[2, 3]",168.00000000000395,"[74, 74]","[20.900000000000162, 0]","[0, 0]",1
77,"[0, 3]",169.70000000000434,"[75, 79]","[0, 0]","[0, 0]",1
78,"[2, 1]",139.09999999999738,"[76, 58]","[21.100000000000165, 0]","[0, 0]",1
79,"[2, 3]",177.25000000000605,"[78, 66]","[21.150000000000166, 0]","[0, 0]",1
0,"[2, 1]",36.40000000000007,"[-999, -999]","[0, 0]","[0, 0]",2
1,"[2, 1]",38.09999999999997,"[0, 0]","[0, 0]","[0, 0]",2
2,"[0, 3]",99.04999999999652,"[-999, 15]","[0, 0]","[0, 0]",2
3,"[2, 3]",68.64999999999824,"[1, -999]","[0, 0]","[0, 0]",2
4,"[0, 1]",70.24999999999815,"[2, 16]","[0, 0]","[0, 0]",2
5,"[0, 3]",107.04999999999606,"[4, 20]","[1.950000000000001, 0]","[1.950000000000001, 0]",2
6,"[0, 3]",112.74999999999574,"[5, 24]","[2.4499999999999993, 0]","[2.4499999999999993, 0]",2
7,"[0, 3]",113.4999999999957,"[6, 6]","[0, 0]","[0, 0]",2
8,"[0, 1]",83.24999999999741,"[7, 25]","[0, 0]","[0, 0]",2
9,"[2, 1]",39.04999999999992,"[3, 1]","[0, 0]","[0, 0]",2
10,"[0, 1]",84.34999999999735,"[8, 8]","[0, 0]","[0, 0]",2
11,"[2, 1]",41.049999999999805,"[9, 9]","[0, 0]","[0, 0]",2
12,"[2, 3]",69.74999999999818,"[11, 3]","[0, 0]","[0, 0]",2
13,"[2, 1]",40.699999999999825,"[12, 11]","[0, 0]","[0, 0]",2
14,"[0, 1]",91.39999999999695,"[10, 27]","[2.5999999999999988, 0]","[2.5999999999999988, 0]",2
15,"[2, 3]",70.44999999999814,"[13, 12]","[0, 0]","[0, 0]",2
16,"[2, 1]",41.1499999999998,"[15, 13]","[0, 0]","[0, 0]",2
17,"[2, 3]",74.5999999999979,"[16, 2]","[0, 0]","[0, 0]",2
18,"[0, 1]",90.84999999999698,"[14, 14]","[0, 0]","[0, 0]",2
19,"[0, 1]",91.49999999999694,"[18, 18]","[0, 0]","[0, 0]",2
20,"[2, 3]",75.99999999999783,"[17, 17]","[0, 0]","[0, 0]",2
21,"[0, 1]",98.54999999999654,"[19, 31]","[2.8999999999999977, 0]","[2.8999999999999977, 0]",2
22,"[2, 1]",45.74999999999954,"[20, 4]","[0, 0]","[0, 0]",2
23,"[0, 1]",97.94999999999658,"[21, 21]","[0, 0]","[0, 0]",2
24,"[2, 3]",78.64999999999768,"[22, 5]","[0, 0]","[0, 0]",2
25,"[2, 1]",48.04999999999941,"[24, 22]","[0, 0]","[0, 0]",2
26,"[2, 3]",85.89999999999726,"[25, 7]","[3.4499999999999957, 0]","[3.4499999999999957, 0]",2
27,"[2, 1]",61.89999999999862,"[26, 10]","[0, 0]","[0, 0]",2
28,"[0, 1]",98.54999999999654,"[23, 23]","[0, 0]","[0, 0]",2
29,"[2, 3]",92.2499999999969,"[27, 26]","[0, 0]","[0, 0]",2
30,"[2, 3]",95.34999999999673,"[29, 29]","[15.250000000000082, 0]","[0, 0]",2
31,"[2, 1]",69.09999999999822,"[30, 19]","[15.700000000000088, 0]","[0, 0]",2
32,"[0, 1]",99.54999999999649,"[28, 28]","[0, 0]","[0, 0]",2
33,"[2, 3]",100.49999999999643,"[31, 30]","[13.350000000000055, 0]","[0, 0]",2
34,"[2, 3]",103.64999999999625,"[33, 33]","[11.65000000000003, 0]","[0, 0]",2
35,"[2, 3]",106.2499999999961,"[34, 34]","[10.100000000000009, 0]","[0, 0]",2
36,"[2, 1]",90.449999999997,"[35, 44]","[14.950000000000077, 0]","[6.349999999999985, 0]",2
37,"[2, 1]",95.29999999999673,"[36, 47]","[7.149999999999983, 0]","[0, 0]",2
38,"[2, 1]",100.94999999999641,"[37, 49]","[5.949999999999987, 0]","[0, 0]",2
39,"[2, 3]",131.94999999999575,"[38, 35]","[5.349999999999989, 0]","[0, 0]",2
40,"[2, 1]",106.54999999999609,"[39, 51]","[4.149999999999993, 0]","[0, 0]",2
41,"[0, 1]",100.54999999999643,"[32, 32]","[0, 0]","[0, 0]",2
42,"[2, 1]",114.54999999999563,"[40, 55]","[5.999999999999987, 0]","[3.1999999999999966, 0]",2
43,"[2, 3]",157.40000000000154,"[42, 58]","[7.94999999999998, 0]","[6.499999999999985, 0]",2
44,"[0, 1]",101.49999999999638,"[41, 41]","[0, 0]","[0, 0]",2
45,"[2, 3]",164.00000000000304,"[43, 61]","[1.4500000000000006, 0]","[0, 0]",2
46,"[2, 1]",145.94999999999894,"[45, 67]","[8.199999999999982, 0]","[6.5999999999999845, 0]",2
47,"[0, 1]",107.44999999999604,"[44, 36]","[2.4499999999999993, 0]","[2.4499999999999993, 0]",2
48,"[2, 3]",178.05000000000624,"[46, 68]","[1.800000000000001, 0]","[0, 0]",2
49,"[0, 1]",112.84999999999573,"[47, 37]","[2.6499999999999986, 0]","[2.6499999999999986, 0]",2
50,"[0, 1]",118.84999999999539,"[49, 38]","[2.6999999999999984, 0]","[2.6999999999999984, 0]",2
51,"[0, 1]",118.24999999999542,"[50, 50]","[0, 0]","[0, 0]",2
52,"[2, 3]",196.20000000001036,"[48, 73]","[11.800000000000033, 0]","[9.45, 0]",2
53,"[2, 1]",164.60000000000318,"[52, -999]","[2.2, 0]","[0, 0]",2
54,"[0, 3]",148.34999999999948,"[51, 39]","[0, 0]","[0, 0]",2
55,"[0, 1]",119.94999999999533,"[54, 40]","[1.1500000000000004, 0]","[0, 0]",2
56,"[0, 3]",151.00000000000009,"[55, 54]","[1.800000000000001, 0]","[0, 0]",2
57,"[0, 3]",153.20000000000059,"[56, 56]","[1.900000000000001, 0]","[0, 0]",2
58,"[0, 3]",154.75000000000094,"[57, 57]","[2.0500000000000007, 0]","[0, 0]",2
59,"[0, 1]",125.749999999995,"[58, 42]","[2.1500000000000004, 0]","[0, 0]",2
60,"[2, 1]",167.20000000000377,"[53, 53]","[2.499999999999999, 0]","[0, 0]",2
61,"[0, 3]",157.55000000000157,"[59, 43]","[2.2, 0]","[0, 0]",2
62,"[0, 1]",127.94999999999487,"[61, 59]","[3.049999999999997, 0]","[0, 0]",2
63,"[0, 1]",128.99999999999508,"[62, 62]","[3.7499999999999947, 0]","[0, 0]",2
64,"[2, 3]",200.85000000001142,"[60, 78]","[8.649999999999988, 0]","[0, 0]",2
65,"[2, 1]",171.7500000000048,"[64, 79]","[14.750000000000075, 0]","[0, 0]",2
66,"[2, 1]",174.10000000000534,"[65, 65]","[19.650000000000144, 0]","[0, 0]",2
67,"[0, 1]",130.04999999999532,"[63, 63]","[4.099999999999993, 0]","[0, 0]",2
68,"[0, 3]",161.1500000000024,"[67, 45]","[3.8499999999999943, 0]","[0, 0]",2
69,"[2, 1]",176.35000000000585,"[66, 66]","[30.850000000000303, 0]","[0, 0]",2
70,"[0, 1]",133.049999999996,"[68, 46]","[3.399999999999996, 0]","[0, 0]",2
71,"[0, 3]",165.65000000000342,"[70, 48]","[2.499999999999999, 0]","[0, 0]",2
72,"[0, 3]",167.05000000000373,"[71, 71]","[2.499999999999999, 0]","[0, 0]",2
73,"[0, 3]",168.250000000004,"[72, 72]","[2.499999999999999, 0]","[0, 0]",2
74,"[0, 3]",174.70000000000547,"[73, 52]","[4.899999999999991, 0]","[2.3999999999999995, 0]",2
75,"[2, 3]",208.90000000001325,"[69, 64]","[38.64999999999994, 0]","[0, 0]",2
76,"[2, 1]",181.400000000007,"[75, 69]","[46.3999999999995, 0]","[0, 0]",2
77,"[2, 1]",184.30000000000766,"[76, 76]","[56.9499999999989, 0]","[0, 0]",2
78,"[0, 3]",175.45000000000564,"[74, 74]","[2.499999999999999, 0]","[0, 0]",2
79,"[0, 1]",146.34999999999903,"[78, 60]","[2.499999999999999, 0]","[0, 0]",2
0,"[2, 3]",67.7499999999983,"[-999, -999]","[0, 0]","[0, 0]",3
1,"[0, 1]",67.49999999999831,"[-999, 7]","[0, 0]","[0, 0]",3
2,"[2, 3]",70.84999999999812,"[0, 0]","[0, 0]","[0, 0]",3
3,"[0, 3]",106.99999999999606,"[1, 16]","[2.499999999999999, 0]","[2.499999999999999, 0]",3
4,"[2, 1]",37.550000000000004,"[2, -999]","[0, 0]","[0, 0]",3
5,"[2, 1]",39.49999999999989,"[4, 4]","[0, 0]","[0, 0]",3
6,"[2, 1]",41.44999999999978,"[5, 5]","[0, 0]","[0, 0]",3
7,"[2, 1]",43.29999999999968,"[6, 6]","[0, 0]","[0, 0]",3
8,"[0, 3]",107.79999999999602,"[3, 3]","[0, 0]","[0, 0]",3
9,"[0, 1]",77.54999999999774,"[8, -999]","[0, 0]","[0, 0]",3
10,"[2, 3]",73.64999999999796,"[7, 2]","[0, 0]","[0, 0]",3
11,"[0, 3]",114.79999999999562,"[9, 21]","[2.9999999999999973, 0]","[2.9999999999999973, 0]",3
12,"[0, 1]",84.64999999999733,"[11, 9]","[0, 0]","[0, 0]",3
13,"[0, 3]",117.44999999999547,"[12, 22]","[0, 0]","[0, 0]",3
14,"[2, 3]",76.24999999999781,"[10, 10]","[0, 0]","[0, 0]",3
15,"[0, 1]",88.09999999999714,"[13, 12]","[0, 0]","[0, 0]",3
16,"[2, 3]",77.89999999999772,"[14, 14]","[0, 0]","[0, 0]",3
17,"[0, 1]",89.14999999999708,"[15, 15]","[0, 0]","[0, 0]",3
18,"[0, 3]",120.3999999999953,"[17, 23]","[0.8000000000000002, 0]","[0, 0]",3
19,"[2, 3]",89.14999999999708,"[16, 8]","[5.999999999999987, 0]","[5.999999999999987, 0]",3
20,"[0, 3]",122.49999999999518,"[18, 18]","[0.7000000000000001, 0]","[0, 0]",3
21,"[2, 3]",90.499999999997,"[19, 19]","[9.900000000000006, 0]","[2.6499999999999986, 0]",3
22,"[2, 3]",97.24999999999662,"[21, 11]","[14.300000000000068, 0]","[2.799999999999998, 0]",3
23,"[2, 3]",104.44999999999621,"[22, 13]","[17.600000000000115, 0]","[3.4499999999999957, 0]",3
24,"[2, 1]",80.79999999999755,"[23, 17]","[26.150000000000237, 0]","[0, 0]",3
25,"[0, 3]",124.0499999999951,"[20, 20]","[0, 0]","[0, 0]",3
26,"[2, 1]",80.64999999999756,"[24, 24]","[23.800000000000203, 0]","[0, 0]",3
27,"[0, 1]",94.0999999999968,"[25, 28]","[0, 0]","[0, 0]",3
28,"[2, 1]",82.44999999999746,"[26, 26]","[22.10000000000018, 0]","[0, 0]",3
29,"[0, 1]",95.29999999999673,"[27, 27]","[0, 0]","[0, 0]",3
30,"[2, 1]",101.74999999999636,"[28, 31]","[30.250000000000295, 0]","[9.700000000000003, 0]",3
31,"[0, 1]",96.34999999999667,"[29, 29]","[0, 0]","[0, 0]",3
32,"[2, 3]",133.34999999999607,"[30, 33]","[19.200000000000138, 0]","[0, 0]",3
33,"[0, 3]",127.3499999999949,"[31, 25]","[0, 0]","[0, 0]",3
34,"[0, 1]",99.59999999999648,"[33, 30]","[0, 0]","[0, 0]",3
35,"[2, 1]",109.9499999999959,"[32, 36]","[17.800000000000118, 0]","[0, 0]",3
36,"[0, 1]",100.59999999999643,"[34, 34]","[0, 0]","[0, 0]",3
37,"[0, 3]",131.7499999999957,"[36, 32]","[0, 0]","[0, 0]",3
38,"[0, 1]",103.49999999999626,"[37, 35]","[0, 0]","[0, 0]",3
39,"[0, 1]",104.44999999999621,"[38, 38]","[0, 0]","[0, 0]",3
40,"[0, 1]",105.49999999999615,"[39, 39]","[0, 0]","[0, 0]",3
41,"[0, 3]",139.89999999999756,"[40, 47]","[0, 0]","[0, 0]",3
42,"[0, 3]",141.19999999999786,"[41, 41]","[0, 0]","[0, 0]",3
43,"[0, 3]",142.34999999999812,"[42, 42]","[0, 0]","[0, 0]",3
44,"[2, 3]",142.54999999999816,"[35, 37]","[16.5000000000001, 0]","[0, 0]",3
45,"[0, 1]",112.34999999999576,"[43, 49]","[0, 0]","[0, 0]",3
46,"[2, 3]",144.9499999999987,"[44, 44]","[15.15000000000008, 0]","[0, 0]",3
47,"[2, 3]",147.29999999999924,"[46, 46]","[13.70000000000006, 0]","[0, 0]",3
48,"[2, 1]",117.99999999999544,"[47, 40]","[14.050000000000065, 0]","[0, 0]",3
49,"[2, 1]",120.29999999999531,"[48, 48]","[15.250000000000082, 0]","[0, 0]",3
50,"[2, 3]",157.75000000000162,"[49, 43]","[16.6500000000001, 0]","[0, 0]",3
51,"[2, 1]",133.8999999999962,"[50, 52]","[17.400000000000112, 0]","[0, 0]",3
52,"[0, 1]",113.4499999999957,"[45, 45]","[0, 0]","[0, 0]",3
53,"[2, 3]",171.80000000000481,"[51, 60]","[16.6000000000001, 0]","[0, 0]",3
54,"[2, 1]",142.44999999999814,"[53, 61]","[21.35000000000017, 0]","[0, 0]",3
55,"[0, 3]",144.74999999999866,"[52, 50]","[0, 0]","[0, 0]",3
56,"[2, 3]",176.1000000000058,"[54, 62]","[20.70000000000016, 0]","[0, 0]",3
57,"[2, 3]",189.05000000000874,"[56, 69]","[27.10000000000025, 0]","[6.649999999999984, 0]",3
58,"[2, 3]",190.95000000000917,"[57, 57]","[19.650000000000144, 0]","[0, 0]",3
59,"[2, 3]",193.05000000000965,"[58, 58]","[20.450000000000156, 0]","[0, 0]",3
60,"[0, 3]",146.94999999999916,"[55, 55]","[0, 0]","[0, 0]",3
61,"[0, 1]",118.34999999999542,"[60, 51]","[0, 0]","[0, 0]",3
62,"[0, 3]",150.24999999999991,"[61, 53]","[0, 0]","[0, 0]",3
63,"[2, 1]",163.70000000000297,"[59, 78]","[22.85000000000019, 0]","[0, 0]",3
64,"[0, 1]",121.34999999999525,"[62, 54]","[0, 0]","[0, 0]",3
65,"[0, 3]",154.00000000000077,"[64, 56]","[0, 0]","[0, 0]",3
66,"[2, 3]",197.15000000001058,"[63, 59]","[25.950000000000234, 0]","[0, 0]",3
67,"[2, 3]",200.10000000001125,"[66, 66]","[28.50000000000027, 0]","[0, 0]",3
68,"[2, 1]",170.9000000000046,"[67, -999]","[30.350000000000296, 0]","[0, 0]",3
69,"[0, 3]",155.30000000000106,"[65, 65]","[0.8000000000000002, 0]","[0, 0]",3
70,"[2, 1]",173.35000000000517,"[68, 68]","[31.600000000000314, 0]","[0, 0]",3
71,"[2, 1]",175.45000000000564,"[70, 70]","[31.500000000000313, 0]","[0, 0]",3
72,"[2, 3]",207.95000000001303,"[71, 67]","[32.600000000000286, 0]","[0, 0]",3
73,"[2, 3]",211.10000000001375,"[72, 72]","[33.70000000000022, 0]","[0, 0]",3
74,"[2, 1]",181.400000000007,"[73, -999]","[33.45000000000024, 0]","[0, 0]",3
75,"[2, 1]",177.80000000000618,"[74, 74]","[33.90000000000021, 0]","[0, 0]",3
76,"[0, 1]",125.99999999999498,"[69, 64]","[0.6, 0]","[0, 0]",3
77,"[2, 3]",209.65000000001342,"[75, 73]","[34.45000000000018, 0]","[0, 0]",3
78,"[0, 1]",127.09999999999492,"[76, 76]","[0, 0]","[0, 0]",3
79,"[2, 1]",163.0000000000028,"[77, 75]","[24.25000000000021, 0]","[0, 0]",3
0,"[0, 1]",69.59999999999819,"[-999, 8]","[0, 0]","[0, 0]",4
1,"[2, 3]",67.7499999999983,"[-999, -999]","[0, 0]","[0, 0]",4
2,"[2, 1]",37.15000000000003,"[1, -999]","[0, 0]","[0, 0]",4
3,"[2, 1]",38.84999999999993,"[2, 2]","[0, 0]","[0, 0]",4
4,"[2, 3]",70.79999999999812,"[3, 1]","[0, 0]","[0, 0]",4
5,"[2, 3]",73.49999999999797,"[4, 4]","[0, 0]","[0, 0]",4
6,"[2, 3]",75.29999999999787,"[5, 5]","[0, 0]","[0, 0]",4
7,"[0, 1]",77.49999999999774,"[0, 12]","[2.7499999999999982, 0]","[2.7499999999999982, 0]",4
8,"[2, 1]",40.899999999999814,"[6, 3]","[0, 0]","[0, 0]",4
9,"[2, 3]",73.99999999999794,"[8, 6]","[0, 0]","[0, 0]",4
10,"[2, 1]",45.24999999999957,"[9, 0]","[0, 0]","[0, 0]",4
11,"[0, 1]",81.19999999999753,"[7, 15]","[2.25, 0]","[2.25, 0]",4
12,"[2, 1]",46.499999999999496,"[10, 10]","[0, 0]","[0, 0]",4
13,"[0, 1]",81.99999999999748,"[11, 11]","[0, 0]","[0, 0]",4
14,"[0, 3]",112.84999999999573,"[13, 9]","[0, 0]","[0, 0]",4
15,"[2, 1]",52.649999999999146,"[12, 7]","[1.7000000000000008, 0]","[1.7000000000000008, 0]",4
16,"[0, 3]",115.2499999999956,"[14, 14]","[0, 0]","[0, 0]",4
17,"[0, 3]",116.8499999999955,"[16, 16]","[0, 0]","[0, 0]",4
18,"[2, 1]",62.94999999999856,"[15, 13]","[9.800000000000004, 0]","[9.800000000000004, 0]",4
19,"[0, 3]",123.44999999999513,"[17, 25]","[2.499999999999999, 0]","[2.499999999999999, 0]",4
20,"[0, 1]",92.89999999999687,"[19, -999]","[0, 0]","[0, 0]",4
21,"[0, 3]",125.14999999999503,"[20, 27]","[0, 0]","[0, 0]",4
22,"[0, 3]",126.04999999999498,"[21, 21]","[0, 0]","[0, 0]",4
23,"[0, 3]",127.04999999999492,"[22, 22]","[0, 0]","[0, 0]",4
24,"[0, 3]",133.29999999999606,"[23, 28]","[2.4499999999999993, 0]","[2.4499999999999993, 0]",4
25,"[2, 3]",105.54999999999615,"[18, 17]","[20.550000000000157, 0]","[6.499999999999985, 0]",4
26,"[0, 3]",134.04999999999623,"[24, 24]","[0, 0]","[0, 0]",4
27,"[2, 3]",111.79999999999579,"[25, 19]","[12.550000000000043, 0]","[0, 0]",4
28,"[2, 3]",128.2499999999949,"[27, 23]","[37.84999999999999, 0]","[9.700000000000003, 0]",4
29,"[0, 3]",134.8499999999964,"[26, 26]","[0, 0]","[0, 0]",4
30,"[0, 1]",104.5499999999962,"[29, 34]","[0, 0]","[0, 0]",4
31,"[0, 3]",136.9499999999969,"[30, 36]","[0, 0]","[0, 0]",4
32,"[0, 3]",138.04999999999714,"[31, 31]","[0, 0]","[0, 0]",4
33,"[2, 1]",96.54999999999666,"[28, -999]","[31.20000000000031, 0]","[0, 0]",4
34,"[2, 1]",99.1999999999965,"[33, 33]","[28.900000000000276, 0]","[0, 0]",4
35,"[0, 1]",109.74999999999591,"[32, 41]","[0, 0]","[0, 0]",4
36,"[2, 3]",136.89999999999688,"[34, 29]","[27.250000000000252, 0]","[0, 0]",4
37,"[0, 1]",110.29999999999588,"[35, 35]","[0, 0]","[0, 0]",4
38,"[0, 3]",141.14999999999785,"[37, 42]","[0, 0]","[0, 0]",4
39,"[2, 1]",106.74999999999608,"[36, 30]","[25.900000000000233, 0]","[0, 0]",4
40,"[0, 3]",143.1999999999983,"[38, 38]","[0, 0]","[0, 0]",4
41,"[2, 1]",108.94999999999595,"[39, 39]","[25.450000000000227, 0]","[0, 0]",4
42,"[2, 3]",142.49999999999815,"[41, 32]","[26.050000000000235, 0]","[0, 0]",4
43,"[0, 1]",113.69999999999568,"[40, 47]","[0, 0]","[0, 0]",4
44,"[0, 3]",146.54999999999907,"[43, 49]","[0, 0]","[0, 0]",4
45,"[2, 1]",118.39999999999542,"[42, 37]","[26.850000000000247, 0]","[0, 0]",4
46,"[0, 1]",117.24999999999548,"[44, 43]","[0, 0]","[0, 0]",4
47,"[2, 1]",118.34999999999542,"[45, 45]","[30.850000000000303, 0]","[0, 0]",4
48,"[0, 3]",149.09999999999965,"[46, 54]","[0, 0]","[0, 0]",4
49,"[2, 3]",152.50000000000043,"[47, 40]","[30.00000000000029, 0]","[0, 0]",4
50,"[0, 3]",154.90000000000097,"[48, 55]","[2.25, 0]","[2.25, 0]",4
51,"[0, 3]",155.65000000000114,"[50, 50]","[0, 0]","[0, 0]",4
52,"[0, 3]",156.45000000000132,"[51, 51]","[0, 0]","[0, 0]",4
53,"[0, 3]",157.35000000000153,"[52, 52]","[0, 0]","[0, 0]",4
54,"[2, 3]",159.95000000000212,"[49, 44]","[28.650000000000272, 0]","[0, 0]",4
55,"[2, 3]",166.4500000000036,"[54, 48]","[28.300000000000267, 0]","[0, 0]",4
56,"[2, 1]",134.8499999999964,"[55, 46]","[28.000000000000263, 0]","[0, 0]",4
57,"[2, 1]",137.34999999999698,"[56, 56]","[27.250000000000252, 0]","[0, 0]",4
58,"[2, 1]",139.5999999999975,"[57, 57]","[26.45000000000024, 0]","[0, 0]",4
59,"[0, 3]",163.05000000000283,"[53, 61]","[2.3499999999999996, 0]","[2.3499999999999996, 0]",4
60,"[0, 1]",133.4999999999961,"[59, 62]","[0, 0]","[0, 0]",4
61,"[2, 3]",176.25000000000583,"[58, 53]","[25.550000000000228, 0]","[0, 0]",4
62,"[2, 1]",144.74999999999866,"[61, 58]","[24.700000000000216, 0]","[0, 0]",4
63,"[2, 3]",179.2500000000065,"[62, 59]","[23.800000000000203, 0]","[0, 0]",4
64,"[0, 3]",166.0000000000035,"[60, 63]","[0.3, 0]","[0, 0]",4
65,"[0, 1]",136.4999999999968,"[64, 60]","[0.8500000000000002, 0]","[0, 0]",4
66,"[0, 1]",137.54999999999703,"[65, 65]","[1.2000000000000004, 0]","[0, 0]",4
67,"[0, 3]",170.35000000000448,"[66, 69]","[1.4000000000000006, 0]","[0, 0]",4
68,"[2, 3]",186.80000000000823,"[63, 64]","[25.75000000000023, 0]","[2.9999999999999973, 0]",4
69,"[2, 3]",188.75000000000867,"[68, 68]","[23.100000000000193, 0]","[0, 0]",4
70,"[0, 3]",171.45000000000474,"[67, 67]","[1.4500000000000006, 0]","[0, 0]",4
71,"[0, 1]",141.59999999999795,"[70, 73]","[1.2000000000000004, 0]","[0, 0]",4
72,"[0, 1]",142.59999999999818,"[71, 71]","[0.5499999999999999, 0]","[0, 0]",4
73,"[2, 1]",159.15000000000194,"[69, 66]","[23.400000000000198, 0]","[0, 0]",4
74,"[0, 1]",143.49999999999838,"[72, 72]","[0, 0]","[0, 0]",4
75,"[0, 3]",169.5000000000043,"[74, 78]","[0, 0]","[0, 0]",4
76,"[0, 3]",171.2500000000047,"[75, 75]","[0, 0]","[0, 0]",4
77,"[0, 1]",142.54999999999816,"[76, 74]","[0, 0]","[0, 0]",4
78,"[2, 3]",197.35000000001062,"[73, 70]","[23.400000000000198, 0]","[0, 0]",4
79,"[0, 3]",173.60000000000522,"[77, 76]","[0.2, 0]","[0, 0]",4
0,"[2, 1]",36.40000000000007,"[-999, -999]","[0, 0]","[0, 0]",5
1,"[2, 1]",38.09999999999997,"[0, 0]","[0, 0]","[0, 0]",5
2,"[2, 3]",68.64999999999824,"[1, -999]","[0, 0]","[0, 0]",5
3,"[2, 3]",71.34999999999809,"[2, 2]","[0, 0]","[0, 0]",5
4,"[2, 1]",37.79999999999999,"[3, 1]","[0, 0]","[0, 0]",5
5,"[2, 1]",39.84999999999987,"[4, 4]","[0, 0]","[0, 0]",5
6,"[2, 1]",41.69999999999977,"[5, 5]","[0, 0]","[0, 0]",5
7,"[2, 1]",43.499999999999666,"[6, 6]","[0, 0]","[0, 0]",5
8,"[2, 1]",45.04999999999958,"[7, 7]","[0, 0]","[0, 0]",5
9,"[2, 1]",46.3999999999995,"[8, 8]","[0, 0]","[0, 0]",5
10,"[2, 1]",47.399999999999444,"[9, 9]","[0, 0]","[0, 0]",5
11,"[2, 1]",54.34999999999905,"[10, 17]","[2.8999999999999977, 0]","[2.8999999999999977, 0]",5
12,"[2, 3]",86.54999999999723,"[11, 19]","[3.4499999999999957, 0]","[3.4499999999999957, 0]",5
13,"[2, 1]",63.69999999999852,"[12, 30]","[0, 0]","[0, 0]",5
14,"[2, 1]",68.69999999999824,"[13, 31]","[0, 0]","[0, 0]",5
15,"[2, 3]",98.74999999999653,"[14, 12]","[21.900000000000176, 0]","[0.05, 0]",5
16,"[2, 1]",74.6999999999979,"[15, 33]","[21.55000000000017, 0]","[0, 0]",5
17,"[0, 1]",69.79999999999818,"[-999, 10]","[0, 0]","[0, 0]",5
18,"[2, 3]",105.09999999999617,"[16, 15]","[19.25000000000014, 0]","[0, 0]",5
19,"[0, 3]",101.59999999999637,"[17, 3]","[0, 0]","[0, 0]",5
20,"[2, 1]",81.7499999999975,"[18, 35]","[17.500000000000114, 0]","[0, 0]",5
21,"[2, 1]",93.14999999999685,"[20, 37]","[18.800000000000132, 0]","[2.799999999999998, 0]",5
22,"[2, 1]",97.99999999999658,"[21, 38]","[14.45000000000007, 0]","[0, 0]",5
23,"[2, 1]",109.34999999999593,"[22, 40]","[15.650000000000087, 0]","[2.6499999999999986, 0]",5
24,"[2, 3]",138.39999999999722,"[23, -999]","[11.55000000000003, 0]","[0, 0]",5
25,"[2, 1]",115.0999999999956,"[24, 42]","[10.15000000000001, 0]","[0, 0]",5
26,"[2, 3]",145.14999999999876,"[25, 24]","[8.699999999999989, 0]","[0, 0]",5
27,"[2, 1]",121.54999999999524,"[26, 44]","[7.249999999999982, 0]","[0, 0]",5
28,"[0, 1]",70.94999999999811,"[19, 11]","[0, 0]","[0, 0]",5
29,"[2, 1]",121.79999999999522,"[27, 27]","[5.799999999999987, 0]","[0, 0]",5
30,"[0, 1]",72.49999999999802,"[28, 28]","[0, 0]","[0, 0]",5
31,"[0, 1]",78.2999999999977,"[30, 13]","[2.6499999999999986, 0]","[2.6499999999999986, 0]",5
32,"[0, 1]",82.99999999999743,"[31, 14]","[2.499999999999999, 0]","[2.499999999999999, 0]",5
33,"[0, 1]",83.5499999999974,"[32, 32]","[0, 0]","[0, 0]",5
34,"[0, 1]",88.7999999999971,"[33, 16]","[2.4499999999999993, 0]","[2.4499999999999993, 0]",5
35,"[0, 1]",89.34999999999707,"[34, 34]","[0, 0]","[0, 0]",5
36,"[0, 1]",94.69999999999676,"[35, 20]","[2.499999999999999, 0]","[2.499999999999999, 0]",5
37,"[0, 1]",95.19999999999673,"[36, 36]","[0, 0]","[0, 0]",5
38,"[0, 1]",100.9999999999964,"[37, 21]","[2.4499999999999993, 0]","[2.4499999999999993, 0]",5
39,"[0, 1]",106.79999999999607,"[38, 22]","[2.849999999999998, 0]","[2.849999999999998, 0]",5
40,"[0, 1]",106.74999999999608,"[39, 39]","[0, 0]","[0, 0]",5
41,"[0, 1]",112.44999999999575,"[40, 23]","[2.549999999999999, 0]","[2.549999999999999, 0]",5
42,"[0, 1]",112.69999999999574,"[41, 41]","[0, 0]","[0, 0]",5
43,"[0, 1]",118.04999999999544,"[42, 25]","[2.4499999999999993, 0]","[2.4499999999999993, 0]",5
44,"[0, 1]",118.49999999999541,"[43, 43]","[0, 0]","[0, 0]",5
45,"[0, 3]",149.09999999999965,"[44, 26]","[0, 0]","[0, 0]",5
46,"[0, 1]",126.59999999999495,"[45, 29]","[3.099999999999997, 0]","[3.099999999999997, 0]",5
47,"[0, 3]",155.20000000000104,"[46, 45]","[0, 0]","[0, 0]",5
48,"[0, 1]",126.94999999999493,"[47, 55]","[0, 0]","[0, 0]",5
49,"[0, 3]",158.1500000000017,"[48, 47]","[0, 0]","[0, 0]",5
50,"[0, 1]",130.54999999999544,"[49, 48]","[0, 0]","[0, 0]",5
51,"[0, 1]",131.6999999999957,"[50, 50]","[0, 0]","[0, 0]",5
52,"[0, 1]",132.74999999999594,"[51, 51]","[0, 0]","[0, 0]",5
53,"[0, 1]",133.79999999999617,"[52, 52]","[0.7000000000000001, 0]","[0, 0]",5
54,"[0, 1]",134.8499999999964,"[53, 53]","[1.1000000000000003, 0]","[0, 0]",5
55,"[2, 1]",129.24999999999514,"[29, 46]","[7.499999999999981, 0]","[0, 0]",5
56,"[0, 1]",135.84999999999664,"[54, 54]","[1.4000000000000006, 0]","[0, 0]",5
57,"[0, 1]",136.84999999999687,"[56, 56]","[1.7000000000000008, 0]","[0, 0]",5
58,"[0, 1]",137.8499999999971,"[57, 57]","[1.950000000000001, 0]","[0, 0]",5
59,"[0, 3]",168.85000000000414,"[58, 49]","[2.25, 0]","[0, 0]",5
60,"[0, 1]",141.59999999999795,"[59, 58]","[2.799999999999998, 0]","[0, 0]",5
61,"[0, 1]",142.7499999999982,"[60, 60]","[3.4499999999999957, 0]","[0, 0]",5
62,"[0, 3]",173.9000000000053,"[61, 59]","[4.149999999999993, 0]","[0, 0]",5
63,"[0, 1]",146.6499999999991,"[62, 61]","[5.399999999999989, 0]","[0, 0]",5
64,"[0, 1]",147.69999999999933,"[63, 63]","[5.949999999999987, 0]","[0, 0]",5
65,"[0, 1]",148.74999999999957,"[64, 64]","[5.899999999999987, 0]","[0, 0]",5
66,"[0, 1]",149.54999999999976,"[65, 65]","[5.299999999999989, 0]","[0, 0]",5
67,"[0, 1]",144.8999999999987,"[66, 66]","[5.849999999999987, 0]","[0, 0]",5
68,"[0, 1]",144.24999999999855,"[67, 67]","[6.349999999999985, 0]","[0, 0]",5
69,"[0, 1]",141.69999999999797,"[68, 68]","[6.349999999999985, 0]","[0, 0]",5
70,"[0, 1]",136.34999999999675,"[69, 69]","[5.849999999999987, 0]","[0, 0]",5
71,"[0, 1]",136.5999999999968,"[70, 70]","[6.199999999999986, 0]","[0, 0]",5
72,"[0, 1]",136.69999999999683,"[71, 71]","[6.549999999999985, 0]","[0, 0]",5
73,"[0, 1]",136.24999999999673,"[72, 72]","[6.699999999999984, 0]","[0, 0]",5
74,"[0, 1]",135.49999999999656,"[73, 73]","[4.849999999999991, 0]","[0, 0]",5
75,"[0, 1]",125.44999999999501,"[74, 74]","[0, 0]","[0, 0]",5
76,"[0, 1]",126.19999999999497,"[75, 75]","[0, 0]","[0, 0]",5
77,"[0, 1]",126.74999999999494,"[76, 76]","[0, 0]","[0, 0]",5
78,"[0, 1]",124.99999999999504,"[77, 77]","[0, 0]","[0, 0]",5
79,"[0, 1]",125.39999999999502,"[78, 78]","[0, 0]","[0, 0]",5
0,"[2, 1]",36.40000000000007,"[-999, -999]","[0, 0]","[0, 0]",6
1,"[2, 1]",38.09999999999997,"[0, 0]","[0, 0]","[0, 0]",6
2,"[2, 1]",39.89999999999987,"[1, 1]","[0, 0]","[0, 0]",6
3,"[2, 1]",41.79999999999976,"[2, 2]","[0, 0]","[0, 0]",6
4,"[2, 1]",43.54999999999966,"[3, 3]","[0, 0]","[0, 0]",6
5,"[2, 1]",45.099999999999575,"[4, 4]","[0, 0]","[0, 0]",6
6,"[2, 1]",46.349999999999504,"[5, 5]","[0, 0]","[0, 0]",6
7,"[2, 1]",47.34999999999945,"[6, 6]","[0, 0]","[0, 0]",6
8,"[2, 1]",48.449999999999385,"[7, 7]","[0, 0]","[0, 0]",6
9,"[2, 1]",65.54999999999842,"[8, 17]","[10.100000000000009, 0]","[10.100000000000009, 0]",6
10,"[2, 1]",70.44999999999814,"[9, 18]","[0, 0]","[0, 0]",6
11,"[2, 3]",101.34999999999638,"[10, 19]","[0, 0]","[0, 0]",6
12,"[0, 1]",68.84999999999823,"[-999, 8]","[0, 0]","[0, 0]",6
13,"[2, 1]",77.99999999999771,"[11, 23]","[24.40000000000021, 0]","[0, 0]",6
14,"[2, 3]",108.84999999999596,"[13, 11]","[31.90000000000032, 0]","[0.05, 0]",6
15,"[2, 1]",84.04999999999737,"[14, 26]","[29.550000000000285, 0]","[0, 0]",6
16,"[0, 1]",69.74999999999818,"[12, 12]","[0, 0]","[0, 0]",6
17,"[0, 1]",71.1499999999981,"[16, 16]","[0, 0]","[0, 0]",6
18,"[0, 1]",77.49999999999774,"[17, 9]","[2.3499999999999996, 0]","[2.3499999999999996, 0]",6
19,"[0, 3]",104.84999999999619,"[18, -999]","[0, 0]","[0, 0]",6
20,"[0, 1]",78.79999999999767,"[19, 10]","[0, 0]","[0, 0]",6
21,"[2, 1]",101.34999999999638,"[15, 29]","[37.200000000000024, 0]","[9.399999999999999, 0]",6
22,"[2, 1]",106.09999999999611,"[21, 30]","[26.250000000000238, 0]","[0, 0]",6
23,"[0, 1]",79.54999999999762,"[20, 20]","[0, 0]","[0, 0]",6
24,"[0, 1]",85.04999999999731,"[23, 13]","[2.549999999999999, 0]","[2.549999999999999, 0]",6
25,"[2, 1]",111.94999999999578,"[22, 32]","[24.750000000000217, 0]","[0, 0]",6
26,"[0, 1]",85.54999999999728,"[24, 24]","[0, 0]","[0, 0]",6
27,"[0, 1]",92.04999999999691,"[26, 15]","[3.099999999999997, 0]","[3.099999999999997, 0]",6
28,"[0, 1]",91.94999999999692,"[27, 27]","[0, 0]","[0, 0]",6
29,"[0, 1]",92.79999999999687,"[28, 28]","[0, 0]","[0, 0]",6
30,"[0, 1]",100.09999999999646,"[29, 21]","[1.2500000000000004, 0]","[1.2500000000000004, 0]",6
31,"[0, 3]",128.39999999999495,"[30, 14]","[0, 0]","[0, 0]",6
32,"[0, 1]",99.54999999999649,"[31, 22]","[0, 0]","[0, 0]",6
33,"[0, 1]",105.19999999999617,"[32, 25]","[2.499999999999999, 0]","[2.499999999999999, 0]",6
34,"[0, 1]",105.64999999999614,"[33, 33]","[0, 0]","[0, 0]",6
35,"[0, 1]",106.59999999999609,"[34, 34]","[0, 0]","[0, 0]",6
36,"[0, 1]",107.59999999999603,"[35, 35]","[0, 0]","[0, 0]",6
37,"[0, 1]",108.74999999999596,"[36, 36]","[0, 0]","[0, 0]",6
38,"[0, 1]",109.74999999999591,"[37, 37]","[0, 0]","[0, 0]",6
39,"[0, 1]",110.74999999999585,"[38, 38]","[0, 0]","[0, 0]",6
40,"[0, 1]",111.79999999999579,"[39, 39]","[0, 0]","[0, 0]",6
41,"[0, 1]",112.89999999999573,"[40, 40]","[0, 0]","[0, 0]",6
42,"[0, 1]",113.99999999999567,"[41, 41]","[0, 0]","[0, 0]",6
43,"[0, 1]",114.99999999999561,"[42, 42]","[0, 0]","[0, 0]",6
44,"[0, 1]",115.94999999999555,"[43, 43]","[0, 0]","[0, 0]",6
45,"[0, 1]",116.9999999999955,"[44, 44]","[0, 0]","[0, 0]",6
46,"[0, 1]",117.99999999999544,"[45, 45]","[0, 0]","[0, 0]",6
47,"[0, 3]",148.94999999999962,"[46, -999]","[0, 0]","[0, 0]",6
48,"[0, 1]",121.74999999999523,"[47, 46]","[0, 0]","[0, 0]",6
49,"[0, 3]",153.05000000000055,"[48, 47]","[0, 0]","[0, 0]",6
50,"[0, 1]",125.599999999995,"[49, 48]","[0, 0]","[0, 0]",6
51,"[0, 1]",126.69999999999494,"[50, 50]","[0, 0]","[0, 0]",6
52,"[0, 1]",127.79999999999488,"[51, 51]","[0, 0]","[0, 0]",6
53,"[0, 1]",128.84999999999505,"[52, 52]","[0, 0]","[0, 0]",6
54,"[0, 1]",129.8999999999953,"[53, 53]","[0, 0]","[0, 0]",6
55,"[0, 1]",130.89999999999552,"[54, 54]","[0, 0]","[0, 0]",6
56,"[0, 1]",131.84999999999573,"[55, 55]","[0, 0]","[0, 0]",6
57,"[0, 1]",132.5499999999959,"[56, 56]","[0, 0]","[0, 0]",6
58,"[0, 1]",128.89999999999506,"[57, 57]","[0, 0]","[0, 0]",6
59,"[0, 3]",159.15000000000194,"[58, -999]","[0, 0]","[0, 0]",6
60,"[0, 1]",131.64999999999569,"[59, 58]","[0, 0]","[0, 0]",6
61,"[0, 1]",132.34999999999584,"[60, 60]","[0, 0]","[0, 0]",6
62,"[0, 1]",129.9999999999953,"[61, 61]","[0, 0]","[0, 0]",6
63,"[0, 1]",130.3499999999954,"[62, 62]","[0, 0]","[0, 0]",6
64,"[0, 1]",131.14999999999557,"[63, 63]","[0, 0]","[0, 0]",6
65,"[0, 1]",131.84999999999573,"[64, 64]","[0, 0]","[0, 0]",6
66,"[0, 3]",162.30000000000265,"[65, 59]","[0, 0]","[0, 0]",6
67,"[0, 1]",134.14999999999625,"[66, 65]","[0, 0]","[0, 0]",6
68,"[0, 3]",164.6500000000032,"[67, 66]","[0, 0]","[0, 0]",6
69,"[0, 3]",166.0000000000035,"[68, 68]","[0, 0]","[0, 0]",6
70,"[0, 3]",166.4500000000036,"[69, 69]","[0, 0]","[0, 0]",6
71,"[0, 1]",136.29999999999674,"[70, -999]","[0, 0]","[0, 0]",6
72,"[0, 1]",131.7499999999957,"[71, 71]","[0, 0]","[0, 0]",6
73,"[0, 1]",130.94999999999553,"[72, 72]","[0, 0]","[0, 0]",6
74,"[0, 1]",131.54999999999566,"[73, 73]","[0, 0]","[0, 0]",6
75,"[0, 1]",132.1499999999958,"[74, 74]","[0, 0]","[0, 0]",6
76,"[0, 1]",128.89999999999506,"[75, 75]","[0, 0]","[0, 0]",6
77,"[0, 1]",128.99999999999508,"[76, 76]","[0, 0]","[0, 0]",6
78,"[2, 3]",125.649999999995,"[25, 31]","[6.499999999999985, 0]","[0, 0]",6
79,"[0, 1]",129.69999999999524,"[77, 77]","[0, 0]","[0, 0]",6
0,"[2, 1]",36.40000000000007,"[-999, -999]","[0, 0]","[0, 0]",7
1,"[2, 1]",38.09999999999997,"[0, 0]","[0, 0]","[0, 0]",7
2,"[2, 1]",39.89999999999987,"[1, 1]","[0, 0]","[0, 0]",7
3,"[2, 1]",41.79999999999976,"[2, 2]","[0, 0]","[0, 0]",7
4,"[2, 1]",43.54999999999966,"[3, 3]","[0, 0]","[0, 0]",7
5,"[2, 1]",45.04999999999958,"[4, 4]","[0, 0]","[0, 0]",7
6,"[2, 1]",46.349999999999504,"[5, 5]","[0, 0]","[0, 0]",7
7,"[2, 1]",47.34999999999945,"[6, 6]","[0, 0]","[0, 0]",7
8,"[2, 1]",48.449999999999385,"[7, 7]","[0, 0]","[0, 0]",7
9,"[2, 1]",86.19999999999725,"[8, 21]","[27.300000000000253, 0]","[27.300000000000253, 0]",7
10,"[2, 1]",95.94999999999669,"[9, 24]","[2.4499999999999993, 0]","[2.4499999999999993, 0]",7
11,"[0, 1]",70.24999999999815,"[-999, 8]","[0, 0]","[0, 0]",7
12,"[0, 1]",71.54999999999808,"[11, 11]","[0, 0]","[0, 0]",7
13,"[0, 1]",71.99999999999805,"[12, 12]","[0, 0]","[0, 0]",7
14,"[2, 1]",101.1499999999964,"[10, 27]","[0, 0]","[0, 0]",7
15,"[0, 1]",72.29999999999804,"[13, 13]","[0, 0]","[0, 0]",7
16,"[0, 1]",72.64999999999802,"[15, 15]","[0, 0]","[0, 0]",7
17,"[2, 1]",112.29999999999576,"[14, 29]","[50.79999999999925, 0]","[2.5999999999999988, 0]",7
18,"[0, 1]",72.949999999998,"[16, 16]","[0, 0]","[0, 0]",7
19,"[0, 1]",73.14999999999799,"[18, 18]","[0, 0]","[0, 0]",7
20,"[2, 3]",142.09999999999806,"[17, 26]","[65.29999999999843, 0]","[0.05, 0]",7
21,"[0, 1]",73.39999999999797,"[19, 19]","[0, 0]","[0, 0]",7
22,"[2, 1]",117.74999999999545,"[20, 31]","[62.94999999999856, 0]","[0, 0]",7
23,"[0, 1]",80.0499999999976,"[21, 9]","[1.2000000000000004, 0]","[1.2000000000000004, 0]",7
24,"[0, 1]",79.29999999999764,"[23, 23]","[0, 0]","[0, 0]",7
25,"[2, 1]",129.39999999999517,"[22, 33]","[67.79999999999829, 0]","[6.549999999999985, 0]",7
26,"[0, 3]",107.29999999999605,"[24, -999]","[0, 0]","[0, 0]",7
27,"[0, 1]",80.49999999999757,"[26, 10]","[0, 0]","[0, 0]",7
28,"[0, 1]",86.74999999999721,"[27, 14]","[2.6999999999999984, 0]","[2.6999999999999984, 0]",7
29,"[0, 1]",86.59999999999722,"[28, 28]","[0, 0]","[0, 0]",7
30,"[0, 1]",92.2999999999969,"[29, 17]","[2.549999999999999, 0]","[2.549999999999999, 0]",7
31,"[0, 1]",92.59999999999688,"[30, 30]","[0, 0]","[0, 0]",7
32,"[0, 1]",97.89999999999658,"[31, 22]","[2.499999999999999, 0]","[2.499999999999999, 0]",7
33,"[0, 1]",98.44999999999655,"[32, 32]","[0, 0]","[0, 0]",7
34,"[0, 3]",129.19999999999513,"[33, 20]","[0, 0]","[0, 0]",7
35,"[0, 1]",100.64999999999642,"[34, 25]","[0, 0]","[0, 0]",7
36,"[0, 1]",106.04999999999612,"[35, 55]","[2.3, 0]","[2.3, 0]",7
37,"[0, 1]",106.54999999999609,"[36, 36]","[0, 0]","[0, 0]",7
38,"[0, 3]",137.399999999997,"[37, 34]","[0, 0]","[0, 0]",7
39,"[0, 1]",110.19999999999588,"[38, 37]","[0, 0]","[0, 0]",7
40,"[0, 1]",111.29999999999582,"[39, 39]","[0, 0]","[0, 0]",7
41,"[0, 1]",112.34999999999576,"[40, 40]","[0, 0]","[0, 0]",7
42,"[0, 1]",113.3999999999957,"[41, 41]","[0, 0]","[0, 0]",7
43,"[0, 1]",114.44999999999564,"[42, 42]","[0, 0]","[0, 0]",7
44,"[0, 1]",115.44999999999558,"[43, 43]","[0, 0]","[0, 0]",7
45,"[0, 1]",116.49999999999552,"[44, 44]","[0, 0]","[0, 0]",7
46,"[0, 1]",117.54999999999546,"[45, 45]","[0, 0]","[0, 0]",7
47,"[0, 3]",148.49999999999952,"[46, 38]","[0, 0]","[0, 0]",7
48,"[0, 1]",121.24999999999525,"[47, 46]","[1.1000000000000003, 0]","[0, 0]",7
49,"[0, 3]",152.55000000000044,"[48, 47]","[1.7500000000000009, 0]","[0, 0]",7
50,"[0, 1]",125.09999999999503,"[49, 48]","[2.2, 0]","[0, 0]",7
51,"[0, 1]",126.24999999999497,"[50, 50]","[2.5999999999999988, 0]","[0, 0]",7
52,"[0, 1]",127.3499999999949,"[51, 51]","[2.8999999999999977, 0]","[0, 0]",7
53,"[0, 1]",128.34999999999494,"[52, 52]","[3.8499999999999943, 0]","[0, 0]",7
54,"[0, 1]",129.39999999999517,"[53, 53]","[4.699999999999991, 0]","[0, 0]",7
55,"[2, 1]",135.1999999999965,"[25, 35]","[59.64999999999875, 0]","[0, 0]",7
56,"[0, 1]",130.4499999999954,"[54, 54]","[4.549999999999992, 0]","[0, 0]",7
57,"[0, 1]",131.49999999999565,"[56, 56]","[4.149999999999993, 0]","[0, 0]",7
58,"[0, 1]",132.49999999999588,"[57, 57]","[4.149999999999993, 0]","[0, 0]",7
59,"[0, 1]",133.39999999999608,"[58, 58]","[4.3499999999999925, 0]","[0, 0]",7
60,"[0, 1]",131.09999999999556,"[59, 59]","[4.599999999999992, 0]","[0, 0]",7
61,"[0, 1]",130.64999999999546,"[60, 60]","[4.599999999999992, 0]","[0, 0]",7
62,"[0, 1]",131.39999999999563,"[61, 61]","[4.199999999999993, 0]","[0, 0]",7
63,"[0, 1]",132.1999999999958,"[62, 62]","[3.4999999999999956, 0]","[0, 0]",7
64,"[0, 1]",125.09999999999503,"[63, 63]","[0, 0]","[0, 0]",7
65,"[0, 1]",125.19999999999503,"[64, 64]","[0, 0]","[0, 0]",7
66,"[0, 3]",155.9000000000012,"[65, -999]","[0, 0]","[0, 0]",7
67,"[0, 1]",128.44999999999496,"[66, 65]","[0, 0]","[0, 0]",7
68,"[0, 3]",159.50000000000202,"[67, 66]","[0, 0]","[0, 0]",7
69,"[0, 3]",161.40000000000245,"[68, 68]","[0, 0]","[0, 0]",7
70,"[0, 3]",162.70000000000275,"[69, 69]","[0, 0]","[0, 0]",7
71,"[0, 1]",133.39999999999608,"[70, -999]","[0, 0]","[0, 0]",7
72,"[0, 1]",134.04999999999623,"[71, 71]","[0, 0]","[0, 0]",7
73,"[0, 3]",160.60000000000227,"[72, 70]","[0, 0]","[0, 0]",7
74,"[0, 1]",131.14999999999557,"[73, 72]","[0, 0]","[0, 0]",7
75,"[0, 1]",131.6999999999957,"[74, 74]","[0, 0]","[0, 0]",7
76,"[0, 1]",132.24999999999582,"[75, 75]","[0, 0]","[0, 0]",7
77,"[0, 1]",128.79999999999504,"[76, 76]","[0, 0]","[0, 0]",7
78,"[0, 1]",128.99999999999508,"[77, 77]","[0, 0]","[0, 0]",7
79,"[0, 1]",129.69999999999524,"[78, 78]","[0, 0]","[0, 0]",7
0,"[2, 1]",36.40000000000007,"[-999, -999]","[0, 0]","[0, 0]",8
1,"[2, 1]",38.09999999999997,"[0, 0]","[0, 0]","[0, 0]",8
2,"[2, 1]",39.89999999999987,"[1, 1]","[0, 0]","[0, 0]",8
3,"[0, 1]",68.04999999999828,"[-999, 7]","[0, 0]","[0, 0]",8
4,"[2, 1]",41.79999999999976,"[2, 2]","[0, 0]","[0, 0]",8
5,"[2, 1]",43.54999999999966,"[4, 4]","[0, 0]","[0, 0]",8
6,"[2, 1]",45.04999999999958,"[5, 5]","[0, 0]","[0, 0]",8
7,"[2, 1]",46.349999999999504,"[6, 6]","[0, 0]","[0, 0]",8
8,"[2, 3]",72.74999999999801,"[7, -999]","[0, 0]","[0, 0]",8
9,"[2, 1]",48.799999999999365,"[8, 3]","[3.2499999999999964, 0]","[3.2499999999999964, 0]",8
10,"[2, 1]",65.54999999999842,"[9, 15]","[6.649999999999984, 0]","[6.649999999999984, 0]",8
11,"[2, 1]",69.4499999999982,"[10, 16]","[17.35000000000011, 0]","[1.2500000000000004, 0]",8
12,"[0, 1]",69.54999999999819,"[3, 9]","[0, 0]","[0, 0]",8
13,"[2, 3]",99.84999999999647,"[11, 8]","[23.300000000000196, 0]","[0.15000000000000002, 0]",8
14,"[0, 1]",70.64999999999813,"[12, 12]","[0, 0]","[0, 0]",8
15,"[0, 1]",71.54999999999808,"[14, 14]","[0, 0]","[0, 0]",8
16,"[0, 1]",78.2499999999977,"[15, 10]","[1.950000000000001, 0]","[1.950000000000001, 0]",8
17,"[2, 3]",108.54999999999598,"[13, 20]","[23.250000000000195, 0]","[0, 0]",8
18,"[0, 1]",83.14999999999742,"[16, 11]","[2.799999999999998, 0]","[2.799999999999998, 0]",8
19,"[2, 1]",95.7499999999967,"[17, 24]","[30.7000000000003, 0]","[9.800000000000004, 0]",8
20,"[0, 3]",114.19999999999565,"[18, 13]","[0, 0]","[0, 0]",8
21,"[0, 1]",84.99999999999731,"[20, 18]","[0, 0]","[0, 0]",8
22,"[0, 1]",86.19999999999725,"[21, 21]","[0, 0]","[0, 0]",8
23,"[0, 1]",87.29999999999718,"[22, 22]","[0, 0]","[0, 0]",8
24,"[0, 1]",88.29999999999713,"[23, 23]","[0, 0]","[0, 0]",8
25,"[0, 1]",94.19999999999679,"[24, 19]","[2.4499999999999993, 0]","[2.4499999999999993, 0]",8
26,"[0, 3]",125.699999999995,"[25, 78]","[0, 0]","[0, 0]",8
27,"[0, 1]",96.74999999999665,"[26, 25]","[0, 0]","[0, 0]",8
28,"[0, 1]",97.84999999999658,"[27, 27]","[0, 0]","[0, 0]",8
29,"[0, 1]",98.99999999999652,"[28, 28]","[0, 0]","[0, 0]",8
30,"[0, 1]",100.04999999999646,"[29, 29]","[0, 0]","[0, 0]",8
31,"[0, 1]",101.0999999999964,"[30, 30]","[0, 0]","[0, 0]",8
32,"[0, 1]",102.09999999999634,"[31, 31]","[0, 0]","[0, 0]",8
33,"[0, 1]",103.14999999999628,"[32, 32]","[0, 0]","[0, 0]",8
34,"[0, 1]",104.14999999999623,"[33, 33]","[0, 0]","[0, 0]",8
35,"[0, 1]",105.14999999999617,"[34, 34]","[0, 0]","[0, 0]",8
36,"[0, 1]",106.19999999999611,"[35, 35]","[0, 0]","[0, 0]",8
37,"[0, 1]",107.19999999999605,"[36, 36]","[0, 0]","[0, 0]",8
38,"[0, 3]",138.14999999999716,"[37, -999]","[0, 0]","[0, 0]",8
39,"[0, 1]",110.94999999999584,"[38, 37]","[0.35, 0]","[0, 0]",8
40,"[0, 1]",112.04999999999578,"[39, 39]","[0.9500000000000003, 0]","[0, 0]",8
41,"[0, 1]",113.14999999999571,"[40, 40]","[1.2500000000000004, 0]","[0, 0]",8
42,"[0, 1]",114.19999999999565,"[41, 41]","[1.4000000000000006, 0]","[0, 0]",8
43,"[0, 1]",115.2499999999956,"[42, 42]","[1.5000000000000007, 0]","[0, 0]",8
44,"[0, 1]",116.29999999999553,"[43, 43]","[1.7500000000000009, 0]","[0, 0]",8
45,"[0, 1]",117.29999999999548,"[44, 44]","[2.0500000000000007, 0]","[0, 0]",8
46,"[0, 1]",118.29999999999542,"[45, 45]","[2.4499999999999993, 0]","[0, 0]",8
47,"[0, 3]",149.2499999999997,"[46, 38]","[2.25, 0]","[0, 0]",8
48,"[0, 1]",122.0999999999952,"[47, 46]","[1.800000000000001, 0]","[0, 0]",8
49,"[0, 3]",153.45000000000064,"[48, 47]","[1.2500000000000004, 0]","[0, 0]",8
50,"[0, 3]",155.65000000000114,"[49, 49]","[0.5499999999999999, 0]","[0, 0]",8
51,"[0, 3]",157.2000000000015,"[50, 50]","[0, 0]","[0, 0]",8
52,"[0, 3]",158.45000000000178,"[51, 51]","[0, 0]","[0, 0]",8
53,"[0, 1]",126.44999999999496,"[52, -999]","[0, 0]","[0, 0]",8
54,"[0, 3]",156.10000000000124,"[53, 52]","[0, 0]","[0, 0]",8
55,"[0, 1]",128.29999999999492,"[54, 53]","[0, 0]","[0, 0]",8
56,"[0, 1]",129.34999999999516,"[55, 55]","[0, 0]","[0, 0]",8
57,"[0, 1]",130.3499999999954,"[56, 56]","[0, 0]","[0, 0]",8
58,"[0, 1]",131.34999999999562,"[57, 57]","[0, 0]","[0, 0]",8
59,"[0, 3]",162.25000000000264,"[58, 54]","[0, 0]","[0, 0]",8
60,"[0, 1]",134.7499999999964,"[59, 58]","[0, 0]","[0, 0]",8
61,"[0, 1]",135.59999999999658,"[60, 60]","[0, 0]","[0, 0]",8
62,"[0, 1]",136.0999999999967,"[61, 61]","[0, 0]","[0, 0]",8
63,"[0, 1]",131.89999999999574,"[62, 62]","[0, 0]","[0, 0]",8
64,"[0, 1]",131.19999999999558,"[63, 63]","[0, 0]","[0, 0]",8
65,"[0, 1]",131.6999999999957,"[64, 64]","[0, 0]","[0, 0]",8
66,"[0, 3]",162.15000000000262,"[65, 59]","[0, 0]","[0, 0]",8
67,"[0, 1]",134.09999999999624,"[66, 65]","[0, 0]","[0, 0]",8
68,"[0, 1]",134.49999999999633,"[67, 67]","[0, 0]","[0, 0]",8
69,"[0, 3]",165.30000000000334,"[68, 66]","[0, 0]","[0, 0]",8
70,"[0, 3]",167.25000000000378,"[69, 69]","[0, 0]","[0, 0]",8
71,"[0, 1]",138.2499999999972,"[70, 68]","[0, 0]","[0, 0]",8
72,"[0, 1]",134.59999999999636,"[71, 71]","[0, 0]","[0, 0]",8
73,"[0, 1]",133.4499999999961,"[72, 72]","[0, 0]","[0, 0]",8
74,"[0, 1]",133.8999999999962,"[73, 73]","[0, 0]","[0, 0]",8
75,"[0, 1]",132.49999999999588,"[74, 74]","[0, 0]","[0, 0]",8
76,"[0, 1]",129.9999999999953,"[75, 75]","[0, 0]","[0, 0]",8
77,"[0, 1]",130.74999999999548,"[76, 76]","[0, 0]","[0, 0]",8
78,"[2, 3]",93.69999999999682,"[19, 17]","[0, 0]","[0, 0]",8
79,"[0, 1]",131.44999999999564,"[77, 77]","[0, 0]","[0, 0]",8
0,"[2, 1]",36.40000000000007,"[-999, -999]","[0, 0]","[0, 0]",9
1,"[2, 1]",38.09999999999997,"[0, 0]","[0, 0]","[0, 0]",9
2,"[0, 3]",100.59999999999643,"[-999, 10]","[0, 0]","[0, 0]",9
3,"[0, 1]",76.99999999999777,"[2, 20]","[2.549999999999999, 0]","[2.549999999999999, 0]",9
4,"[2, 1]",39.89999999999987,"[1, 1]","[0, 0]","[0, 0]",9
5,"[2, 3]",69.04999999999822,"[4, -999]","[0, 0]","[0, 0]",9
6,"[2, 1]",39.89999999999987,"[5, 4]","[0, 0]","[0, 0]",9
7,"[2, 1]",41.749999999999766,"[6, 6]","[0, 0]","[0, 0]",9
8,"[0, 1]",76.4999999999978,"[3, 3]","[0, 0]","[0, 0]",9
9,"[2, 3]",69.99999999999817,"[7, 5]","[0, 0]","[0, 0]",9
10,"[2, 3]",72.44999999999803,"[9, 9]","[0, 0]","[0, 0]",9
11,"[0, 3]",107.24999999999605,"[8, 2]","[0, 0]","[0, 0]",9
12,"[0, 3]",109.54999999999592,"[11, 11]","[0, 0]","[0, 0]",9
13,"[0, 1]",81.09999999999754,"[12, 47]","[0, 0]","[0, 0]",9
14,"[0, 1]",82.14999999999748,"[13, 13]","[0, 0]","[0, 0]",9
15,"[0, 1]",83.24999999999741,"[14, 14]","[0, 0]","[0, 0]",9
16,"[0, 3]",114.34999999999565,"[15, 12]","[0, 0]","[0, 0]",9
17,"[0, 3]",116.64999999999552,"[16, 16]","[0, 0]","[0, 0]",9
18,"[0, 1]",88.14999999999714,"[17, 15]","[0, 0]","[0, 0]",9
19,"[2, 1]",42.59999999999972,"[10, 7]","[0, 0]","[0, 0]",9
20,"[2, 1]",44.199999999999626,"[19, 19]","[0, 0]","[0, 0]",9
21,"[0, 1]",89.19999999999708,"[18, 18]","[0, 0]","[0, 0]",9
22,"[0, 1]",90.34999999999701,"[21, 21]","[0, 0]","[0, 0]",9
23,"[0, 1]",91.39999999999695,"[22, 22]","[0, 0]","[0, 0]",9
24,"[0, 1]",92.3999999999969,"[23, 23]","[0, 0]","[0, 0]",9
25,"[0, 1]",93.44999999999683,"[24, 24]","[0, 0]","[0, 0]",9
26,"[0, 3]",124.49999999999507,"[25, 17]","[0, 0]","[0, 0]",9
27,"[0, 1]",97.24999999999662,"[26, 25]","[0, 0]","[0, 0]",9
28,"[0, 1]",98.34999999999656,"[27, 27]","[0, 0]","[0, 0]",9
29,"[0, 1]",99.44999999999649,"[28, 28]","[0, 0]","[0, 0]",9
30,"[0, 1]",100.49999999999643,"[29, 29]","[0, 0]","[0, 0]",9
31,"[0, 1]",101.49999999999638,"[30, 30]","[0, 0]","[0, 0]",9
32,"[0, 1]",102.49999999999632,"[31, 31]","[0, 0]","[0, 0]",9
33,"[0, 1]",103.54999999999626,"[32, 32]","[0, 0]","[0, 0]",9
34,"[0, 1]",104.5499999999962,"[33, 33]","[0, 0]","[0, 0]",9
35,"[0, 1]",105.59999999999614,"[34, 34]","[0, 0]","[0, 0]",9
36,"[0, 1]",106.64999999999608,"[35, 35]","[0, 0]","[0, 0]",9
37,"[0, 1]",107.74999999999602,"[36, 36]","[0, 0]","[0, 0]",9
38,"[0, 3]",138.59999999999727,"[37, -999]","[0, 0]","[0, 0]",9
39,"[0, 1]",111.34999999999582,"[38, 37]","[0, 0]","[0, 0]",9
40,"[0, 1]",112.49999999999575,"[39, 39]","[0, 0]","[0, 0]",9
41,"[0, 1]",113.64999999999569,"[40, 40]","[0, 0]","[0, 0]",9
42,"[0, 1]",114.64999999999563,"[41, 41]","[0, 0]","[0, 0]",9
43,"[0, 3]",145.64999999999887,"[42, 38]","[0, 0]","[0, 0]",9
44,"[0, 1]",118.44999999999541,"[43, 42]","[0, 0]","[0, 0]",9
45,"[0, 1]",119.54999999999535,"[44, 44]","[0, 0]","[0, 0]",9
46,"[0, 1]",120.64999999999529,"[45, 45]","[0, 0]","[0, 0]",9
47,"[2, 1]",41.1499999999998,"[20, 8]","[0, 0]","[0, 0]",9
48,"[0, 1]",121.69999999999523,"[46, 46]","[0, 0]","[0, 0]",9
49,"[0, 1]",122.69999999999517,"[48, 48]","[0, 0]","[0, 0]",9
50,"[0, 3]",153.6500000000007,"[49, 43]","[0, 0]","[0, 0]",9
51,"[0, 3]",156.00000000000122,"[50, 50]","[0, 0]","[0, 0]",9
52,"[0, 3]",157.45000000000155,"[51, 51]","[0, 0]","[0, 0]",9
53,"[0, 1]",128.29999999999492,"[52, -999]","[0, 0]","[0, 0]",9
54,"[0, 3]",159.55000000000203,"[53, 52]","[0, 0]","[0, 0]",9
55,"[0, 1]",131.6999999999957,"[54, 53]","[0, 0]","[0, 0]",9
56,"[0, 1]",132.1999999999958,"[55, 55]","[0, 0]","[0, 0]",9
57,"[0, 1]",132.74999999999594,"[56, 56]","[0, 0]","[0, 0]",9
58,"[0, 1]",133.39999999999608,"[57, 57]","[0, 0]","[0, 0]",9
59,"[0, 3]",164.05000000000305,"[58, 54]","[0, 0]","[0, 0]",9
60,"[0, 1]",136.39999999999677,"[59, 58]","[0, 0]","[0, 0]",9
61,"[0, 1]",136.64999999999682,"[60, 60]","[0, 0]","[0, 0]",9
62,"[0, 1]",136.69999999999683,"[61, 61]","[0, 0]","[0, 0]",9
63,"[0, 1]",136.79999999999686,"[62, 62]","[0, 0]","[0, 0]",9
64,"[0, 1]",131.64999999999569,"[63, 63]","[0, 0]","[0, 0]",9
65,"[0, 1]",131.19999999999558,"[64, 64]","[0, 0]","[0, 0]",9
66,"[0, 3]",161.75000000000253,"[65, 59]","[0, 0]","[0, 0]",9
67,"[0, 1]",134.04999999999623,"[66, 65]","[0, 0]","[0, 0]",9
68,"[0, 3]",164.80000000000322,"[67, 66]","[0.25, 0]","[0, 0]",9
69,"[0, 3]",166.0000000000035,"[68, 68]","[0.9500000000000003, 0]","[0, 0]",9
70,"[0, 3]",163.20000000000286,"[69, 69]","[1.3500000000000005, 0]","[0, 0]",9
71,"[0, 1]",133.24999999999605,"[70, -999]","[1.6500000000000008, 0]","[0, 0]",9
72,"[0, 1]",133.99999999999622,"[71, 71]","[2.0500000000000007, 0]","[0, 0]",9
73,"[0, 1]",134.7499999999964,"[72, 72]","[2.4499999999999993, 0]","[0, 0]",9
74,"[0, 1]",135.34999999999653,"[73, 73]","[2.1500000000000004, 0]","[0, 0]",9
75,"[0, 1]",129.9499999999953,"[74, 74]","[0, 0]","[0, 0]",9
76,"[0, 3]",159.450000000002,"[75, 70]","[0, 0]","[0, 0]",9
77,"[0, 3]",161.6000000000025,"[76, 76]","[0, 0]","[0, 0]",9
78,"[0, 1]",132.999999999996,"[77, 75]","[0, 0]","[0, 0]",9
79,"[0, 1]",133.74999999999616,"[78, 78]","[0, 0]","[0, 0]",9
0,"[2, 1]",36.40000000000007,"[-999, -999]","[0, 0]","[0, 0]",10
1,"[2, 1]",38.09999999999997,"[0, 0]","[0, 0]","[0, 0]",10
2,"[2, 1]",39.89999999999987,"[1, 1]","[0, 0]","[0, 0]",10
3,"[2, 1]",41.79999999999976,"[2, 2]","[0, 0]","[0, 0]",10
4,"[2, 1]",43.54999999999966,"[3, 3]","[0, 0]","[0, 0]",10
5,"[2, 1]",45.04999999999958,"[4, 4]","[0, 0]","[0, 0]",10
6,"[2, 1]",46.349999999999504,"[5, 5]","[0, 0]","[0, 0]",10
7,"[2, 1]",47.34999999999945,"[6, 6]","[0, 0]","[0, 0]",10
8,"[0, 1]",67.84999999999829,"[-999, 7]","[0, 0]","[0, 0]",10
9,"[2, 3]",74.04999999999794,"[7, -999]","[0, 0]","[0, 0]",10
10,"[2, 3]",76.94999999999777,"[9, 9]","[0, 0]","[0, 0]",10
11,"[0, 3]",102.7999999999963,"[8, 10]","[0, 0]","[0, 0]",10
12,"[0, 1]",73.14999999999799,"[11, 43]","[0, 0]","[0, 0]",10
13,"[0, 1]",74.34999999999792,"[12, 12]","[0, 0]","[0, 0]",10
14,"[0, 1]",75.49999999999785,"[13, 13]","[0, 0]","[0, 0]",10
15,"[0, 1]",76.59999999999779,"[14, 14]","[0, 0]","[0, 0]",10
16,"[0, 1]",77.64999999999773,"[15, 15]","[0, 0]","[0, 0]",10
17,"[0, 1]",78.64999999999768,"[16, 16]","[0, 0]","[0, 0]",10
18,"[0, 1]",79.74999999999761,"[17, 17]","[0, 0]","[0, 0]",10
19,"[0, 3]",110.69999999999585,"[18, 11]","[0, 0]","[0, 0]",10
20,"[0, 3]",113.04999999999572,"[19, 19]","[0, 0]","[0, 0]",10
21,"[0, 1]",84.54999999999734,"[20, 18]","[0, 0]","[0, 0]",10
22,"[0, 1]",85.69999999999727,"[21, 21]","[0, 0]","[0, 0]",10
23,"[0, 1]",86.74999999999721,"[22, 22]","[0, 0]","[0, 0]",10
24,"[0, 1]",87.79999999999715,"[23, 23]","[0, 0]","[0, 0]",10
25,"[0, 1]",88.8499999999971,"[24, 24]","[0, 0]","[0, 0]",10
26,"[0, 3]",119.84999999999533,"[25, 20]","[0, 0]","[0, 0]",10
27,"[0, 1]",92.64999999999688,"[26, 25]","[0, 0]","[0, 0]",10
28,"[0, 3]",123.9499999999951,"[27, 26]","[0, 0]","[0, 0]",10
29,"[0, 1]",96.54999999999666,"[28, 27]","[0, 0]","[0, 0]",10
30,"[0, 1]",97.6499999999966,"[29, 29]","[0, 0]","[0, 0]",10
31,"[0, 1]",98.74999999999653,"[30, 30]","[0, 0]","[0, 0]",10
32,"[0, 1]",99.79999999999647,"[31, 31]","[0, 0]","[0, 0]",10
33,"[0, 1]",100.89999999999641,"[32, 32]","[0, 0]","[0, 0]",10
34,"[0, 1]",101.89999999999635,"[33, 33]","[0, 0]","[0, 0]",10
35,"[0, 1]",102.99999999999629,"[34, 34]","[0, 0]","[0, 0]",10
36,"[0, 1]",103.99999999999623,"[35, 35]","[0, 0]","[0, 0]",10
37,"[0, 1]",104.99999999999618,"[36, 36]","[0, 0]","[0, 0]",10
38,"[0, 3]",135.94999999999666,"[37, -999]","[0, 0]","[0, 0]",10
39,"[0, 1]",108.74999999999596,"[38, 37]","[0, 0]","[0, 0]",10
40,"[0, 1]",109.8499999999959,"[39, 39]","[0, 0]","[0, 0]",10
41,"[0, 1]",110.99999999999584,"[40, 40]","[0, 0]","[0, 0]",10
42,"[0, 1]",112.04999999999578,"[41, 41]","[0, 0]","[0, 0]",10
43,"[2, 1]",37.25000000000002,"[10, 8]","[0, 0]","[0, 0]",10
44,"[0, 1]",113.09999999999572,"[42, 42]","[0, 0]","[0, 0]",10
45,"[0, 3]",144.09999999999852,"[44, 38]","[0, 0]","[0, 0]",10
46,"[0, 1]",116.7999999999955,"[45, 44]","[0, 0]","[0, 0]",10
47,"[0, 1]",117.89999999999544,"[46, 46]","[0, 0]","[0, 0]",10
48,"[0, 1]",118.94999999999538,"[47, 47]","[0, 0]","[0, 0]",10
49,"[0, 1]",120.04999999999532,"[48, 48]","[0, 0]","[0, 0]",10
50,"[0, 1]",121.09999999999526,"[49, 49]","[0, 0]","[0, 0]",10
51,"[0, 1]",122.04999999999521,"[50, 50]","[0, 0]","[0, 0]",10
52,"[0, 1]",123.04999999999515,"[51, 51]","[0, 0]","[0, 0]",10
53,"[0, 1]",124.0499999999951,"[52, 52]","[0, 0]","[0, 0]",10
54,"[0, 3]",155.000000000001,"[53, 45]","[0, 0]","[0, 0]",10
55,"[0, 1]",127.64999999999489,"[54, 53]","[0, 0]","[0, 0]",10
56,"[0, 1]",128.44999999999496,"[55, 55]","[0, 0]","[0, 0]",10
57,"[0, 1]",129.0499999999951,"[56, 56]","[0, 0]","[0, 0]",10
58,"[0, 1]",129.69999999999524,"[57, 57]","[0, 0]","[0, 0]",10
59,"[0, 1]",130.3999999999954,"[58, 58]","[0, 0]","[0, 0]",10
60,"[0, 1]",131.2499999999956,"[59, 59]","[0, 0]","[0, 0]",10
61,"[0, 1]",131.99999999999577,"[60, 60]","[0, 0]","[0, 0]",10
62,"[0, 1]",132.5499999999959,"[61, 61]","[0, 0]","[0, 0]",10
63,"[0, 1]",132.5999999999959,"[62, 62]","[0, 0]","[0, 0]",10
64,"[0, 1]",127.5499999999949,"[63, 63]","[0, 0]","[0, 0]",10
65,"[0, 1]",126.99999999999493,"[64, 64]","[0.35, 0]","[0, 0]",10
66,"[0, 3]",157.45000000000155,"[65, -999]","[0.9500000000000003, 0]","[0, 0]",10
67,"[0, 1]",129.79999999999526,"[66, 65]","[1.3000000000000005, 0]","[0, 0]",10
68,"[0, 1]",130.29999999999538,"[67, 67]","[1.7000000000000008, 0]","[0, 0]",10
69,"[0, 1]",130.69999999999547,"[68, 68]","[1.6000000000000008, 0]","[0, 0]",10
70,"[0, 3]",159.8500000000021,"[69, 66]","[0, 0]","[0, 0]",10
71,"[0, 1]",127.14999999999492,"[70, 69]","[0, 0]","[0, 0]",10
72,"[0, 1]",127.99999999999487,"[71, 71]","[0, 0]","[0, 0]",10
73,"[0, 1]",128.84999999999505,"[72, 72]","[0, 0]","[0, 0]",10
74,"[0, 1]",129.64999999999523,"[73, 73]","[0, 0]","[0, 0]",10
75,"[0, 3]",160.40000000000222,"[74, 70]","[0, 0]","[0, 0]",10
76,"[0, 1]",132.89999999999597,"[75, 74]","[0, 0]","[0, 0]",10
77,"[0, 1]",133.74999999999616,"[76, 76]","[0, 0]","[0, 0]",10
78,"[0, 1]",134.24999999999628,"[77, 77]","[0, 0]","[0, 0]",10
79,"[0, 1]",130.54999999999544,"[78, 78]","[0, 0]","[0, 0]",10
0,"[2, 1]",36.40000000000007,"[-999, -999]","[0, 0]","[0, 0]",11
1,"[2, 1]",38.09999999999997,"[0, 0]","[0, 0]","[0, 0]",11
2,"[2, 1]",39.89999999999987,"[1, 1]","[0, 0]","[0, 0]",11
3,"[0, 3]",103.74999999999625,"[-999, 10]","[0, 0]","[2.799999999999998, 0]",11
4,"[2, 1]",41.79999999999976,"[2, 2]","[0, 0]","[0, 0]",11
5,"[2, 3]",69.79999999999818,"[4, -999]","[0, 0]","[0, 0]",11
6,"[2, 1]",41.1499999999998,"[5, 4]","[0, 0]","[0, 0]",11
7,"[2, 1]",42.999999999999694,"[6, 6]","[0, 0]","[0, 0]",11
8,"[0, 1]",72.24999999999804,"[3, 7]","[0, 0]","[0, 0]",11
9,"[2, 3]",70.69999999999813,"[7, 5]","[0, 0]","[0, 0]",11
10,"[2, 3]",72.999999999998,"[9, 9]","[0, 0]","[0, 0]",11
11,"[0, 1]",74.04999999999794,"[8, 8]","[0, 0]","[0, 0]",11
12,"[2, 3]",80.24999999999758,"[10, 3]","[1.6000000000000008, 0]","[1.6000000000000008, 0]",11
13,"[0, 1]",75.24999999999787,"[11, 11]","[0, 0]","[0, 0]",11
14,"[0, 1]",76.3999999999978,"[13, 13]","[0, 0]","[0, 0]",11
15,"[0, 1]",83.3999999999974,"[14, 59]","[3.5499999999999954, 0]","[3.5499999999999954, 0]",11
16,"[0, 3]",109.7999999999959,"[15, 12]","[0, 0]","[0, 0]",11
17,"[0, 3]",112.14999999999577,"[16, 16]","[0, 0]","[0, 0]",11
18,"[0, 1]",83.69999999999739,"[17, 15]","[0, 0]","[0, 0]",11
19,"[0, 3]",116.74999999999551,"[18, 78]","[0, 0]","[0, 0]",11
20,"[0, 3]",118.24999999999542,"[19, 19]","[0, 0]","[0, 0]",11
21,"[0, 1]",89.04999999999708,"[20, 18]","[0, 0]","[0, 0]",11
22,"[0, 1]",90.14999999999702,"[21, 21]","[0, 0]","[0, 0]",11
23,"[0, 1]",91.29999999999696,"[22, 22]","[0, 0]","[0, 0]",11
24,"[0, 1]",92.3499999999969,"[23, 23]","[0, 0]","[0, 0]",11
25,"[0, 1]",93.34999999999684,"[24, 24]","[0, 0]","[0, 0]",11
26,"[0, 3]",124.29999999999508,"[25, 20]","[0, 0]","[0, 0]",11
27,"[0, 1]",97.09999999999663,"[26, 25]","[0, 0]","[0, 0]",11
28,"[0, 1]",98.19999999999656,"[27, 27]","[0, 0]","[0, 0]",11
29,"[0, 1]",99.2999999999965,"[28, 28]","[0, 0]","[0, 0]",11
30,"[0, 1]",100.34999999999644,"[29, 29]","[0, 0]","[0, 0]",11
31,"[0, 1]",101.44999999999638,"[30, 30]","[0, 0]","[0, 0]",11
32,"[0, 1]",102.44999999999632,"[31, 31]","[0, 0]","[0, 0]",11
33,"[0, 1]",103.49999999999626,"[32, 32]","[0, 0]","[0, 0]",11
34,"[0, 3]",134.54999999999634,"[33, 26]","[0, 0]","[0, 0]",11
35,"[0, 1]",107.29999999999605,"[34, 33]","[0, 0]","[0, 0]",11
36,"[0, 1]",108.39999999999598,"[35, 35]","[0, 0]","[0, 0]",11
37,"[0, 1]",109.44999999999592,"[36, 36]","[0, 0]","[0, 0]",11
38,"[0, 1]",110.54999999999586,"[37, 37]","[0, 0]","[0, 0]",11
39,"[0, 1]",111.5499999999958,"[38, 38]","[0, 0]","[0, 0]",11
40,"[0, 1]",112.54999999999575,"[39, 39]","[0, 0]","[0, 0]",11
41,"[0, 1]",113.54999999999569,"[40, 40]","[0, 0]","[0, 0]",11
42,"[0, 1]",114.59999999999563,"[41, 41]","[0, 0]","[0, 0]",11
43,"[0, 1]",115.64999999999557,"[42, 42]","[0, 0]","[0, 0]",11
44,"[0, 1]",116.69999999999551,"[43, 43]","[0, 0]","[0, 0]",11
45,"[0, 1]",117.74999999999545,"[44, 44]","[0, 0]","[0, 0]",11
46,"[0, 1]",118.7499999999954,"[45, 45]","[0, 0]","[0, 0]",11
47,"[0, 3]",149.6999999999998,"[46, -999]","[0, 0]","[0, 0]",11
48,"[0, 1]",122.49999999999518,"[47, 46]","[0, 0]","[0, 0]",11
49,"[0, 1]",123.59999999999512,"[48, 48]","[0, 0]","[0, 0]",11
50,"[0, 1]",124.64999999999506,"[49, 49]","[0, 0]","[0, 0]",11
51,"[0, 3]",155.4500000000011,"[50, 47]","[0, 0]","[0, 0]",11
52,"[0, 3]",157.55000000000157,"[51, 51]","[0, 0]","[0, 0]",11
53,"[0, 1]",128.74999999999503,"[52, 50]","[0, 0]","[0, 0]",11
54,"[0, 3]",159.95000000000212,"[53, 52]","[0, 0]","[0, 0]",11
55,"[0, 1]",132.0999999999958,"[54, 53]","[0, 0]","[0, 0]",11
56,"[0, 1]",132.84999999999596,"[55, 55]","[0, 0]","[0, 0]",11
57,"[0, 1]",133.59999999999613,"[56, 56]","[0, 0]","[0, 0]",11
58,"[0, 1]",134.14999999999625,"[57, 57]","[0, 0]","[0, 0]",11
59,"[2, 1]",38.14999999999997,"[7, 14]","[0, 0]","[0, 0]",11
60,"[0, 1]",129.4999999999952,"[58, 58]","[0, 0]","[0, 0]",11
61,"[0, 1]",129.44999999999519,"[60, 60]","[0, 0]","[0, 0]",11
62,"[0, 1]",130.04999999999532,"[61, 61]","[0, 0]","[0, 0]",11
63,"[0, 1]",130.4499999999954,"[62, 62]","[0, 0]","[0, 0]",11
64,"[0, 3]",160.40000000000222,"[63, 54]","[0, 0]","[0, 0]",11
65,"[0, 1]",132.49999999999588,"[64, 63]","[0, 0]","[0, 0]",11
66,"[0, 3]",163.50000000000293,"[65, 64]","[0, 0]","[0, 0]",11
67,"[0, 1]",135.74999999999662,"[66, 65]","[0, 0]","[0, 0]",11
68,"[0, 1]",136.44999999999678,"[67, 67]","[0, 0]","[0, 0]",11
69,"[0, 3]",166.75000000000367,"[68, 66]","[0, 0]","[0, 0]",11
70,"[0, 3]",168.00000000000395,"[69, 69]","[0, 0]","[0, 0]",11
71,"[0, 1]",138.64999999999728,"[70, 68]","[0, 0]","[0, 0]",11
72,"[0, 1]",138.6999999999973,"[71, 71]","[0, 0]","[0, 0]",11
73,"[0, 1]",133.79999999999617,"[72, 72]","[0, 0]","[0, 0]",11
74,"[0, 1]",133.09999999999602,"[73, 73]","[0, 0]","[0, 0]",11
75,"[0, 1]",133.64999999999614,"[74, 74]","[0, 0]","[0, 0]",11
76,"[0, 1]",134.14999999999625,"[75, 75]","[0, 0]","[0, 0]",11
77,"[0, 1]",134.04999999999623,"[76, 76]","[0, 0]","[0, 0]",11
78,"[2, 3]",69.54999999999819,"[59, 17]","[0, 0]","[0, 0]",11
79,"[0, 1]",133.09999999999602,"[77, 77]","[0, 0]","[0, 0]",11
0,"[2, 1]",36.40000000000007,"[-999, -999]","[0, 0]","[0, 0]",12
1,"[2, 1]",38.09999999999997,"[0, 0]","[0, 0]","[0, 0]",12
2,"[2, 1]",39.89999999999987,"[1, 1]","[0, 0]","[0, 0]",12
3,"[2, 1]",41.79999999999976,"[2, 2]","[0, 0]","[0, 0]",12
4,"[2, 1]",43.54999999999966,"[3, 3]","[0, 0]","[0, 0]",12
5,"[0, 1]",67.6499999999983,"[-999, 7]","[0, 0]","[0, 0]",12
6,"[2, 1]",45.099999999999575,"[4, 4]","[0, 0]","[0, 0]",12
7,"[2, 1]",46.349999999999504,"[6, 6]","[0, 0]","[0, 0]",12
8,"[0, 1]",70.14999999999816,"[5, 5]","[0, 0]","[0, 0]",12
9,"[2, 3]",72.74999999999801,"[7, -999]","[0, 0]","[0, 0]",12
10,"[2, 3]",75.54999999999785,"[9, 9]","[0, 0]","[0, 0]",12
11,"[0, 1]",76.3999999999978,"[8, 19]","[2.6499999999999986, 0]","[2.6499999999999986, 0]",12
12,"[2, 3]",77.49999999999774,"[10, 10]","[0, 0]","[0, 0]",12
13,"[0, 1]",76.74999999999778,"[11, 11]","[0, 0]","[0, 0]",12
14,"[0, 1]",83.64999999999739,"[13, 55]","[3.5499999999999954, 0]","[3.5499999999999954, 0]",12
15,"[0, 1]",83.14999999999742,"[14, 14]","[0, 0]","[0, 0]",12
16,"[0, 1]",83.79999999999738,"[15, 15]","[0, 0]","[0, 0]",12
17,"[0, 3]",114.64999999999563,"[16, 12]","[0, 0]","[0, 0]",12
18,"[0, 1]",87.39999999999718,"[17, 16]","[0, 0]","[0, 0]",12
19,"[2, 1]",48.99999999999935,"[12, 8]","[0, 0]","[0, 0]",12
20,"[0, 1]",88.49999999999712,"[18, 18]","[0, 0]","[0, 0]",12
21,"[0, 1]",89.54999999999706,"[20, 20]","[0, 0]","[0, 0]",12
22,"[0, 1]",90.599999999997,"[21, 21]","[0, 0]","[0, 0]",12
23,"[0, 1]",91.69999999999693,"[22, 22]","[0, 0]","[0, 0]",12
24,"[0, 1]",92.69999999999688,"[23, 23]","[0, 0]","[0, 0]",12
25,"[0, 1]",93.74999999999682,"[24, 24]","[0, 0]","[0, 0]",12
26,"[0, 1]",94.84999999999675,"[25, 25]","[0, 0]","[0, 0]",12
27,"[0, 1]",95.8999999999967,"[26, 26]","[0, 0]","[0, 0]",12
28,"[0, 1]",96.84999999999664,"[27, 27]","[0, 0]","[0, 0]",12
29,"[0, 1]",97.84999999999658,"[28, 28]","[0, 0]","[0, 0]",12
30,"[0, 1]",98.94999999999652,"[29, 29]","[0, 0]","[0, 0]",12
31,"[0, 1]",99.99999999999646,"[30, 30]","[0, 0]","[0, 0]",12
32,"[0, 1]",100.9999999999964,"[31, 31]","[0, 0]","[0, 0]",12
33,"[0, 1]",101.99999999999635,"[32, 32]","[0, 0]","[0, 0]",12
34,"[0, 3]",132.999999999996,"[33, -999]","[0, 0]","[0, 0]",12
35,"[0, 1]",105.79999999999613,"[34, 33]","[0, 0]","[0, 0]",12
36,"[0, 1]",106.89999999999607,"[35, 35]","[0, 0]","[0, 0]",12
37,"[0, 1]",107.999999999996,"[36, 36]","[0, 0]","[0, 0]",12
38,"[0, 1]",109.09999999999594,"[37, 37]","[0, 0]","[0, 0]",12
39,"[0, 1]",110.09999999999589,"[38, 38]","[0, 0]","[0, 0]",12
40,"[0, 1]",111.09999999999583,"[39, 39]","[0, 0]","[0, 0]",12
41,"[0, 1]",112.14999999999577,"[40, 40]","[0, 0]","[0, 0]",12
42,"[0, 3]",143.0999999999983,"[41, 34]","[0, 0]","[0, 0]",12
43,"[0, 3]",145.3999999999988,"[42, 42]","[0, 0]","[0, 0]",12
44,"[0, 1]",116.9499999999955,"[43, 41]","[0, 0]","[0, 0]",12
45,"[0, 3]",148.4499999999995,"[44, 43]","[0, 0]","[0, 0]",12
46,"[0, 1]",120.89999999999527,"[45, 44]","[0, 0]","[0, 0]",12
47,"[0, 1]",121.99999999999521,"[46, 46]","[0, 0]","[0, 0]",12
48,"[0, 1]",123.09999999999515,"[47, 47]","[0, 0]","[0, 0]",12
49,"[0, 1]",124.14999999999509,"[48, 48]","[0, 0]","[0, 0]",12
50,"[0, 3]",155.20000000000104,"[49, 45]","[0, 0]","[0, 0]",12
51,"[0, 1]",127.99999999999487,"[50, 49]","[0, 0]","[0, 0]",12
52,"[0, 3]",159.35000000000198,"[51, 50]","[0, 0]","[0, 0]",12
53,"[0, 1]",131.84999999999573,"[52, 51]","[0, 0]","[0, 0]",12
54,"[0, 1]",132.999999999996,"[53, 53]","[0, 0]","[0, 0]",12
55,"[2, 1]",39.89999999999987,"[19, 13]","[0, 0]","[0, 0]",12
56,"[0, 1]",133.99999999999622,"[54, 54]","[0, 0]","[0, 0]",12
57,"[0, 1]",134.89999999999642,"[56, 56]","[0, 0]","[0, 0]",12
58,"[0, 1]",135.6499999999966,"[57, 57]","[0, 0]","[0, 0]",12
59,"[0, 1]",136.1499999999967,"[58, 58]","[0, 0]","[0, 0]",12
60,"[0, 1]",131.64999999999569,"[59, 59]","[0, 0]","[0, 0]",12
61,"[0, 1]",131.09999999999556,"[60, 60]","[0, 0]","[0, 0]",12
62,"[0, 1]",131.64999999999569,"[61, 61]","[0, 0]","[0, 0]",12
63,"[0, 1]",132.24999999999582,"[62, 62]","[0, 0]","[0, 0]",12
64,"[0, 3]",162.4500000000027,"[63, -999]","[0, 0]","[0, 0]",12
65,"[0, 1]",134.54999999999634,"[64, 63]","[0, 0]","[0, 0]",12
66,"[0, 3]",165.45000000000337,"[65, 64]","[0.39999999999999997, 0]","[0, 0]",12
67,"[0, 1]",137.49999999999702,"[66, 65]","[0.25, 0]","[0, 0]",12
68,"[0, 1]",132.69999999999592,"[67, 67]","[0, 0]","[0, 0]",12
69,"[0, 3]",162.75000000000276,"[68, 66]","[0, 0]","[0, 0]",12
70,"[0, 1]",134.99999999999645,"[69, 68]","[0, 0]","[0, 0]",12
71,"[0, 1]",135.6999999999966,"[70, 70]","[0, 0]","[0, 0]",12
72,"[0, 1]",136.0999999999967,"[71, 71]","[0, 0]","[0, 0]",12
73,"[0, 1]",132.84999999999596,"[72, 72]","[0, 0]","[0, 0]",12
74,"[0, 1]",131.64999999999569,"[73, 73]","[0, 0]","[0, 0]",12
75,"[0, 1]",132.29999999999583,"[74, 74]","[0, 0]","[0, 0]",12
76,"[0, 3]",162.80000000000277,"[75, 69]","[0, 0]","[0, 0]",12
77,"[0, 1]",133.8499999999962,"[76, 75]","[0, 0]","[0, 0]",12
78,"[0, 1]",133.09999999999602,"[77, 77]","[0, 0]","[0, 0]",12
79,"[0, 1]",133.59999999999613,"[78, 78]","[0, 0]","[0, 0]",12
0,"[2, 1]",36.40000000000007,"[-999, -999]","[0, 0]","[0, 0]",13
1,"[2, 1]",38.09999999999997,"[0, 0]","[0, 0]","[0, 0]",13
2,"[2, 3]",68.64999999999824,"[1, -999]","[0, 0]","[0, 0]",13
3,"[0, 1]",67.49999999999831,"[-999, 7]","[0, 0]","[0, 0]",13
4,"[2, 1]",37.40000000000001,"[2, 1]","[0, 0]","[0, 0]",13
5,"[2, 1]",39.19999999999991,"[4, 4]","[0, 0]","[0, 0]",13
6,"[2, 1]",41.0999999999998,"[5, 5]","[0, 0]","[0, 0]",13
7,"[2, 1]",42.9499999999997,"[6, 6]","[0, 0]","[0, 0]",13
8,"[0, 1]",78.64999999999768,"[3, 19]","[2.799999999999998, 0]","[2.799999999999998, 0]",13
9,"[2, 3]",73.49999999999797,"[7, 2]","[0, 0]","[0, 0]",13
10,"[2, 3]",76.09999999999782,"[9, 9]","[0, 0]","[0, 0]",13
11,"[0, 1]",78.69999999999767,"[8, 8]","[0, 0]","[0, 0]",13
12,"[2, 1]",43.499999999999666,"[10, 3]","[0, 0]","[0, 0]",13
13,"[0, 1]",79.44999999999763,"[11, 11]","[0, 0]","[0, 0]",13
14,"[0, 1]",90.04999999999703,"[13, 59]","[5.549999999999988, 0]","[5.549999999999988, 0]",13
15,"[0, 1]",89.44999999999706,"[14, 14]","[0, 0]","[0, 0]",13
16,"[0, 1]",90.14999999999702,"[15, 15]","[0, 0]","[0, 0]",13
17,"[0, 3]",124.09999999999509,"[16, 78]","[3.349999999999996, 0]","[3.349999999999996, 0]",13
18,"[0, 1]",94.74999999999676,"[17, 16]","[0, 0]","[0, 0]",13
19,"[2, 1]",45.34999999999956,"[12, 12]","[0, 0]","[0, 0]",13
20,"[0, 1]",95.8499999999967,"[18, 18]","[1.3500000000000005, 0]","[0, 0]",13
21,"[0, 1]",96.99999999999663,"[20, 20]","[1.900000000000001, 0]","[0, 0]",13
22,"[0, 1]",98.04999999999657,"[21, 21]","[1.7000000000000008, 0]","[0, 0]",13
23,"[0, 1]",99.09999999999651,"[22, 22]","[1.2500000000000004, 0]","[0, 0]",13
24,"[0, 1]",100.09999999999646,"[23, 23]","[0.6, 0]","[0, 0]",13
25,"[0, 1]",101.0999999999964,"[24, 24]","[0, 0]","[0, 0]",13
26,"[0, 1]",102.14999999999634,"[25, 25]","[0, 0]","[0, 0]",13
27,"[0, 1]",103.14999999999628,"[26, 26]","[0, 0]","[0, 0]",13
28,"[0, 1]",104.24999999999622,"[27, 27]","[0, 0]","[0, 0]",13
29,"[0, 1]",105.29999999999616,"[28, 28]","[0, 0]","[0, 0]",13
30,"[0, 1]",106.3499999999961,"[29, 29]","[1.3000000000000005, 0]","[0, 0]",13
31,"[0, 1]",107.39999999999604,"[30, 30]","[1.850000000000001, 0]","[0, 0]",13
32,"[0, 1]",108.49999999999598,"[31, 31]","[2.3, 0]","[0, 0]",13
33,"[0, 1]",109.54999999999592,"[32, 32]","[2.7499999999999982, 0]","[0, 0]",13
34,"[0, 1]",110.54999999999586,"[33, 33]","[2.8999999999999977, 0]","[0, 0]",13
35,"[0, 1]",111.5999999999958,"[34, 34]","[2.5999999999999988, 0]","[0, 0]",13
36,"[0, 1]",112.59999999999575,"[35, 35]","[2.1000000000000005, 0]","[0, 0]",13
37,"[0, 1]",113.64999999999569,"[36, 36]","[1.5000000000000007, 0]","[0, 0]",13
38,"[0, 3]",144.54999999999862,"[37, -999]","[0.9000000000000002, 0]","[0, 0]",13
39,"[0, 1]",117.34999999999548,"[38, 37]","[0, 0]","[0, 0]",13
40,"[0, 1]",118.44999999999541,"[39, 39]","[0, 0]","[0, 0]",13
41,"[0, 1]",119.54999999999535,"[40, 40]","[0, 0]","[0, 0]",13
42,"[0, 1]",120.59999999999529,"[41, 41]","[0, 0]","[0, 0]",13
43,"[0, 1]",121.64999999999523,"[42, 42]","[0, 0]","[0, 0]",13
44,"[0, 1]",122.54999999999518,"[43, 43]","[0, 0]","[0, 0]",13
45,"[0, 3]",152.90000000000052,"[44, 38]","[0, 0]","[0, 0]",13
46,"[0, 1]",124.69999999999506,"[45, 44]","[0, 0]","[0, 0]",13
47,"[0, 3]",155.75000000000117,"[46, 45]","[0, 0]","[0, 0]",13
48,"[0, 1]",128.09999999999488,"[47, 46]","[0, 0]","[0, 0]",13
49,"[0, 1]",129.0999999999951,"[48, 48]","[0, 0]","[0, 0]",13
50,"[0, 1]",130.09999999999533,"[49, 49]","[0, 0]","[0, 0]",13
51,"[0, 3]",160.95000000000235,"[50, 47]","[0, 0]","[0, 0]",13
52,"[0, 3]",162.9500000000028,"[51, 51]","[0, 0]","[0, 0]",13
53,"[0, 1]",134.09999999999624,"[52, 50]","[0, 0]","[0, 0]",13
54,"[0, 3]",165.00000000000327,"[53, 52]","[0, 0]","[0, 0]",13
55,"[2, 1]",42.69999999999971,"[19, 13]","[0, 0]","[0, 0]",13
56,"[0, 1]",136.69999999999683,"[54, 53]","[0, 0]","[0, 0]",13
57,"[0, 1]",136.79999999999686,"[56, 56]","[0, 0]","[0, 0]",13
58,"[0, 1]",136.84999999999687,"[57, 57]","[0, 0]","[0, 0]",13
59,"[2, 1]",42.59999999999972,"[55, 55]","[0, 0]","[0, 0]",13
60,"[0, 1]",136.89999999999688,"[58, 58]","[0, 0]","[0, 0]",13
61,"[0, 1]",136.84999999999687,"[60, 60]","[0, 0]","[0, 0]",13
62,"[0, 1]",136.84999999999687,"[61, 61]","[0, 0]","[0, 0]",13
63,"[0, 1]",136.89999999999688,"[62, 62]","[0, 0]","[0, 0]",13
64,"[0, 3]",166.70000000000366,"[63, 54]","[0, 0]","[0, 0]",13
65,"[0, 1]",133.69999999999615,"[64, 63]","[0, 0]","[0, 0]",13
66,"[0, 3]",163.25000000000287,"[65, 64]","[0, 0]","[0, 0]",13
67,"[0, 1]",135.2499999999965,"[66, 65]","[0.9000000000000002, 0]","[0, 0]",13
68,"[0, 3]",166.15000000000353,"[67, 66]","[1.3500000000000005, 0]","[0, 0]",13
69,"[0, 1]",137.99999999999713,"[68, 67]","[1.7500000000000009, 0]","[0, 0]",13
70,"[0, 3]",168.7000000000041,"[69, 68]","[2.000000000000001, 0]","[0, 0]",13
71,"[0, 1]",140.69999999999774,"[70, 69]","[1.5000000000000007, 0]","[0, 0]",13
72,"[0, 1]",135.44999999999655,"[71, 71]","[0, 0]","[0, 0]",13
73,"[0, 1]",135.59999999999658,"[72, 72]","[0, 0]","[0, 0]",13
74,"[0, 1]",136.39999999999677,"[73, 73]","[0, 0]","[0, 0]",13
75,"[0, 1]",137.0499999999969,"[74, 74]","[0, 0]","[0, 0]",13
76,"[0, 3]",164.45000000000314,"[75, 70]","[0, 0]","[0, 0]",13
77,"[0, 1]",136.1499999999967,"[76, 75]","[0, 0]","[0, 0]",13
78,"[2, 3]",67.84999999999829,"[59, 10]","[0, 0]","[0, 0]",13
79,"[0, 1]",136.74999999999685,"[77, 77]","[0, 0]","[0, 0]",13
0,"[2, 1]",36.40000000000007,"[-999, -999]","[0, 0]","[0, 0]",14
1,"[2, 1]",38.09999999999997,"[0, 0]","[0, 0]","[0, 0]",14
2,"[2, 1]",39.89999999999987,"[1, 1]","[0, 0]","[0, 0]",14
3,"[2, 1]",41.79999999999976,"[2, 2]","[0, 0]","[0, 0]",14
4,"[2, 1]",43.54999999999966,"[3, 3]","[0, 0]","[0, 0]",14
5,"[2, 1]",45.099999999999575,"[4, 4]","[0, 0]","[0, 0]",14
6,"[2, 1]",46.349999999999504,"[5, 5]","[0, 0]","[0, 0]",14
7,"[2, 1]",47.399999999999444,"[6, 6]","[0, 0]","[0, 0]",14
8,"[2, 1]",48.449999999999385,"[7, 7]","[0, 0]","[0, 0]",14
9,"[2, 3]",76.5499999999978,"[8, -999]","[0, 0]","[0, 0]",14
10,"[2, 3]",79.64999999999762,"[9, 9]","[0, 0]","[0, 0]",14
11,"[2, 1]",53.349999999999106,"[10, 14]","[0, 0]","[0, 0]",14
12,"[2, 1]",58.84999999999879,"[11, 15]","[0, 0]","[0, 0]",14
13,"[0, 1]",67.84999999999829,"[-999, 8]","[0, 0]","[0, 0]",14
14,"[0, 1]",70.14999999999816,"[13, 13]","[0, 0]","[0, 0]",14
15,"[0, 1]",75.89999999999783,"[14, 11]","[2.3499999999999996, 0]","[2.3499999999999996, 0]",14
16,"[0, 3]",106.2499999999961,"[15, 10]","[0, 0]","[0, 0]",14
17,"[0, 1]",82.89999999999743,"[16, 55]","[2.7499999999999982, 0]","[2.7499999999999982, 0]",14
18,"[0, 1]",83.24999999999741,"[17, 17]","[0, 0]","[0, 0]",14
19,"[0, 3]",111.09999999999583,"[18, 16]","[0, 0]","[0, 0]",14
20,"[0, 1]",83.74999999999739,"[19, 18]","[0, 0]","[0, 0]",14
21,"[0, 1]",84.84999999999732,"[20, 20]","[0, 0]","[0, 0]",14
22,"[0, 1]",85.89999999999726,"[21, 21]","[0, 0]","[0, 0]",14
23,"[0, 1]",86.9499999999972,"[22, 22]","[0, 0]","[0, 0]",14
24,"[0, 1]",87.99999999999714,"[23, 23]","[0, 0]","[0, 0]",14
25,"[0, 1]",89.09999999999708,"[24, 24]","[0, 0]","[0, 0]",14
26,"[0, 3]",120.04999999999532,"[25, 78]","[0, 0]","[0, 0]",14
27,"[0, 1]",92.84999999999687,"[26, 25]","[0, 0]","[0, 0]",14
28,"[0, 1]",93.9499999999968,"[27, 27]","[0, 0]","[0, 0]",14
29,"[0, 1]",95.09999999999674,"[28, 28]","[0, 0]","[0, 0]",14
30,"[0, 1]",96.14999999999668,"[29, 29]","[0, 0]","[0, 0]",14
31,"[0, 1]",97.19999999999662,"[30, 30]","[0, 0]","[0, 0]",14
32,"[0, 1]",98.19999999999656,"[31, 31]","[0, 0]","[0, 0]",14
33,"[0, 1]",99.2499999999965,"[32, 32]","[0, 0]","[0, 0]",14
34,"[0, 1]",100.29999999999644,"[33, 33]","[0, 0]","[0, 0]",14
35,"[0, 1]",101.29999999999639,"[34, 34]","[0, 0]","[0, 0]",14
36,"[0, 1]",102.34999999999633,"[35, 35]","[0, 0]","[0, 0]",14
37,"[0, 1]",103.39999999999627,"[36, 36]","[0, 0]","[0, 0]",14
38,"[0, 1]",104.39999999999621,"[37, 37]","[0, 0]","[0, 0]",14
39,"[0, 1]",105.44999999999615,"[38, 38]","[0, 0]","[0, 0]",14
40,"[0, 1]",106.54999999999609,"[39, 39]","[0, 0]","[0, 0]",14
41,"[0, 1]",107.59999999999603,"[40, 40]","[0, 0]","[0, 0]",14
42,"[0, 1]",108.64999999999597,"[41, 41]","[0, 0]","[0, 0]",14
43,"[0, 1]",109.69999999999591,"[42, 42]","[0, 0]","[0, 0]",14
44,"[0, 1]",110.69999999999585,"[43, 43]","[0, 0]","[0, 0]",14
45,"[0, 3]",141.64999999999796,"[44, -999]","[0, 0]","[0, 0]",14
46,"[0, 1]",114.44999999999564,"[45, 44]","[0, 0]","[0, 0]",14
47,"[0, 1]",115.59999999999557,"[46, 46]","[0, 0]","[0, 0]",14
48,"[0, 1]",116.69999999999551,"[47, 47]","[0, 0]","[0, 0]",14
49,"[0, 1]",117.74999999999545,"[48, 48]","[0, 0]","[0, 0]",14
50,"[0, 1]",118.79999999999539,"[49, 49]","[0, 0]","[0, 0]",14
51,"[0, 1]",119.74999999999534,"[50, 50]","[0, 0]","[0, 0]",14
52,"[0, 3]",150.70000000000002,"[51, 45]","[0, 0]","[0, 0]",14
53,"[0, 1]",123.44999999999513,"[52, 51]","[0, 0]","[0, 0]",14
54,"[0, 1]",124.59999999999506,"[53, 53]","[0, 0]","[0, 0]",14
55,"[2, 1]",49.34999999999933,"[12, 12]","[0, 0]","[0, 0]",14
56,"[0, 1]",125.649999999995,"[54, 54]","[0, 0]","[0, 0]",14
57,"[0, 1]",126.64999999999495,"[56, 56]","[0, 0]","[0, 0]",14
58,"[0, 1]",127.64999999999489,"[57, 57]","[0, 0]","[0, 0]",14
59,"[0, 1]",128.599999999995,"[58, 58]","[0, 0]","[0, 0]",14
60,"[0, 1]",129.44999999999519,"[59, 59]","[0, 0]","[0, 0]",14
61,"[0, 1]",130.19999999999536,"[60, 60]","[0, 0]","[0, 0]",14
62,"[0, 1]",130.7999999999955,"[61, 61]","[0, 0]","[0, 0]",14
63,"[0, 1]",131.09999999999556,"[62, 62]","[0, 0]","[0, 0]",14
64,"[0, 3]",161.2000000000024,"[63, -999]","[0, 0]","[0, 0]",14
65,"[0, 1]",132.89999999999597,"[64, 63]","[0, 0]","[0, 0]",14
66,"[0, 3]",163.20000000000286,"[65, 64]","[0, 0]","[0, 0]",14
67,"[0, 1]",134.7499999999964,"[66, 65]","[0, 0]","[0, 0]",14
68,"[0, 1]",134.8499999999964,"[67, 67]","[0, 0]","[0, 0]",14
69,"[0, 3]",164.95000000000326,"[68, 66]","[0, 0]","[0, 0]",14
70,"[0, 1]",136.4999999999968,"[69, 68]","[0, 0]","[0, 0]",14
71,"[0, 1]",131.49999999999565,"[70, 70]","[0, 0]","[0, 0]",14
72,"[0, 1]",130.89999999999552,"[71, 71]","[0, 0]","[0, 0]",14
73,"[0, 1]",131.49999999999565,"[72, 72]","[0.9500000000000003, 0]","[0, 0]",14
74,"[0, 1]",132.0999999999958,"[73, 73]","[1.4000000000000006, 0]","[0, 0]",14
75,"[0, 1]",132.44999999999587,"[74, 74]","[1.7500000000000009, 0]","[0, 0]",14
76,"[0, 3]",162.75000000000276,"[75, 69]","[2.0500000000000007, 0]","[0, 0]",14
77,"[0, 1]",134.99999999999645,"[76, 75]","[1.5000000000000007, 0]","[0, 0]",14
78,"[2, 3]",72.69999999999801,"[55, 19]","[0, 0]","[0, 0]",14
79,"[0, 1]",129.84999999999528,"[77, 77]","[0, 0]","[0, 0]",14
0,"[2, 1]",36.40000000000007,"[-999, -999]","[0, 0]","[0, 0]",15
1,"[2, 1]",38.09999999999997,"[0, 0]","[0, 0]","[0, 0]",15
2,"[2, 1]",39.89999999999987,"[1, 1]","[0, 0]","[0, 0]",15
3,"[2, 1]",41.79999999999976,"[2, 2]","[0, 0]","[0, 0]",15
4,"[2, 1]",43.54999999999966,"[3, 3]","[0, 0]","[0, 0]",15
5,"[2, 1]",45.04999999999958,"[4, 4]","[0, 0]","[0, 0]",15
6,"[2, 1]",46.349999999999504,"[5, 5]","[0, 0]","[0, 0]",15
7,"[2, 1]",47.399999999999444,"[6, 6]","[0, 0]","[0, 0]",15
8,"[2, 3]",74.09999999999793,"[7, -999]","[0, 0]","[0, 0]",15
9,"[2, 3]",77.09999999999776,"[8, 8]","[0, 0]","[0, 0]",15
10,"[2, 3]",79.24999999999764,"[9, 9]","[0, 0]","[0, 0]",15
11,"[0, 1]",67.5499999999983,"[-999, 7]","[0, 0]","[0, 0]",15
12,"[2, 1]",50.34999999999928,"[10, 11]","[0, 0]","[0, 0]",15
13,"[0, 3]",105.44999999999615,"[11, 10]","[1.950000000000001, 0]","[1.950000000000001, 0]",15
14,"[0, 1]",82.59999999999745,"[13, 52]","[3.4499999999999957, 0]","[3.4499999999999957, 0]",15
15,"[0, 1]",82.14999999999748,"[14, 14]","[0, 0]","[0, 0]",15
16,"[0, 1]",87.64999999999716,"[15, 55]","[2.4499999999999993, 0]","[2.4499999999999993, 0]",15
17,"[0, 3]",117.54999999999546,"[16, 13]","[0, 0]","[0, 0]",15
18,"[0, 1]",90.24999999999702,"[17, 16]","[0, 0]","[0, 0]",15
19,"[0, 3]",121.59999999999523,"[18, 17]","[0, 0]","[0, 0]",15
20,"[0, 3]",123.8499999999951,"[19, 19]","[0, 0]","[0, 0]",15
21,"[0, 1]",95.34999999999673,"[20, 18]","[0, 0]","[0, 0]",15
22,"[0, 1]",96.39999999999667,"[21, 21]","[0, 0]","[0, 0]",15
23,"[0, 1]",97.4999999999966,"[22, 22]","[0, 0]","[0, 0]",15
24,"[0, 1]",98.59999999999654,"[23, 23]","[0, 0]","[0, 0]",15
25,"[0, 1]",99.59999999999648,"[24, 24]","[0, 0]","[0, 0]",15
26,"[0, 1]",100.59999999999643,"[25, 25]","[0, 0]","[0, 0]",15
27,"[0, 1]",101.64999999999637,"[26, 26]","[0, 0]","[0, 0]",15
28,"[0, 1]",102.7999999999963,"[27, 27]","[0, 0]","[0, 0]",15
29,"[0, 1]",103.79999999999625,"[28, 28]","[0, 0]","[0, 0]",15
30,"[0, 1]",104.74999999999619,"[29, 29]","[0, 0]","[0, 0]",15
31,"[0, 1]",105.79999999999613,"[30, 30]","[0, 0]","[0, 0]",15
32,"[0, 1]",106.84999999999607,"[31, 31]","[0, 0]","[0, 0]",15
33,"[0, 1]",107.89999999999601,"[32, 32]","[0, 0]","[0, 0]",15
34,"[0, 3]",138.84999999999732,"[33, -999]","[0, 0]","[0, 0]",15
35,"[0, 1]",111.6499999999958,"[34, 33]","[0, 0]","[0, 0]",15
36,"[0, 1]",112.74999999999574,"[35, 35]","[0, 0]","[0, 0]",15
37,"[0, 1]",113.79999999999568,"[36, 36]","[0, 0]","[0, 0]",15
38,"[0, 3]",144.79999999999868,"[37, 34]","[0, 0]","[0, 0]",15
39,"[0, 1]",117.59999999999546,"[38, 37]","[0, 0]","[0, 0]",15
40,"[0, 1]",118.6999999999954,"[39, 39]","[0, 0]","[0, 0]",15
41,"[0, 1]",119.74999999999534,"[40, 40]","[0, 0]","[0, 0]",15
42,"[0, 1]",120.79999999999528,"[41, 41]","[0, 0]","[0, 0]",15
43,"[0, 1]",121.89999999999522,"[42, 42]","[0, 0]","[0, 0]",15
44,"[0, 1]",122.89999999999516,"[43, 43]","[0, 0]","[0, 0]",15
45,"[0, 3]",153.80000000000072,"[44, 38]","[0, 0]","[0, 0]",15
46,"[0, 1]",126.49999999999496,"[45, 44]","[0, 0]","[0, 0]",15
47,"[0, 1]",127.4999999999949,"[46, 46]","[0, 0]","[0, 0]",15
48,"[0, 1]",128.44999999999496,"[47, 47]","[0, 0]","[0, 0]",15
49,"[0, 1]",129.39999999999517,"[48, 48]","[0, 0]","[0, 0]",15
50,"[0, 3]",160.3000000000022,"[49, 45]","[0, 0]","[0, 0]",15
51,"[0, 1]",132.84999999999596,"[50, 49]","[0, 0]","[0, 0]",15
52,"[2, 1]",39.649999999999885,"[12, 12]","[0, 0]","[0, 0]",15
53,"[0, 1]",133.64999999999614,"[51, 51]","[0, 0]","[0, 0]",15
54,"[0, 1]",134.3499999999963,"[53, 53]","[0, 0]","[0, 0]",15
55,"[2, 1]",53.79999999999908,"[52, 15]","[6.699999999999984, 0]","[6.699999999999984, 0]",15
56,"[0, 1]",134.54999999999634,"[54, 54]","[0, 0]","[0, 0]",15
57,"[0, 1]",134.59999999999636,"[56, 56]","[0, 0]","[0, 0]",15
58,"[0, 1]",134.69999999999638,"[57, 57]","[0, 0]","[0, 0]",15
59,"[0, 1]",134.7499999999964,"[58, 58]","[0, 0]","[0, 0]",15
60,"[0, 1]",134.54999999999634,"[59, 59]","[0, 0]","[0, 0]",15
61,"[0, 1]",129.5499999999952,"[60, 60]","[0, 0]","[0, 0]",15
62,"[0, 1]",128.94999999999507,"[61, 61]","[0, 0]","[0, 0]",15
63,"[0, 1]",129.44999999999519,"[62, 62]","[0, 0]","[0, 0]",15
64,"[0, 1]",129.8999999999953,"[63, 63]","[0, 0]","[0, 0]",15
65,"[0, 1]",129.84999999999528,"[64, 64]","[0, 0]","[0, 0]",15
66,"[0, 3]",159.50000000000202,"[65, -999]","[0, 0]","[0, 0]",15
67,"[0, 1]",130.69999999999547,"[66, 65]","[0.8000000000000002, 0]","[0, 0]",15
68,"[0, 1]",129.69999999999524,"[67, 67]","[1.3500000000000005, 0]","[0, 0]",15
69,"[0, 1]",129.8999999999953,"[68, 68]","[1.850000000000001, 0]","[0, 0]",15
70,"[0, 1]",130.49999999999542,"[69, 69]","[2.000000000000001, 0]","[0, 0]",15
71,"[0, 1]",131.14999999999557,"[70, 70]","[1.4500000000000006, 0]","[0, 0]",15
72,"[0, 1]",125.94999999999499,"[71, 71]","[0, 0]","[0, 0]",15
73,"[0, 1]",126.04999999999498,"[72, 72]","[0, 0]","[0, 0]",15
74,"[0, 1]",126.89999999999493,"[73, 73]","[0, 0]","[0, 0]",15
75,"[0, 1]",127.5499999999949,"[74, 74]","[0, 0]","[0, 0]",15
76,"[0, 1]",128.04999999999487,"[75, 75]","[0, 0]","[0, 0]",15
77,"[0, 1]",128.2499999999949,"[76, 76]","[0, 0]","[0, 0]",15
78,"[0, 1]",125.39999999999502,"[77, 77]","[0, 0]","[0, 0]",15
79,"[0, 1]",125.19999999999503,"[78, 78]","[0, 0]","[0, 0]",15
0,"[2, 1]",36.40000000000007,"[-999, -999]","[0, 0]","[0, 0]",16
1,"[2, 1]",38.09999999999997,"[0, 0]","[0, 0]","[0, 0]",16
2,"[2, 1]",39.89999999999987,"[1, 1]","[0, 0]","[0, 0]",16
3,"[2, 3]",69.04999999999822,"[2, -999]","[0, 0]","[0, 0]",16
4,"[2, 1]",39.89999999999987,"[3, 2]","[0, 0]","[0, 0]",16
5,"[2, 1]",41.749999999999766,"[4, 4]","[0, 0]","[0, 0]",16
6,"[2, 1]",43.499999999999666,"[5, 5]","[0, 0]","[0, 0]",16
7,"[2, 1]",45.04999999999958,"[6, 6]","[0, 0]","[0, 0]",16
8,"[2, 3]",71.84999999999806,"[7, 3]","[0, 0]","[0, 0]",16
9,"[2, 3]",74.54999999999791,"[8, 8]","[0, 0]","[0, 0]",16
10,"[2, 3]",76.24999999999781,"[9, 9]","[0, 0]","[0, 0]",16
11,"[0, 3]",105.19999999999617,"[-999, 10]","[0, 0]","[2.4499999999999993, 0]",16
12,"[2, 1]",45.39999999999956,"[10, 7]","[0, 0]","[0, 0]",16
13,"[0, 1]",74.7499999999979,"[11, 12]","[0, 0]","[0, 0]",16
14,"[0, 1]",75.94999999999783,"[13, 13]","[0, 0]","[0, 0]",16
15,"[0, 1]",81.34999999999752,"[14, 55]","[2.3, 0]","[2.3, 0]",16
16,"[2, 3]",78.64999999999768,"[12, 11]","[0, 0]","[0, 0]",16
17,"[2, 3]",79.64999999999762,"[16, 16]","[0, 0]","[0, 0]",16
18,"[0, 1]",82.09999999999748,"[15, 15]","[0, 0]","[0, 0]",16
19,"[0, 1]",83.09999999999742,"[18, 18]","[0, 0]","[0, 0]",16
20,"[0, 1]",84.09999999999737,"[19, 19]","[0, 0]","[0, 0]",16
21,"[0, 1]",85.09999999999731,"[20, 20]","[0, 0]","[0, 0]",16
22,"[0, 1]",86.14999999999725,"[21, 21]","[0, 0]","[0, 0]",16
23,"[0, 1]",87.19999999999719,"[22, 22]","[0, 0]","[0, 0]",16
24,"[0, 1]",88.19999999999713,"[23, 23]","[0, 0]","[0, 0]",16
25,"[0, 1]",89.24999999999707,"[24, 24]","[0, 0]","[0, 0]",16
26,"[0, 1]",90.34999999999701,"[25, 25]","[0, 0]","[0, 0]",16
27,"[0, 1]",91.34999999999695,"[26, 26]","[0, 0]","[0, 0]",16
28,"[0, 1]",92.3499999999969,"[27, 27]","[0, 0]","[0, 0]",16
29,"[0, 1]",93.39999999999684,"[28, 28]","[0, 0]","[0, 0]",16
30,"[0, 1]",94.49999999999677,"[29, 29]","[0, 0]","[0, 0]",16
31,"[0, 1]",95.54999999999671,"[30, 30]","[0, 0]","[0, 0]",16
32,"[0, 1]",96.49999999999666,"[31, 31]","[0, 0]","[0, 0]",16
33,"[0, 1]",97.5499999999966,"[32, 32]","[0, 0]","[0, 0]",16
34,"[0, 1]",98.54999999999654,"[33, 33]","[0, 0]","[0, 0]",16
35,"[0, 1]",99.54999999999649,"[34, 34]","[0, 0]","[0, 0]",16
36,"[0, 1]",100.54999999999643,"[35, 35]","[0, 0]","[0, 0]",16
37,"[0, 1]",101.59999999999637,"[36, 36]","[0, 0]","[0, 0]",16
38,"[0, 3]",132.5499999999959,"[37, -999]","[0, 0]","[0, 0]",16
39,"[0, 1]",105.24999999999616,"[38, 37]","[0, 0]","[0, 0]",16
40,"[0, 1]",106.3499999999961,"[39, 39]","[0, 0]","[0, 0]",16
41,"[0, 1]",107.44999999999604,"[40, 40]","[0, 0]","[0, 0]",16
42,"[0, 1]",108.49999999999598,"[41, 41]","[0, 0]","[0, 0]",16
43,"[0, 1]",109.54999999999592,"[42, 42]","[0, 0]","[0, 0]",16
44,"[0, 1]",110.64999999999586,"[43, 43]","[0, 0]","[0, 0]",16
45,"[0, 1]",111.6499999999958,"[44, 44]","[0, 0]","[0, 0]",16
46,"[0, 1]",112.64999999999574,"[45, 45]","[0, 0]","[0, 0]",16
47,"[0, 1]",113.64999999999569,"[46, 46]","[0, 0]","[0, 0]",16
48,"[0, 1]",114.74999999999562,"[47, 47]","[0, 0]","[0, 0]",16
49,"[0, 1]",115.84999999999556,"[48, 48]","[0, 0]","[0, 0]",16
50,"[0, 1]",116.8499999999955,"[49, 49]","[0, 0]","[0, 0]",16
51,"[0, 3]",147.74999999999935,"[50, -999]","[0, 0]","[0, 0]",16
52,"[0, 3]",150.09999999999988,"[51, 51]","[0, 0]","[0, 0]",16
53,"[0, 1]",121.64999999999523,"[52, 50]","[0, 0]","[0, 0]",16
54,"[0, 1]",122.69999999999517,"[53, 53]","[0, 0]","[0, 0]",16
55,"[2, 1]",41.84999999999976,"[17, 14]","[0, 0]","[0, 0]",16
56,"[0, 1]",123.79999999999511,"[54, 54]","[0, 0]","[0, 0]",16
57,"[0, 1]",124.84999999999505,"[56, 56]","[0, 0]","[0, 0]",16
58,"[0, 1]",125.84999999999499,"[57, 57]","[0, 0]","[0, 0]",16
59,"[0, 1]",126.84999999999494,"[58, 58]","[0, 0]","[0, 0]",16
60,"[0, 1]",127.84999999999488,"[59, 59]","[0, 0]","[0, 0]",16
61,"[0, 1]",128.79999999999504,"[60, 60]","[0, 0]","[0, 0]",16
62,"[0, 1]",129.59999999999522,"[61, 61]","[0, 0]","[0, 0]",16
63,"[0, 1]",130.19999999999536,"[62, 62]","[0, 0]","[0, 0]",16
64,"[0, 1]",125.94999999999499,"[63, 63]","[0, 0]","[0, 0]",16
65,"[0, 1]",125.29999999999502,"[64, 64]","[0, 0]","[0, 0]",16
66,"[0, 3]",155.80000000000118,"[65, -999]","[0, 0]","[0, 0]",16
67,"[0, 1]",128.09999999999488,"[66, 65]","[0, 0]","[0, 0]",16
68,"[0, 1]",128.54999999999498,"[67, 67]","[0, 0]","[0, 0]",16
69,"[0, 3]",159.15000000000194,"[68, 66]","[0, 0]","[0, 0]",16
70,"[0, 3]",161.00000000000236,"[69, 69]","[0, 0]","[0, 0]",16
71,"[0, 1]",132.24999999999582,"[70, 68]","[0, 0]","[0, 0]",16
72,"[0, 1]",132.84999999999596,"[71, 71]","[0, 0]","[0, 0]",16
73,"[0, 1]",132.999999999996,"[72, 72]","[0, 0]","[0, 0]",16
74,"[0, 1]",132.94999999999598,"[73, 73]","[0, 0]","[0, 0]",16
75,"[0, 1]",133.049999999996,"[74, 74]","[0, 0]","[0, 0]",16
76,"[0, 1]",133.09999999999602,"[75, 75]","[0, 0]","[0, 0]",16
77,"[0, 1]",127.29999999999491,"[76, 76]","[0, 0]","[0, 0]",16
78,"[2, 3]",67.99999999999828,"[17, 17]","[0, 0]","[0, 0]",16
79,"[0, 1]",126.89999999999493,"[77, 77]","[0, 0]","[0, 0]",16
0,"[2, 1]",36.40000000000007,"[-999, -999]","[0, 0]","[0, 0]",17
1,"[2, 1]",38.09999999999997,"[0, 0]","[0, 0]","[0, 0]",17
2,"[2, 3]",68.64999999999824,"[1, -999]","[0, 0]","[0, 0]",17
3,"[2, 1]",37.40000000000001,"[2, 1]","[0, 0]","[0, 0]",17
4,"[2, 1]",39.19999999999991,"[3, 3]","[0, 0]","[0, 0]",17
5,"[2, 1]",41.0999999999998,"[4, 4]","[0, 0]","[0, 0]",17
6,"[2, 1]",42.9499999999997,"[5, 5]","[0, 0]","[0, 0]",17
7,"[2, 1]",44.549999999999606,"[6, 6]","[0, 0]","[0, 0]",17
8,"[2, 3]",74.5999999999979,"[7, 2]","[0, 0]","[0, 0]",17
9,"[2, 3]",77.14999999999776,"[8, 8]","[0, 0]","[0, 0]",17
10,"[2, 3]",78.94999999999766,"[9, 9]","[0, 0]","[0, 0]",17
11,"[0, 1]",67.49999999999831,"[-999, 7]","[0, 0]","[0, 0]",17
12,"[2, 3]",80.69999999999756,"[10, 10]","[0, 0]","[0, 0]",17
13,"[0, 1]",70.09999999999816,"[11, 11]","[0, 0]","[0, 0]",17
14,"[0, 1]",71.2999999999981,"[13, 13]","[0, 0]","[0, 0]",17
15,"[0, 1]",72.04999999999805,"[14, 14]","[0, 0]","[0, 0]",17
16,"[0, 3]",103.64999999999625,"[15, 12]","[0, 0]","[0, 0]",17
17,"[0, 1]",74.39999999999792,"[16, 43]","[0, 0]","[0, 0]",17
18,"[0, 1]",75.14999999999787,"[17, 17]","[0, 0]","[0, 0]",17
19,"[0, 3]",106.3999999999961,"[18, 16]","[0, 0]","[0, 0]",17
20,"[0, 1]",77.54999999999774,"[19, 55]","[0, 0]","[0, 0]",17
21,"[0, 1]",83.04999999999742,"[20, 59]","[2.3999999999999995, 0]","[2.3999999999999995, 0]",17
22,"[0, 1]",83.4999999999974,"[21, 21]","[0, 0]","[0, 0]",17
23,"[0, 1]",84.44999999999735,"[22, 22]","[0, 0]","[0, 0]",17
24,"[0, 1]",85.54999999999728,"[23, 23]","[0, 0]","[0, 0]",17
25,"[0, 1]",86.64999999999722,"[24, 24]","[0, 0]","[0, 0]",17
26,"[0, 3]",117.49999999999547,"[25, 19]","[0, 0]","[0, 0]",17
27,"[0, 1]",90.24999999999702,"[26, 25]","[0, 0]","[0, 0]",17
28,"[0, 1]",91.44999999999695,"[27, 27]","[0, 0]","[0, 0]",17
29,"[0, 1]",92.54999999999688,"[28, 28]","[0, 0]","[0, 0]",17
30,"[0, 1]",93.54999999999683,"[29, 29]","[0, 0]","[0, 0]",17
31,"[0, 1]",94.59999999999677,"[30, 30]","[0, 0]","[0, 0]",17
32,"[0, 1]",95.64999999999671,"[31, 31]","[0, 0]","[0, 0]",17
33,"[0, 1]",96.69999999999665,"[32, 32]","[0, 0]","[0, 0]",17
34,"[0, 1]",97.69999999999659,"[33, 33]","[0, 0]","[0, 0]",17
35,"[0, 1]",98.74999999999653,"[34, 34]","[0, 0]","[0, 0]",17
36,"[0, 1]",99.79999999999647,"[35, 35]","[0, 0]","[0, 0]",17
37,"[0, 1]",100.89999999999641,"[36, 36]","[0, 0]","[0, 0]",17
38,"[0, 3]",131.79999999999572,"[37, -999]","[0, 0]","[0, 0]",17
39,"[0, 1]",104.5999999999962,"[38, 37]","[0, 0]","[0, 0]",17
40,"[0, 1]",105.69999999999614,"[39, 39]","[0, 0]","[0, 0]",17
41,"[0, 1]",106.74999999999608,"[40, 40]","[0, 0]","[0, 0]",17
42,"[0, 1]",107.79999999999602,"[41, 41]","[0, 0]","[0, 0]",17
43,"[2, 1]",56.59999999999892,"[12, 15]","[3.4499999999999957, 0]","[3.4499999999999957, 0]",17
44,"[0, 1]",108.84999999999596,"[42, 42]","[0, 0]","[0, 0]",17
45,"[0, 1]",109.8499999999959,"[44, 44]","[0, 0]","[0, 0]",17
46,"[0, 1]",110.89999999999584,"[45, 45]","[0, 0]","[0, 0]",17
47,"[0, 3]",141.94999999999803,"[46, 38]","[0, 0]","[0, 0]",17
48,"[0, 1]",114.69999999999563,"[47, 46]","[0, 0]","[0, 0]",17
49,"[0, 1]",115.79999999999556,"[48, 48]","[0, 0]","[0, 0]",17
50,"[0, 3]",146.94999999999916,"[49, 47]","[0, 0]","[0, 0]",17
51,"[0, 3]",149.2999999999997,"[50, 50]","[0, 0]","[0, 0]",17
52,"[0, 1]",120.74999999999528,"[51, 49]","[0, 0]","[0, 0]",17
53,"[0, 1]",121.79999999999522,"[52, 52]","[0, 0]","[0, 0]",17
54,"[0, 3]",153.00000000000054,"[53, 51]","[0, 0]","[0, 0]",17
55,"[2, 1]",59.04999999999878,"[43, 18]","[6.649999999999984, 0]","[6.649999999999984, 0]",17
56,"[0, 1]",125.649999999995,"[54, 53]","[0, 0]","[0, 0]",17
57,"[0, 1]",126.79999999999494,"[56, 56]","[0, 0]","[0, 0]",17
58,"[0, 1]",127.84999999999488,"[57, 57]","[0, 0]","[0, 0]",17
59,"[2, 1]",64.54999999999848,"[55, 20]","[0, 0]","[0, 0]",17
60,"[0, 1]",128.89999999999506,"[58, 58]","[0, 0]","[0, 0]",17
61,"[0, 1]",129.84999999999528,"[60, 60]","[0, 0]","[0, 0]",17
62,"[0, 1]",130.8499999999955,"[61, 61]","[0, 0]","[0, 0]",17
63,"[0, 1]",131.79999999999572,"[62, 62]","[0, 0]","[0, 0]",17
64,"[0, 1]",132.69999999999592,"[63, 63]","[0, 0]","[0, 0]",17
65,"[0, 1]",133.4499999999961,"[64, 64]","[0, 0]","[0, 0]",17
66,"[0, 3]",159.70000000000206,"[65, -999]","[0, 0]","[0, 0]",17
67,"[0, 1]",130.7999999999955,"[66, 65]","[0, 0]","[0, 0]",17
68,"[0, 1]",131.44999999999564,"[67, 67]","[0, 0]","[0, 0]",17
69,"[0, 1]",132.04999999999578,"[68, 68]","[0, 0]","[0, 0]",17
70,"[0, 3]",162.30000000000265,"[69, 66]","[0, 0]","[0, 0]",17
71,"[0, 1]",134.3999999999963,"[70, 69]","[0, 0]","[0, 0]",17
72,"[0, 1]",135.04999999999646,"[71, 71]","[0.2, 0]","[0, 0]",17
73,"[0, 1]",135.6999999999966,"[72, 72]","[0, 0]","[0, 0]",17
74,"[0, 1]",131.04999999999555,"[73, 73]","[0, 0]","[0, 0]",17
75,"[0, 1]",130.99999999999554,"[74, 74]","[0, 0]","[0, 0]",17
76,"[0, 1]",131.54999999999566,"[75, 75]","[0, 0]","[0, 0]",17
77,"[0, 1]",130.09999999999533,"[76, 76]","[0, 0]","[0, 0]",17
78,"[0, 1]",129.14999999999512,"[77, 77]","[0, 0]","[0, 0]",17
79,"[0, 1]",129.59999999999522,"[78, 78]","[0, 0]","[0, 0]",17
0,"[2, 1]",36.40000000000007,"[-999, -999]","[0, 0]","[0, 0]",18
1,"[2, 1]",38.09999999999997,"[0, 0]","[0, 0]","[0, 0]",18
2,"[2, 1]",39.89999999999987,"[1, 1]","[0, 0]","[0, 0]",18
3,"[0, 3]",110.84999999999584,"[-999, 10]","[0, 0]","[5.749999999999988, 0]",18
4,"[2, 1]",41.79999999999976,"[2, 2]","[0, 0]","[0, 0]",18
5,"[2, 1]",43.54999999999966,"[4, 4]","[0, 0]","[0, 0]",18
6,"[2, 1]",45.099999999999575,"[5, 5]","[0, 0]","[0, 0]",18
7,"[2, 1]",46.349999999999504,"[6, 6]","[0, 0]","[0, 0]",18
8,"[2, 3]",72.79999999999801,"[7, -999]","[0, 0]","[0, 0]",18
9,"[2, 3]",75.49999999999785,"[8, 8]","[0, 0]","[0, 0]",18
10,"[2, 3]",77.19999999999776,"[9, 9]","[0, 0]","[0, 0]",18
11,"[0, 3]",107.49999999999604,"[3, 3]","[0, 0]","[0, 0]",18
12,"[0, 3]",108.84999999999596,"[11, 11]","[0, 0]","[0, 0]",18
13,"[0, 1]",77.99999999999771,"[12, 47]","[0, 0]","[0, 0]",18
14,"[0, 1]",88.44999999999712,"[13, 59]","[5.349999999999989, 0]","[5.349999999999989, 0]",18
15,"[0, 1]",88.34999999999712,"[14, 14]","[0, 0]","[0, 0]",18
16,"[0, 3]",116.04999999999555,"[15, 51]","[0, 0]","[0, 0]",18
17,"[0, 1]",88.7499999999971,"[16, 15]","[0, 0]","[0, 0]",18
18,"[0, 1]",89.79999999999704,"[17, 17]","[0, 0]","[0, 0]",18
19,"[0, 1]",90.89999999999698,"[18, 18]","[0, 0]","[0, 0]",18
20,"[0, 3]",121.99999999999521,"[19, 78]","[0, 0]","[0, 0]",18
21,"[0, 1]",94.59999999999677,"[20, 19]","[0, 0]","[0, 0]",18
22,"[0, 1]",95.6999999999967,"[21, 21]","[0, 0]","[0, 0]",18
23,"[0, 1]",96.79999999999664,"[22, 22]","[0, 0]","[0, 0]",18
24,"[0, 1]",97.84999999999658,"[23, 23]","[0, 0]","[0, 0]",18
25,"[0, 1]",98.89999999999652,"[24, 24]","[0, 0]","[0, 0]",18
26,"[0, 1]",99.99999999999646,"[25, 25]","[0, 0]","[0, 0]",18
27,"[0, 1]",100.94999999999641,"[26, 26]","[0, 0]","[0, 0]",18
28,"[0, 1]",101.94999999999635,"[27, 27]","[0, 0]","[0, 0]",18
29,"[0, 1]",102.9499999999963,"[28, 28]","[0, 0]","[0, 0]",18
30,"[0, 1]",103.99999999999623,"[29, 29]","[0, 0]","[0, 0]",18
31,"[0, 1]",104.99999999999618,"[30, 30]","[0, 0]","[0, 0]",18
32,"[0, 1]",106.04999999999612,"[31, 31]","[0, 0]","[0, 0]",18
33,"[0, 1]",107.09999999999606,"[32, 32]","[0, 0]","[0, 0]",18
34,"[0, 1]",108.199999999996,"[33, 33]","[0, 0]","[0, 0]",18
35,"[0, 1]",109.14999999999594,"[34, 34]","[0, 0]","[0, 0]",18
36,"[0, 1]",110.14999999999588,"[35, 35]","[0, 0]","[0, 0]",18
37,"[0, 1]",111.19999999999582,"[36, 36]","[0, 0]","[0, 0]",18
38,"[0, 3]",142.14999999999807,"[37, -999]","[0, 0]","[0, 0]",18
39,"[0, 1]",114.94999999999561,"[38, 37]","[0, 0]","[0, 0]",18
40,"[0, 1]",116.04999999999555,"[39, 39]","[0, 0]","[0, 0]",18
41,"[0, 1]",117.19999999999548,"[40, 40]","[0, 0]","[0, 0]",18
42,"[0, 1]",118.24999999999542,"[41, 41]","[0, 0]","[0, 0]",18
43,"[0, 3]",149.2499999999997,"[42, 38]","[0, 0]","[0, 0]",18
44,"[0, 1]",121.94999999999521,"[43, 42]","[0, 0]","[0, 0]",18
45,"[0, 1]",123.04999999999515,"[44, 44]","[0, 0]","[0, 0]",18
46,"[0, 1]",124.09999999999509,"[45, 45]","[0, 0]","[0, 0]",18
47,"[2, 1]",36.500000000000064,"[10, -999]","[0, 0]","[0, 0]",18
48,"[0, 3]",155.10000000000102,"[46, 43]","[0, 0]","[0, 0]",18
49,"[0, 1]",127.64999999999489,"[48, 46]","[0, 0]","[0, 0]",18
50,"[0, 1]",128.649999999995,"[49, 49]","[0, 0]","[0, 0]",18
51,"[2, 3]",75.84999999999783,"[47, 12]","[0, 0]","[0, 0]",18
52,"[0, 3]",159.65000000000205,"[50, 48]","[0, 0]","[0, 0]",18
53,"[0, 1]",132.24999999999582,"[52, 50]","[0, 0]","[0, 0]",18
54,"[0, 3]",163.45000000000292,"[53, 52]","[0, 0]","[0, 0]",18
55,"[2, 1]",45.099999999999575,"[51, 13]","[0, 0]","[0, 0]",18
56,"[0, 1]",135.6499999999966,"[54, 53]","[0, 0]","[0, 0]",18
57,"[0, 1]",136.0999999999967,"[56, 56]","[0, 0]","[0, 0]",18
58,"[0, 1]",136.34999999999675,"[57, 57]","[0, 0]","[0, 0]",18
59,"[2, 1]",45.099999999999575,"[55, 55]","[0, 0]","[0, 0]",18
60,"[0, 1]",136.5499999999968,"[58, 58]","[0, 0]","[0, 0]",18
61,"[0, 1]",136.64999999999682,"[60, 60]","[0, 0]","[0, 0]",18
62,"[0, 1]",136.69999999999683,"[61, 61]","[0, 0]","[0, 0]",18
63,"[0, 1]",136.79999999999686,"[62, 62]","[0, 0]","[0, 0]",18
64,"[0, 1]",136.74999999999685,"[63, 63]","[0, 0]","[0, 0]",18
65,"[0, 1]",136.74999999999685,"[64, 64]","[0, 0]","[0, 0]",18
66,"[0, 3]",166.55000000000362,"[65, -999]","[0, 0]","[0, 0]",18
67,"[0, 1]",133.59999999999613,"[66, 65]","[0, 0]","[0, 0]",18
68,"[0, 1]",132.89999999999597,"[67, 67]","[0, 0]","[0, 0]",18
69,"[0, 1]",133.4999999999961,"[68, 68]","[0, 0]","[0, 0]",18
70,"[0, 1]",134.04999999999623,"[69, 69]","[0, 0]","[0, 0]",18
71,"[0, 1]",134.2999999999963,"[70, 70]","[0, 0]","[0, 0]",18
72,"[0, 1]",134.2999999999963,"[71, 71]","[0, 0]","[0, 0]",18
73,"[0, 1]",131.14999999999557,"[72, 72]","[0, 0]","[0, 0]",18
74,"[0, 1]",131.04999999999555,"[73, 73]","[0, 0]","[0, 0]",18
75,"[0, 1]",131.59999999999567,"[74, 74]","[0, 0]","[0, 0]",18
76,"[0, 1]",132.04999999999578,"[75, 75]","[0, 0]","[0, 0]",18
77,"[0, 1]",131.89999999999574,"[76, 76]","[0, 0]","[0, 0]",18
78,"[2, 3]",71.54999999999808,"[59, 16]","[0, 0]","[0, 0]",18
79,"[0, 1]",130.7999999999955,"[77, 77]","[0, 0]","[0, 0]",18
0,"[2, 1]",36.40000000000007,"[-999, -999]","[0, 0]","[0, 0]",19
1,"[2, 1]",38.09999999999997,"[0, 0]","[0, 0]","[0, 0]",19
2,"[2, 1]",39.89999999999987,"[1, 1]","[0, 0]","[0, 0]",19
3,"[0, 3]",106.14999999999611,"[-999, 10]","[0, 0]","[2.7499999999999982, 0]",19
4,"[2, 1]",41.79999999999976,"[2, 2]","[0, 0]","[0, 0]",19
5,"[2, 1]",43.54999999999966,"[4, 4]","[0, 0]","[0, 0]",19
6,"[2, 1]",45.099999999999575,"[5, 5]","[0, 0]","[0, 0]",19
7,"[2, 1]",46.349999999999504,"[6, 6]","[0, 0]","[0, 0]",19
8,"[0, 1]",78.39999999999769,"[3, 17]","[2.5999999999999988, 0]","[2.5999999999999988, 0]",19
9,"[2, 3]",72.79999999999801,"[7, -999]","[0, 0]","[0, 0]",19
10,"[2, 3]",75.49999999999785,"[9, 9]","[0, 0]","[0, 0]",19
11,"[0, 1]",84.24999999999736,"[8, 19]","[2.549999999999999, 0]","[2.549999999999999, 0]",19
12,"[2, 1]",45.94999999999953,"[10, 7]","[0, 0]","[0, 0]",19
13,"[0, 1]",90.599999999997,"[11, 43]","[1.4500000000000006, 0]","[1.4500000000000006, 0]",19
14,"[0, 1]",90.04999999999703,"[13, 13]","[0, 0]","[0, 0]",19
15,"[0, 1]",90.599999999997,"[14, 14]","[0, 0]","[0, 0]",19
16,"[0, 3]",121.54999999999524,"[15, 3]","[0, 0]","[0, 0]",19
17,"[2, 1]",46.74999999999948,"[12, 12]","[0, 0]","[0, 0]",19
18,"[0, 1]",93.79999999999681,"[16, 55]","[0.9500000000000003, 0]","[0, 0]",19
19,"[2, 1]",53.29999999999911,"[17, 8]","[2.1000000000000005, 0]","[2.1000000000000005, 0]",19
20,"[0, 3]",125.649999999995,"[18, 78]","[1.4000000000000006, 0]","[0, 0]",19
21,"[0, 1]",96.69999999999665,"[20, 18]","[1.3500000000000005, 0]","[0, 0]",19
22,"[0, 1]",97.84999999999658,"[21, 21]","[1.6000000000000008, 0]","[0, 0]",19
23,"[0, 1]",98.94999999999652,"[22, 22]","[2.849999999999998, 0]","[0, 0]",19
24,"[0, 1]",99.94999999999646,"[23, 23]","[3.1999999999999966, 0]","[0, 0]",19
25,"[0, 1]",100.9999999999964,"[24, 24]","[2.7499999999999982, 0]","[0, 0]",19
26,"[0, 3]",131.94999999999575,"[25, 20]","[2.25, 0]","[0, 0]",19
27,"[0, 1]",104.74999999999619,"[26, 25]","[1.6500000000000008, 0]","[0, 0]",19
28,"[0, 1]",105.84999999999613,"[27, 27]","[1.0500000000000003, 0]","[0, 0]",19
29,"[0, 1]",106.94999999999607,"[28, 28]","[0.3, 0]","[0, 0]",19
30,"[0, 1]",107.999999999996,"[29, 29]","[0, 0]","[0, 0]",19
31,"[0, 1]",108.99999999999595,"[30, 30]","[0, 0]","[0, 0]",19
32,"[0, 1]",109.9999999999959,"[31, 31]","[0, 0]","[0, 0]",19
33,"[0, 1]",111.04999999999583,"[32, 32]","[0, 0]","[0, 0]",19
34,"[0, 1]",112.09999999999577,"[33, 33]","[0, 0]","[0, 0]",19
35,"[0, 1]",113.14999999999571,"[34, 34]","[0, 0]","[0, 0]",19
36,"[0, 1]",114.19999999999565,"[35, 35]","[0, 0]","[0, 0]",19
37,"[0, 1]",115.29999999999559,"[36, 36]","[0, 0]","[0, 0]",19
38,"[0, 3]",146.14999999999898,"[37, -999]","[0, 0]","[0, 0]",19
39,"[0, 1]",118.89999999999539,"[38, 37]","[0, 0]","[0, 0]",19
40,"[0, 1]",120.09999999999532,"[39, 39]","[0, 0]","[0, 0]",19
41,"[0, 1]",121.19999999999526,"[40, 40]","[0.7500000000000001, 0]","[0, 0]",19
42,"[0, 1]",122.1999999999952,"[41, 41]","[0.44999999999999996, 0]","[0, 0]",19
43,"[2, 1]",57.399999999998876,"[19, 11]","[6.649999999999984, 0]","[6.649999999999984, 0]",19
44,"[0, 1]",123.19999999999514,"[42, 42]","[0, 0]","[0, 0]",19
45,"[0, 1]",124.24999999999508,"[44, 44]","[0, 0]","[0, 0]",19
46,"[0, 1]",125.29999999999502,"[45, 45]","[0, 0]","[0, 0]",19
47,"[0, 3]",156.15000000000126,"[46, 38]","[0, 0]","[0, 0]",19
48,"[0, 1]",127.69999999999489,"[47, 46]","[0.39999999999999997, 0]","[0, 0]",19
49,"[0, 1]",126.74999999999494,"[48, 48]","[0.65, 0]","[0, 0]",19
50,"[0, 1]",127.5499999999949,"[49, 49]","[0.2, 0]","[0, 0]",19
51,"[0, 1]",128.39999999999495,"[50, 50]","[0, 0]","[0, 0]",19
52,"[0, 1]",128.54999999999498,"[51, 51]","[0, 0]","[0, 0]",19
53,"[0, 1]",125.39999999999502,"[52, 52]","[0, 0]","[0, 0]",19
54,"[0, 3]",156.10000000000124,"[53, 47]","[0, 0]","[0, 0]",19
55,"[2, 1]",63.749999999998515,"[43, 15]","[9.700000000000003, 0]","[9.700000000000003, 0]",19
56,"[0, 1]",128.69999999999501,"[54, 53]","[0, 0]","[0, 0]",19
57,"[0, 1]",129.64999999999523,"[56, 56]","[0, 0]","[0, 0]",19
58,"[0, 1]",130.54999999999544,"[57, 57]","[0, 0]","[0, 0]",19
59,"[0, 1]",131.34999999999562,"[58, 58]","[0, 0]","[0, 0]",19
60,"[0, 1]",132.0999999999958,"[59, 59]","[0, 0]","[0, 0]",19
61,"[0, 1]",132.74999999999594,"[60, 60]","[0, 0]","[0, 0]",19
62,"[0, 1]",132.999999999996,"[61, 61]","[0, 0]","[0, 0]",19
63,"[0, 1]",132.999999999996,"[62, 62]","[0, 0]","[0, 0]",19
64,"[0, 1]",132.999999999996,"[63, 63]","[0, 0]","[0, 0]",19
65,"[0, 1]",128.1499999999949,"[64, 64]","[0, 0]","[0, 0]",19
66,"[0, 3]",157.40000000000154,"[65, -999]","[0, 0]","[0, 0]",19
67,"[0, 1]",129.69999999999524,"[66, 65]","[0, 0]","[0, 0]",19
68,"[0, 1]",130.29999999999538,"[67, 67]","[0, 0]","[0, 0]",19
69,"[0, 3]",160.7500000000023,"[68, 66]","[0, 0]","[0, 0]",19
70,"[0, 1]",132.74999999999594,"[69, 68]","[0, 0]","[0, 0]",19
71,"[0, 1]",133.4499999999961,"[70, 70]","[0, 0]","[0, 0]",19
72,"[0, 1]",134.04999999999623,"[71, 71]","[0, 0]","[0, 0]",19
73,"[0, 1]",129.4999999999952,"[72, 72]","[0, 0]","[0, 0]",19
74,"[0, 1]",129.39999999999517,"[73, 73]","[0.1, 0]","[0, 0]",19
75,"[0, 1]",129.9499999999953,"[74, 74]","[0.9500000000000003, 0]","[0, 0]",19
76,"[0, 1]",130.3999999999954,"[75, 75]","[1.4000000000000006, 0]","[0, 0]",19
77,"[0, 1]",130.54999999999544,"[76, 76]","[1.800000000000001, 0]","[0, 0]",19
78,"[2, 3]",74.5999999999979,"[55, 16]","[0, 0]","[0, 0]",19
79,"[0, 1]",130.89999999999552,"[77, 77]","[2.000000000000001, 0]","[0, 0]",19
0,"[2, 1]",36.40000000000007,"[-999, -999]","[0, 0]","[0, 0]",20
1,"[2, 1]",38.09999999999997,"[0, 0]","[0, 0]","[0, 0]",20
2,"[2, 1]",39.89999999999987,"[1, 1]","[0, 0]","[0, 0]",20
3,"[2, 3]",69.04999999999822,"[2, -999]","[0, 0]","[0, 0]",20
4,"[2, 1]",39.89999999999987,"[3, 2]","[0, 0]","[0, 0]",20
5,"[2, 3]",70.04999999999816,"[4, 3]","[0, 0]","[0, 0]",20
6,"[2, 1]",40.549999999999834,"[5, 4]","[0, 0]","[0, 0]",20
7,"[2, 1]",42.49999999999972,"[6, 6]","[0, 0]","[0, 0]",20
8,"[2, 1]",44.09999999999963,"[7, 7]","[0, 0]","[0, 0]",20
9,"[2, 1]",45.649999999999544,"[8, 8]","[0, 0]","[0, 0]",20
10,"[2, 3]",79.29999999999764,"[9, 11]","[1.7500000000000009, 0]","[1.7500000000000009, 0]",20
11,"[0, 3]",96.69999999999665,"[-999, 5]","[0, 0]","[0, 0]",20
12,"[0, 1]",76.64999999999779,"[11, 43]","[3.349999999999996, 0]","[3.349999999999996, 0]",20
13,"[0, 1]",86.54999999999723,"[12, 55]","[5.599999999999988, 0]","[5.599999999999988, 0]",20
14,"[0, 1]",85.99999999999726,"[13, 13]","[0, 0]","[0, 0]",20
15,"[0, 1]",86.69999999999722,"[14, 14]","[0, 0]","[0, 0]",20
16,"[0, 3]",117.69999999999546,"[15, 59]","[0, 0]","[0, 0]",20
17,"[0, 1]",90.34999999999701,"[16, 15]","[0, 0]","[0, 0]",20
18,"[0, 1]",91.44999999999695,"[17, 17]","[0, 0]","[0, 0]",20
19,"[0, 3]",122.69999999999517,"[18, 16]","[0, 0]","[0, 0]",20
20,"[0, 3]",124.99999999999504,"[19, 19]","[0, 0]","[0, 0]",20
21,"[0, 1]",96.54999999999666,"[20, 18]","[0, 0]","[0, 0]",20
22,"[0, 1]",97.5999999999966,"[21, 21]","[0, 0]","[0, 0]",20
23,"[0, 1]",98.74999999999653,"[22, 22]","[0, 0]","[0, 0]",20
24,"[0, 1]",99.79999999999647,"[23, 23]","[0, 0]","[0, 0]",20
25,"[0, 1]",100.79999999999642,"[24, 24]","[0, 0]","[0, 0]",20
26,"[0, 3]",131.7499999999957,"[25, 20]","[0, 0]","[0, 0]",20
27,"[0, 1]",104.4999999999962,"[26, 25]","[0, 0]","[0, 0]",20
28,"[0, 1]",105.59999999999614,"[27, 27]","[0, 0]","[0, 0]",20
29,"[0, 1]",106.64999999999608,"[28, 28]","[0, 0]","[0, 0]",20
30,"[0, 1]",107.74999999999602,"[29, 29]","[0, 0]","[0, 0]",20
31,"[0, 3]",138.6999999999973,"[30, 26]","[0, 0]","[0, 0]",20
32,"[0, 1]",111.44999999999581,"[31, 30]","[0, 0]","[0, 0]",20
33,"[0, 1]",112.54999999999575,"[32, 32]","[0, 0]","[0, 0]",20
34,"[0, 3]",143.74999999999844,"[33, 31]","[0, 0]","[0, 0]",20
35,"[0, 1]",116.44999999999553,"[34, 33]","[0, 0]","[0, 0]",20
36,"[0, 1]",117.54999999999546,"[35, 35]","[0, 0]","[0, 0]",20
37,"[0, 1]",118.5999999999954,"[36, 36]","[0, 0]","[0, 0]",20
38,"[0, 3]",149.6999999999998,"[37, 34]","[0, 0]","[0, 0]",20
39,"[0, 1]",122.39999999999519,"[38, 37]","[0, 0]","[0, 0]",20
40,"[0, 1]",123.54999999999512,"[39, 39]","[0, 0]","[0, 0]",20
41,"[0, 1]",124.59999999999506,"[40, 40]","[0, 0]","[0, 0]",20
42,"[0, 1]",125.649999999995,"[41, 41]","[0, 0]","[0, 0]",20
43,"[2, 1]",39.24999999999991,"[10, 9]","[0, 0]","[0, 0]",20
44,"[0, 1]",126.69999999999494,"[42, 42]","[0, 0]","[0, 0]",20
45,"[0, 3]",157.6500000000016,"[44, 38]","[0, 0]","[0, 0]",20
46,"[0, 1]",130.3499999999954,"[45, 44]","[0, 0]","[0, 0]",20
47,"[2, 1]",48.099999999999405,"[43, 12]","[0.3, 0]","[0.3, 0]",20
48,"[0, 1]",131.39999999999563,"[46, 46]","[0.7500000000000001, 0]","[0, 0]",20
49,"[0, 1]",132.29999999999583,"[48, 48]","[1.2500000000000004, 0]","[0, 0]",20
50,"[0, 1]",132.89999999999597,"[49, 49]","[1.6500000000000008, 0]","[0, 0]",20
51,"[0, 1]",133.54999999999612,"[50, 50]","[1.850000000000001, 0]","[0, 0]",20
52,"[0, 1]",134.24999999999628,"[51, 51]","[1.3500000000000005, 0]","[0, 0]",20
53,"[0, 1]",130.29999999999538,"[52, 52]","[0, 0]","[0, 0]",20
54,"[0, 3]",159.400000000002,"[53, 45]","[0, 0]","[0, 0]",20
55,"[2, 1]",42.54999999999972,"[47, 47]","[0, 0]","[0, 0]",20
56,"[0, 1]",131.94999999999575,"[54, 53]","[0, 0]","[0, 0]",20
57,"[0, 1]",132.84999999999596,"[56, 56]","[0, 0]","[0, 0]",20
58,"[0, 1]",133.69999999999615,"[57, 57]","[0, 0]","[0, 0]",20
59,"[2, 3]",71.54999999999808,"[55, 10]","[0, 0]","[0, 0]",20
60,"[0, 1]",134.14999999999625,"[58, 58]","[0, 0]","[0, 0]",20
61,"[0, 1]",131.6999999999957,"[60, 60]","[0, 0]","[0, 0]",20
62,"[0, 1]",131.34999999999562,"[61, 61]","[0, 0]","[0, 0]",20
63,"[0, 1]",131.34999999999562,"[62, 62]","[0, 0]","[0, 0]",20
64,"[0, 1]",130.3499999999954,"[63, 63]","[0, 0]","[0, 0]",20
65,"[0, 1]",130.4499999999954,"[64, 64]","[0, 0]","[0, 0]",20
66,"[0, 3]",160.3500000000022,"[65, -999]","[0, 0]","[0, 0]",20
67,"[0, 1]",131.54999999999566,"[66, 65]","[0, 0]","[0, 0]",20
68,"[0, 1]",131.6999999999957,"[67, 67]","[0.7500000000000001, 0]","[0, 0]",20
69,"[0, 1]",131.2999999999956,"[68, 68]","[1.3000000000000005, 0]","[0, 0]",20
70,"[0, 1]",130.09999999999533,"[69, 69]","[1.6500000000000008, 0]","[0, 0]",20
71,"[0, 1]",130.29999999999538,"[70, 70]","[1.950000000000001, 0]","[0, 0]",20
72,"[0, 1]",130.89999999999552,"[71, 71]","[1.5500000000000007, 0]","[0, 0]",20
73,"[0, 1]",126.89999999999493,"[72, 72]","[0, 0]","[0, 0]",20
74,"[0, 1]",125.799999999995,"[73, 73]","[0, 0]","[0, 0]",20
75,"[0, 1]",126.59999999999495,"[74, 74]","[0, 0]","[0, 0]",20
76,"[0, 3]",157.30000000000152,"[75, -999]","[0, 0]","[0, 0]",20
77,"[0, 1]",129.84999999999528,"[76, 75]","[0, 0]","[0, 0]",20
78,"[0, 1]",130.64999999999546,"[77, 77]","[0, 0]","[0, 0]",20
79,"[0, 1]",131.39999999999563,"[78, 78]","[0, 0]","[0, 0]",20
0,"[2, 1]",36.40000000000007,"[-999, -999]","[0, 0]","[0, 0]",21
1,"[2, 1]",38.09999999999997,"[0, 0]","[0, 0]","[0, 0]",21
2,"[2, 1]",39.89999999999987,"[1, 1]","[0, 0]","[0, 0]",21
3,"[2, 3]",69.24999999999821,"[2, -999]","[0, 0]","[0, 0]",21
4,"[2, 1]",37.74999999999999,"[3, 2]","[0, 0]","[0, 0]",21
5,"[2, 1]",39.54999999999989,"[4, 4]","[0, 0]","[0, 0]",21
6,"[2, 1]",41.34999999999979,"[5, 5]","[0, 0]","[0, 0]",21
7,"[2, 1]",43.29999999999968,"[6, 6]","[0, 0]","[0, 0]",21
8,"[2, 1]",44.84999999999959,"[7, 7]","[0, 0]","[0, 0]",21
9,"[2, 3]",74.7999999999979,"[8, 3]","[0, 0]","[0, 0]",21
10,"[2, 3]",77.29999999999775,"[9, 9]","[0, 0]","[0, 0]",21
11,"[0, 1]",67.5999999999983,"[-999, 8]","[0, 0]","[0, 0]",21
12,"[2, 1]",44.6999999999996,"[10, 11]","[0, 0]","[0, 0]",21
13,"[0, 1]",80.74999999999756,"[11, 43]","[5.699999999999988, 0]","[5.699999999999988, 0]",21
14,"[0, 1]",80.24999999999758,"[13, 13]","[0, 0]","[0, 0]",21
15,"[0, 1]",85.69999999999727,"[14, 55]","[2.4499999999999993, 0]","[2.4499999999999993, 0]",21
16,"[0, 1]",86.09999999999725,"[15, 15]","[0, 0]","[0, 0]",21
17,"[0, 1]",87.0999999999972,"[16, 16]","[0, 0]","[0, 0]",21
18,"[0, 1]",88.09999999999714,"[17, 17]","[0, 0]","[0, 0]",21
19,"[0, 3]",119.14999999999537,"[18, 59]","[0, 0]","[0, 0]",21
20,"[0, 1]",91.84999999999692,"[19, 18]","[0, 0]","[0, 0]",21
21,"[0, 1]",92.94999999999686,"[20, 20]","[0, 0]","[0, 0]",21
22,"[0, 1]",93.9999999999968,"[21, 21]","[0, 0]","[0, 0]",21
23,"[0, 1]",95.04999999999674,"[22, 22]","[0, 0]","[0, 0]",21
24,"[0, 1]",96.14999999999668,"[23, 23]","[0, 0]","[0, 0]",21
25,"[0, 1]",97.09999999999663,"[24, 24]","[0, 0]","[0, 0]",21
26,"[0, 1]",98.09999999999657,"[25, 25]","[0, 0]","[0, 0]",21
27,"[0, 1]",99.14999999999651,"[26, 26]","[0, 0]","[0, 0]",21
28,"[0, 1]",100.24999999999645,"[27, 27]","[0, 0]","[0, 0]",21
29,"[0, 1]",101.24999999999639,"[28, 28]","[0, 0]","[0, 0]",21
30,"[0, 1]",102.34999999999633,"[29, 29]","[0, 0]","[0, 0]",21
31,"[0, 1]",103.34999999999627,"[30, 30]","[0, 0]","[0, 0]",21
32,"[0, 1]",104.34999999999621,"[31, 31]","[0, 0]","[0, 0]",21
33,"[0, 1]",105.34999999999616,"[32, 32]","[0, 0]","[0, 0]",21
34,"[0, 1]",106.3999999999961,"[33, 33]","[0, 0]","[0, 0]",21
35,"[0, 1]",107.44999999999604,"[34, 34]","[0, 0]","[0, 0]",21
36,"[0, 1]",108.44999999999598,"[35, 35]","[0, 0]","[0, 0]",21
37,"[0, 1]",109.44999999999592,"[36, 36]","[0, 0]","[0, 0]",21
38,"[0, 3]",140.39999999999768,"[37, -999]","[0, 0]","[0, 0]",21
39,"[0, 1]",113.19999999999571,"[38, 37]","[0, 0]","[0, 0]",21
40,"[0, 1]",114.29999999999565,"[39, 39]","[0, 0]","[0, 0]",21
41,"[0, 1]",115.39999999999559,"[40, 40]","[0, 0]","[0, 0]",21
42,"[0, 1]",116.44999999999553,"[41, 41]","[0, 0]","[0, 0]",21
43,"[2, 1]",45.14999999999957,"[12, 12]","[0, 0]","[0, 0]",21
44,"[0, 1]",117.49999999999547,"[42, 42]","[0, 0]","[0, 0]",21
45,"[0, 1]",118.5499999999954,"[44, 44]","[0, 0]","[0, 0]",21
46,"[0, 1]",119.59999999999535,"[45, 45]","[0, 0]","[0, 0]",21
47,"[2, 3]",74.7999999999979,"[43, 10]","[0, 0]","[0, 0]",21
48,"[0, 1]",120.64999999999529,"[46, 46]","[0, 0]","[0, 0]",21
49,"[0, 1]",121.59999999999523,"[48, 48]","[0, 0]","[0, 0]",21
50,"[0, 1]",122.59999999999518,"[49, 49]","[0, 0]","[0, 0]",21
51,"[0, 3]",153.55000000000067,"[50, -999]","[0, 0]","[0, 0]",21
52,"[0, 1]",126.19999999999497,"[51, 50]","[0, 0]","[0, 0]",21
53,"[0, 1]",127.29999999999491,"[52, 52]","[0, 0]","[0, 0]",21
54,"[0, 1]",128.2499999999949,"[53, 53]","[0, 0]","[0, 0]",21
55,"[2, 1]",47.94999999999941,"[47, 14]","[1.6000000000000008, 0]","[1.6000000000000008, 0]",21
56,"[0, 1]",129.14999999999512,"[54, 54]","[0, 0]","[0, 0]",21
57,"[0, 1]",129.8999999999953,"[56, 56]","[0, 0]","[0, 0]",21
58,"[0, 1]",130.49999999999542,"[57, 57]","[0, 0]","[0, 0]",21
59,"[2, 3]",75.89999999999783,"[55, 47]","[0, 0]","[0, 0]",21
60,"[0, 1]",130.8499999999955,"[58, 58]","[0, 0]","[0, 0]",21
61,"[0, 1]",130.89999999999552,"[60, 60]","[0, 0]","[0, 0]",21
62,"[0, 1]",130.94999999999553,"[61, 61]","[0, 0]","[0, 0]",21
63,"[0, 1]",130.94999999999553,"[62, 62]","[0, 0]","[0, 0]",21
64,"[0, 1]",130.99999999999554,"[63, 63]","[0, 0]","[0, 0]",21
65,"[0, 1]",131.04999999999555,"[64, 64]","[0, 0]","[0, 0]",21
66,"[0, 3]",160.85000000000232,"[65, -999]","[0, 0]","[0, 0]",21
67,"[0, 1]",127.84999999999488,"[66, 65]","[0, 0]","[0, 0]",21
68,"[0, 1]",127.09999999999492,"[67, 67]","[0, 0]","[0, 0]",21
69,"[0, 1]",127.69999999999489,"[68, 68]","[0, 0]","[0, 0]",21
70,"[0, 3]",158.30000000000175,"[69, 66]","[0, 0]","[0, 0]",21
71,"[0, 1]",130.29999999999538,"[70, 69]","[0, 0]","[0, 0]",21
72,"[0, 1]",130.74999999999548,"[71, 71]","[0, 0]","[0, 0]",21
73,"[0, 1]",131.39999999999563,"[72, 72]","[0, 0]","[0, 0]",21
74,"[0, 1]",132.0999999999958,"[73, 73]","[0, 0]","[0, 0]",21
75,"[0, 1]",132.5999999999959,"[74, 74]","[0, 0]","[0, 0]",21
76,"[0, 1]",132.5999999999959,"[75, 75]","[0, 0]","[0, 0]",21
77,"[0, 1]",132.44999999999587,"[76, 76]","[0, 0]","[0, 0]",21
78,"[0, 1]",127.3999999999949,"[77, 77]","[0, 0]","[0, 0]",21
79,"[0, 1]",126.99999999999493,"[78, 78]","[0, 0]","[0, 0]",21
0,"[2, 1]",36.40000000000007,"[-999, -999]","[0, 0]","[0, 0]",22
1,"[2, 1]",38.09999999999997,"[0, 0]","[0, 0]","[0, 0]",22
2,"[2, 1]",39.89999999999987,"[1, 1]","[0, 0]","[0, 0]",22
3,"[2, 1]",41.79999999999976,"[2, 2]","[0, 0]","[0, 0]",22
4,"[2, 1]",43.54999999999966,"[3, 3]","[0, 0]","[0, 0]",22
5,"[2, 3]",71.1499999999981,"[4, -999]","[0, 0]","[0, 0]",22
6,"[2, 1]",39.94999999999987,"[5, 4]","[0, 0]","[0, 0]",22
7,"[2, 1]",42.04999999999975,"[6, 6]","[0, 0]","[0, 0]",22
8,"[0, 1]",67.49999999999831,"[-999, 7]","[0, 0]","[0, 0]",22
9,"[2, 3]",72.999999999998,"[7, 5]","[0, 0]","[0, 0]",22
10,"[2, 3]",75.54999999999785,"[9, 9]","[0, 0]","[0, 0]",22
11,"[0, 3]",101.24999999999639,"[8, 10]","[0, 0]","[0, 0]",22
12,"[2, 1]",46.499999999999496,"[10, 8]","[0, 0]","[0, 0]",22
13,"[0, 1]",72.14999999999804,"[11, 12]","[0, 0]","[0, 0]",22
14,"[0, 1]",72.74999999999801,"[13, 13]","[0, 0]","[0, 0]",22
15,"[0, 1]",83.29999999999741,"[14, 55]","[6.299999999999986, 0]","[6.299999999999986, 0]",22
16,"[0, 3]",109.64999999999591,"[15, 11]","[0, 0]","[0, 0]",22
17,"[0, 1]",82.39999999999746,"[16, 15]","[0, 0]","[0, 0]",22
18,"[0, 1]",83.4999999999974,"[17, 17]","[0, 0]","[0, 0]",22
19,"[0, 1]",84.64999999999733,"[18, 18]","[0, 0]","[0, 0]",22
20,"[0, 3]",115.2499999999956,"[19, 78]","[0, 0]","[0, 0]",22
21,"[0, 1]",87.54999999999717,"[20, 19]","[0, 0]","[0, 0]",22
22,"[0, 1]",88.6499999999971,"[21, 21]","[0, 0]","[0, 0]",22
23,"[0, 1]",89.84999999999704,"[22, 22]","[0, 0]","[0, 0]",22
24,"[0, 1]",90.84999999999698,"[23, 23]","[0, 0]","[0, 0]",22
25,"[0, 1]",91.89999999999692,"[24, 24]","[0, 0]","[0, 0]",22
26,"[0, 3]",122.84999999999516,"[25, 20]","[0, 0]","[0, 0]",22
27,"[0, 1]",95.64999999999671,"[26, 25]","[0, 0]","[0, 0]",22
28,"[0, 1]",96.79999999999664,"[27, 27]","[0, 0]","[0, 0]",22
29,"[0, 1]",97.89999999999658,"[28, 28]","[0, 0]","[0, 0]",22
30,"[0, 1]",98.94999999999652,"[29, 29]","[0, 0]","[0, 0]",22
31,"[0, 1]",99.99999999999646,"[30, 30]","[0, 0]","[0, 0]",22
32,"[0, 1]",101.0499999999964,"[31, 31]","[0, 0]","[0, 0]",22
33,"[0, 1]",101.99999999999635,"[32, 32]","[0, 0]","[0, 0]",22
34,"[0, 3]",132.999999999996,"[33, 26]","[0, 0]","[0, 0]",22
35,"[0, 1]",105.74999999999613,"[34, 33]","[0, 0]","[0, 0]",22
36,"[0, 1]",106.84999999999607,"[35, 35]","[0, 0]","[0, 0]",22
37,"[0, 1]",107.94999999999601,"[36, 36]","[0, 0]","[0, 0]",22
38,"[0, 3]",138.99999999999736,"[37, 34]","[0, 0]","[0, 0]",22
39,"[0, 1]",111.6999999999958,"[38, 37]","[0, 0]","[0, 0]",22
40,"[0, 1]",112.79999999999573,"[39, 39]","[0, 0]","[0, 0]",22
41,"[0, 1]",113.89999999999567,"[40, 40]","[0, 0]","[0, 0]",22
42,"[0, 1]",114.99999999999561,"[41, 41]","[0, 0]","[0, 0]",22
43,"[0, 1]",115.99999999999555,"[42, 42]","[0, 0]","[0, 0]",22
44,"[0, 1]",116.9999999999955,"[43, 43]","[0, 0]","[0, 0]",22
45,"[0, 1]",118.04999999999544,"[44, 44]","[0, 0]","[0, 0]",22
46,"[0, 1]",119.09999999999538,"[45, 45]","[0, 0]","[0, 0]",22
47,"[0, 1]",120.14999999999532,"[46, 46]","[0, 0]","[0, 0]",22
48,"[0, 1]",121.14999999999526,"[47, 47]","[0, 0]","[0, 0]",22
49,"[0, 1]",122.1499999999952,"[48, 48]","[0, 0]","[0, 0]",22
50,"[0, 1]",123.14999999999515,"[49, 49]","[0, 0]","[0, 0]",22
51,"[0, 3]",154.05000000000078,"[50, -999]","[0, 0]","[0, 0]",22
52,"[2, 1]",43.699999999999655,"[12, 14]","[0, 0]","[0, 0]",22
53,"[0, 1]",126.64999999999495,"[51, 50]","[0, 0]","[0, 0]",22
54,"[0, 3]",157.90000000000165,"[53, 51]","[0, 0]","[0, 0]",22
55,"[2, 1]",44.5999999999996,"[52, 52]","[0, 0]","[0, 0]",22
56,"[0, 1]",130.3499999999954,"[54, 53]","[0, 0]","[0, 0]",22
57,"[0, 1]",131.2499999999956,"[56, 56]","[0, 0]","[0, 0]",22
58,"[0, 1]",132.1499999999958,"[57, 57]","[0, 0]","[0, 0]",22
59,"[0, 1]",132.999999999996,"[58, 58]","[0, 0]","[0, 0]",22
60,"[0, 1]",133.69999999999615,"[59, 59]","[0, 0]","[0, 0]",22
61,"[0, 1]",129.0999999999951,"[60, 60]","[0, 0]","[0, 0]",22
62,"[0, 1]",129.0499999999951,"[61, 61]","[0, 0]","[0, 0]",22
63,"[0, 1]",129.64999999999523,"[62, 62]","[0, 0]","[0, 0]",22
64,"[0, 1]",130.14999999999534,"[63, 63]","[0, 0]","[0, 0]",22
65,"[0, 1]",130.14999999999534,"[64, 64]","[0, 0]","[0, 0]",22
66,"[0, 3]",159.8500000000021,"[65, -999]","[0, 0]","[0, 0]",22
67,"[0, 1]",130.89999999999552,"[66, 65]","[0, 0]","[0, 0]",22
68,"[0, 3]",160.20000000000218,"[67, 66]","[0, 0]","[0, 0]",22
69,"[0, 3]",161.55000000000248,"[68, 68]","[0, 0]","[0, 0]",22
70,"[0, 3]",162.70000000000275,"[69, 69]","[0, 0]","[0, 0]",22
71,"[0, 1]",133.39999999999608,"[70, -999]","[0, 0]","[0, 0]",22
72,"[0, 1]",134.14999999999625,"[71, 71]","[0, 0]","[0, 0]",22
73,"[0, 1]",134.69999999999638,"[72, 72]","[0, 0]","[0, 0]",22
74,"[0, 1]",134.7999999999964,"[73, 73]","[0, 0]","[0, 0]",22
75,"[0, 3]",164.7500000000032,"[74, 70]","[0, 0]","[0, 0]",22
76,"[0, 1]",136.5999999999968,"[75, 74]","[0, 0]","[0, 0]",22
77,"[0, 1]",136.69999999999683,"[76, 76]","[0, 0]","[0, 0]",22
78,"[2, 3]",68.39999999999826,"[55, 16]","[0, 0]","[0, 0]",22
79,"[0, 1]",131.84999999999573,"[77, 77]","[0, 0]","[0, 0]",22
0,"[2, 1]",36.40000000000007,"[-999, -999]","[0, 0]","[0, 0]",23
1,"[2, 1]",38.09999999999997,"[0, 0]","[0, 0]","[0, 0]",23
2,"[2, 3]",68.64999999999824,"[1, -999]","[0, 0]","[0, 0]",23
3,"[2, 3]",71.34999999999809,"[2, 2]","[0, 0]","[0, 0]",23
4,"[2, 1]",41.44999999999978,"[3, 1]","[0, 0]","[0, 0]",23
5,"[2, 1]",43.349999999999675,"[4, 4]","[0, 0]","[0, 0]",23
6,"[2, 1]",44.84999999999959,"[5, 5]","[0, 0]","[0, 0]",23
7,"[2, 1]",46.29999999999951,"[6, 6]","[0, 0]","[0, 0]",23
8,"[2, 1]",47.24999999999945,"[7, 7]","[0, 0]","[0, 0]",23
9,"[2, 1]",48.34999999999939,"[8, 8]","[0, 0]","[0, 0]",23
10,"[2, 3]",79.8499999999976,"[9, 11]","[0, 0]","[0, 0]",23
11,"[0, 3]",96.64999999999665,"[-999, 3]","[0, 0]","[0, 0]",23
12,"[2, 1]",56.59999999999892,"[10, 14]","[0, 0]","[0, 0]",23
13,"[0, 1]",70.29999999999815,"[11, 9]","[0, 0]","[0, 0]",23
14,"[0, 1]",71.2999999999981,"[13, 13]","[0, 0]","[0, 0]",23
15,"[0, 1]",78.2499999999977,"[14, 12]","[1.6000000000000008, 0]","[1.6000000000000008, 0]",23
16,"[2, 3]",86.64999999999722,"[12, 10]","[0, 0]","[0, 0]",23
17,"[0, 3]",109.54999999999592,"[15, 16]","[0, 0]","[0, 0]",23
18,"[0, 1]",81.49999999999751,"[17, 43]","[0, 0]","[0, 0]",23
19,"[0, 3]",111.89999999999579,"[18, 17]","[0, 0]","[0, 0]",23
20,"[0, 1]",89.54999999999706,"[19, 55]","[3.099999999999997, 0]","[3.099999999999997, 0]",23
21,"[0, 1]",89.04999999999708,"[20, 20]","[0, 0]","[0, 0]",23
22,"[0, 1]",89.69999999999705,"[21, 21]","[0, 0]","[0, 0]",23
23,"[0, 1]",90.69999999999699,"[22, 22]","[0, 0]","[0, 0]",23
24,"[0, 1]",91.69999999999693,"[23, 23]","[0, 0]","[0, 0]",23
25,"[0, 1]",92.79999999999687,"[24, 24]","[0, 0]","[0, 0]",23
26,"[0, 3]",123.79999999999511,"[25, 78]","[0, 0]","[0, 0]",23
27,"[0, 1]",96.54999999999666,"[26, 25]","[0, 0]","[0, 0]",23
28,"[0, 1]",97.6499999999966,"[27, 27]","[0, 0]","[0, 0]",23
29,"[0, 1]",98.74999999999653,"[28, 28]","[0, 0]","[0, 0]",23
30,"[0, 1]",99.79999999999647,"[29, 29]","[0, 0]","[0, 0]",23
31,"[0, 1]",100.84999999999641,"[30, 30]","[0, 0]","[0, 0]",23
32,"[0, 1]",101.89999999999635,"[31, 31]","[0, 0]","[0, 0]",23
33,"[0, 1]",102.9499999999963,"[32, 32]","[0, 0]","[0, 0]",23
34,"[0, 1]",103.94999999999624,"[33, 33]","[0, 0]","[0, 0]",23
35,"[0, 1]",104.94999999999618,"[34, 34]","[0, 0]","[0, 0]",23
36,"[0, 1]",105.99999999999612,"[35, 35]","[0, 0]","[0, 0]",23
37,"[0, 1]",106.99999999999606,"[36, 36]","[0, 0]","[0, 0]",23
38,"[0, 1]",108.049999999996,"[37, 37]","[0, 0]","[0, 0]",23
39,"[0, 1]",109.14999999999594,"[38, 38]","[0, 0]","[0, 0]",23
40,"[0, 1]",110.19999999999588,"[39, 39]","[0, 0]","[0, 0]",23
41,"[0, 1]",111.14999999999583,"[40, 40]","[0, 0]","[0, 0]",23
42,"[0, 1]",112.14999999999577,"[41, 41]","[0, 0]","[0, 0]",23
43,"[2, 1]",58.799999999998796,"[16, 15]","[9.750000000000004, 0]","[0, 0]",23
44,"[0, 1]",113.14999999999571,"[42, 42]","[0, 0]","[0, 0]",23
45,"[0, 1]",114.19999999999565,"[44, 44]","[0, 0]","[0, 0]",23
46,"[0, 1]",115.2499999999956,"[45, 45]","[0, 0]","[0, 0]",23
47,"[0, 3]",146.199999999999,"[46, -999]","[0, 0]","[0, 0]",23
48,"[0, 1]",118.99999999999538,"[47, 46]","[0, 0]","[0, 0]",23
49,"[0, 3]",150.39999999999995,"[48, 47]","[0, 0]","[0, 0]",23
50,"[0, 1]",122.94999999999516,"[49, 48]","[0, 0]","[0, 0]",23
51,"[0, 3]",154.30000000000084,"[50, 49]","[0, 0]","[0, 0]",23
52,"[2, 1]",63.34999999999854,"[43, 18]","[8.74999999999999, 0]","[0, 0]",23
53,"[0, 1]",126.79999999999494,"[51, 50]","[0, 0]","[0, 0]",23
54,"[0, 3]",158.00000000000168,"[53, 51]","[0, 0]","[0, 0]",23
55,"[2, 1]",63.899999999998506,"[52, 52]","[6.549999999999985, 0]","[0, 0]",23
56,"[0, 1]",130.3999999999954,"[54, 53]","[0, 0]","[0, 0]",23
57,"[0, 1]",131.19999999999558,"[56, 56]","[0, 0]","[0, 0]",23
58,"[0, 1]",131.79999999999572,"[57, 57]","[0, 0]","[0, 0]",23
59,"[0, 3]",162.40000000000268,"[58, 54]","[0, 0]","[0, 0]",23
60,"[0, 1]",134.7499999999964,"[59, 58]","[0, 0]","[0, 0]",23
61,"[0, 1]",135.59999999999658,"[60, 60]","[0, 0]","[0, 0]",23
62,"[0, 1]",136.24999999999673,"[61, 61]","[0, 0]","[0, 0]",23
63,"[0, 1]",136.4999999999968,"[62, 62]","[0, 0]","[0, 0]",23
64,"[0, 3]",166.4500000000036,"[63, 59]","[0, 0]","[0, 0]",23
65,"[0, 1]",138.3499999999972,"[64, 63]","[0, 0]","[0, 0]",23
66,"[0, 3]",168.80000000000413,"[65, 64]","[0, 0]","[0, 0]",23
67,"[0, 1]",140.29999999999765,"[66, 65]","[0, 0]","[0, 0]",23
68,"[0, 1]",140.4499999999977,"[67, 67]","[0, 0]","[0, 0]",23
69,"[0, 3]",170.65000000000455,"[68, 66]","[0, 0]","[0, 0]",23
70,"[0, 1]",142.2999999999981,"[69, 68]","[0, 0]","[0, 0]",23
71,"[0, 1]",142.34999999999812,"[70, 70]","[0, 0]","[0, 0]",23
72,"[0, 1]",142.34999999999812,"[71, 71]","[0, 0]","[0, 0]",23
73,"[0, 1]",142.2999999999981,"[72, 72]","[0, 0]","[0, 0]",23
74,"[0, 1]",137.64999999999705,"[73, 73]","[0, 0]","[0, 0]",23
75,"[0, 1]",136.84999999999687,"[74, 74]","[0, 0]","[0, 0]",23
76,"[0, 1]",137.399999999997,"[75, 75]","[0, 0]","[0, 0]",23
77,"[0, 1]",137.99999999999713,"[76, 76]","[0, 0]","[0, 0]",23
78,"[2, 3]",75.24999999999787,"[55, 19]","[0, 0]","[0, 0]",23
79,"[0, 1]",136.69999999999683,"[77, 77]","[0, 0]","[0, 0]",23
0,"[2, 1]",36.40000000000007,"[-999, -999]","[0, 0]","[0, 0]",24
1,"[2, 1]",38.09999999999997,"[0, 0]","[0, 0]","[0, 0]",24
2,"[2, 1]",39.89999999999987,"[1, 1]","[0, 0]","[0, 0]",24
3,"[2, 1]",41.79999999999976,"[2, 2]","[0, 0]","[0, 0]",24
4,"[2, 1]",43.54999999999966,"[3, 3]","[0, 0]","[0, 0]",24
5,"[2, 1]",45.04999999999958,"[4, 4]","[0, 0]","[0, 0]",24
6,"[2, 1]",46.349999999999504,"[5, 5]","[0, 0]","[0, 0]",24
7,"[2, 1]",47.399999999999444,"[6, 6]","[0, 0]","[0, 0]",24
8,"[2, 1]",48.449999999999385,"[7, 7]","[0, 0]","[0, 0]",24
9,"[2, 3]",82.84999999999744,"[8, 11]","[2.3499999999999996, 0]","[2.3499999999999996, 0]",24
10,"[2, 3]",84.79999999999733,"[9, 9]","[3.399999999999996, 0]","[3.399999999999996, 0]",24
11,"[0, 3]",96.59999999999665,"[-999, -999]","[0, 0]","[0, 0]",24
12,"[2, 1]",74.6499999999979,"[10, 18]","[17.750000000000117, 0]","[13.950000000000063, 0]",24
13,"[0, 1]",70.89999999999812,"[11, 8]","[0, 0]","[0, 0]",24
14,"[0, 1]",71.59999999999808,"[13, 13]","[0, 0]","[0, 0]",24
15,"[0, 1]",72.14999999999804,"[14, 14]","[0, 0]","[0, 0]",24
16,"[0, 1]",72.54999999999802,"[15, 15]","[0, 0]","[0, 0]",24
17,"[0, 1]",72.949999999998,"[16, 16]","[0, 0]","[0, 0]",24
18,"[0, 1]",73.14999999999799,"[17, 17]","[0, 0]","[0, 0]",24
19,"[2, 3]",106.84999999999607,"[12, 20]","[26.50000000000024, 0]","[0, 0]",24
20,"[0, 3]",104.34999999999621,"[18, 10]","[0, 0]","[0, 0]",24
21,"[0, 1]",76.29999999999781,"[20, 12]","[0, 0]","[0, 0]",24
22,"[0, 1]",77.39999999999775,"[21, 21]","[0, 0]","[0, 0]",24
23,"[0, 1]",82.89999999999743,"[22, 38]","[2.3999999999999995, 0]","[2.3999999999999995, 0]",24
24,"[0, 1]",88.19999999999713,"[23, 55]","[2.5999999999999988, 0]","[2.5999999999999988, 0]",24
25,"[0, 1]",88.59999999999711,"[24, 24]","[0, 0]","[0, 0]",24
26,"[0, 3]",118.99999999999538,"[25, 78]","[0, 0]","[0, 0]",24
27,"[0, 1]",91.34999999999695,"[26, 25]","[0, 0]","[0, 0]",24
28,"[0, 1]",92.44999999999689,"[27, 27]","[0, 0]","[0, 0]",24
29,"[0, 1]",93.59999999999683,"[28, 28]","[0, 0]","[0, 0]",24
30,"[0, 1]",94.64999999999677,"[29, 29]","[0, 0]","[0, 0]",24
31,"[0, 1]",95.64999999999671,"[30, 30]","[0, 0]","[0, 0]",24
32,"[0, 1]",96.74999999999665,"[31, 31]","[0, 0]","[0, 0]",24
33,"[0, 1]",97.74999999999659,"[32, 32]","[0, 0]","[0, 0]",24
34,"[0, 3]",128.649999999995,"[33, 26]","[0, 0]","[0, 0]",24
35,"[0, 1]",101.39999999999638,"[34, 33]","[0, 0]","[0, 0]",24
36,"[0, 1]",102.59999999999631,"[35, 35]","[0, 0]","[0, 0]",24
37,"[0, 1]",103.69999999999625,"[36, 36]","[0, 0]","[0, 0]",24
38,"[2, 1]",82.94999999999743,"[19, 22]","[29.650000000000286, 0]","[0, 0]",24
39,"[0, 1]",104.6999999999962,"[37, 37]","[0, 0]","[0, 0]",24
40,"[0, 1]",105.69999999999614,"[39, 39]","[0, 0]","[0, 0]",24
41,"[0, 1]",106.79999999999607,"[40, 40]","[0, 0]","[0, 0]",24
42,"[0, 1]",107.89999999999601,"[41, 41]","[0, 0]","[0, 0]",24
43,"[0, 1]",108.79999999999596,"[42, 42]","[0, 0]","[0, 0]",24
44,"[0, 1]",109.7999999999959,"[43, 43]","[0, 0]","[0, 0]",24
45,"[0, 1]",110.89999999999584,"[44, 44]","[0, 0]","[0, 0]",24
46,"[0, 1]",111.89999999999579,"[45, 45]","[0, 0]","[0, 0]",24
47,"[0, 3]",142.89999999999824,"[46, -999]","[0, 0]","[0, 0]",24
48,"[0, 1]",115.74999999999557,"[47, 46]","[0, 0]","[0, 0]",24
49,"[0, 3]",147.0499999999992,"[48, 47]","[0, 0]","[0, 0]",24
50,"[0, 1]",119.59999999999535,"[49, 48]","[0, 0]","[0, 0]",24
51,"[0, 1]",120.69999999999528,"[50, 50]","[0, 0]","[0, 0]",24
52,"[0, 1]",121.79999999999522,"[51, 51]","[0, 0]","[0, 0]",24
53,"[0, 1]",122.84999999999516,"[52, 52]","[0, 0]","[0, 0]",24
54,"[0, 1]",123.8499999999951,"[53, 53]","[0, 0]","[0, 0]",24
55,"[2, 1]",81.54999999999751,"[38, 23]","[23.800000000000203, 0]","[0, 0]",24
56,"[0, 1]",124.89999999999505,"[54, 54]","[0, 0]","[0, 0]",24
57,"[0, 1]",125.94999999999499,"[56, 56]","[0, 0]","[0, 0]",24
58,"[0, 1]",126.94999999999493,"[57, 57]","[0, 0]","[0, 0]",24
59,"[0, 1]",127.89999999999488,"[58, 58]","[0, 0]","[0, 0]",24
60,"[0, 1]",128.74999999999503,"[59, 59]","[0, 0]","[0, 0]",24
61,"[0, 1]",128.1999999999949,"[60, 60]","[0, 0]","[0, 0]",24
62,"[0, 1]",127.19999999999492,"[61, 61]","[0, 0]","[0, 0]",24
63,"[0, 1]",127.84999999999488,"[62, 62]","[0, 0]","[0, 0]",24
64,"[0, 1]",128.44999999999496,"[63, 63]","[0, 0]","[0, 0]",24
65,"[0, 1]",128.79999999999504,"[64, 64]","[0, 0]","[0, 0]",24
66,"[0, 3]",159.05000000000192,"[65, -999]","[0, 0]","[0, 0]",24
67,"[0, 1]",131.44999999999564,"[66, 65]","[0, 0]","[0, 0]",24
68,"[0, 1]",132.1999999999958,"[67, 67]","[0, 0]","[0, 0]",24
69,"[0, 1]",132.74999999999594,"[68, 68]","[0, 0]","[0, 0]",24
70,"[0, 1]",132.84999999999596,"[69, 69]","[0, 0]","[0, 0]",24
71,"[0, 1]",132.84999999999596,"[70, 70]","[0, 0]","[0, 0]",24
72,"[0, 1]",132.84999999999596,"[71, 71]","[0, 0]","[0, 0]",24
73,"[0, 1]",128.04999999999487,"[72, 72]","[0, 0]","[0, 0]",24
74,"[0, 1]",127.29999999999491,"[73, 73]","[0, 0]","[0, 0]",24
75,"[0, 1]",127.94999999999487,"[74, 74]","[0, 0]","[0, 0]",24
76,"[0, 1]",128.44999999999496,"[75, 75]","[0, 0]","[0, 0]",24
77,"[0, 1]",125.14999999999503,"[76, 76]","[0, 0]","[0, 0]",24
78,"[2, 3]",90.84999999999698,"[55, 19]","[0.7500000000000001, 0]","[0, 0]",24
79,"[0, 1]",125.29999999999502,"[77, 77]","[0, 0]","[0, 0]",24
0,"[2, 1]",36.40000000000007,"[-999, -999]","[0, 0]","[0, 0]",25
1,"[2, 1]",38.09999999999997,"[0, 0]","[0, 0]","[0, 0]",25
2,"[2, 1]",39.89999999999987,"[1, 1]","[0, 0]","[0, 0]",25
3,"[0, 3]",110.89999999999584,"[-999, 10]","[0, 0]","[5.799999999999987, 0]",25
4,"[2, 1]",41.79999999999976,"[2, 2]","[0, 0]","[0, 0]",25
5,"[2, 1]",43.54999999999966,"[4, 4]","[0, 0]","[0, 0]",25
6,"[2, 1]",45.04999999999958,"[5, 5]","[0, 0]","[0, 0]",25
7,"[2, 1]",46.349999999999504,"[6, 6]","[0, 0]","[0, 0]",25
8,"[2, 3]",72.79999999999801,"[7, -999]","[0, 0]","[0, 0]",25
9,"[2, 3]",75.49999999999785,"[8, 8]","[0, 0]","[0, 0]",25
10,"[2, 3]",77.24999999999775,"[9, 9]","[0, 0]","[0, 0]",25
11,"[2, 1]",46.699999999999484,"[10, 7]","[0, 0]","[0, 0]",25
12,"[0, 3]",106.49999999999609,"[3, 3]","[0, 0]","[0, 0]",25
13,"[0, 1]",76.69999999999779,"[12, 11]","[0, 0]","[0, 0]",25
14,"[0, 1]",83.94999999999737,"[13, 55]","[3.4999999999999956, 0]","[3.4999999999999956, 0]",25
15,"[0, 1]",83.4499999999974,"[14, 14]","[0, 0]","[0, 0]",25
16,"[0, 1]",84.09999999999737,"[15, 15]","[0, 0]","[0, 0]",25
17,"[0, 3]",112.09999999999577,"[16, 19]","[0, 0]","[0, 0]",25
18,"[0, 3]",114.49999999999564,"[17, 17]","[0, 0]","[0, 0]",25
19,"[2, 3]",84.64999999999733,"[11, 12]","[2.549999999999999, 0]","[2.549999999999999, 0]",25
20,"[0, 3]",121.09999999999526,"[18, 78]","[2.4499999999999993, 0]","[2.4499999999999993, 0]",25
21,"[0, 1]",90.69999999999699,"[20, -999]","[0, 0]","[0, 0]",25
22,"[0, 1]",91.79999999999693,"[21, 21]","[0, 0]","[0, 0]",25
23,"[0, 1]",92.84999999999687,"[22, 22]","[0, 0]","[0, 0]",25
24,"[0, 1]",93.9499999999968,"[23, 23]","[0, 0]","[0, 0]",25
25,"[0, 1]",94.94999999999675,"[24, 24]","[0, 0]","[0, 0]",25
26,"[0, 1]",95.94999999999669,"[25, 25]","[0, 0]","[0, 0]",25
27,"[0, 1]",96.99999999999663,"[26, 26]","[0, 0]","[0, 0]",25
28,"[0, 1]",98.09999999999657,"[27, 27]","[0, 0]","[0, 0]",25
29,"[0, 1]",99.09999999999651,"[28, 28]","[0, 0]","[0, 0]",25
30,"[0, 1]",100.14999999999645,"[29, 29]","[0, 0]","[0, 0]",25
31,"[0, 1]",101.1999999999964,"[30, 30]","[0, 0]","[0, 0]",25
32,"[0, 1]",102.19999999999634,"[31, 31]","[0, 0]","[0, 0]",25
33,"[0, 1]",103.24999999999628,"[32, 32]","[0, 0]","[0, 0]",25
34,"[0, 3]",134.19999999999627,"[33, -999]","[0, 0]","[0, 0]",25
35,"[0, 1]",106.99999999999606,"[34, 33]","[0, 0]","[0, 0]",25
36,"[0, 1]",108.099999999996,"[35, 35]","[0, 0]","[0, 0]",25
37,"[0, 1]",109.14999999999594,"[36, 36]","[0, 0]","[0, 0]",25
38,"[0, 3]",140.0999999999976,"[37, 34]","[0, 0]","[0, 0]",25
39,"[0, 1]",112.94999999999573,"[38, 37]","[0, 0]","[0, 0]",25
40,"[0, 1]",114.04999999999566,"[39, 39]","[0, 0]","[0, 0]",25
41,"[0, 1]",115.1499999999956,"[40, 40]","[0, 0]","[0, 0]",25
42,"[0, 1]",116.24999999999554,"[41, 41]","[0, 0]","[0, 0]",25
43,"[0, 1]",117.24999999999548,"[42, 42]","[0, 0]","[0, 0]",25
44,"[0, 1]",118.24999999999542,"[43, 43]","[0, 0]","[0, 0]",25
45,"[0, 1]",119.29999999999536,"[44, 44]","[0, 0]","[0, 0]",25
46,"[0, 1]",120.3999999999953,"[45, 45]","[0, 0]","[0, 0]",25
47,"[0, 3]",151.25000000000014,"[46, 38]","[0, 0]","[0, 0]",25
48,"[0, 1]",123.9999999999951,"[47, 46]","[0, 0]","[0, 0]",25
49,"[0, 1]",125.14999999999503,"[48, 48]","[0, 0]","[0, 0]",25
50,"[0, 1]",126.19999999999497,"[49, 49]","[0, 0]","[0, 0]",25
51,"[0, 1]",127.19999999999492,"[50, 50]","[0, 0]","[0, 0]",25
52,"[0, 1]",128.1999999999949,"[51, 51]","[0, 0]","[0, 0]",25
53,"[0, 1]",129.19999999999513,"[52, 52]","[0, 0]","[0, 0]",25
54,"[0, 1]",130.19999999999536,"[53, 53]","[0, 0]","[0, 0]",25
55,"[2, 1]",38.89999999999993,"[19, 13]","[0, 0]","[0, 0]",25
56,"[0, 1]",131.09999999999556,"[54, 54]","[0, 0]","[0, 0]",25
57,"[0, 1]",131.89999999999574,"[56, 56]","[0, 0]","[0, 0]",25
58,"[0, 1]",132.49999999999588,"[57, 57]","[0, 0]","[0, 0]",25
59,"[0, 3]",162.65000000000273,"[58, -999]","[0, 0]","[0, 0]",25
60,"[0, 1]",129.5499999999952,"[59, 58]","[0, 0]","[0, 0]",25
61,"[0, 1]",128.94999999999507,"[60, 60]","[0, 0]","[0, 0]",25
62,"[0, 1]",129.59999999999522,"[61, 61]","[0, 0]","[0, 0]",25
63,"[0, 1]",130.14999999999534,"[62, 62]","[0, 0]","[0, 0]",25
64,"[0, 1]",130.09999999999533,"[63, 63]","[0, 0]","[0, 0]",25
65,"[0, 1]",129.84999999999528,"[64, 64]","[0, 0]","[0, 0]",25
66,"[0, 3]",159.20000000000195,"[65, 59]","[0, 0]","[0, 0]",25
67,"[0, 1]",129.84999999999528,"[66, 65]","[0, 0]","[0, 0]",25
68,"[0, 3]",160.3500000000022,"[67, 66]","[0, 0]","[0, 0]",25
69,"[0, 3]",162.1000000000026,"[68, 68]","[0, 0]","[0, 0]",25
70,"[0, 3]",163.4000000000029,"[69, 69]","[0, 0]","[0, 0]",25
71,"[0, 1]",134.09999999999624,"[70, -999]","[0, 0]","[0, 0]",25
72,"[0, 1]",134.54999999999634,"[71, 71]","[0, 0]","[0, 0]",25
73,"[0, 1]",130.8499999999955,"[72, 72]","[0, 0]","[0, 0]",25
74,"[0, 1]",129.44999999999519,"[73, 73]","[0, 0]","[0, 0]",25
75,"[0, 1]",129.8999999999953,"[74, 74]","[0, 0]","[0, 0]",25
76,"[0, 1]",130.4499999999954,"[75, 75]","[0, 0]","[0, 0]",25
77,"[0, 1]",130.8499999999955,"[76, 76]","[0, 0]","[0, 0]",25
78,"[2, 3]",74.6999999999979,"[19, 18]","[0, 0]","[0, 0]",25
79,"[0, 1]",131.19999999999558,"[77, 77]","[0, 0]","[0, 0]",25
0,"[2, 1]",36.40000000000007,"[-999, -999]","[0, 0]","[0, 0]",26
1,"[2, 1]",38.09999999999997,"[0, 0]","[0, 0]","[0, 0]",26
2,"[2, 1]",39.89999999999987,"[1, 1]","[0, 0]","[0, 0]",26
3,"[2, 1]",41.79999999999976,"[2, 2]","[0, 0]","[0, 0]",26
4,"[2, 1]",43.54999999999966,"[3, 3]","[0, 0]","[0, 0]",26
5,"[2, 1]",45.04999999999958,"[4, 4]","[0, 0]","[0, 0]",26
6,"[2, 1]",46.349999999999504,"[5, 5]","[0, 0]","[0, 0]",26
7,"[2, 1]",47.34999999999945,"[6, 6]","[0, 0]","[0, 0]",26
8,"[0, 3]",100.54999999999643,"[-999, 9]","[0, 0]","[0, 0]",26
9,"[2, 3]",74.09999999999793,"[7, -999]","[0, 0]","[0, 0]",26
10,"[2, 1]",46.79999999999948,"[9, 7]","[0, 0]","[0, 0]",26
11,"[0, 1]",71.74999999999807,"[8, 10]","[0, 0]","[0, 0]",26
12,"[0, 3]",103.29999999999627,"[11, 8]","[0, 0]","[0, 0]",26
13,"[0, 1]",80.79999999999755,"[12, 52]","[3.399999999999996, 0]","[3.399999999999996, 0]",26
14,"[0, 1]",80.29999999999758,"[13, 13]","[0, 0]","[0, 0]",26
15,"[0, 1]",85.94999999999726,"[14, 55]","[2.549999999999999, 0]","[2.549999999999999, 0]",26
16,"[0, 1]",86.29999999999724,"[15, 15]","[0, 0]","[0, 0]",26
17,"[0, 1]",87.14999999999719,"[16, 16]","[0, 0]","[0, 0]",26
18,"[0, 1]",88.19999999999713,"[17, 17]","[0, 0]","[0, 0]",26
19,"[2, 1]",54.249999999999055,"[10, 11]","[3.2499999999999964, 0]","[3.2499999999999964, 0]",26
20,"[0, 1]",89.19999999999708,"[18, 18]","[0, 0]","[0, 0]",26
21,"[0, 1]",90.24999999999702,"[20, 20]","[0, 0]","[0, 0]",26
22,"[0, 1]",91.34999999999695,"[21, 21]","[0, 0]","[0, 0]",26
23,"[0, 1]",92.44999999999689,"[22, 22]","[0, 0]","[0, 0]",26
24,"[0, 1]",93.44999999999683,"[23, 23]","[0, 0]","[0, 0]",26
25,"[0, 1]",94.44999999999678,"[24, 24]","[0, 0]","[0, 0]",26
26,"[0, 1]",95.44999999999672,"[25, 25]","[0, 0]","[0, 0]",26
27,"[0, 1]",96.49999999999666,"[26, 26]","[0, 0]","[0, 0]",26
28,"[0, 1]",97.4999999999966,"[27, 27]","[0, 0]","[0, 0]",26
29,"[0, 1]",98.49999999999655,"[28, 28]","[0, 0]","[0, 0]",26
30,"[0, 1]",99.59999999999648,"[29, 29]","[0, 0]","[0, 0]",26
31,"[0, 1]",100.54999999999643,"[30, 30]","[0, 0]","[0, 0]",26
32,"[0, 1]",101.54999999999637,"[31, 31]","[0, 0]","[0, 0]",26
33,"[0, 1]",102.54999999999632,"[32, 32]","[0, 0]","[0, 0]",26
34,"[0, 1]",103.59999999999626,"[33, 33]","[0, 0]","[0, 0]",26
35,"[0, 1]",104.5999999999962,"[34, 34]","[0, 0]","[0, 0]",26
36,"[0, 1]",105.59999999999614,"[35, 35]","[0, 0]","[0, 0]",26
37,"[0, 1]",106.59999999999609,"[36, 36]","[0, 0]","[0, 0]",26
38,"[0, 3]",137.59999999999704,"[37, -999]","[0, 0]","[0, 0]",26
39,"[0, 1]",110.39999999999587,"[38, 37]","[0, 0]","[0, 0]",26
40,"[0, 1]",111.49999999999581,"[39, 39]","[0, 0]","[0, 0]",26
41,"[0, 1]",112.54999999999575,"[40, 40]","[0, 0]","[0, 0]",26
42,"[0, 1]",113.64999999999569,"[41, 41]","[0, 0]","[0, 0]",26
43,"[0, 1]",114.69999999999563,"[42, 42]","[0, 0]","[0, 0]",26
44,"[0, 1]",115.69999999999557,"[43, 43]","[0, 0]","[0, 0]",26
45,"[0, 1]",116.74999999999551,"[44, 44]","[0, 0]","[0, 0]",26
46,"[0, 1]",117.74999999999545,"[45, 45]","[0, 0]","[0, 0]",26
47,"[0, 1]",118.79999999999539,"[46, 46]","[0, 0]","[0, 0]",26
48,"[0, 1]",119.79999999999534,"[47, 47]","[0, 0]","[0, 0]",26
49,"[0, 1]",120.84999999999528,"[48, 48]","[0, 0]","[0, 0]",26
50,"[0, 1]",121.94999999999521,"[49, 49]","[0, 0]","[0, 0]",26
51,"[0, 1]",122.94999999999516,"[50, 50]","[0, 0]","[0, 0]",26
52,"[2, 1]",39.099999999999916,"[19, 19]","[0, 0]","[0, 0]",26
53,"[0, 1]",123.8999999999951,"[51, 51]","[0, 0]","[0, 0]",26
54,"[0, 3]",154.85000000000096,"[53, -999]","[0, 0]","[0, 0]",26
55,"[2, 1]",52.94999999999913,"[52, 14]","[6.699999999999984, 0]","[6.699999999999984, 0]",26
56,"[0, 1]",127.59999999999489,"[54, 53]","[0, 0]","[0, 0]",26
57,"[0, 1]",128.599999999995,"[56, 56]","[0, 0]","[0, 0]",26
58,"[0, 1]",129.4999999999952,"[57, 57]","[0, 0]","[0, 0]",26
59,"[0, 1]",130.24999999999537,"[58, 58]","[0, 0]","[0, 0]",26
60,"[0, 1]",130.69999999999547,"[59, 59]","[0, 0]","[0, 0]",26
61,"[0, 1]",130.89999999999552,"[60, 60]","[0, 0]","[0, 0]",26
62,"[0, 1]",131.04999999999555,"[61, 61]","[0, 0]","[0, 0]",26
63,"[0, 1]",131.14999999999557,"[62, 62]","[0, 0]","[0, 0]",26
64,"[0, 1]",131.04999999999555,"[63, 63]","[0, 0]","[0, 0]",26
65,"[0, 1]",126.29999999999497,"[64, 64]","[0, 0]","[0, 0]",26
66,"[0, 3]",155.4500000000011,"[65, -999]","[0, 0]","[0, 0]",26
67,"[0, 1]",127.74999999999488,"[66, 65]","[0, 0]","[0, 0]",26
68,"[0, 1]",128.39999999999495,"[67, 67]","[0, 0]","[0, 0]",26
69,"[0, 3]",158.75000000000185,"[68, 66]","[0, 0]","[0, 0]",26
70,"[0, 1]",130.74999999999548,"[69, 68]","[0, 0]","[0, 0]",26
71,"[0, 1]",131.44999999999564,"[70, 70]","[0, 0]","[0, 0]",26
72,"[0, 1]",132.1999999999958,"[71, 71]","[0, 0]","[0, 0]",26
73,"[0, 1]",132.79999999999595,"[72, 72]","[0, 0]","[0, 0]",26
74,"[0, 1]",132.89999999999597,"[73, 73]","[0, 0]","[0, 0]",26
75,"[0, 1]",132.84999999999596,"[74, 74]","[0, 0]","[0, 0]",26
76,"[0, 1]",133.049999999996,"[75, 75]","[0, 0]","[0, 0]",26
77,"[0, 1]",133.14999999999603,"[76, 76]","[0, 0]","[0, 0]",26
78,"[2, 3]",67.94999999999828,"[55, 12]","[0, 0]","[0, 0]",26
79,"[0, 1]",133.14999999999603,"[77, 77]","[0, 0]","[0, 0]",26
0,"[2, 1]",36.40000000000007,"[-999, -999]","[0, 0]","[0, 0]",27
1,"[2, 1]",38.09999999999997,"[0, 0]","[0, 0]","[0, 0]",27
2,"[2, 1]",39.89999999999987,"[1, 1]","[0, 0]","[0, 0]",27
3,"[2, 1]",41.79999999999976,"[2, 2]","[0, 0]","[0, 0]",27
4,"[2, 1]",43.54999999999966,"[3, 3]","[0, 0]","[0, 0]",27
5,"[2, 1]",45.099999999999575,"[4, 4]","[0, 0]","[0, 0]",27
6,"[2, 1]",46.349999999999504,"[5, 5]","[0, 0]","[0, 0]",27
7,"[2, 1]",47.34999999999945,"[6, 6]","[0, 0]","[0, 0]",27
8,"[2, 1]",48.449999999999385,"[7, 7]","[0, 0]","[0, 0]",27
9,"[0, 3]",96.59999999999665,"[-999, -999]","[0, 0]","[0, 0]",27
10,"[2, 3]",80.54999999999757,"[8, 9]","[0, 0]","[0, 0]",27
11,"[0, 3]",105.34999999999616,"[9, 10]","[2.25, 0]","[2.25, 0]",27
12,"[2, 3]",87.99999999999714,"[10, 11]","[3.2999999999999963, 0]","[3.2999999999999963, 0]",27
13,"[0, 1]",75.89999999999783,"[11, 8]","[0, 0]","[0, 0]",27
14,"[0, 1]",83.04999999999742,"[13, 55]","[3.4999999999999956, 0]","[3.4999999999999956, 0]",27
15,"[0, 1]",82.54999999999745,"[14, 14]","[0, 0]","[0, 0]",27
16,"[0, 1]",83.19999999999742,"[15, 15]","[0, 0]","[0, 0]",27
17,"[0, 1]",84.19999999999736,"[16, 16]","[0, 0]","[0, 0]",27
18,"[0, 1]",85.1999999999973,"[17, 17]","[0, 0]","[0, 0]",27
19,"[0, 3]",115.99999999999555,"[18, 78]","[0, 0]","[0, 0]",27
20,"[0, 3]",117.94999999999544,"[19, 19]","[0, 0]","[0, 0]",27
21,"[0, 1]",89.14999999999708,"[20, 18]","[0, 0]","[0, 0]",27
22,"[0, 1]",90.24999999999702,"[21, 21]","[0, 0]","[0, 0]",27
23,"[0, 1]",91.34999999999695,"[22, 22]","[0, 0]","[0, 0]",27
24,"[0, 1]",92.3999999999969,"[23, 23]","[0, 0]","[0, 0]",27
25,"[0, 1]",93.44999999999683,"[24, 24]","[0, 0]","[0, 0]",27
26,"[0, 1]",94.49999999999677,"[25, 25]","[0, 0]","[0, 0]",27
27,"[0, 1]",95.54999999999671,"[26, 26]","[0, 0]","[0, 0]",27
28,"[0, 1]",96.54999999999666,"[27, 27]","[0, 0]","[0, 0]",27
29,"[0, 1]",97.5499999999966,"[28, 28]","[0, 0]","[0, 0]",27
30,"[0, 1]",98.64999999999654,"[29, 29]","[0, 0]","[0, 0]",27
31,"[0, 1]",99.64999999999648,"[30, 30]","[0, 0]","[0, 0]",27
32,"[0, 1]",100.69999999999642,"[31, 31]","[0, 0]","[0, 0]",27
33,"[0, 1]",101.69999999999636,"[32, 32]","[0, 0]","[0, 0]",27
34,"[0, 1]",102.7499999999963,"[33, 33]","[0, 0]","[0, 0]",27
35,"[0, 1]",103.74999999999625,"[34, 34]","[0, 0]","[0, 0]",27
36,"[0, 1]",104.74999999999619,"[35, 35]","[0, 0]","[0, 0]",27
37,"[0, 1]",105.74999999999613,"[36, 36]","[0, 0]","[0, 0]",27
38,"[0, 3]",136.74999999999685,"[37, -999]","[0, 0]","[0, 0]",27
39,"[0, 1]",109.49999999999592,"[38, 37]","[0, 0]","[0, 0]",27
40,"[0, 1]",110.64999999999586,"[39, 39]","[0, 0]","[0, 0]",27
41,"[0, 1]",111.7499999999958,"[40, 40]","[0, 0]","[0, 0]",27
42,"[0, 1]",112.79999999999573,"[41, 41]","[0, 0]","[0, 0]",27
43,"[0, 1]",113.79999999999568,"[42, 42]","[0, 0]","[0, 0]",27
44,"[0, 1]",114.84999999999562,"[43, 43]","[0, 0]","[0, 0]",27
45,"[0, 1]",115.84999999999556,"[44, 44]","[0, 0]","[0, 0]",27
46,"[0, 1]",116.8999999999955,"[45, 45]","[0, 0]","[0, 0]",27
47,"[0, 1]",117.94999999999544,"[46, 46]","[0, 0]","[0, 0]",27
48,"[0, 1]",118.89999999999539,"[47, 47]","[0, 0]","[0, 0]",27
49,"[0, 1]",119.89999999999533,"[48, 48]","[0, 0]","[0, 0]",27
50,"[0, 1]",120.99999999999527,"[49, 49]","[0, 0]","[0, 0]",27
51,"[0, 1]",122.0999999999952,"[50, 50]","[0, 0]","[0, 0]",27
52,"[0, 3]",152.95000000000053,"[51, -999]","[0, 0]","[0, 0]",27
53,"[0, 1]",125.699999999995,"[52, 51]","[0, 0]","[0, 0]",27
54,"[0, 1]",126.74999999999494,"[53, 53]","[0, 0]","[0, 0]",27
55,"[2, 1]",38.949999999999925,"[12, 13]","[0, 0]","[0, 0]",27
56,"[0, 1]",127.79999999999488,"[54, 54]","[0, 0]","[0, 0]",27
57,"[0, 1]",128.74999999999503,"[56, 56]","[0, 0]","[0, 0]",27
58,"[0, 1]",129.5499999999952,"[57, 57]","[0, 0]","[0, 0]",27
59,"[0, 3]",160.15000000000217,"[58, 52]","[0, 0]","[0, 0]",27
60,"[0, 1]",132.34999999999584,"[59, 58]","[0, 0]","[0, 0]",27
61,"[0, 1]",132.6499999999959,"[60, 60]","[0, 0]","[0, 0]",27
62,"[0, 1]",132.79999999999595,"[61, 61]","[0, 0]","[0, 0]",27
63,"[0, 1]",132.69999999999592,"[62, 62]","[0, 0]","[0, 0]",27
64,"[0, 1]",127.99999999999487,"[63, 63]","[0, 0]","[0, 0]",27
65,"[0, 1]",127.14999999999492,"[64, 64]","[0, 0]","[0, 0]",27
66,"[0, 3]",157.6000000000016,"[65, 59]","[0, 0]","[0, 0]",27
67,"[0, 1]",129.8999999999953,"[66, 65]","[0, 0]","[0, 0]",27
68,"[0, 1]",130.29999999999538,"[67, 67]","[0, 0]","[0, 0]",27
69,"[0, 3]",160.7500000000023,"[68, 66]","[0, 0]","[0, 0]",27
70,"[0, 1]",133.049999999996,"[69, 68]","[0, 0]","[0, 0]",27
71,"[0, 1]",133.79999999999617,"[70, 70]","[0, 0]","[0, 0]",27
72,"[0, 1]",134.3999999999963,"[71, 71]","[0, 0]","[0, 0]",27
73,"[0, 1]",134.49999999999633,"[72, 72]","[0, 0]","[0, 0]",27
74,"[0, 1]",134.44999999999632,"[73, 73]","[0, 0]","[0, 0]",27
75,"[0, 1]",134.59999999999636,"[74, 74]","[0, 0]","[0, 0]",27
76,"[0, 1]",134.64999999999637,"[75, 75]","[0, 0]","[0, 0]",27
77,"[0, 1]",134.49999999999633,"[76, 76]","[0, 0]","[0, 0]",27
78,"[2, 3]",67.94999999999828,"[12, 12]","[0, 0]","[0, 0]",27
79,"[0, 1]",129.59999999999522,"[77, 77]","[0, 0]","[0, 0]",27
0,"[2, 1]",36.40000000000007,"[-999, -999]","[0, 0]","[0, 0]",28
1,"[2, 1]",38.09999999999997,"[0, 0]","[0, 0]","[0, 0]",28
2,"[2, 3]",68.64999999999824,"[1, -999]","[0, 0]","[0, 0]",28
3,"[2, 1]",37.40000000000001,"[2, 1]","[0, 0]","[0, 0]",28
4,"[2, 1]",39.19999999999991,"[3, 3]","[0, 0]","[0, 0]",28
5,"[2, 1]",41.0999999999998,"[4, 4]","[0, 0]","[0, 0]",28
6,"[2, 1]",42.9499999999997,"[5, 5]","[0, 0]","[0, 0]",28
7,"[2, 1]",44.549999999999606,"[6, 6]","[0, 0]","[0, 0]",28
8,"[0, 1]",67.49999999999831,"[-999, 7]","[0, 0]","[0, 0]",28
9,"[2, 3]",74.5999999999979,"[7, 2]","[0, 0]","[0, 0]",28
10,"[2, 3]",77.24999999999775,"[9, 9]","[0, 0]","[0, 0]",28
11,"[0, 1]",70.14999999999816,"[8, 8]","[0, 0]","[0, 0]",28
12,"[2, 3]",78.94999999999766,"[10, 10]","[0, 0]","[0, 0]",28
13,"[0, 1]",71.2999999999981,"[11, 11]","[0, 0]","[0, 0]",28
14,"[0, 1]",72.04999999999805,"[13, 13]","[0, 0]","[0, 0]",28
15,"[0, 1]",72.49999999999802,"[14, 14]","[0, 0]","[0, 0]",28
16,"[0, 1]",72.949999999998,"[15, 15]","[0, 0]","[0, 0]",28
17,"[0, 3]",104.14999999999623,"[16, 12]","[0, 0]","[0, 0]",28
18,"[0, 1]",81.99999999999748,"[17, 49]","[3.1999999999999966, 0]","[3.1999999999999966, 0]",28
19,"[0, 1]",81.39999999999752,"[18, 18]","[0, 0]","[0, 0]",28
20,"[2, 1]",67.5999999999983,"[12, 16]","[13.600000000000058, 0]","[13.600000000000058, 0]",28
21,"[0, 1]",86.9499999999972,"[19, 52]","[2.549999999999999, 0]","[2.549999999999999, 0]",28
22,"[0, 1]",92.2999999999969,"[21, 55]","[2.6499999999999986, 0]","[2.6499999999999986, 0]",28
23,"[0, 1]",92.54999999999688,"[22, 22]","[0, 0]","[0, 0]",28
24,"[0, 1]",93.49999999999683,"[23, 23]","[0, 0]","[0, 0]",28
25,"[0, 1]",94.54999999999677,"[24, 24]","[0, 0]","[0, 0]",28
26,"[0, 1]",95.49999999999672,"[25, 25]","[0, 0]","[0, 0]",28
27,"[0, 1]",96.49999999999666,"[26, 26]","[0, 0]","[0, 0]",28
28,"[0, 1]",97.5999999999966,"[27, 27]","[0, 0]","[0, 0]",28
29,"[0, 1]",98.59999999999654,"[28, 28]","[0, 0]","[0, 0]",28
30,"[0, 1]",99.59999999999648,"[29, 29]","[0, 0]","[0, 0]",28
31,"[0, 1]",100.64999999999642,"[30, 30]","[0, 0]","[0, 0]",28
32,"[0, 1]",101.64999999999637,"[31, 31]","[0, 0]","[0, 0]",28
33,"[0, 1]",102.64999999999631,"[32, 32]","[0, 0]","[0, 0]",28
34,"[0, 1]",103.69999999999625,"[33, 33]","[0, 0]","[0, 0]",28
35,"[0, 1]",104.79999999999619,"[34, 34]","[0, 0]","[0, 0]",28
36,"[0, 1]",105.79999999999613,"[35, 35]","[0, 0]","[0, 0]",28
37,"[0, 1]",106.79999999999607,"[36, 36]","[0, 0]","[0, 0]",28
38,"[0, 3]",137.74999999999707,"[37, -999]","[0, 0]","[0, 0]",28
39,"[0, 1]",110.59999999999586,"[38, 37]","[0, 0]","[0, 0]",28
40,"[0, 1]",111.6999999999958,"[39, 39]","[0, 0]","[0, 0]",28
41,"[0, 1]",112.79999999999573,"[40, 40]","[0, 0]","[0, 0]",28
42,"[0, 1]",113.84999999999567,"[41, 41]","[0, 0]","[0, 0]",28
43,"[0, 1]",114.89999999999561,"[42, 42]","[0, 0]","[0, 0]",28
44,"[0, 1]",115.94999999999555,"[43, 43]","[0, 0]","[0, 0]",28
45,"[0, 1]",116.9499999999955,"[44, 44]","[0, 0]","[0, 0]",28
46,"[0, 1]",117.99999999999544,"[45, 45]","[0, 0]","[0, 0]",28
47,"[0, 3]",148.94999999999962,"[46, 38]","[0, 0]","[0, 0]",28
48,"[0, 1]",121.69999999999523,"[47, 46]","[0, 0]","[0, 0]",28
49,"[2, 1]",60.4499999999987,"[20, 20]","[13.550000000000058, 0]","[2.799999999999998, 0]",28
50,"[0, 1]",122.84999999999516,"[48, 48]","[0, 0]","[0, 0]",28
51,"[0, 3]",154.00000000000077,"[50, 47]","[0, 0]","[0, 0]",28
52,"[2, 1]",73.14999999999799,"[49, 19]","[16.800000000000104, 0]","[2.5999999999999988, 0]",28
53,"[0, 1]",126.74999999999494,"[51, 50]","[0, 0]","[0, 0]",28
54,"[0, 1]",127.84999999999488,"[53, 53]","[0, 0]","[0, 0]",28
55,"[2, 1]",78.04999999999771,"[52, 21]","[20.500000000000156, 0]","[0, 0]",28
56,"[0, 1]",128.94999999999507,"[54, 54]","[0, 0]","[0, 0]",28
57,"[0, 1]",129.84999999999528,"[56, 56]","[0, 0]","[0, 0]",28
58,"[0, 1]",130.74999999999548,"[57, 57]","[0, 0]","[0, 0]",28
59,"[0, 3]",161.50000000000247,"[58, 51]","[0, 0]","[0, 0]",28
60,"[0, 1]",133.9499999999962,"[59, 58]","[0, 0]","[0, 0]",28
61,"[0, 1]",134.44999999999632,"[60, 60]","[0, 0]","[0, 0]",28
62,"[0, 1]",134.69999999999638,"[61, 61]","[0, 0]","[0, 0]",28
63,"[0, 1]",134.8499999999964,"[62, 62]","[0, 0]","[0, 0]",28
64,"[0, 1]",134.89999999999642,"[63, 63]","[0, 0]","[0, 0]",28
65,"[0, 1]",134.7499999999964,"[64, 64]","[0, 0]","[0, 0]",28
66,"[0, 3]",159.65000000000205,"[65, 59]","[0, 0]","[0, 0]",28
67,"[0, 1]",130.7999999999955,"[66, 65]","[0, 0]","[0, 0]",28
68,"[0, 1]",131.44999999999564,"[67, 67]","[0, 0]","[0, 0]",28
69,"[0, 1]",132.04999999999578,"[68, 68]","[0, 0]","[0, 0]",28
70,"[0, 1]",132.49999999999588,"[69, 69]","[0, 0]","[0, 0]",28
71,"[0, 1]",132.84999999999596,"[70, 70]","[0, 0]","[0, 0]",28
72,"[0, 1]",133.39999999999608,"[71, 71]","[0, 0]","[0, 0]",28
73,"[0, 1]",134.09999999999624,"[72, 72]","[0, 0]","[0, 0]",28
74,"[0, 1]",134.54999999999634,"[73, 73]","[0, 0]","[0, 0]",28
75,"[0, 1]",130.49999999999542,"[74, 74]","[0, 0]","[0, 0]",28
76,"[0, 1]",129.19999999999513,"[75, 75]","[0, 0]","[0, 0]",28
77,"[0, 1]",129.59999999999522,"[76, 76]","[0, 0]","[0, 0]",28
78,"[2, 3]",87.59999999999717,"[55, 17]","[0, 0]","[0, 0]",28
79,"[0, 1]",128.99999999999508,"[77, 77]","[0, 0]","[0, 0]",28
0,"[2, 1]",36.40000000000007,"[-999, -999]","[0, 0]","[0, 0]",29
1,"[2, 1]",38.09999999999997,"[0, 0]","[0, 0]","[0, 0]",29
2,"[2, 1]",39.89999999999987,"[1, 1]","[0, 0]","[0, 0]",29
3,"[2, 3]",69.24999999999821,"[2, -999]","[0, 0]","[0, 0]",29
4,"[2, 1]",37.74999999999999,"[3, 2]","[0, 0]","[0, 0]",29
5,"[2, 1]",39.54999999999989,"[4, 4]","[0, 0]","[0, 0]",29
6,"[2, 1]",41.34999999999979,"[5, 5]","[0, 0]","[0, 0]",29
7,"[2, 1]",43.29999999999968,"[6, 6]","[0, 0]","[0, 0]",29
8,"[0, 1]",71.99999999999805,"[-999, 10]","[0, 0]","[2.3, 0]",29
9,"[2, 3]",73.69999999999796,"[7, 3]","[0, 0]","[0, 0]",29
10,"[2, 1]",41.79999999999976,"[9, 7]","[0, 0]","[0, 0]",29
11,"[0, 3]",103.99999999999623,"[8, 17]","[0, 0]","[0, 0]",29
12,"[0, 1]",74.54999999999791,"[11, 19]","[0, 0]","[0, 0]",29
13,"[0, 1]",75.64999999999785,"[12, 12]","[0, 0]","[0, 0]",29
14,"[0, 1]",81.04999999999754,"[13, 55]","[2.3499999999999996, 0]","[2.3499999999999996, 0]",29
15,"[0, 1]",81.6999999999975,"[14, 14]","[0, 0]","[0, 0]",29
16,"[0, 1]",82.69999999999744,"[15, 15]","[0, 0]","[0, 0]",29
17,"[2, 3]",74.09999999999793,"[10, 9]","[0, 0]","[0, 0]",29
18,"[0, 1]",83.69999999999739,"[16, 16]","[0, 0]","[0, 0]",29
19,"[2, 1]",45.94999999999953,"[17, 8]","[0, 0]","[0, 0]",29
20,"[2, 3]",78.39999999999769,"[19, 11]","[0, 0]","[0, 0]",29
21,"[0, 1]",84.79999999999733,"[18, 18]","[0, 0]","[0, 0]",29
22,"[0, 1]",85.79999999999727,"[21, 21]","[0, 0]","[0, 0]",29
23,"[0, 1]",86.84999999999721,"[22, 22]","[0, 0]","[0, 0]",29
24,"[0, 1]",87.89999999999715,"[23, 23]","[0, 0]","[0, 0]",29
25,"[0, 1]",88.94999999999709,"[24, 24]","[0, 0]","[0, 0]",29
26,"[0, 3]",119.89999999999533,"[25, -999]","[0, 0]","[0, 0]",29
27,"[0, 1]",92.64999999999688,"[26, 25]","[0, 0]","[0, 0]",29
28,"[0, 1]",93.79999999999681,"[27, 27]","[0, 0]","[0, 0]",29
29,"[0, 1]",94.94999999999675,"[28, 28]","[0, 0]","[0, 0]",29
30,"[0, 1]",95.94999999999669,"[29, 29]","[0, 0]","[0, 0]",29
31,"[0, 1]",96.94999999999663,"[30, 30]","[0, 0]","[0, 0]",29
32,"[0, 1]",98.04999999999657,"[31, 31]","[0, 0]","[0, 0]",29
33,"[0, 1]",99.04999999999652,"[32, 32]","[0, 0]","[0, 0]",29
34,"[0, 1]",100.04999999999646,"[33, 33]","[0, 0]","[0, 0]",29
35,"[0, 1]",101.0499999999964,"[34, 34]","[0, 0]","[0, 0]",29
36,"[0, 1]",102.14999999999634,"[35, 35]","[0, 0]","[0, 0]",29
37,"[0, 1]",103.19999999999628,"[36, 36]","[0, 0]","[0, 0]",29
38,"[0, 3]",134.14999999999625,"[37, -999]","[0, 0]","[0, 0]",29
39,"[0, 1]",106.84999999999607,"[38, 37]","[0, 0]","[0, 0]",29
40,"[0, 1]",107.999999999996,"[39, 39]","[0, 0]","[0, 0]",29
41,"[0, 1]",109.04999999999595,"[40, 40]","[0, 0]","[0, 0]",29
42,"[0, 1]",110.09999999999589,"[41, 41]","[0, 0]","[0, 0]",29
43,"[0, 1]",111.09999999999583,"[42, 42]","[0, 0]","[0, 0]",29
44,"[0, 1]",112.14999999999577,"[43, 43]","[0, 0]","[0, 0]",29
45,"[0, 1]",113.14999999999571,"[44, 44]","[0, 0]","[0, 0]",29
46,"[0, 1]",114.14999999999566,"[45, 45]","[0, 0]","[0, 0]",29
47,"[0, 1]",115.2499999999956,"[46, 46]","[0, 0]","[0, 0]",29
48,"[0, 1]",116.29999999999553,"[47, 47]","[0, 0]","[0, 0]",29
49,"[0, 1]",117.34999999999548,"[48, 48]","[0, 0]","[0, 0]",29
50,"[0, 1]",118.39999999999542,"[49, 49]","[0, 0]","[0, 0]",29
51,"[0, 3]",149.39999999999972,"[50, -999]","[0, 0]","[0, 0]",29
52,"[0, 3]",151.75000000000026,"[51, 51]","[0, 0]","[0, 0]",29
53,"[0, 1]",123.24999999999514,"[52, 50]","[0, 0]","[0, 0]",29
54,"[0, 1]",124.29999999999508,"[53, 53]","[0, 0]","[0, 0]",29
55,"[2, 1]",42.999999999999694,"[20, 13]","[0, 0]","[0, 0]",29
56,"[0, 1]",125.39999999999502,"[54, 54]","[0, 0]","[0, 0]",29
57,"[0, 1]",126.39999999999496,"[56, 56]","[0, 0]","[0, 0]",29
58,"[0, 1]",127.3999999999949,"[57, 57]","[0, 0]","[0, 0]",29
59,"[0, 3]",158.30000000000175,"[58, 52]","[0, 0]","[0, 0]",29
60,"[0, 1]",130.94999999999553,"[59, 58]","[0, 0]","[0, 0]",29
61,"[0, 1]",131.7499999999957,"[60, 60]","[0, 0]","[0, 0]",29
62,"[0, 1]",132.39999999999586,"[61, 61]","[0, 0]","[0, 0]",29
63,"[0, 1]",132.74999999999594,"[62, 62]","[0, 0]","[0, 0]",29
64,"[0, 1]",128.1499999999949,"[63, 63]","[0, 0]","[0, 0]",29
65,"[0, 1]",127.4499999999949,"[64, 64]","[0, 0]","[0, 0]",29
66,"[0, 1]",127.99999999999487,"[65, 65]","[0, 0]","[0, 0]",29
67,"[0, 1]",128.49999999999497,"[66, 66]","[0, 0]","[0, 0]",29
68,"[0, 3]",158.70000000000184,"[67, 59]","[0, 0]","[0, 0]",29
69,"[0, 1]",130.8499999999955,"[68, 67]","[0, 0]","[0, 0]",29
70,"[0, 1]",131.49999999999565,"[69, 69]","[0, 0]","[0, 0]",29
71,"[0, 1]",132.24999999999582,"[70, 70]","[0, 0]","[0, 0]",29
72,"[0, 1]",132.89999999999597,"[71, 71]","[0, 0]","[0, 0]",29
73,"[0, 1]",133.09999999999602,"[72, 72]","[0, 0]","[0, 0]",29
74,"[0, 1]",133.049999999996,"[73, 73]","[0, 0]","[0, 0]",29
75,"[0, 1]",133.19999999999604,"[74, 74]","[0, 0]","[0, 0]",29
76,"[0, 1]",133.24999999999605,"[75, 75]","[0, 0]","[0, 0]",29
77,"[0, 3]",157.35000000000153,"[76, 68]","[0, 0]","[0, 0]",29
78,"[0, 1]",128.649999999995,"[77, 76]","[0, 0]","[0, 0]",29
79,"[0, 1]",129.29999999999515,"[78, 78]","[0.8500000000000002, 0]","[0, 0]",29
0,"[2, 1]",36.40000000000007,"[-999, -999]","[0, 0]","[0, 0]",30
1,"[2, 1]",38.09999999999997,"[0, 0]","[0, 0]","[0, 0]",30
2,"[2, 1]",39.89999999999987,"[1, 1]","[0, 0]","[0, 0]",30
3,"[2, 1]",41.79999999999976,"[2, 2]","[0, 0]","[0, 0]",30
4,"[2, 1]",43.54999999999966,"[3, 3]","[0, 0]","[0, 0]",30
5,"[2, 1]",45.04999999999958,"[4, 4]","[0, 0]","[0, 0]",30
6,"[2, 1]",46.349999999999504,"[5, 5]","[0, 0]","[0, 0]",30
7,"[2, 1]",47.399999999999444,"[6, 6]","[0, 0]","[0, 0]",30
8,"[2, 1]",48.54999999999938,"[7, 7]","[0, 0]","[0, 0]",30
9,"[2, 3]",76.59999999999779,"[8, -999]","[0, 0]","[0, 0]",30
10,"[2, 1]",51.29999999999922,"[9, 11]","[0, 0]","[0, 0]",30
11,"[0, 1]",70.29999999999815,"[-999, 8]","[0, 0]","[0, 0]",30
12,"[0, 1]",77.74999999999773,"[11, 10]","[2.0500000000000007, 0]","[2.0500000000000007, 0]",30
13,"[0, 1]",77.19999999999776,"[12, 12]","[0, 0]","[0, 0]",30
14,"[0, 1]",82.19999999999747,"[13, 55]","[2.4499999999999993, 0]","[2.4499999999999993, 0]",30
15,"[0, 1]",82.84999999999744,"[14, 14]","[0, 0]","[0, 0]",30
16,"[0, 1]",83.84999999999738,"[15, 15]","[0, 0]","[0, 0]",30
17,"[0, 3]",114.69999999999563,"[16, 9]","[0, 0]","[0, 0]",30
18,"[0, 1]",87.44999999999717,"[17, 16]","[0, 0]","[0, 0]",30
19,"[0, 3]",118.84999999999539,"[18, 17]","[0, 0]","[0, 0]",30
20,"[0, 3]",121.04999999999526,"[19, 19]","[0, 0]","[0, 0]",30
21,"[0, 1]",92.54999999999688,"[20, 18]","[0, 0]","[0, 0]",30
22,"[0, 1]",93.59999999999683,"[21, 21]","[0, 0]","[0, 0]",30
23,"[0, 1]",94.74999999999676,"[22, 22]","[0, 0]","[0, 0]",30
24,"[0, 1]",95.7999999999967,"[23, 23]","[0, 0]","[0, 0]",30
25,"[0, 1]",96.79999999999664,"[24, 24]","[0, 0]","[0, 0]",30
26,"[0, 1]",97.79999999999659,"[25, 25]","[0, 0]","[0, 0]",30
27,"[0, 1]",98.89999999999652,"[26, 26]","[0, 0]","[0, 0]",30
28,"[0, 1]",99.89999999999647,"[27, 27]","[0, 0]","[0, 0]",30
29,"[0, 1]",100.89999999999641,"[28, 28]","[0, 0]","[0, 0]",30
30,"[0, 1]",101.94999999999635,"[29, 29]","[0, 0]","[0, 0]",30
31,"[0, 1]",102.9499999999963,"[30, 30]","[0, 0]","[0, 0]",30
32,"[0, 1]",103.99999999999623,"[31, 31]","[0, 0]","[0, 0]",30
33,"[0, 1]",105.04999999999617,"[32, 32]","[0, 0]","[0, 0]",30
34,"[0, 1]",106.14999999999611,"[33, 33]","[0, 0]","[0, 0]",30
35,"[0, 3]",137.0499999999969,"[34, -999]","[0, 0]","[0, 0]",30
36,"[0, 1]",109.7999999999959,"[35, 34]","[0, 0]","[0, 0]",30
37,"[0, 1]",110.89999999999584,"[36, 36]","[0, 0]","[0, 0]",30
38,"[0, 3]",142.14999999999807,"[37, 35]","[0, 0]","[0, 0]",30
39,"[0, 1]",114.79999999999562,"[38, 37]","[0, 0]","[0, 0]",30
40,"[0, 1]",115.89999999999556,"[39, 39]","[0, 0]","[0, 0]",30
41,"[0, 1]",116.9499999999955,"[40, 40]","[0, 0]","[0, 0]",30
42,"[0, 1]",118.04999999999544,"[41, 41]","[0, 0]","[0, 0]",30
43,"[0, 1]",119.09999999999538,"[42, 42]","[0, 0]","[0, 0]",30
44,"[0, 1]",120.09999999999532,"[43, 43]","[0, 0]","[0, 0]",30
45,"[0, 1]",121.14999999999526,"[44, 44]","[0, 0]","[0, 0]",30
46,"[0, 1]",122.1499999999952,"[45, 45]","[0, 0]","[0, 0]",30
47,"[0, 3]",153.05000000000055,"[46, 38]","[0, 0]","[0, 0]",30
48,"[0, 1]",125.84999999999499,"[47, 46]","[0, 0]","[0, 0]",30
49,"[0, 1]",126.94999999999493,"[48, 48]","[0, 0]","[0, 0]",30
50,"[0, 1]",127.99999999999487,"[49, 49]","[0, 0]","[0, 0]",30
51,"[0, 1]",128.99999999999508,"[50, 50]","[0, 0]","[0, 0]",30
52,"[0, 3]",159.9000000000021,"[51, 47]","[0, 0]","[0, 0]",30
53,"[0, 1]",132.44999999999587,"[52, 51]","[0, 0]","[0, 0]",30
54,"[0, 1]",133.29999999999606,"[53, 53]","[0, 0]","[0, 0]",30
55,"[2, 1]",43.19999999999968,"[10, 13]","[0, 0]","[0, 0]",30
56,"[0, 1]",133.9499999999962,"[54, 54]","[0, 0]","[0, 0]",30
57,"[0, 1]",134.44999999999632,"[56, 56]","[0, 0]","[0, 0]",30
58,"[0, 1]",134.64999999999637,"[57, 57]","[0, 0]","[0, 0]",30
59,"[0, 3]",164.60000000000318,"[58, 52]","[0, 0]","[0, 0]",30
60,"[0, 1]",136.24999999999673,"[59, 58]","[0, 0]","[0, 0]",30
61,"[0, 1]",131.04999999999555,"[60, 60]","[0, 0]","[0, 0]",30
62,"[0, 1]",130.59999999999545,"[61, 61]","[0, 0]","[0, 0]",30
63,"[0, 1]",131.14999999999557,"[62, 62]","[0, 0]","[0, 0]",30
64,"[0, 1]",130.74999999999548,"[63, 63]","[0, 0]","[0, 0]",30
65,"[0, 1]",129.39999999999517,"[64, 64]","[0, 0]","[0, 0]",30
66,"[0, 3]",159.70000000000206,"[65, 59]","[0, 0]","[0, 0]",30
67,"[0, 1]",131.64999999999569,"[66, 65]","[0, 0]","[0, 0]",30
68,"[0, 1]",131.54999999999566,"[67, 67]","[0, 0]","[0, 0]",30
69,"[0, 3]",162.0500000000026,"[68, 66]","[0, 0]","[0, 0]",30
70,"[0, 1]",134.3999999999963,"[69, 68]","[0, 0]","[0, 0]",30
71,"[0, 1]",135.2499999999965,"[70, 70]","[0, 0]","[0, 0]",30
72,"[0, 1]",135.84999999999664,"[71, 71]","[0, 0]","[0, 0]",30
73,"[0, 3]",162.15000000000262,"[72, 69]","[0, 0]","[0, 0]",30
74,"[0, 1]",132.6499999999959,"[73, 72]","[0, 0]","[0, 0]",30
75,"[0, 1]",133.14999999999603,"[74, 74]","[0, 0]","[0, 0]",30
76,"[0, 1]",133.69999999999615,"[75, 75]","[0, 0]","[0, 0]",30
77,"[0, 1]",133.9499999999962,"[76, 76]","[0, 0]","[0, 0]",30
78,"[0, 1]",133.9499999999962,"[77, 77]","[0, 0]","[0, 0]",30
79,"[0, 1]",131.19999999999558,"[78, 78]","[0, 0]","[0, 0]",30
0,"[2, 1]",36.40000000000007,"[-999, -999]","[0, 0]","[0, 0]",31
1,"[2, 1]",38.09999999999997,"[0, 0]","[0, 0]","[0, 0]",31
2,"[2, 1]",39.89999999999987,"[1, 1]","[0, 0]","[0, 0]",31
3,"[2, 1]",41.79999999999976,"[2, 2]","[0, 0]","[0, 0]",31
4,"[2, 1]",43.54999999999966,"[3, 3]","[0, 0]","[0, 0]",31
5,"[2, 1]",45.099999999999575,"[4, 4]","[0, 0]","[0, 0]",31
6,"[2, 1]",46.349999999999504,"[5, 5]","[0, 0]","[0, 0]",31
7,"[2, 1]",47.34999999999945,"[6, 6]","[0, 0]","[0, 0]",31
8,"[2, 3]",74.09999999999793,"[7, -999]","[0, 0]","[0, 0]",31
9,"[2, 1]",46.74999999999948,"[8, 7]","[0, 0]","[0, 0]",31
10,"[2, 1]",48.54999999999938,"[9, 9]","[0, 0]","[0, 0]",31
11,"[0, 3]",97.84999999999658,"[-999, 8]","[0, 0]","[0, 0]",31
12,"[0, 3]",100.64999999999642,"[11, 11]","[0, 0]","[0, 0]",31
13,"[0, 1]",77.09999999999776,"[12, 19]","[2.799999999999998, 0]","[2.799999999999998, 0]",31
14,"[0, 1]",81.7499999999975,"[13, 55]","[2.4499999999999993, 0]","[2.4499999999999993, 0]",31
15,"[0, 1]",82.34999999999746,"[14, 14]","[0, 0]","[0, 0]",31
16,"[0, 1]",83.34999999999741,"[15, 15]","[0, 0]","[0, 0]",31
17,"[0, 1]",84.34999999999735,"[16, 16]","[0, 0]","[0, 0]",31
18,"[0, 1]",85.3499999999973,"[17, 17]","[0, 0]","[0, 0]",31
19,"[2, 1]",50.399999999999274,"[10, 10]","[0, 0]","[0, 0]",31
20,"[0, 3]",115.89999999999556,"[18, 78]","[0, 0]","[0, 0]",31
21,"[0, 1]",88.19999999999713,"[20, 18]","[0, 0]","[0, 0]",31
22,"[0, 1]",89.29999999999707,"[21, 21]","[0, 0]","[0, 0]",31
23,"[0, 1]",90.39999999999701,"[22, 22]","[0, 0]","[0, 0]",31
24,"[0, 1]",91.44999999999695,"[23, 23]","[0, 0]","[0, 0]",31
25,"[0, 1]",92.49999999999689,"[24, 24]","[0, 0]","[0, 0]",31
26,"[0, 3]",123.39999999999513,"[25, 20]","[0, 0]","[0, 0]",31
27,"[0, 1]",96.19999999999668,"[26, 25]","[0, 0]","[0, 0]",31
28,"[0, 1]",97.34999999999661,"[27, 27]","[0, 0]","[0, 0]",31
29,"[0, 1]",98.39999999999655,"[28, 28]","[0, 0]","[0, 0]",31
30,"[0, 1]",99.44999999999649,"[29, 29]","[0, 0]","[0, 0]",31
31,"[0, 1]",100.49999999999643,"[30, 30]","[0, 0]","[0, 0]",31
32,"[0, 1]",101.49999999999638,"[31, 31]","[0, 0]","[0, 0]",31
33,"[0, 1]",102.49999999999632,"[32, 32]","[0, 0]","[0, 0]",31
34,"[0, 1]",103.54999999999626,"[33, 33]","[0, 0]","[0, 0]",31
35,"[0, 1]",104.5999999999962,"[34, 34]","[0, 0]","[0, 0]",31
36,"[0, 1]",105.64999999999614,"[35, 35]","[0, 0]","[0, 0]",31
37,"[0, 1]",106.69999999999608,"[36, 36]","[0, 0]","[0, 0]",31
38,"[0, 3]",137.64999999999705,"[37, -999]","[0, 0]","[0, 0]",31
39,"[0, 1]",110.39999999999587,"[38, 37]","[0, 0]","[0, 0]",31
40,"[0, 1]",111.49999999999581,"[39, 39]","[0, 0]","[0, 0]",31
41,"[0, 1]",112.54999999999575,"[40, 40]","[0, 0]","[0, 0]",31
42,"[0, 1]",113.59999999999569,"[41, 41]","[0, 0]","[0, 0]",31
43,"[0, 1]",114.64999999999563,"[42, 42]","[0, 0]","[0, 0]",31
44,"[0, 1]",115.64999999999557,"[43, 43]","[0, 0]","[0, 0]",31
45,"[0, 3]",146.59999999999908,"[44, 38]","[0, 0]","[0, 0]",31
46,"[0, 1]",119.34999999999536,"[45, 44]","[0, 0]","[0, 0]",31
47,"[0, 1]",120.4499999999953,"[46, 46]","[0, 0]","[0, 0]",31
48,"[0, 1]",121.49999999999524,"[47, 47]","[0, 0]","[0, 0]",31
49,"[0, 1]",122.54999999999518,"[48, 48]","[0, 0]","[0, 0]",31
50,"[0, 1]",123.54999999999512,"[49, 49]","[0, 0]","[0, 0]",31
51,"[0, 1]",124.44999999999507,"[50, 50]","[0, 0]","[0, 0]",31
52,"[0, 1]",125.29999999999502,"[51, 51]","[0, 0]","[0, 0]",31
53,"[0, 1]",126.19999999999497,"[52, 52]","[0, 0]","[0, 0]",31
54,"[0, 1]",127.09999999999492,"[53, 53]","[0, 0]","[0, 0]",31
55,"[2, 1]",42.69999999999971,"[19, 13]","[0, 0]","[0, 0]",31
56,"[0, 1]",127.89999999999488,"[54, 54]","[0, 0]","[0, 0]",31
57,"[0, 1]",128.599999999995,"[56, 56]","[0, 0]","[0, 0]",31
58,"[0, 1]",129.34999999999516,"[57, 57]","[0, 0]","[0, 0]",31
59,"[0, 3]",160.00000000000213,"[58, -999]","[0, 0]","[0, 0]",31
60,"[0, 1]",132.24999999999582,"[59, 58]","[0, 0]","[0, 0]",31
61,"[0, 1]",132.49999999999588,"[60, 60]","[0, 0]","[0, 0]",31
62,"[0, 1]",132.49999999999588,"[61, 61]","[0, 0]","[0, 0]",31
63,"[0, 1]",132.5499999999959,"[62, 62]","[0, 0]","[0, 0]",31
64,"[0, 1]",127.69999999999489,"[63, 63]","[0, 0]","[0, 0]",31
65,"[0, 1]",127.04999999999492,"[64, 64]","[0.49999999999999994, 0]","[0, 0]",31
66,"[0, 3]",157.55000000000157,"[65, 59]","[1.1000000000000003, 0]","[0, 0]",31
67,"[0, 1]",129.84999999999528,"[66, 65]","[1.4500000000000006, 0]","[0, 0]",31
68,"[0, 1]",130.14999999999534,"[67, 67]","[1.800000000000001, 0]","[0, 0]",31
69,"[0, 3]",160.60000000000227,"[68, 66]","[2.0500000000000007, 0]","[0, 0]",31
70,"[0, 1]",132.79999999999595,"[69, 68]","[1.5500000000000007, 0]","[0, 0]",31
71,"[0, 1]",127.59999999999489,"[70, 70]","[0, 0]","[0, 0]",31
72,"[0, 1]",127.69999999999489,"[71, 71]","[0, 0]","[0, 0]",31
73,"[0, 1]",128.49999999999497,"[72, 72]","[0, 0]","[0, 0]",31
74,"[0, 1]",129.29999999999515,"[73, 73]","[0, 0]","[0, 0]",31
75,"[0, 3]",159.9000000000021,"[74, 69]","[0, 0]","[0, 0]",31
76,"[0, 1]",132.1999999999958,"[75, 74]","[0, 0]","[0, 0]",31
77,"[0, 1]",132.94999999999598,"[76, 76]","[0, 0]","[0, 0]",31
78,"[2, 3]",67.89999999999829,"[12, 12]","[0, 0]","[0, 0]",31
79,"[0, 1]",133.69999999999615,"[77, 77]","[0, 0]","[0, 0]",31
0,"[2, 1]",36.40000000000007,"[-999, -999]","[0, 0]","[0, 0]",32
1,"[2, 1]",38.09999999999997,"[0, 0]","[0, 0]","[0, 0]",32
2,"[2, 1]",39.89999999999987,"[1, 1]","[0, 0]","[0, 0]",32
3,"[2, 3]",69.24999999999821,"[2, -999]","[0, 0]","[0, 0]",32
4,"[2, 1]",37.74999999999999,"[3, 2]","[0, 0]","[0, 0]",32
5,"[2, 1]",39.54999999999989,"[4, 4]","[0, 0]","[0, 0]",32
6,"[2, 1]",41.34999999999979,"[5, 5]","[0, 0]","[0, 0]",32
7,"[2, 1]",43.29999999999968,"[6, 6]","[0, 0]","[0, 0]",32
8,"[2, 3]",73.69999999999796,"[7, 3]","[0, 0]","[0, 0]",32
9,"[2, 3]",76.29999999999781,"[8, 8]","[0, 0]","[0, 0]",32
10,"[2, 1]",49.79999999999931,"[9, 11]","[3.349999999999996, 0]","[3.349999999999996, 0]",32
11,"[0, 1]",67.39999999999831,"[-999, 7]","[0, 0]","[0, 0]",32
12,"[0, 1]",74.7999999999979,"[11, 10]","[2.4499999999999993, 0]","[2.4499999999999993, 0]",32
13,"[0, 1]",75.34999999999786,"[12, 12]","[0, 0]","[0, 0]",32
14,"[0, 1]",76.3999999999978,"[13, 13]","[0, 0]","[0, 0]",32
15,"[0, 1]",82.39999999999746,"[14, 19]","[2.4499999999999993, 0]","[2.4499999999999993, 0]",32
16,"[0, 1]",88.94999999999709,"[15, 43]","[1.850000000000001, 0]","[1.850000000000001, 0]",32
17,"[0, 3]",117.34999999999548,"[16, 9]","[0, 0]","[0, 0]",32
18,"[0, 1]",89.29999999999707,"[17, 55]","[0, 0]","[0, 0]",32
19,"[2, 1]",66.14999999999839,"[10, 14]","[13.900000000000063, 0]","[12.750000000000046, 0]",32
20,"[0, 3]",120.4999999999953,"[18, 17]","[0, 0]","[0, 0]",32
21,"[0, 1]",92.89999999999687,"[20, 18]","[0, 0]","[0, 0]",32
22,"[0, 1]",93.9999999999968,"[21, 21]","[0, 0]","[0, 0]",32
23,"[0, 1]",95.04999999999674,"[22, 22]","[0, 0]","[0, 0]",32
24,"[0, 1]",96.14999999999668,"[23, 23]","[0, 0]","[0, 0]",32
25,"[0, 1]",97.14999999999662,"[24, 24]","[0, 0]","[0, 0]",32
26,"[0, 3]",128.1499999999949,"[25, 20]","[0, 0]","[0, 0]",32
27,"[0, 1]",100.89999999999641,"[26, 25]","[0, 0]","[0, 0]",32
28,"[0, 1]",102.04999999999634,"[27, 27]","[0, 0]","[0, 0]",32
29,"[0, 1]",103.14999999999628,"[28, 28]","[0, 0]","[0, 0]",32
30,"[0, 1]",104.19999999999622,"[29, 29]","[0, 0]","[0, 0]",32
31,"[0, 1]",105.24999999999616,"[30, 30]","[0, 0]","[0, 0]",32
32,"[0, 1]",106.2999999999961,"[31, 31]","[0, 0]","[0, 0]",32
33,"[0, 1]",107.34999999999604,"[32, 32]","[0, 0]","[0, 0]",32
34,"[0, 1]",108.34999999999599,"[33, 33]","[0, 0]","[0, 0]",32
35,"[0, 1]",109.44999999999592,"[34, 34]","[0, 0]","[0, 0]",32
36,"[0, 1]",110.44999999999587,"[35, 35]","[0, 0]","[0, 0]",32
37,"[0, 1]",111.49999999999581,"[36, 36]","[0, 0]","[0, 0]",32
38,"[0, 3]",142.44999999999814,"[37, -999]","[0, 0]","[0, 0]",32
39,"[0, 1]",115.2499999999956,"[38, 37]","[0, 0]","[0, 0]",32
40,"[0, 1]",116.39999999999553,"[39, 39]","[0, 0]","[0, 0]",32
41,"[0, 1]",117.49999999999547,"[40, 40]","[0, 0]","[0, 0]",32
42,"[0, 1]",118.49999999999541,"[41, 41]","[0, 0]","[0, 0]",32
43,"[2, 1]",69.74999999999818,"[19, 15]","[18.200000000000124, 0]","[1.800000000000001, 0]",32
44,"[0, 1]",119.54999999999535,"[42, 42]","[0, 0]","[0, 0]",32
45,"[0, 3]",150.49999999999997,"[44, 38]","[0, 0]","[0, 0]",32
46,"[0, 1]",123.24999999999514,"[45, 44]","[0, 0]","[0, 0]",32
47,"[0, 3]",154.50000000000088,"[46, 45]","[0, 0]","[0, 0]",32
48,"[0, 1]",126.94999999999493,"[47, 46]","[0, 0]","[0, 0]",32
49,"[0, 1]",127.94999999999487,"[48, 48]","[0, 0]","[0, 0]",32
50,"[0, 1]",128.89999999999506,"[49, 49]","[0, 0]","[0, 0]",32
51,"[0, 1]",129.84999999999528,"[50, 50]","[0, 0]","[0, 0]",32
52,"[0, 3]",160.15000000000217,"[51, 47]","[0, 0]","[0, 0]",32
53,"[0, 1]",128.89999999999506,"[52, 51]","[0, 0]","[0, 0]",32
54,"[0, 1]",129.69999999999524,"[53, 53]","[0, 0]","[0, 0]",32
55,"[2, 1]",65.9999999999984,"[43, 16]","[8.699999999999989, 0]","[0, 0]",32
56,"[0, 1]",130.54999999999544,"[54, 54]","[0, 0]","[0, 0]",32
57,"[0, 1]",131.44999999999564,"[56, 56]","[0, 0]","[0, 0]",32
58,"[0, 1]",132.24999999999582,"[57, 57]","[0, 0]","[0, 0]",32
59,"[0, 1]",133.09999999999602,"[58, 58]","[0, 0]","[0, 0]",32
60,"[0, 1]",133.8999999999962,"[59, 59]","[0, 0]","[0, 0]",32
61,"[0, 1]",134.44999999999632,"[60, 60]","[0, 0]","[0, 0]",32
62,"[0, 1]",134.64999999999637,"[61, 61]","[0, 0]","[0, 0]",32
63,"[0, 1]",134.64999999999637,"[62, 62]","[0, 0]","[0, 0]",32
64,"[0, 1]",134.64999999999637,"[63, 63]","[0, 0]","[0, 0]",32
65,"[0, 1]",129.69999999999524,"[64, 64]","[0, 0]","[0, 0]",32
66,"[0, 3]",159.0000000000019,"[65, -999]","[0, 0]","[0, 0]",32
67,"[0, 1]",131.2499999999956,"[66, 65]","[0.5499999999999999, 0]","[0, 0]",32
68,"[0, 1]",131.84999999999573,"[67, 67]","[1.0000000000000002, 0]","[0, 0]",32
69,"[0, 3]",162.30000000000265,"[68, 66]","[1.4500000000000006, 0]","[0, 0]",32
70,"[0, 1]",134.3499999999963,"[69, 68]","[1.3000000000000005, 0]","[0, 0]",32
71,"[0, 1]",133.8499999999962,"[70, 70]","[0, 0]","[0, 0]",32
72,"[0, 1]",129.39999999999517,"[71, 71]","[0, 0]","[0, 0]",32
73,"[0, 1]",130.19999999999536,"[72, 72]","[0, 0]","[0, 0]",32
74,"[0, 1]",130.89999999999552,"[73, 73]","[0, 0]","[0, 0]",32
75,"[0, 1]",129.0999999999951,"[74, 74]","[0, 0]","[0, 0]",32
76,"[0, 1]",128.74999999999503,"[75, 75]","[0, 0]","[0, 0]",32
77,"[0, 1]",129.39999999999517,"[76, 76]","[0, 0]","[0, 0]",32
78,"[0, 1]",129.9499999999953,"[77, 77]","[0, 0]","[0, 0]",32
79,"[0, 1]",126.94999999999493,"[78, 78]","[0, 0]","[0, 0]",32
0,"[2, 1]",36.40000000000007,"[-999, -999]","[0, 0]","[0, 0]",33
1,"[2, 1]",38.09999999999997,"[0, 0]","[0, 0]","[0, 0]",33
2,"[2, 1]",39.89999999999987,"[1, 1]","[0, 0]","[0, 0]",33
3,"[2, 3]",69.24999999999821,"[2, -999]","[0, 0]","[0, 0]",33
4,"[2, 1]",37.74999999999999,"[3, 2]","[0, 0]","[0, 0]",33
5,"[0, 1]",67.6499999999983,"[-999, 8]","[0, 0]","[0, 0]",33
6,"[2, 1]",39.54999999999989,"[4, 4]","[0, 0]","[0, 0]",33
7,"[2, 1]",41.34999999999979,"[6, 6]","[0, 0]","[0, 0]",33
8,"[2, 1]",43.29999999999968,"[7, 7]","[0, 0]","[0, 0]",33
9,"[2, 3]",73.69999999999796,"[8, 3]","[0, 0]","[0, 0]",33
10,"[2, 1]",46.349999999999504,"[9, 5]","[0, 0]","[0, 0]",33
11,"[2, 3]",75.79999999999784,"[10, 9]","[0, 0]","[0, 0]",33
12,"[0, 1]",69.64999999999819,"[5, 10]","[0, 0]","[0, 0]",33
13,"[0, 1]",70.74999999999812,"[12, 12]","[0, 0]","[0, 0]",33
14,"[0, 1]",71.59999999999808,"[13, 13]","[0, 0]","[0, 0]",33
15,"[0, 1]",72.19999999999804,"[14, 14]","[0, 0]","[0, 0]",33
16,"[0, 1]",72.64999999999802,"[15, 15]","[0, 0]","[0, 0]",33
17,"[0, 1]",72.949999999998,"[16, 16]","[0, 0]","[0, 0]",33
18,"[0, 1]",73.19999999999798,"[17, 17]","[0, 0]","[0, 0]",33
19,"[0, 3]",104.44999999999621,"[18, 47]","[0, 0]","[0, 0]",33
20,"[0, 3]",106.79999999999607,"[19, 19]","[0, 0]","[0, 0]",33
21,"[0, 1]",78.2999999999977,"[20, 55]","[0, 0]","[0, 0]",33
22,"[0, 1]",79.34999999999764,"[21, 21]","[0, 0]","[0, 0]",33
23,"[0, 1]",80.44999999999757,"[22, 22]","[0, 0]","[0, 0]",33
24,"[0, 1]",81.44999999999752,"[23, 23]","[0, 0]","[0, 0]",33
25,"[0, 1]",82.49999999999746,"[24, 24]","[0, 0]","[0, 0]",33
26,"[0, 3]",113.4999999999957,"[25, 20]","[0, 0]","[0, 0]",33
27,"[0, 1]",86.24999999999724,"[26, 25]","[0, 0]","[0, 0]",33
28,"[0, 1]",87.34999999999718,"[27, 27]","[0, 0]","[0, 0]",33
29,"[0, 1]",88.49999999999712,"[28, 28]","[0, 0]","[0, 0]",33
30,"[0, 1]",89.54999999999706,"[29, 29]","[0, 0]","[0, 0]",33
31,"[0, 1]",90.549999999997,"[30, 30]","[0, 0]","[0, 0]",33
32,"[0, 1]",91.64999999999694,"[31, 31]","[0, 0]","[0, 0]",33
33,"[0, 1]",92.74999999999687,"[32, 32]","[0, 0]","[0, 0]",33
34,"[0, 1]",93.69999999999682,"[33, 33]","[0, 0]","[0, 0]",33
35,"[0, 1]",94.69999999999676,"[34, 34]","[0, 0]","[0, 0]",33
36,"[0, 1]",95.7499999999967,"[35, 35]","[0, 0]","[0, 0]",33
37,"[0, 1]",96.79999999999664,"[36, 36]","[0, 0]","[0, 0]",33
38,"[0, 3]",127.74999999999488,"[37, -999]","[0, 0]","[0, 0]",33
39,"[0, 1]",100.54999999999643,"[38, 37]","[0, 0]","[0, 0]",33
40,"[0, 1]",101.69999999999636,"[39, 39]","[0, 0]","[0, 0]",33
41,"[0, 1]",102.7499999999963,"[40, 40]","[0, 0]","[0, 0]",33
42,"[0, 1]",103.79999999999625,"[41, 41]","[0, 0]","[0, 0]",33
43,"[0, 1]",104.79999999999619,"[42, 42]","[0, 0]","[0, 0]",33
44,"[0, 1]",105.89999999999613,"[43, 43]","[0, 0]","[0, 0]",33
45,"[0, 1]",106.94999999999607,"[44, 44]","[0, 0]","[0, 0]",33
46,"[0, 1]",107.89999999999601,"[45, 45]","[0, 0]","[0, 0]",33
47,"[2, 3]",69.79999999999818,"[11, 11]","[0, 0]","[0, 0]",33
48,"[0, 1]",108.99999999999595,"[46, 46]","[0, 0]","[0, 0]",33
49,"[0, 1]",109.9999999999959,"[48, 48]","[0, 0]","[0, 0]",33
50,"[0, 1]",111.04999999999583,"[49, 49]","[0, 0]","[0, 0]",33
51,"[0, 1]",112.09999999999577,"[50, 50]","[0, 0]","[0, 0]",33
52,"[0, 1]",113.14999999999571,"[51, 51]","[0, 0]","[0, 0]",33
53,"[0, 1]",114.14999999999566,"[52, 52]","[0, 0]","[0, 0]",33
54,"[0, 3]",145.09999999999874,"[53, -999]","[0, 0]","[0, 0]",33
55,"[2, 1]",58.099999999998836,"[47, 18]","[13.100000000000051, 0]","[13.100000000000051, 0]",33
56,"[0, 1]",117.89999999999544,"[54, 53]","[0, 0]","[0, 0]",33
57,"[0, 1]",119.04999999999538,"[56, 56]","[0, 0]","[0, 0]",33
58,"[0, 1]",120.14999999999532,"[57, 57]","[0, 0]","[0, 0]",33
59,"[0, 1]",121.19999999999526,"[58, 58]","[0, 0]","[0, 0]",33
60,"[0, 1]",122.1999999999952,"[59, 59]","[0, 0]","[0, 0]",33
61,"[0, 1]",123.24999999999514,"[60, 60]","[0, 0]","[0, 0]",33
62,"[0, 1]",124.29999999999508,"[61, 61]","[0, 0]","[0, 0]",33
63,"[0, 1]",125.34999999999502,"[62, 62]","[0, 0]","[0, 0]",33
64,"[0, 1]",126.19999999999497,"[63, 63]","[0, 0]","[0, 0]",33
65,"[0, 1]",126.44999999999496,"[64, 64]","[0, 0]","[0, 0]",33
66,"[0, 1]",125.54999999999501,"[65, 65]","[0, 0]","[0, 0]",33
67,"[0, 1]",125.94999999999499,"[66, 66]","[0, 0]","[0, 0]",33
68,"[0, 3]",156.4000000000013,"[67, -999]","[0, 0]","[0, 0]",33
69,"[0, 1]",128.54999999999498,"[68, 67]","[0, 0]","[0, 0]",33
70,"[0, 1]",128.99999999999508,"[69, 69]","[0, 0]","[0, 0]",33
71,"[0, 1]",129.64999999999523,"[70, 70]","[0, 0]","[0, 0]",33
72,"[0, 1]",130.3999999999954,"[71, 71]","[0, 0]","[0, 0]",33
73,"[0, 1]",130.94999999999553,"[72, 72]","[0, 0]","[0, 0]",33
74,"[0, 1]",131.04999999999555,"[73, 73]","[0, 0]","[0, 0]",33
75,"[0, 1]",130.99999999999554,"[74, 74]","[0, 0]","[0, 0]",33
76,"[0, 1]",131.19999999999558,"[75, 75]","[0, 0]","[0, 0]",33
77,"[0, 1]",131.2499999999956,"[76, 76]","[0, 0]","[0, 0]",33
78,"[0, 1]",131.19999999999558,"[77, 77]","[0, 0]","[0, 0]",33
79,"[0, 1]",131.09999999999556,"[78, 78]","[0, 0]","[0, 0]",33
0,"[2, 1]",36.40000000000007,"[-999, -999]","[0, 0]","[0, 0]",34
1,"[2, 1]",38.09999999999997,"[0, 0]","[0, 0]","[0, 0]",34
2,"[2, 1]",39.89999999999987,"[1, 1]","[0, 0]","[0, 0]",34
3,"[2, 1]",41.79999999999976,"[2, 2]","[0, 0]","[0, 0]",34
4,"[2, 1]",43.54999999999966,"[3, 3]","[0, 0]","[0, 0]",34
5,"[2, 1]",45.099999999999575,"[4, 4]","[0, 0]","[0, 0]",34
6,"[2, 1]",46.349999999999504,"[5, 5]","[0, 0]","[0, 0]",34
7,"[2, 1]",47.399999999999444,"[6, 6]","[0, 0]","[0, 0]",34
8,"[2, 3]",74.09999999999793,"[7, -999]","[0, 0]","[0, 0]",34
9,"[2, 3]",76.89999999999777,"[8, 8]","[0, 0]","[0, 0]",34
10,"[2, 1]",47.399999999999444,"[9, 7]","[0, 0]","[0, 0]",34
11,"[0, 3]",102.64999999999631,"[-999, 9]","[0, 0]","[1.2500000000000004, 0]",34
12,"[0, 1]",72.64999999999802,"[11, 10]","[0, 0]","[0, 0]",34
13,"[0, 1]",78.74999999999767,"[12, 43]","[2.5999999999999988, 0]","[2.5999999999999988, 0]",34
14,"[0, 1]",83.4999999999974,"[13, 55]","[2.4499999999999993, 0]","[2.4499999999999993, 0]",34
15,"[0, 1]",83.99999999999737,"[14, 14]","[0, 0]","[0, 0]",34
16,"[0, 1]",84.94999999999732,"[15, 15]","[0, 0]","[0, 0]",34
17,"[0, 3]",115.89999999999556,"[16, 11]","[0, 0]","[0, 0]",34
18,"[0, 1]",88.6499999999971,"[17, 16]","[0.25, 0]","[0, 0]",34
19,"[0, 3]",120.04999999999532,"[18, 17]","[0.39999999999999997, 0]","[0, 0]",34
20,"[0, 3]",122.2499999999952,"[19, 19]","[0, 0]","[0, 0]",34
21,"[0, 1]",93.74999999999682,"[20, 18]","[0, 0]","[0, 0]",34
22,"[0, 1]",94.79999999999676,"[21, 21]","[0, 0]","[0, 0]",34
23,"[0, 1]",95.94999999999669,"[22, 22]","[0, 0]","[0, 0]",34
24,"[0, 1]",96.99999999999663,"[23, 23]","[0, 0]","[0, 0]",34
25,"[0, 1]",97.99999999999658,"[24, 24]","[0, 0]","[0, 0]",34
26,"[0, 1]",99.04999999999652,"[25, 25]","[0, 0]","[0, 0]",34
27,"[0, 1]",100.14999999999645,"[26, 26]","[0, 0]","[0, 0]",34
28,"[0, 1]",101.1499999999964,"[27, 27]","[0, 0]","[0, 0]",34
29,"[0, 1]",102.14999999999634,"[28, 28]","[0, 0]","[0, 0]",34
30,"[0, 1]",103.19999999999628,"[29, 29]","[0, 0]","[0, 0]",34
31,"[0, 1]",104.24999999999622,"[30, 30]","[0, 0]","[0, 0]",34
32,"[0, 1]",105.29999999999616,"[31, 31]","[0, 0]","[0, 0]",34
33,"[0, 1]",106.3499999999961,"[32, 32]","[0, 0]","[0, 0]",34
34,"[0, 1]",107.44999999999604,"[33, 33]","[0, 0]","[0, 0]",34
35,"[0, 1]",108.49999999999598,"[34, 34]","[0, 0]","[0, 0]",34
36,"[0, 1]",109.54999999999592,"[35, 35]","[0, 0]","[0, 0]",34
37,"[0, 1]",110.54999999999586,"[36, 36]","[0, 0]","[0, 0]",34
38,"[0, 3]",141.54999999999794,"[37, -999]","[0, 0]","[0, 0]",34
39,"[0, 1]",114.29999999999565,"[38, 37]","[0, 0]","[0, 0]",34
40,"[0, 1]",115.39999999999559,"[39, 39]","[0, 0]","[0, 0]",34
41,"[0, 1]",116.49999999999552,"[40, 40]","[0, 0]","[0, 0]",34
42,"[0, 1]",117.59999999999546,"[41, 41]","[0, 0]","[0, 0]",34
43,"[2, 1]",49.54999999999932,"[10, 12]","[2.1000000000000005, 0]","[2.1000000000000005, 0]",34
44,"[0, 1]",118.5999999999954,"[42, 42]","[0, 0]","[0, 0]",34
45,"[0, 1]",119.64999999999534,"[44, 44]","[0, 0]","[0, 0]",34
46,"[0, 1]",120.69999999999528,"[45, 45]","[0, 0]","[0, 0]",34
47,"[0, 1]",121.69999999999523,"[46, 46]","[0, 0]","[0, 0]",34
48,"[0, 1]",122.64999999999517,"[47, 47]","[0, 0]","[0, 0]",34
49,"[0, 1]",123.64999999999512,"[48, 48]","[0, 0]","[0, 0]",34
50,"[0, 1]",124.64999999999506,"[49, 49]","[0, 0]","[0, 0]",34
51,"[0, 3]",155.55000000000112,"[50, -999]","[0, 0]","[0, 0]",34
52,"[0, 1]",128.29999999999492,"[51, 50]","[0, 0]","[0, 0]",34
53,"[0, 1]",129.29999999999515,"[52, 52]","[0, 0]","[0, 0]",34
54,"[0, 1]",130.14999999999534,"[53, 53]","[0, 0]","[0, 0]",34
55,"[2, 1]",45.34999999999956,"[43, 13]","[0, 0]","[0, 0]",34
56,"[0, 1]",130.69999999999547,"[54, 54]","[0, 0]","[0, 0]",34
57,"[0, 1]",131.04999999999555,"[56, 56]","[0, 0]","[0, 0]",34
58,"[0, 1]",131.2499999999956,"[57, 57]","[0, 0]","[0, 0]",34
59,"[0, 3]",161.25000000000242,"[58, 51]","[0, 0]","[0, 0]",34
60,"[0, 1]",132.94999999999598,"[59, 58]","[0, 0]","[0, 0]",34
61,"[0, 1]",133.09999999999602,"[60, 60]","[0, 0]","[0, 0]",34
62,"[0, 1]",133.19999999999604,"[61, 61]","[0, 0]","[0, 0]",34
63,"[0, 1]",133.14999999999603,"[62, 62]","[0, 0]","[0, 0]",34
64,"[0, 1]",132.999999999996,"[63, 63]","[0, 0]","[0, 0]",34
65,"[0, 1]",127.89999999999488,"[64, 64]","[0, 0]","[0, 0]",34
66,"[0, 1]",127.3499999999949,"[65, 65]","[0, 0]","[0, 0]",34
67,"[0, 1]",127.89999999999488,"[66, 66]","[0, 0]","[0, 0]",34
68,"[0, 3]",158.40000000000177,"[67, 59]","[0, 0]","[0, 0]",34
69,"[0, 3]",160.05000000000214,"[68, 68]","[0, 0]","[0, 0]",34
70,"[0, 1]",130.94999999999553,"[69, 67]","[0, 0]","[0, 0]",34
71,"[0, 1]",131.64999999999569,"[70, 70]","[0, 0]","[0, 0]",34
72,"[0, 1]",132.39999999999586,"[71, 71]","[0, 0]","[0, 0]",34
73,"[0, 1]",132.999999999996,"[72, 72]","[0, 0]","[0, 0]",34
74,"[0, 1]",133.049999999996,"[73, 73]","[0, 0]","[0, 0]",34
75,"[0, 1]",132.94999999999598,"[74, 74]","[0, 0]","[0, 0]",34
76,"[0, 1]",132.999999999996,"[75, 75]","[0, 0]","[0, 0]",34
77,"[0, 1]",128.2499999999949,"[76, 76]","[0, 0]","[0, 0]",34
78,"[0, 1]",127.5499999999949,"[77, 77]","[0.15000000000000002, 0]","[0, 0]",34
79,"[0, 1]",128.04999999999487,"[78, 78]","[1.0000000000000002, 0]","[0, 0]",34
0,"[2, 1]",36.40000000000007,"[-999, -999]","[0, 0]","[0, 0]",35
1,"[2, 1]",38.09999999999997,"[0, 0]","[0, 0]","[0, 0]",35
2,"[2, 1]",39.89999999999987,"[1, 1]","[0, 0]","[0, 0]",35
3,"[2, 1]",41.79999999999976,"[2, 2]","[0, 0]","[0, 0]",35
4,"[2, 1]",43.54999999999966,"[3, 3]","[0, 0]","[0, 0]",35
5,"[2, 1]",45.04999999999958,"[4, 4]","[0, 0]","[0, 0]",35
6,"[2, 1]",46.349999999999504,"[5, 5]","[0, 0]","[0, 0]",35
7,"[2, 1]",47.34999999999945,"[6, 6]","[0, 0]","[0, 0]",35
8,"[0, 1]",67.84999999999829,"[-999, 7]","[0, 0]","[0, 0]",35
9,"[0, 1]",74.29999999999792,"[8, 10]","[0.44999999999999996, 0]","[0.44999999999999996, 0]",35
10,"[2, 1]",54.19999999999906,"[7, 8]","[2.849999999999998, 0]","[2.849999999999998, 0]",35
11,"[0, 3]",102.29999999999633,"[9, -999]","[0, 0]","[0, 0]",35
12,"[0, 3]",104.5999999999962,"[11, 11]","[0, 0]","[0, 0]",35
13,"[0, 1]",79.29999999999764,"[12, 55]","[0, 0]","[0, 0]",35
14,"[0, 1]",79.14999999999765,"[13, 13]","[0, 0]","[0, 0]",35
15,"[0, 1]",80.09999999999759,"[14, 14]","[0, 0]","[0, 0]",35
16,"[0, 1]",81.09999999999754,"[15, 15]","[0, 0]","[0, 0]",35
17,"[0, 3]",112.09999999999577,"[16, 59]","[0, 0]","[0, 0]",35
18,"[0, 1]",84.74999999999733,"[17, 16]","[0, 0]","[0, 0]",35
19,"[2, 1]",59.549999999998754,"[10, 9]","[3.399999999999996, 0]","[3.399999999999996, 0]",35
20,"[0, 3]",116.14999999999554,"[18, 17]","[0, 0]","[0, 0]",35
21,"[0, 1]",88.6499999999971,"[20, 18]","[0, 0]","[0, 0]",35
22,"[0, 1]",89.79999999999704,"[21, 21]","[0, 0]","[0, 0]",35
23,"[0, 1]",90.84999999999698,"[22, 22]","[0, 0]","[0, 0]",35
24,"[0, 1]",91.89999999999692,"[23, 23]","[0, 0]","[0, 0]",35
25,"[0, 1]",92.89999999999687,"[24, 24]","[0, 0]","[0, 0]",35
26,"[0, 3]",123.9499999999951,"[25, 20]","[0, 0]","[0, 0]",35
27,"[0, 1]",96.69999999999665,"[26, 25]","[0, 0]","[0, 0]",35
28,"[0, 1]",97.79999999999659,"[27, 27]","[0, 0]","[0, 0]",35
29,"[0, 1]",98.94999999999652,"[28, 28]","[0, 0]","[0, 0]",35
30,"[0, 1]",99.99999999999646,"[29, 29]","[0, 0]","[0, 0]",35
31,"[0, 1]",100.9999999999964,"[30, 30]","[0, 0]","[0, 0]",35
32,"[0, 1]",102.04999999999634,"[31, 31]","[0, 0]","[0, 0]",35
33,"[0, 1]",103.04999999999629,"[32, 32]","[0, 0]","[0, 0]",35
34,"[0, 1]",104.04999999999623,"[33, 33]","[0, 0]","[0, 0]",35
35,"[0, 1]",105.04999999999617,"[34, 34]","[0, 0]","[0, 0]",35
36,"[0, 1]",106.09999999999611,"[35, 35]","[0, 0]","[0, 0]",35
37,"[0, 1]",107.19999999999605,"[36, 36]","[0, 0]","[0, 0]",35
38,"[0, 3]",138.14999999999716,"[37, -999]","[0, 0]","[0, 0]",35
39,"[0, 1]",110.89999999999584,"[38, 37]","[0, 0]","[0, 0]",35
40,"[0, 1]",111.99999999999578,"[39, 39]","[0, 0]","[0, 0]",35
41,"[0, 1]",113.09999999999572,"[40, 40]","[0, 0]","[0, 0]",35
42,"[0, 1]",114.14999999999566,"[41, 41]","[0, 0]","[0, 0]",35
43,"[0, 1]",115.1999999999956,"[42, 42]","[0, 0]","[0, 0]",35
44,"[0, 1]",116.24999999999554,"[43, 43]","[0, 0]","[0, 0]",35
45,"[0, 1]",117.24999999999548,"[44, 44]","[0, 0]","[0, 0]",35
46,"[0, 1]",118.24999999999542,"[45, 45]","[0, 0]","[0, 0]",35
47,"[0, 3]",149.19999999999968,"[46, 38]","[0, 0]","[0, 0]",35
48,"[0, 1]",121.99999999999521,"[47, 46]","[0, 0]","[0, 0]",35
49,"[0, 1]",123.14999999999515,"[48, 48]","[0, 0]","[0, 0]",35
50,"[0, 1]",124.14999999999509,"[49, 49]","[0, 0]","[0, 0]",35
51,"[0, 1]",125.04999999999504,"[50, 50]","[0, 0]","[0, 0]",35
52,"[0, 3]",155.80000000000118,"[51, 47]","[0, 0]","[0, 0]",35
53,"[0, 1]",128.29999999999492,"[52, 51]","[0, 0]","[0, 0]",35
54,"[0, 1]",129.14999999999512,"[53, 53]","[0, 0]","[0, 0]",35
55,"[2, 1]",38.14999999999997,"[19, 19]","[0, 0]","[0, 0]",35
56,"[0, 1]",129.9499999999953,"[54, 54]","[0, 0]","[0, 0]",35
57,"[0, 1]",130.64999999999546,"[56, 56]","[0, 0]","[0, 0]",35
58,"[0, 1]",131.2999999999956,"[57, 57]","[0, 0]","[0, 0]",35
59,"[2, 3]",70.04999999999816,"[55, 12]","[0, 0]","[0, 0]",35
60,"[0, 1]",131.99999999999577,"[58, 58]","[0, 0]","[0, 0]",35
61,"[0, 1]",132.49999999999588,"[60, 60]","[0, 0]","[0, 0]",35
62,"[0, 1]",132.5999999999959,"[61, 61]","[0, 0]","[0, 0]",35
63,"[0, 1]",132.5499999999959,"[62, 62]","[0, 0]","[0, 0]",35
64,"[0, 1]",132.6499999999959,"[63, 63]","[0, 0]","[0, 0]",35
65,"[0, 1]",127.79999999999488,"[64, 64]","[0, 0]","[0, 0]",35
66,"[0, 3]",157.10000000000147,"[65, -999]","[0, 0]","[0, 0]",35
67,"[0, 1]",129.34999999999516,"[66, 65]","[0, 0]","[0, 0]",35
68,"[0, 1]",130.04999999999532,"[67, 67]","[0, 0]","[0, 0]",35
69,"[0, 1]",130.3999999999954,"[68, 68]","[0, 0]","[0, 0]",35
70,"[0, 1]",130.74999999999548,"[69, 69]","[0, 0]","[0, 0]",35
71,"[0, 1]",131.2999999999956,"[70, 70]","[0, 0]","[0, 0]",35
72,"[0, 1]",132.04999999999578,"[71, 71]","[0, 0]","[0, 0]",35
73,"[0, 1]",132.49999999999588,"[72, 72]","[0, 0]","[0, 0]",35
74,"[0, 1]",128.74999999999503,"[73, 73]","[0, 0]","[0, 0]",35
75,"[0, 1]",127.4999999999949,"[74, 74]","[0, 0]","[0, 0]",35
76,"[0, 1]",127.84999999999488,"[75, 75]","[0, 0]","[0, 0]",35
77,"[0, 1]",128.34999999999494,"[76, 76]","[0, 0]","[0, 0]",35
78,"[0, 1]",128.599999999995,"[77, 77]","[0, 0]","[0, 0]",35
79,"[0, 1]",128.599999999995,"[78, 78]","[0, 0]","[0, 0]",35
0,"[2, 1]",36.40000000000007,"[-999, -999]","[0, 0]","[0, 0]",36
1,"[2, 1]",38.09999999999997,"[0, 0]","[0, 0]","[0, 0]",36
2,"[2, 1]",39.89999999999987,"[1, 1]","[0, 0]","[0, 0]",36
3,"[2, 1]",41.79999999999976,"[2, 2]","[0, 0]","[0, 0]",36
4,"[2, 1]",43.54999999999966,"[3, 3]","[0, 0]","[0, 0]",36
5,"[0, 1]",71.1999999999981,"[-999, 8]","[0, 0]","[0, 0]",36
6,"[2, 1]",45.04999999999958,"[4, 4]","[0, 0]","[0, 0]",36
7,"[2, 1]",46.349999999999504,"[6, 6]","[0, 0]","[0, 0]",36
8,"[2, 1]",47.34999999999945,"[7, 7]","[0, 0]","[0, 0]",36
9,"[2, 1]",53.99999999999907,"[8, 5]","[2.9999999999999973, 0]","[2.9999999999999973, 0]",36
10,"[2, 1]",58.54999999999881,"[9, 11]","[2.9499999999999975, 0]","[2.9499999999999975, 0]",36
11,"[0, 1]",75.24999999999787,"[5, 9]","[1.4000000000000006, 0]","[1.4000000000000006, 0]",36
12,"[0, 3]",101.94999999999635,"[11, -999]","[0, 0]","[0, 0]",36
13,"[0, 1]",76.99999999999777,"[12, 10]","[0, 0]","[0, 0]",36
14,"[0, 1]",77.44999999999774,"[13, 13]","[0, 0]","[0, 0]",36
15,"[0, 1]",78.44999999999769,"[14, 14]","[0, 0]","[0, 0]",36
16,"[0, 1]",84.49999999999734,"[15, 55]","[2.499999999999999, 0]","[2.499999999999999, 0]",36
17,"[0, 1]",84.69999999999733,"[16, 16]","[0, 0]","[0, 0]",36
18,"[0, 1]",85.59999999999728,"[17, 17]","[0, 0]","[0, 0]",36
19,"[2, 3]",90.09999999999702,"[10, 12]","[0, 0]","[0, 0]",36
20,"[0, 3]",116.09999999999555,"[18, 78]","[0, 0]","[0, 0]",36
21,"[0, 1]",88.39999999999712,"[20, 18]","[0, 0]","[0, 0]",36
22,"[0, 1]",89.49999999999706,"[21, 21]","[0, 0]","[0, 0]",36
23,"[0, 1]",90.599999999997,"[22, 22]","[0, 0]","[0, 0]",36
24,"[0, 1]",91.64999999999694,"[23, 23]","[0, 0]","[0, 0]",36
25,"[0, 1]",92.64999999999688,"[24, 24]","[0, 0]","[0, 0]",36
26,"[0, 1]",93.69999999999682,"[25, 25]","[0, 0]","[0, 0]",36
27,"[0, 1]",94.79999999999676,"[26, 26]","[0, 0]","[0, 0]",36
28,"[0, 1]",95.7999999999967,"[27, 27]","[0, 0]","[0, 0]",36
29,"[0, 1]",96.79999999999664,"[28, 28]","[0, 0]","[0, 0]",36
30,"[0, 1]",97.79999999999659,"[29, 29]","[0, 0]","[0, 0]",36
31,"[0, 1]",98.84999999999653,"[30, 30]","[0, 0]","[0, 0]",36
32,"[0, 1]",99.84999999999647,"[31, 31]","[0, 0]","[0, 0]",36
33,"[0, 1]",100.84999999999641,"[32, 32]","[0, 0]","[0, 0]",36
34,"[0, 1]",101.89999999999635,"[33, 33]","[0, 0]","[0, 0]",36
35,"[0, 1]",102.9499999999963,"[34, 34]","[0, 0]","[0, 0]",36
36,"[0, 1]",104.04999999999623,"[35, 35]","[0, 0]","[0, 0]",36
37,"[0, 1]",104.99999999999618,"[36, 36]","[0, 0]","[0, 0]",36
38,"[0, 3]",135.94999999999666,"[37, -999]","[0, 0]","[0, 0]",36
39,"[0, 1]",108.74999999999596,"[38, 37]","[0, 0]","[0, 0]",36
40,"[0, 1]",109.8499999999959,"[39, 39]","[0, 0]","[0, 0]",36
41,"[0, 1]",110.89999999999584,"[40, 40]","[0, 0]","[0, 0]",36
42,"[0, 1]",111.99999999999578,"[41, 41]","[0, 0]","[0, 0]",36
43,"[0, 1]",112.99999999999572,"[42, 42]","[0, 0]","[0, 0]",36
44,"[0, 1]",114.04999999999566,"[43, 43]","[0, 0]","[0, 0]",36
45,"[0, 1]",115.0499999999956,"[44, 44]","[0, 0]","[0, 0]",36
46,"[0, 1]",116.09999999999555,"[45, 45]","[0, 0]","[0, 0]",36
47,"[0, 3]",147.0499999999992,"[46, 38]","[0, 0]","[0, 0]",36
48,"[0, 1]",119.79999999999534,"[47, 46]","[0, 0]","[0, 0]",36
49,"[0, 3]",151.1000000000001,"[48, 47]","[0, 0]","[0, 0]",36
50,"[0, 1]",123.64999999999512,"[49, 48]","[0, 0]","[0, 0]",36
51,"[0, 3]",155.000000000001,"[50, 49]","[0, 0]","[0, 0]",36
52,"[0, 1]",127.5499999999949,"[51, 50]","[0, 0]","[0, 0]",36
53,"[0, 1]",128.649999999995,"[52, 52]","[0, 0]","[0, 0]",36
54,"[0, 1]",129.69999999999524,"[53, 53]","[0, 0]","[0, 0]",36
55,"[2, 1]",54.64999999999903,"[19, 15]","[6.549999999999985, 0]","[6.549999999999985, 0]",36
56,"[0, 1]",130.74999999999548,"[54, 54]","[0, 0]","[0, 0]",36
57,"[0, 1]",131.6999999999957,"[56, 56]","[0, 0]","[0, 0]",36
58,"[0, 1]",132.5999999999959,"[57, 57]","[0, 0]","[0, 0]",36
59,"[0, 3]",163.3500000000029,"[58, 51]","[0, 0]","[0, 0]",36
60,"[0, 1]",135.74999999999662,"[59, 58]","[0, 0]","[0, 0]",36
61,"[0, 1]",136.24999999999673,"[60, 60]","[0, 0]","[0, 0]",36
62,"[0, 1]",136.44999999999678,"[61, 61]","[0, 0]","[0, 0]",36
63,"[0, 1]",136.44999999999678,"[62, 62]","[0, 0]","[0, 0]",36
64,"[0, 1]",131.34999999999562,"[63, 63]","[0, 0]","[0, 0]",36
65,"[0, 1]",130.74999999999548,"[64, 64]","[0, 0]","[0, 0]",36
66,"[0, 1]",131.2999999999956,"[65, 65]","[0, 0]","[0, 0]",36
67,"[0, 1]",131.89999999999574,"[66, 66]","[0, 0]","[0, 0]",36
68,"[0, 3]",162.20000000000263,"[67, 59]","[0, 0]","[0, 0]",36
69,"[0, 1]",134.2999999999963,"[68, 67]","[0, 0]","[0, 0]",36
70,"[0, 1]",135.04999999999646,"[69, 69]","[0, 0]","[0, 0]",36
71,"[0, 1]",135.79999999999663,"[70, 70]","[0, 0]","[0, 0]",36
72,"[0, 1]",136.19999999999672,"[71, 71]","[0, 0]","[0, 0]",36
73,"[0, 1]",132.1499999999958,"[72, 72]","[0, 0]","[0, 0]",36
74,"[0, 1]",131.04999999999555,"[73, 73]","[0, 0]","[0, 0]",36
75,"[0, 1]",131.59999999999567,"[74, 74]","[0, 0]","[0, 0]",36
76,"[0, 1]",132.1499999999958,"[75, 75]","[0, 0]","[0, 0]",36
77,"[0, 1]",131.19999999999558,"[76, 76]","[0, 0]","[0, 0]",36
78,"[2, 3]",68.04999999999828,"[55, 19]","[0, 0]","[0, 0]",36
79,"[0, 1]",130.09999999999533,"[77, 77]","[0, 0]","[0, 0]",36
0,"[2, 1]",36.40000000000007,"[-999, -999]","[0, 0]","[0, 0]",37
1,"[2, 1]",38.09999999999997,"[0, 0]","[0, 0]","[0, 0]",37
2,"[2, 1]",39.89999999999987,"[1, 1]","[0, 0]","[0, 0]",37
3,"[2, 3]",69.04999999999822,"[2, -999]","[0, 0]","[0, 0]",37
4,"[2, 1]",39.89999999999987,"[3, 2]","[0, 0]","[0, 0]",37
5,"[2, 1]",41.749999999999766,"[4, 4]","[0, 0]","[0, 0]",37
6,"[2, 1]",43.499999999999666,"[5, 5]","[0, 0]","[0, 0]",37
7,"[2, 1]",45.04999999999958,"[6, 6]","[0, 0]","[0, 0]",37
8,"[2, 1]",46.349999999999504,"[7, 7]","[0, 0]","[0, 0]",37
9,"[2, 1]",47.399999999999444,"[8, 8]","[0, 0]","[0, 0]",37
10,"[2, 1]",48.54999999999938,"[9, 9]","[0, 0]","[0, 0]",37
11,"[0, 3]",96.64999999999665,"[-999, 3]","[0, 0]","[0, 0]",37
12,"[2, 1]",65.8499999999984,"[10, 15]","[9.700000000000003, 0]","[9.700000000000003, 0]",37
13,"[0, 1]",74.39999999999792,"[11, 10]","[0, 0]","[0, 0]",37
14,"[0, 1]",75.04999999999788,"[13, 13]","[0, 0]","[0, 0]",37
15,"[0, 1]",76.09999999999782,"[14, 14]","[0, 0]","[0, 0]",37
16,"[0, 1]",82.09999999999748,"[15, 12]","[2.4499999999999993, 0]","[2.4499999999999993, 0]",37
17,"[0, 1]",88.59999999999711,"[16, 43]","[1.800000000000001, 0]","[1.800000000000001, 0]",37
18,"[0, 1]",93.64999999999682,"[17, 47]","[2.3499999999999996, 0]","[2.3499999999999996, 0]",37
19,"[0, 3]",121.99999999999521,"[18, -999]","[0, 0]","[0, 0]",37
20,"[0, 3]",124.34999999999508,"[19, 19]","[0, 0]","[0, 0]",37
21,"[0, 1]",95.7499999999967,"[20, 55]","[0, 0]","[0, 0]",37
22,"[0, 1]",96.79999999999664,"[21, 21]","[0, 0]","[0, 0]",37
23,"[0, 1]",97.84999999999658,"[22, 22]","[0, 0]","[0, 0]",37
24,"[0, 1]",98.94999999999652,"[23, 23]","[0, 0]","[0, 0]",37
25,"[0, 1]",99.99999999999646,"[24, 24]","[0, 0]","[0, 0]",37
26,"[0, 3]",130.94999999999553,"[25, 20]","[1.0000000000000002, 0]","[0, 0]",37
27,"[0, 1]",103.64999999999625,"[26, 25]","[0.7000000000000001, 0]","[0, 0]",37
28,"[0, 1]",104.79999999999619,"[27, 27]","[0, 0]","[0, 0]",37
29,"[0, 1]",105.84999999999613,"[28, 28]","[0, 0]","[0, 0]",37
30,"[0, 1]",106.89999999999607,"[29, 29]","[0, 0]","[0, 0]",37
31,"[0, 1]",107.999999999996,"[30, 30]","[0, 0]","[0, 0]",37
32,"[0, 1]",109.04999999999595,"[31, 31]","[0, 0]","[0, 0]",37
33,"[0, 1]",110.04999999999589,"[32, 32]","[0, 0]","[0, 0]",37
34,"[0, 1]",111.09999999999583,"[33, 33]","[0, 0]","[0, 0]",37
35,"[0, 1]",112.24999999999577,"[34, 34]","[0, 0]","[0, 0]",37
36,"[0, 1]",113.24999999999571,"[35, 35]","[0, 0]","[0, 0]",37
37,"[0, 1]",114.19999999999565,"[36, 36]","[0, 0]","[0, 0]",37
38,"[0, 3]",145.14999999999876,"[37, -999]","[0, 0]","[0, 0]",37
39,"[0, 1]",117.99999999999544,"[38, 37]","[0, 0]","[0, 0]",37
40,"[0, 1]",119.09999999999538,"[39, 39]","[0, 0]","[0, 0]",37
41,"[0, 1]",120.19999999999531,"[40, 40]","[0, 0]","[0, 0]",37
42,"[0, 1]",121.24999999999525,"[41, 41]","[0, 0]","[0, 0]",37
43,"[2, 1]",69.3999999999982,"[12, 16]","[0, 0]","[0, 0]",37
44,"[0, 1]",122.2999999999952,"[42, 42]","[0, 0]","[0, 0]",37
45,"[0, 1]",123.24999999999514,"[44, 44]","[0, 0]","[0, 0]",37
46,"[0, 1]",124.24999999999508,"[45, 45]","[0, 0]","[0, 0]",37
47,"[2, 1]",74.09999999999793,"[43, 17]","[0, 0]","[0, 0]",37
48,"[0, 1]",125.19999999999503,"[46, 46]","[0, 0]","[0, 0]",37
49,"[0, 3]",155.9000000000012,"[48, 38]","[0, 0]","[0, 0]",37
50,"[0, 1]",128.54999999999498,"[49, 48]","[0, 0]","[0, 0]",37
51,"[0, 1]",129.4999999999952,"[50, 50]","[1.0000000000000002, 0]","[0, 0]",37
52,"[0, 1]",130.3999999999954,"[51, 51]","[0.6, 0]","[0, 0]",37
53,"[0, 1]",129.84999999999528,"[52, 52]","[0, 0]","[0, 0]",37
54,"[0, 3]",156.15000000000126,"[53, 49]","[0, 0]","[0, 0]",37
55,"[2, 1]",74.7999999999979,"[47, 18]","[18.05000000000012, 0]","[0, 0]",37
56,"[0, 1]",128.49999999999497,"[54, 53]","[0, 0]","[0, 0]",37
57,"[0, 1]",129.39999999999517,"[56, 56]","[0, 0]","[0, 0]",37
58,"[0, 1]",130.09999999999533,"[57, 57]","[0, 0]","[0, 0]",37
59,"[0, 1]",130.7999999999955,"[58, 58]","[0, 0]","[0, 0]",37
60,"[0, 1]",131.49999999999565,"[59, 59]","[0, 0]","[0, 0]",37
61,"[0, 1]",132.24999999999582,"[60, 60]","[0, 0]","[0, 0]",37
62,"[0, 1]",132.84999999999596,"[61, 61]","[0, 0]","[0, 0]",37
63,"[0, 1]",132.94999999999598,"[62, 62]","[0, 0]","[0, 0]",37
64,"[0, 1]",132.89999999999597,"[63, 63]","[0, 0]","[0, 0]",37
65,"[0, 1]",132.89999999999597,"[64, 64]","[0, 0]","[0, 0]",37
66,"[0, 1]",127.84999999999488,"[65, 65]","[0, 0]","[0, 0]",37
67,"[0, 1]",127.29999999999491,"[66, 66]","[0, 0]","[0, 0]",37
68,"[0, 1]",127.84999999999488,"[67, 67]","[0, 0]","[0, 0]",37
69,"[0, 1]",128.44999999999496,"[68, 68]","[0, 0]","[0, 0]",37
70,"[0, 1]",128.69999999999501,"[69, 69]","[0, 0]","[0, 0]",37
71,"[0, 1]",129.0499999999951,"[70, 70]","[0, 0]","[0, 0]",37
72,"[0, 1]",129.59999999999522,"[71, 71]","[0, 0]","[0, 0]",37
73,"[0, 1]",130.24999999999537,"[72, 72]","[0, 0]","[0, 0]",37
74,"[0, 1]",130.69999999999547,"[73, 73]","[0, 0]","[0, 0]",37
75,"[0, 1]",126.89999999999493,"[74, 74]","[0, 0]","[0, 0]",37
76,"[0, 1]",125.599999999995,"[75, 75]","[0, 0]","[0, 0]",37
77,"[0, 1]",126.04999999999498,"[76, 76]","[0, 0]","[0, 0]",37
78,"[0, 1]",126.54999999999495,"[77, 77]","[0, 0]","[0, 0]",37
79,"[0, 1]",126.84999999999494,"[78, 78]","[0, 0]","[0, 0]",37
0,"[2, 1]",36.40000000000007,"[-999, -999]","[0, 0]","[0, 0]",38
1,"[2, 1]",38.09999999999997,"[0, 0]","[0, 0]","[0, 0]",38
2,"[2, 1]",39.89999999999987,"[1, 1]","[0, 0]","[0, 0]",38
3,"[2, 1]",41.79999999999976,"[2, 2]","[0, 0]","[0, 0]",38
4,"[2, 1]",43.54999999999966,"[3, 3]","[0, 0]","[0, 0]",38
5,"[2, 1]",45.099999999999575,"[4, 4]","[0, 0]","[0, 0]",38
6,"[2, 1]",46.349999999999504,"[5, 5]","[0, 0]","[0, 0]",38
7,"[2, 1]",47.399999999999444,"[6, 6]","[0, 0]","[0, 0]",38
8,"[2, 1]",48.54999999999938,"[7, 7]","[0, 0]","[0, 0]",38
9,"[2, 3]",76.64999999999779,"[8, -999]","[0, 0]","[0, 0]",38
10,"[0, 1]",71.44999999999808,"[-999, 8]","[0, 0]","[0, 0]",38
11,"[0, 3]",102.44999999999632,"[10, 9]","[0, 0]","[0, 0]",38
12,"[0, 1]",73.74999999999795,"[11, 19]","[0, 0]","[0, 0]",38
13,"[0, 1]",74.7999999999979,"[12, 12]","[0, 0]","[0, 0]",38
14,"[0, 1]",80.19999999999759,"[13, 55]","[2.4499999999999993, 0]","[2.4499999999999993, 0]",38
15,"[0, 1]",80.84999999999755,"[14, 14]","[0, 0]","[0, 0]",38
16,"[0, 1]",81.8499999999975,"[15, 15]","[0, 0]","[0, 0]",38
17,"[0, 1]",82.84999999999744,"[16, 16]","[0, 0]","[0, 0]",38
18,"[0, 1]",83.94999999999737,"[17, 17]","[0, 0]","[0, 0]",38
19,"[2, 1]",51.099999999999234,"[9, 10]","[0, 0]","[0, 0]",38
20,"[0, 3]",114.84999999999562,"[18, 51]","[0, 0]","[0, 0]",38
21,"[0, 1]",87.59999999999717,"[20, 18]","[0, 0]","[0, 0]",38
22,"[0, 1]",88.7499999999971,"[21, 21]","[0, 0]","[0, 0]",38
23,"[0, 1]",89.89999999999704,"[22, 22]","[0, 0]","[0, 0]",38
24,"[0, 1]",90.89999999999698,"[23, 23]","[0, 0]","[0, 0]",38
25,"[0, 1]",91.89999999999692,"[24, 24]","[0, 0]","[0, 0]",38
26,"[0, 1]",92.94999999999686,"[25, 25]","[0, 0]","[0, 0]",38
27,"[0, 1]",93.9999999999968,"[26, 26]","[0, 0]","[0, 0]",38
28,"[0, 1]",94.99999999999675,"[27, 27]","[0, 0]","[0, 0]",38
29,"[0, 1]",95.99999999999669,"[28, 28]","[0, 0]","[0, 0]",38
30,"[0, 1]",97.09999999999663,"[29, 29]","[0, 0]","[0, 0]",38
31,"[0, 1]",98.14999999999657,"[30, 30]","[0, 0]","[0, 0]",38
32,"[0, 1]",99.14999999999651,"[31, 31]","[0, 0]","[0, 0]",38
33,"[0, 1]",100.14999999999645,"[32, 32]","[0, 0]","[0, 0]",38
34,"[0, 1]",101.1999999999964,"[33, 33]","[0, 0]","[0, 0]",38
35,"[0, 1]",102.19999999999634,"[34, 34]","[0, 0]","[0, 0]",38
36,"[0, 1]",103.24999999999628,"[35, 35]","[0, 0]","[0, 0]",38
37,"[0, 1]",104.24999999999622,"[36, 36]","[0, 0]","[0, 0]",38
38,"[0, 1]",105.34999999999616,"[37, 37]","[0, 0]","[0, 0]",38
39,"[0, 1]",106.3499999999961,"[38, 38]","[0, 0]","[0, 0]",38
40,"[0, 1]",107.34999999999604,"[39, 39]","[0, 0]","[0, 0]",38
41,"[0, 1]",108.34999999999599,"[40, 40]","[0, 0]","[0, 0]",38
42,"[0, 1]",109.44999999999592,"[41, 41]","[0, 0]","[0, 0]",38
43,"[0, 1]",110.49999999999586,"[42, 42]","[0, 0]","[0, 0]",38
44,"[0, 1]",111.44999999999581,"[43, 43]","[0, 0]","[0, 0]",38
45,"[0, 3]",142.44999999999814,"[44, -999]","[0, 0]","[0, 0]",38
46,"[0, 1]",115.2499999999956,"[45, 44]","[0, 0]","[0, 0]",38
47,"[2, 3]",73.59999999999796,"[19, 11]","[0, 0]","[0, 0]",38
48,"[0, 1]",116.34999999999553,"[46, 46]","[0, 0]","[0, 0]",38
49,"[0, 1]",117.39999999999547,"[48, 48]","[0, 0]","[0, 0]",38
50,"[0, 1]",118.49999999999541,"[49, 49]","[0, 0]","[0, 0]",38
51,"[2, 3]",74.6999999999979,"[47, 47]","[0, 0]","[0, 0]",38
52,"[0, 3]",149.44999999999973,"[50, 45]","[0, 0]","[0, 0]",38
53,"[0, 1]",122.1999999999952,"[52, 50]","[0, 0]","[0, 0]",38
54,"[0, 1]",123.29999999999514,"[53, 53]","[0, 0]","[0, 0]",38
55,"[2, 1]",44.44999999999961,"[51, 13]","[0, 0]","[0, 0]",38
56,"[0, 1]",124.39999999999507,"[54, 54]","[0, 0]","[0, 0]",38
57,"[0, 1]",125.44999999999501,"[56, 56]","[0, 0]","[0, 0]",38
58,"[0, 1]",126.44999999999496,"[57, 57]","[0, 0]","[0, 0]",38
59,"[0, 3]",157.35000000000153,"[58, 52]","[0, 0]","[0, 0]",38
60,"[0, 1]",130.04999999999532,"[59, 58]","[0, 0]","[0, 0]",38
61,"[0, 1]",130.99999999999554,"[60, 60]","[0, 0]","[0, 0]",38
62,"[0, 1]",131.79999999999572,"[61, 61]","[0, 0]","[0, 0]",38
63,"[0, 1]",132.39999999999586,"[62, 62]","[0, 0]","[0, 0]",38
64,"[0, 1]",132.69999999999592,"[63, 63]","[0, 0]","[0, 0]",38
65,"[0, 1]",132.84999999999596,"[64, 64]","[0, 0]","[0, 0]",38
66,"[0, 3]",162.9000000000028,"[65, 59]","[0, 0]","[0, 0]",38
67,"[0, 1]",134.64999999999637,"[66, 65]","[0, 0]","[0, 0]",38
68,"[0, 1]",134.7499999999964,"[67, 67]","[0, 0]","[0, 0]",38
69,"[0, 1]",134.8499999999964,"[68, 68]","[0, 0]","[0, 0]",38
70,"[0, 1]",134.7999999999964,"[69, 69]","[0, 0]","[0, 0]",38
71,"[0, 1]",134.7999999999964,"[70, 70]","[0, 0]","[0, 0]",38
72,"[0, 1]",134.7499999999964,"[71, 71]","[0, 0]","[0, 0]",38
73,"[0, 1]",129.64999999999523,"[72, 72]","[0, 0]","[0, 0]",38
74,"[0, 1]",129.0999999999951,"[73, 73]","[0, 0]","[0, 0]",38
75,"[0, 1]",129.69999999999524,"[74, 74]","[0, 0]","[0, 0]",38
76,"[0, 1]",130.24999999999537,"[75, 75]","[0, 0]","[0, 0]",38
77,"[0, 1]",130.54999999999544,"[76, 76]","[0, 0]","[0, 0]",38
78,"[0, 1]",130.59999999999545,"[77, 77]","[0, 0]","[0, 0]",38
79,"[0, 1]",127.89999999999488,"[78, 78]","[0, 0]","[0, 0]",38
0,"[2, 1]",36.40000000000007,"[-999, -999]","[0, 0]","[0, 0]",39
1,"[2, 1]",38.09999999999997,"[0, 0]","[0, 0]","[0, 0]",39
2,"[2, 1]",39.89999999999987,"[1, 1]","[0, 0]","[0, 0]",39
3,"[2, 1]",41.79999999999976,"[2, 2]","[0, 0]","[0, 0]",39
4,"[2, 1]",43.54999999999966,"[3, 3]","[0, 0]","[0, 0]",39
5,"[2, 1]",45.04999999999958,"[4, 4]","[0, 0]","[0, 0]",39
6,"[2, 1]",46.349999999999504,"[5, 5]","[0, 0]","[0, 0]",39
7,"[2, 1]",47.34999999999945,"[6, 6]","[0, 0]","[0, 0]",39
8,"[2, 1]",48.49999999999938,"[7, 7]","[0, 0]","[0, 0]",39
9,"[2, 1]",55.649999999998975,"[8, 11]","[3.4499999999999957, 0]","[3.4499999999999957, 0]",39
10,"[2, 1]",62.2999999999986,"[9, 13]","[0, 0]","[0, 0]",39
11,"[0, 1]",70.29999999999815,"[-999, 8]","[0, 0]","[0, 0]",39
12,"[0, 3]",99.64999999999648,"[11, -999]","[0, 0]","[0, 0]",39
13,"[0, 1]",73.74999999999795,"[12, 9]","[0, 0]","[0, 0]",39
14,"[0, 1]",79.14999999999765,"[13, 10]","[2.3499999999999996, 0]","[2.3499999999999996, 0]",39
15,"[0, 1]",83.94999999999737,"[14, 43]","[2.4499999999999993, 0]","[2.4499999999999993, 0]",39
16,"[0, 3]",114.04999999999566,"[15, 12]","[0, 0]","[0, 0]",39
17,"[0, 1]",91.19999999999696,"[16, 59]","[2.9999999999999973, 0]","[2.9999999999999973, 0]",39
18,"[0, 1]",91.44999999999695,"[17, 17]","[0, 0]","[0, 0]",39
19,"[0, 1]",92.44999999999689,"[18, 18]","[0, 0]","[0, 0]",39
20,"[0, 3]",123.29999999999514,"[19, 16]","[0, 0]","[0, 0]",39
21,"[0, 1]",96.04999999999669,"[20, 19]","[0, 0]","[0, 0]",39
22,"[0, 1]",97.14999999999662,"[21, 21]","[0, 0]","[0, 0]",39
23,"[0, 1]",98.24999999999656,"[22, 22]","[0, 0]","[0, 0]",39
24,"[0, 1]",99.2999999999965,"[23, 23]","[0, 0]","[0, 0]",39
25,"[0, 1]",100.29999999999644,"[24, 24]","[0, 0]","[0, 0]",39
26,"[0, 1]",101.29999999999639,"[25, 25]","[0, 0]","[0, 0]",39
27,"[0, 1]",102.34999999999633,"[26, 26]","[0, 0]","[0, 0]",39
28,"[0, 1]",103.39999999999627,"[27, 27]","[0, 0]","[0, 0]",39
29,"[0, 1]",104.39999999999621,"[28, 28]","[0, 0]","[0, 0]",39
30,"[0, 1]",105.49999999999615,"[29, 29]","[0, 0]","[0, 0]",39
31,"[0, 1]",106.54999999999609,"[30, 30]","[0.9500000000000003, 0]","[0, 0]",39
32,"[0, 1]",107.54999999999603,"[31, 31]","[1.3500000000000005, 0]","[0, 0]",39
33,"[0, 1]",108.54999999999598,"[32, 32]","[1.0000000000000002, 0]","[0, 0]",39
34,"[0, 1]",109.64999999999591,"[33, 33]","[0.39999999999999997, 0]","[0, 0]",39
35,"[0, 1]",110.59999999999586,"[34, 34]","[0, 0]","[0, 0]",39
36,"[0, 1]",111.6499999999958,"[35, 35]","[0, 0]","[0, 0]",39
37,"[0, 1]",112.64999999999574,"[36, 36]","[0, 0]","[0, 0]",39
38,"[0, 3]",143.6499999999984,"[37, -999]","[0, 0]","[0, 0]",39
39,"[0, 1]",116.34999999999553,"[38, 37]","[0, 0]","[0, 0]",39
40,"[0, 1]",117.44999999999547,"[39, 39]","[0, 0]","[0, 0]",39
41,"[0, 1]",118.49999999999541,"[40, 40]","[0, 0]","[0, 0]",39
42,"[0, 1]",119.59999999999535,"[41, 41]","[0, 0]","[0, 0]",39
43,"[2, 1]",62.2499999999986,"[10, 14]","[5.449999999999989, 0]","[0, 0]",39
44,"[0, 1]",120.64999999999529,"[42, 42]","[0, 0]","[0, 0]",39
45,"[0, 1]",121.54999999999524,"[44, 44]","[0, 0]","[0, 0]",39
46,"[0, 1]",122.54999999999518,"[45, 45]","[0, 0]","[0, 0]",39
47,"[0, 3]",153.50000000000065,"[46, 38]","[0, 0]","[0, 0]",39
48,"[0, 1]",126.14999999999498,"[47, 46]","[0, 0]","[0, 0]",39
49,"[0, 1]",126.94999999999493,"[48, 48]","[0, 0]","[0, 0]",39
50,"[0, 1]",127.4999999999949,"[49, 49]","[0, 0]","[0, 0]",39
51,"[0, 1]",128.1499999999949,"[50, 50]","[0, 0]","[0, 0]",39
52,"[0, 1]",128.89999999999506,"[51, 51]","[0, 0]","[0, 0]",39
53,"[0, 1]",129.74999999999525,"[52, 52]","[0, 0]","[0, 0]",39
54,"[0, 1]",130.4499999999954,"[53, 53]","[0, 0]","[0, 0]",39
55,"[2, 1]",58.59999999999881,"[43, 15]","[0, 0]","[0, 0]",39
56,"[0, 1]",130.7999999999955,"[54, 54]","[0, 0]","[0, 0]",39
57,"[0, 1]",130.89999999999552,"[56, 56]","[0, 0]","[0, 0]",39
58,"[0, 1]",131.04999999999555,"[57, 57]","[0, 0]","[0, 0]",39
59,"[2, 1]",57.84999999999885,"[55, 55]","[0, 0]","[0, 0]",39
60,"[0, 1]",131.19999999999558,"[58, 58]","[0, 0]","[0, 0]",39
61,"[0, 1]",131.19999999999558,"[60, 60]","[0, 0]","[0, 0]",39
62,"[0, 1]",131.14999999999557,"[61, 61]","[0, 0]","[0, 0]",39
63,"[0, 1]",131.19999999999558,"[62, 62]","[0, 0]","[0, 0]",39
64,"[0, 1]",131.2499999999956,"[63, 63]","[0, 0]","[0, 0]",39
65,"[0, 1]",131.14999999999557,"[64, 64]","[0, 0]","[0, 0]",39
66,"[0, 1]",126.49999999999496,"[65, 65]","[0, 0]","[0, 0]",39
67,"[0, 1]",125.649999999995,"[66, 66]","[0, 0]","[0, 0]",39
68,"[0, 1]",126.14999999999498,"[67, 67]","[0, 0]","[0, 0]",39
69,"[0, 1]",126.69999999999494,"[68, 68]","[0, 0]","[0, 0]",39
70,"[0, 1]",126.99999999999493,"[69, 69]","[0, 0]","[0, 0]",39
71,"[0, 1]",127.3499999999949,"[70, 70]","[0, 0]","[0, 0]",39
72,"[0, 1]",127.89999999999488,"[71, 71]","[0.65, 0]","[0, 0]",39
73,"[0, 1]",128.49999999999497,"[72, 72]","[0.2, 0]","[0, 0]",39
74,"[0, 1]",123.74999999999511,"[73, 73]","[0, 0]","[0, 0]",39
75,"[0, 1]",123.69999999999511,"[74, 74]","[0, 0]","[0, 0]",39
76,"[0, 1]",124.34999999999508,"[75, 75]","[0, 0]","[0, 0]",39
77,"[0, 1]",124.84999999999505,"[76, 76]","[0, 0]","[0, 0]",39
78,"[0, 1]",124.99999999999504,"[77, 77]","[0, 0]","[0, 0]",39
79,"[0, 1]",125.39999999999502,"[78, 78]","[0, 0]","[0, 0]",39
0,"[2, 1]",36.40000000000007,"[-999, -999]","[0, 0]","[0, 0]",40
1,"[2, 1]",38.09999999999997,"[0, 0]","[0, 0]","[0, 0]",40
2,"[2, 3]",68.64999999999824,"[1, -999]","[0, 0]","[0, 0]",40
3,"[2, 1]",37.40000000000001,"[2, 1]","[0, 0]","[0, 0]",40
4,"[2, 1]",39.19999999999991,"[3, 3]","[0, 0]","[0, 0]",40
5,"[2, 1]",41.0999999999998,"[4, 4]","[0, 0]","[0, 0]",40
6,"[2, 1]",42.9499999999997,"[5, 5]","[0, 0]","[0, 0]",40
7,"[2, 1]",44.549999999999606,"[6, 6]","[0, 0]","[0, 0]",40
8,"[2, 1]",45.999999999999524,"[7, 7]","[0, 0]","[0, 0]",40
9,"[2, 1]",47.14999999999946,"[8, 8]","[0, 0]","[0, 0]",40
10,"[2, 1]",53.699999999999086,"[9, 11]","[2.849999999999998, 0]","[2.849999999999998, 0]",40
11,"[0, 1]",71.99999999999805,"[-999, 9]","[0, 0]","[2.000000000000001, 0]",40
12,"[0, 1]",78.1999999999977,"[11, 10]","[2.3, 0]","[2.3, 0]",40
13,"[0, 1]",87.74999999999716,"[12, 55]","[5.449999999999989, 0]","[5.449999999999989, 0]",40
14,"[0, 1]",87.69999999999716,"[13, 13]","[0, 0]","[0, 0]",40
15,"[0, 1]",88.59999999999711,"[14, 14]","[0, 0]","[0, 0]",40
16,"[0, 1]",89.69999999999705,"[15, 15]","[0, 0]","[0, 0]",40
17,"[0, 3]",120.79999999999528,"[16, 78]","[0, 0]","[0, 0]",40
18,"[0, 1]",92.2499999999969,"[17, 16]","[0, 0]","[0, 0]",40
19,"[0, 3]",123.59999999999512,"[18, 17]","[0, 0]","[0, 0]",40
20,"[0, 3]",125.749999999995,"[19, 19]","[0, 0]","[0, 0]",40
21,"[0, 1]",97.14999999999662,"[20, 18]","[0, 0]","[0, 0]",40
22,"[0, 1]",98.19999999999656,"[21, 21]","[0, 0]","[0, 0]",40
23,"[0, 1]",99.2999999999965,"[22, 22]","[0, 0]","[0, 0]",40
24,"[0, 1]",100.34999999999644,"[23, 23]","[0, 0]","[0, 0]",40
25,"[0, 1]",101.39999999999638,"[24, 24]","[0, 0]","[0, 0]",40
26,"[0, 1]",102.39999999999633,"[25, 25]","[0, 0]","[0, 0]",40
27,"[0, 1]",103.44999999999627,"[26, 26]","[0, 0]","[0, 0]",40
28,"[0, 1]",104.4999999999962,"[27, 27]","[0, 0]","[0, 0]",40
29,"[0, 1]",105.49999999999615,"[28, 28]","[0, 0]","[0, 0]",40
30,"[0, 1]",106.54999999999609,"[29, 29]","[0, 0]","[0, 0]",40
31,"[0, 1]",107.54999999999603,"[30, 30]","[0, 0]","[0, 0]",40
32,"[0, 1]",108.54999999999598,"[31, 31]","[0, 0]","[0, 0]",40
33,"[0, 1]",109.59999999999592,"[32, 32]","[0, 0]","[0, 0]",40
34,"[0, 1]",110.64999999999586,"[33, 33]","[0, 0]","[0, 0]",40
35,"[0, 1]",111.6999999999958,"[34, 34]","[0, 0]","[0, 0]",40
36,"[0, 1]",112.69999999999574,"[35, 35]","[0, 0]","[0, 0]",40
37,"[0, 1]",113.74999999999568,"[36, 36]","[0, 0]","[0, 0]",40
38,"[0, 3]",144.74999999999866,"[37, -999]","[0, 0]","[0, 0]",40
39,"[0, 1]",117.49999999999547,"[38, 37]","[0, 0]","[0, 0]",40
40,"[0, 1]",118.5999999999954,"[39, 39]","[0, 0]","[0, 0]",40
41,"[0, 1]",119.69999999999534,"[40, 40]","[0, 0]","[0, 0]",40
42,"[0, 1]",120.79999999999528,"[41, 41]","[0, 0]","[0, 0]",40
43,"[0, 1]",121.74999999999523,"[42, 42]","[0, 0]","[0, 0]",40
44,"[0, 1]",122.69999999999517,"[43, 43]","[0, 0]","[0, 0]",40
45,"[0, 1]",123.54999999999512,"[44, 44]","[0, 0]","[0, 0]",40
46,"[0, 1]",124.34999999999508,"[45, 45]","[0, 0]","[0, 0]",40
47,"[0, 3]",155.000000000001,"[46, 38]","[0, 0]","[0, 0]",40
48,"[0, 1]",127.4999999999949,"[47, 46]","[0, 0]","[0, 0]",40
49,"[0, 1]",128.2499999999949,"[48, 48]","[0, 0]","[0, 0]",40
50,"[0, 1]",128.94999999999507,"[49, 49]","[0, 0]","[0, 0]",40
51,"[0, 1]",129.69999999999524,"[50, 50]","[0, 0]","[0, 0]",40
52,"[2, 1]",42.999999999999694,"[10, 12]","[0, 0]","[0, 0]",40
53,"[0, 1]",130.3499999999954,"[51, 51]","[0, 0]","[0, 0]",40
54,"[0, 3]",160.8000000000023,"[53, 47]","[0, 0]","[0, 0]",40
55,"[2, 1]",44.14999999999963,"[52, 52]","[0, 0]","[0, 0]",40
56,"[0, 1]",132.5999999999959,"[54, 53]","[0, 0]","[0, 0]",40
57,"[0, 1]",132.5999999999959,"[56, 56]","[0, 0]","[0, 0]",40
58,"[0, 1]",132.79999999999595,"[57, 57]","[0, 0]","[0, 0]",40
59,"[0, 3]",162.9000000000028,"[58, 54]","[0, 0]","[0, 0]",40
60,"[0, 1]",134.54999999999634,"[59, 58]","[0, 0]","[0, 0]",40
61,"[0, 1]",134.59999999999636,"[60, 60]","[0, 0]","[0, 0]",40
62,"[0, 1]",134.69999999999638,"[61, 61]","[0, 0]","[0, 0]",40
63,"[0, 1]",134.7499999999964,"[62, 62]","[0, 0]","[0, 0]",40
64,"[0, 1]",134.59999999999636,"[63, 63]","[0, 0]","[0, 0]",40
65,"[0, 1]",129.74999999999525,"[64, 64]","[0, 0]","[0, 0]",40
66,"[0, 1]",128.99999999999508,"[65, 65]","[0, 0]","[0, 0]",40
67,"[0, 1]",129.5499999999952,"[66, 66]","[0, 0]","[0, 0]",40
68,"[0, 3]",160.00000000000213,"[67, 59]","[0, 0]","[0, 0]",40
69,"[0, 1]",131.94999999999575,"[68, 67]","[0, 0]","[0, 0]",40
70,"[0, 1]",132.39999999999586,"[69, 69]","[0, 0]","[0, 0]",40
71,"[0, 1]",133.049999999996,"[70, 70]","[0, 0]","[0, 0]",40
72,"[0, 1]",133.74999999999616,"[71, 71]","[0, 0]","[0, 0]",40
73,"[0, 1]",134.19999999999627,"[72, 72]","[0, 0]","[0, 0]",40
74,"[0, 1]",130.69999999999547,"[73, 73]","[0, 0]","[0, 0]",40
75,"[0, 1]",129.29999999999515,"[74, 74]","[0, 0]","[0, 0]",40
76,"[0, 1]",129.64999999999523,"[75, 75]","[0.5499999999999999, 0]","[0, 0]",40
77,"[0, 1]",130.24999999999537,"[76, 76]","[1.0500000000000003, 0]","[0, 0]",40
78,"[2, 3]",67.7499999999983,"[55, -999]","[0, 0]","[0, 0]",40
79,"[0, 1]",130.59999999999545,"[77, 77]","[1.4500000000000006, 0]","[0, 0]",40
0,"[2, 1]",36.40000000000007,"[-999, -999]","[0, 0]","[0, 0]",41
1,"[2, 1]",38.09999999999997,"[0, 0]","[0, 0]","[0, 0]",41
2,"[2, 3]",68.64999999999824,"[1, -999]","[0, 0]","[0, 0]",41
3,"[2, 3]",71.34999999999809,"[2, 2]","[0, 0]","[0, 0]",41
4,"[2, 1]",37.84999999999999,"[3, 1]","[0, 0]","[0, 0]",41
5,"[2, 1]",39.89999999999987,"[4, 4]","[0, 0]","[0, 0]",41
6,"[2, 1]",41.79999999999976,"[5, 5]","[0, 0]","[0, 0]",41
7,"[2, 1]",43.59999999999966,"[6, 6]","[0, 0]","[0, 0]",41
8,"[2, 1]",45.04999999999958,"[7, 7]","[0, 0]","[0, 0]",41
9,"[2, 1]",46.3999999999995,"[8, 8]","[0, 0]","[0, 0]",41
10,"[0, 1]",72.69999999999801,"[-999, 9]","[0, 0]","[2.5999999999999988, 0]",41
11,"[0, 1]",79.8999999999976,"[10, 26]","[2.1000000000000005, 0]","[2.1000000000000005, 0]",41
12,"[2, 3]",75.89999999999783,"[9, 3]","[0, 0]","[0, 0]",41
13,"[0, 1]",79.39999999999763,"[11, 11]","[0, 0]","[0, 0]",41
14,"[0, 1]",80.0499999999976,"[13, 13]","[0, 0]","[0, 0]",41
15,"[0, 1]",87.0499999999972,"[14, 31]","[2.3, 0]","[2.3, 0]",41
16,"[0, 1]",86.39999999999723,"[15, 15]","[0, 0]","[0, 0]",41
17,"[0, 1]",91.39999999999695,"[16, 55]","[2.499999999999999, 0]","[2.499999999999999, 0]",41
18,"[0, 1]",91.84999999999692,"[17, 17]","[0, 0]","[0, 0]",41
19,"[0, 3]",122.79999999999517,"[18, 78]","[0, 0]","[0, 0]",41
20,"[0, 3]",124.99999999999504,"[19, 19]","[0, 0]","[0, 0]",41
21,"[0, 1]",96.34999999999667,"[20, 18]","[0, 0]","[0, 0]",41
22,"[0, 1]",97.39999999999661,"[21, 21]","[0, 0]","[0, 0]",41
23,"[0, 1]",98.49999999999655,"[22, 22]","[0, 0]","[0, 0]",41
24,"[0, 1]",99.54999999999649,"[23, 23]","[0, 0]","[0, 0]",41
25,"[0, 1]",100.54999999999643,"[24, 24]","[0, 0]","[0, 0]",41
26,"[2, 1]",48.799999999999365,"[12, 10]","[0, 0]","[0, 0]",41
27,"[0, 1]",101.54999999999637,"[25, 25]","[0, 0]","[0, 0]",41
28,"[0, 1]",102.64999999999631,"[27, 27]","[0, 0]","[0, 0]",41
29,"[0, 1]",103.64999999999625,"[28, 28]","[0, 0]","[0, 0]",41
30,"[0, 1]",104.6999999999962,"[29, 29]","[0, 0]","[0, 0]",41
31,"[2, 1]",65.09999999999845,"[26, 14]","[9.800000000000004, 0]","[9.800000000000004, 0]",41
32,"[0, 1]",105.74999999999613,"[30, 30]","[0, 0]","[0, 0]",41
33,"[0, 1]",106.79999999999607,"[32, 32]","[0, 0]","[0, 0]",41
34,"[0, 1]",107.89999999999601,"[33, 33]","[0, 0]","[0, 0]",41
35,"[0, 1]",108.89999999999596,"[34, 34]","[0, 0]","[0, 0]",41
36,"[0, 1]",109.8999999999959,"[35, 35]","[0, 0]","[0, 0]",41
37,"[0, 1]",110.89999999999584,"[36, 36]","[0, 0]","[0, 0]",41
38,"[0, 3]",141.89999999999802,"[37, -999]","[0, 0]","[0, 0]",41
39,"[0, 1]",114.64999999999563,"[38, 37]","[0, 0]","[0, 0]",41
40,"[0, 1]",115.79999999999556,"[39, 39]","[0, 0]","[0, 0]",41
41,"[0, 1]",116.8499999999955,"[40, 40]","[0, 0]","[0, 0]",41
42,"[0, 1]",117.89999999999544,"[41, 41]","[0, 0]","[0, 0]",41
43,"[0, 1]",118.89999999999539,"[42, 42]","[0, 0]","[0, 0]",41
44,"[0, 1]",119.94999999999533,"[43, 43]","[0, 0]","[0, 0]",41
45,"[0, 1]",120.99999999999527,"[44, 44]","[0, 0]","[0, 0]",41
46,"[0, 1]",121.99999999999521,"[45, 45]","[0, 0]","[0, 0]",41
47,"[0, 1]",122.94999999999516,"[46, 46]","[0, 0]","[0, 0]",41
48,"[0, 1]",123.69999999999511,"[47, 47]","[0, 0]","[0, 0]",41
49,"[0, 1]",124.44999999999507,"[48, 48]","[0, 0]","[0, 0]",41
50,"[0, 1]",125.24999999999503,"[49, 49]","[0, 0]","[0, 0]",41
51,"[0, 3]",156.00000000000122,"[50, -999]","[0, 0]","[0, 0]",41
52,"[2, 3]",87.59999999999717,"[31, 12]","[8.499999999999986, 0]","[2.499999999999999, 0]",41
53,"[0, 1]",128.649999999995,"[51, 50]","[0, 0]","[0, 0]",41
54,"[0, 1]",129.4999999999952,"[53, 53]","[0, 0]","[0, 0]",41
55,"[2, 1]",63.9999999999985,"[52, 16]","[11.700000000000031, 0]","[0.05, 0]",41
56,"[0, 1]",130.3499999999954,"[54, 54]","[0, 0]","[0, 0]",41
57,"[0, 1]",130.89999999999552,"[56, 56]","[0, 0]","[0, 0]",41
58,"[0, 1]",130.99999999999554,"[57, 57]","[0, 0]","[0, 0]",41
59,"[0, 3]",160.95000000000235,"[58, 51]","[0, 0]","[0, 0]",41
60,"[0, 1]",132.74999999999594,"[59, 58]","[0, 0]","[0, 0]",41
61,"[0, 1]",132.89999999999597,"[60, 60]","[0, 0]","[0, 0]",41
62,"[0, 1]",132.89999999999597,"[61, 61]","[0, 0]","[0, 0]",41
63,"[0, 1]",132.89999999999597,"[62, 62]","[0, 0]","[0, 0]",41
64,"[0, 1]",132.84999999999596,"[63, 63]","[0, 0]","[0, 0]",41
65,"[0, 1]",127.89999999999488,"[64, 64]","[0, 0]","[0, 0]",41
66,"[0, 3]",157.10000000000147,"[65, 59]","[0, 0]","[0, 0]",41
67,"[0, 1]",129.44999999999519,"[66, 65]","[0, 0]","[0, 0]",41
68,"[0, 1]",130.09999999999533,"[67, 67]","[0, 0]","[0, 0]",41
69,"[0, 1]",130.49999999999542,"[68, 68]","[0, 0]","[0, 0]",41
70,"[0, 1]",130.89999999999552,"[69, 69]","[0, 0]","[0, 0]",41
71,"[0, 1]",131.44999999999564,"[70, 70]","[0, 0]","[0, 0]",41
72,"[0, 1]",132.1999999999958,"[71, 71]","[0, 0]","[0, 0]",41
73,"[0, 1]",132.79999999999595,"[72, 72]","[0, 0]","[0, 0]",41
74,"[0, 1]",132.89999999999597,"[73, 73]","[0, 0]","[0, 0]",41
75,"[0, 1]",132.79999999999595,"[74, 74]","[0, 0]","[0, 0]",41
76,"[0, 3]",162.9000000000028,"[75, -999]","[0, 0]","[0, 0]",41
77,"[0, 1]",134.64999999999637,"[76, 75]","[0, 0]","[0, 0]",41
78,"[2, 3]",72.39999999999803,"[55, 52]","[0, 0]","[0, 0]",41
79,"[0, 1]",130.14999999999534,"[77, 77]","[0, 0]","[0, 0]",41
0,"[2, 1]",36.40000000000007,"[-999, -999]","[0, 0]","[0, 0]",42
1,"[2, 1]",38.09999999999997,"[0, 0]","[0, 0]","[0, 0]",42
2,"[0, 1]",67.5499999999983,"[-999, 7]","[0, 0]","[0, 0]",42
3,"[2, 3]",68.64999999999824,"[1, -999]","[0, 0]","[0, 0]",42
4,"[2, 1]",37.40000000000001,"[3, 1]","[0, 0]","[0, 0]",42
5,"[2, 1]",39.19999999999991,"[4, 4]","[0, 0]","[0, 0]",42
6,"[2, 1]",41.0999999999998,"[5, 5]","[0, 0]","[0, 0]",42
7,"[2, 1]",42.9499999999997,"[6, 6]","[0, 0]","[0, 0]",42
8,"[2, 3]",73.49999999999797,"[7, 3]","[0, 0]","[0, 0]",42
9,"[0, 1]",69.2999999999982,"[2, 10]","[0, 0]","[0, 0]",42
10,"[2, 1]",46.64999999999949,"[8, 2]","[0, 0]","[0, 0]",42
11,"[0, 1]",70.64999999999813,"[9, 9]","[0, 0]","[0, 0]",42
12,"[0, 1]",71.49999999999808,"[11, 11]","[0, 0]","[0, 0]",42
13,"[0, 1]",72.14999999999804,"[12, 12]","[0, 0]","[0, 0]",42
14,"[0, 1]",72.59999999999802,"[13, 13]","[0, 0]","[0, 0]",42
15,"[0, 1]",72.949999999998,"[14, 14]","[0, 0]","[0, 0]",42
16,"[0, 1]",73.19999999999798,"[15, 15]","[0, 0]","[0, 0]",42
17,"[0, 1]",73.49999999999797,"[16, 16]","[0, 0]","[0, 0]",42
18,"[0, 1]",80.09999999999759,"[17, 55]","[2.1000000000000005, 0]","[2.1000000000000005, 0]",42
19,"[0, 1]",79.44999999999763,"[18, 18]","[0, 0]","[0, 0]",42
20,"[0, 3]",112.14999999999577,"[19, 78]","[0, 0]","[0, 0]",42
21,"[0, 1]",82.74999999999744,"[20, 19]","[0, 0]","[0, 0]",42
22,"[0, 1]",83.79999999999738,"[21, 21]","[0, 0]","[0, 0]",42
23,"[0, 1]",84.94999999999732,"[22, 22]","[0, 0]","[0, 0]",42
24,"[0, 1]",85.99999999999726,"[23, 23]","[0, 0]","[0, 0]",42
25,"[0, 1]",86.9999999999972,"[24, 24]","[0, 0]","[0, 0]",42
26,"[0, 1]",87.99999999999714,"[25, 25]","[0, 0]","[0, 0]",42
27,"[0, 1]",89.09999999999708,"[26, 26]","[0, 0]","[0, 0]",42
28,"[0, 1]",90.14999999999702,"[27, 27]","[0, 0]","[0, 0]",42
29,"[0, 1]",91.14999999999696,"[28, 28]","[0, 0]","[0, 0]",42
30,"[0, 1]",92.2499999999969,"[29, 29]","[0, 0]","[0, 0]",42
31,"[0, 1]",93.24999999999685,"[30, 30]","[0, 0]","[0, 0]",42
32,"[0, 1]",94.24999999999679,"[31, 31]","[0, 0]","[0, 0]",42
33,"[0, 1]",95.24999999999673,"[32, 32]","[0, 0]","[0, 0]",42
34,"[0, 1]",96.29999999999667,"[33, 33]","[0, 0]","[0, 0]",42
35,"[0, 1]",97.34999999999661,"[34, 34]","[0, 0]","[0, 0]",42
36,"[0, 1]",98.34999999999656,"[35, 35]","[0, 0]","[0, 0]",42
37,"[0, 1]",99.3999999999965,"[36, 36]","[0, 0]","[0, 0]",42
38,"[0, 1]",100.49999999999643,"[37, 37]","[0, 0]","[0, 0]",42
39,"[0, 1]",101.49999999999638,"[38, 38]","[0, 0]","[0, 0]",42
40,"[0, 1]",102.49999999999632,"[39, 39]","[0, 0]","[0, 0]",42
41,"[0, 1]",103.59999999999626,"[40, 40]","[0, 0]","[0, 0]",42
42,"[0, 1]",104.6499999999962,"[41, 41]","[0, 0]","[0, 0]",42
43,"[0, 1]",105.64999999999614,"[42, 42]","[0, 0]","[0, 0]",42
44,"[0, 1]",106.64999999999608,"[43, 43]","[0, 0]","[0, 0]",42
45,"[0, 3]",137.64999999999705,"[44, -999]","[0, 0]","[0, 0]",42
46,"[0, 1]",110.44999999999587,"[45, 44]","[0, 0]","[0, 0]",42
47,"[0, 3]",141.849999999998,"[46, 45]","[0, 0]","[0, 0]",42
48,"[0, 1]",114.39999999999564,"[47, 46]","[0, 0]","[0, 0]",42
49,"[0, 1]",115.54999999999558,"[48, 48]","[0, 0]","[0, 0]",42
50,"[0, 1]",116.64999999999552,"[49, 49]","[0, 0]","[0, 0]",42
51,"[0, 3]",147.74999999999935,"[50, 47]","[0, 0]","[0, 0]",42
52,"[0, 1]",120.4499999999953,"[51, 50]","[0, 0]","[0, 0]",42
53,"[0, 1]",121.59999999999523,"[52, 52]","[0, 0]","[0, 0]",42
54,"[0, 3]",152.70000000000047,"[53, 51]","[0, 0]","[0, 0]",42
55,"[2, 1]",59.59999999999875,"[10, 17]","[13.400000000000055, 0]","[13.400000000000055, 0]",42
56,"[0, 1]",125.44999999999501,"[54, 53]","[0, 0]","[0, 0]",42
57,"[0, 1]",126.54999999999495,"[56, 56]","[0, 0]","[0, 0]",42
58,"[0, 1]",127.64999999999489,"[57, 57]","[0, 0]","[0, 0]",42
59,"[2, 3]",88.09999999999714,"[55, -999]","[12.850000000000048, 0]","[2.9499999999999975, 0]",42
60,"[0, 1]",128.69999999999501,"[58, 58]","[0, 0]","[0, 0]",42
61,"[0, 1]",129.64999999999523,"[60, 60]","[0, 0]","[0, 0]",42
62,"[0, 1]",130.64999999999546,"[61, 61]","[0, 0]","[0, 0]",42
63,"[0, 1]",131.59999999999567,"[62, 62]","[0, 0]","[0, 0]",42
64,"[0, 1]",132.49999999999588,"[63, 63]","[0, 0]","[0, 0]",42
65,"[0, 1]",133.39999999999608,"[64, 64]","[0, 0]","[0, 0]",42
66,"[0, 1]",134.09999999999624,"[65, 65]","[0, 0]","[0, 0]",42
67,"[0, 1]",134.59999999999636,"[66, 66]","[0, 0]","[0, 0]",42
68,"[0, 1]",134.8499999999964,"[67, 67]","[0, 0]","[0, 0]",42
69,"[0, 1]",134.89999999999642,"[68, 68]","[0, 0]","[0, 0]",42
70,"[0, 1]",134.94999999999644,"[69, 69]","[0, 0]","[0, 0]",42
71,"[0, 1]",134.94999999999644,"[70, 70]","[0, 0]","[0, 0]",42
72,"[0, 1]",129.9499999999953,"[71, 71]","[0, 0]","[0, 0]",42
73,"[0, 1]",129.29999999999515,"[72, 72]","[0, 0]","[0, 0]",42
74,"[0, 1]",129.9499999999953,"[73, 73]","[0, 0]","[0, 0]",42
75,"[0, 1]",130.4499999999954,"[74, 74]","[0, 0]","[0, 0]",42
76,"[0, 1]",126.99999999999493,"[75, 75]","[0, 0]","[0, 0]",42
77,"[0, 1]",127.14999999999492,"[76, 76]","[0, 0]","[0, 0]",42
78,"[2, 3]",74.24999999999793,"[59, 59]","[0, 0]","[0, 0]",42
79,"[0, 1]",127.74999999999488,"[77, 77]","[0, 0]","[0, 0]",42
0,"[2, 1]",36.40000000000007,"[-999, -999]","[0, 0]","[0, 0]",43
1,"[2, 1]",38.09999999999997,"[0, 0]","[0, 0]","[0, 0]",43
2,"[0, 3]",96.59999999999665,"[-999, -999]","[0, 0]","[0, 0]",43
3,"[2, 1]",39.89999999999987,"[1, 1]","[0, 0]","[0, 0]",43
4,"[2, 1]",41.79999999999976,"[3, 3]","[0, 0]","[0, 0]",43
5,"[2, 1]",43.54999999999966,"[4, 4]","[0, 0]","[0, 0]",43
6,"[2, 1]",45.04999999999958,"[5, 5]","[0, 0]","[0, 0]",43
7,"[2, 1]",46.349999999999504,"[6, 6]","[0, 0]","[0, 0]",43
8,"[2, 1]",47.399999999999444,"[7, 7]","[0, 0]","[0, 0]",43
9,"[0, 1]",72.44999999999803,"[2, 10]","[1.7000000000000008, 0]","[1.7000000000000008, 0]",43
10,"[2, 1]",48.49999999999938,"[8, 8]","[0, 0]","[0, 0]",43
11,"[0, 1]",73.79999999999795,"[9, 9]","[0, 0]","[0, 0]",43
12,"[0, 1]",74.94999999999789,"[11, 11]","[0, 0]","[0, 0]",43
13,"[0, 1]",86.19999999999725,"[12, 55]","[5.349999999999989, 0]","[5.349999999999989, 0]",43
14,"[0, 1]",85.59999999999728,"[13, 13]","[0, 0]","[0, 0]",43
15,"[0, 1]",86.24999999999724,"[14, 14]","[0, 0]","[0, 0]",43
16,"[2, 1]",65.9499999999984,"[10, 12]","[9.750000000000004, 0]","[9.750000000000004, 0]",43
17,"[0, 1]",87.29999999999718,"[15, 15]","[0, 0]","[0, 0]",43
18,"[0, 1]",88.29999999999713,"[17, 17]","[0, 0]","[0, 0]",43
19,"[0, 3]",119.19999999999537,"[18, 78]","[0, 0]","[0, 0]",43
20,"[0, 1]",91.64999999999694,"[19, 18]","[0, 0]","[0, 0]",43
21,"[0, 1]",92.69999999999688,"[20, 20]","[0, 0]","[0, 0]",43
22,"[0, 1]",93.79999999999681,"[21, 21]","[0, 0]","[0, 0]",43
23,"[0, 1]",94.84999999999675,"[22, 22]","[0, 0]","[0, 0]",43
24,"[0, 1]",95.8999999999967,"[23, 23]","[0, 0]","[0, 0]",43
25,"[0, 1]",96.94999999999663,"[24, 24]","[0, 0]","[0, 0]",43
26,"[0, 1]",97.99999999999658,"[25, 25]","[0, 0]","[0, 0]",43
27,"[0, 1]",98.99999999999652,"[26, 26]","[0, 0]","[0, 0]",43
28,"[0, 1]",100.04999999999646,"[27, 27]","[0, 0]","[0, 0]",43
29,"[0, 1]",101.0499999999964,"[28, 28]","[0, 0]","[0, 0]",43
30,"[0, 1]",102.04999999999634,"[29, 29]","[0, 0]","[0, 0]",43
31,"[0, 1]",103.14999999999628,"[30, 30]","[0, 0]","[0, 0]",43
32,"[0, 1]",104.24999999999622,"[31, 31]","[0, 0]","[0, 0]",43
33,"[0, 1]",105.19999999999617,"[32, 32]","[0, 0]","[0, 0]",43
34,"[0, 1]",106.19999999999611,"[33, 33]","[0, 0]","[0, 0]",43
35,"[0, 1]",107.24999999999605,"[34, 34]","[0, 0]","[0, 0]",43
36,"[0, 1]",108.29999999999599,"[35, 35]","[0, 0]","[0, 0]",43
37,"[0, 1]",109.29999999999593,"[36, 36]","[0, 0]","[0, 0]",43
38,"[0, 3]",140.19999999999763,"[37, -999]","[0, 0]","[0, 0]",43
39,"[0, 1]",113.04999999999572,"[38, 37]","[0, 0]","[0, 0]",43
40,"[0, 1]",114.14999999999566,"[39, 39]","[0, 0]","[0, 0]",43
41,"[0, 1]",115.1999999999956,"[40, 40]","[0, 0]","[0, 0]",43
42,"[0, 1]",116.29999999999553,"[41, 41]","[0, 0]","[0, 0]",43
43,"[0, 1]",117.34999999999548,"[42, 42]","[0, 0]","[0, 0]",43
44,"[0, 1]",118.34999999999542,"[43, 43]","[0, 0]","[0, 0]",43
45,"[0, 1]",119.34999999999536,"[44, 44]","[0, 0]","[0, 0]",43
46,"[0, 1]",120.3499999999953,"[45, 45]","[0, 0]","[0, 0]",43
47,"[0, 1]",121.29999999999525,"[46, 46]","[0, 0]","[0, 0]",43
48,"[0, 1]",122.2999999999952,"[47, 47]","[0, 0]","[0, 0]",43
49,"[0, 1]",123.34999999999513,"[48, 48]","[0, 0]","[0, 0]",43
50,"[0, 1]",124.34999999999508,"[49, 49]","[0, 0]","[0, 0]",43
51,"[0, 3]",155.25000000000105,"[50, -999]","[0, 0]","[0, 0]",43
52,"[0, 1]",127.89999999999488,"[51, 50]","[0, 0]","[0, 0]",43
53,"[0, 1]",128.84999999999505,"[52, 52]","[0, 0]","[0, 0]",43
54,"[0, 1]",129.64999999999523,"[53, 53]","[0, 0]","[0, 0]",43
55,"[2, 1]",44.199999999999626,"[16, 16]","[0, 0]","[0, 0]",43
56,"[0, 1]",130.29999999999538,"[54, 54]","[0, 0]","[0, 0]",43
57,"[0, 1]",130.74999999999548,"[56, 56]","[0, 0]","[0, 0]",43
58,"[0, 1]",130.8499999999955,"[57, 57]","[0, 0]","[0, 0]",43
59,"[0, 1]",130.89999999999552,"[58, 58]","[0, 0]","[0, 0]",43
60,"[0, 1]",130.94999999999553,"[59, 59]","[0, 0]","[0, 0]",43
61,"[0, 1]",130.99999999999554,"[60, 60]","[0, 0]","[0, 0]",43
62,"[0, 1]",130.94999999999553,"[61, 61]","[0, 0]","[0, 0]",43
63,"[0, 1]",130.7999999999955,"[62, 62]","[0, 0]","[0, 0]",43
64,"[0, 1]",125.89999999999499,"[63, 63]","[0, 0]","[0, 0]",43
65,"[0, 1]",125.24999999999503,"[64, 64]","[0, 0]","[0, 0]",43
66,"[0, 1]",125.799999999995,"[65, 65]","[0, 0]","[0, 0]",43
67,"[0, 1]",126.34999999999496,"[66, 66]","[0, 0]","[0, 0]",43
68,"[0, 1]",126.64999999999495,"[67, 67]","[0, 0]","[0, 0]",43
69,"[0, 3]",156.95000000000144,"[68, -999]","[0, 0]","[0, 0]",43
70,"[0, 3]",158.85000000000187,"[69, 69]","[0, 0]","[0, 0]",43
71,"[0, 1]",129.9999999999953,"[70, 68]","[0, 0]","[0, 0]",43
72,"[0, 1]",130.59999999999545,"[71, 71]","[0, 0]","[0, 0]",43
73,"[0, 1]",130.69999999999547,"[72, 72]","[0, 0]","[0, 0]",43
74,"[0, 1]",130.69999999999547,"[73, 73]","[0, 0]","[0, 0]",43
75,"[0, 1]",130.7999999999955,"[74, 74]","[0, 0]","[0, 0]",43
76,"[0, 1]",130.7999999999955,"[75, 75]","[0, 0]","[0, 0]",43
77,"[0, 1]",126.24999999999497,"[76, 76]","[0, 0]","[0, 0]",43
78,"[2, 3]",67.84999999999829,"[55, -999]","[0, 0]","[0, 0]",43
79,"[0, 1]",125.29999999999502,"[77, 77]","[0, 0]","[0, 0]",43
0,"[2, 1]",36.40000000000007,"[-999, -999]","[0, 0]","[0, 0]",44
1,"[2, 1]",38.09999999999997,"[0, 0]","[0, 0]","[0, 0]",44
2,"[2, 1]",39.89999999999987,"[1, 1]","[0, 0]","[0, 0]",44
3,"[2, 1]",41.79999999999976,"[2, 2]","[0, 0]","[0, 0]",44
4,"[2, 1]",43.54999999999966,"[3, 3]","[0, 0]","[0, 0]",44
5,"[2, 1]",45.04999999999958,"[4, 4]","[0, 0]","[0, 0]",44
6,"[2, 1]",46.349999999999504,"[5, 5]","[0, 0]","[0, 0]",44
7,"[2, 1]",47.34999999999945,"[6, 6]","[0, 0]","[0, 0]",44
8,"[0, 1]",67.84999999999829,"[-999, 7]","[0, 0]","[0, 0]",44
9,"[2, 1]",54.19999999999906,"[7, 8]","[2.799999999999998, 0]","[2.799999999999998, 0]",44
10,"[2, 1]",54.449999999999044,"[9, 9]","[0, 0]","[0, 0]",44
11,"[0, 3]",99.1999999999965,"[8, -999]","[0, 0]","[0, 0]",44
12,"[0, 3]",101.74999999999636,"[11, 11]","[0, 0]","[0, 0]",44
13,"[0, 1]",72.39999999999803,"[12, 10]","[0, 0]","[0, 0]",44
14,"[0, 1]",72.849999999998,"[13, 13]","[0, 0]","[0, 0]",44
15,"[0, 1]",79.39999999999763,"[14, 55]","[1.7500000000000009, 0]","[1.7500000000000009, 0]",44
16,"[0, 1]",78.74999999999767,"[15, 15]","[0, 0]","[0, 0]",44
17,"[2, 3]",87.69999999999716,"[10, 12]","[0, 0]","[0, 0]",44
18,"[0, 1]",79.39999999999763,"[16, 16]","[0, 0]","[0, 0]",44
19,"[0, 3]",107.39999999999604,"[18, 17]","[0, 0]","[0, 0]",44
20,"[0, 3]",114.54999999999563,"[19, 78]","[2.3999999999999995, 0]","[2.3999999999999995, 0]",44
21,"[0, 1]",84.74999999999733,"[20, 18]","[0, 0]","[0, 0]",44
22,"[0, 1]",85.94999999999726,"[21, 21]","[0, 0]","[0, 0]",44
23,"[0, 1]",87.0999999999972,"[22, 22]","[0, 0]","[0, 0]",44
24,"[0, 1]",88.14999999999714,"[23, 23]","[0, 0]","[0, 0]",44
25,"[0, 1]",89.19999999999708,"[24, 24]","[0, 0]","[0, 0]",44
26,"[0, 1]",90.14999999999702,"[25, 25]","[0, 0]","[0, 0]",44
27,"[0, 1]",91.24999999999696,"[26, 26]","[0, 0]","[0, 0]",44
28,"[0, 1]",92.2499999999969,"[27, 27]","[0, 0]","[0, 0]",44
29,"[0, 1]",93.24999999999685,"[28, 28]","[0, 0]","[0, 0]",44
30,"[0, 1]",94.29999999999679,"[29, 29]","[0, 0]","[0, 0]",44
31,"[0, 1]",95.34999999999673,"[30, 30]","[0, 0]","[0, 0]",44
32,"[0, 1]",96.34999999999667,"[31, 31]","[0, 0]","[0, 0]",44
33,"[0, 1]",97.39999999999661,"[32, 32]","[0, 0]","[0, 0]",44
34,"[0, 1]",98.44999999999655,"[33, 33]","[0, 0]","[0, 0]",44
35,"[0, 1]",99.49999999999649,"[34, 34]","[0, 0]","[0, 0]",44
36,"[0, 1]",100.54999999999643,"[35, 35]","[0, 0]","[0, 0]",44
37,"[0, 1]",101.49999999999638,"[36, 36]","[0, 0]","[0, 0]",44
38,"[0, 3]",132.49999999999588,"[37, -999]","[0, 0]","[0, 0]",44
39,"[0, 1]",105.29999999999616,"[38, 37]","[0, 0]","[0, 0]",44
40,"[0, 1]",106.3999999999961,"[39, 39]","[0, 0]","[0, 0]",44
41,"[0, 1]",107.49999999999604,"[40, 40]","[0, 0]","[0, 0]",44
42,"[0, 1]",108.59999999999597,"[41, 41]","[0, 0]","[0, 0]",44
43,"[0, 1]",109.59999999999592,"[42, 42]","[0, 0]","[0, 0]",44
44,"[0, 1]",110.64999999999586,"[43, 43]","[0, 0]","[0, 0]",44
45,"[0, 1]",111.6999999999958,"[44, 44]","[0, 0]","[0, 0]",44
46,"[0, 1]",112.74999999999574,"[45, 45]","[0, 0]","[0, 0]",44
47,"[0, 3]",143.74999999999844,"[46, 38]","[0, 0]","[0, 0]",44
48,"[0, 1]",116.49999999999552,"[47, 46]","[0, 0]","[0, 0]",44
49,"[0, 1]",117.64999999999546,"[48, 48]","[0, 0]","[0, 0]",44
50,"[0, 1]",118.7499999999954,"[49, 49]","[0, 0]","[0, 0]",44
51,"[0, 1]",119.79999999999534,"[50, 50]","[0, 0]","[0, 0]",44
52,"[0, 1]",120.79999999999528,"[51, 51]","[0, 0]","[0, 0]",44
53,"[0, 1]",121.89999999999522,"[52, 52]","[0, 0]","[0, 0]",44
54,"[0, 1]",122.99999999999515,"[53, 53]","[0, 0]","[0, 0]",44
55,"[2, 1]",45.24999999999957,"[17, 14]","[0, 0]","[0, 0]",44
56,"[0, 1]",123.9499999999951,"[54, 54]","[0, 0]","[0, 0]",44
57,"[0, 1]",124.94999999999504,"[56, 56]","[0, 0]","[0, 0]",44
58,"[0, 1]",125.94999999999499,"[57, 57]","[0, 0]","[0, 0]",44
59,"[0, 3]",156.85000000000142,"[58, -999]","[0, 0]","[0, 0]",44
60,"[0, 1]",129.59999999999522,"[59, 58]","[0, 0]","[0, 0]",44
61,"[0, 1]",130.64999999999546,"[60, 60]","[0, 0]","[0, 0]",44
62,"[0, 1]",131.54999999999566,"[61, 61]","[0, 0]","[0, 0]",44
63,"[0, 1]",132.1999999999958,"[62, 62]","[0, 0]","[0, 0]",44
64,"[0, 1]",127.84999999999488,"[63, 63]","[0, 0]","[0, 0]",44
65,"[0, 1]",127.3499999999949,"[64, 64]","[0, 0]","[0, 0]",44
66,"[0, 1]",127.94999999999487,"[65, 65]","[0, 0]","[0, 0]",44
67,"[0, 1]",128.49999999999497,"[66, 66]","[0, 0]","[0, 0]",44
68,"[0, 1]",128.84999999999505,"[67, 67]","[0, 0]","[0, 0]",44
69,"[0, 1]",129.24999999999514,"[68, 68]","[0, 0]","[0, 0]",44
70,"[0, 1]",129.8999999999953,"[69, 69]","[0, 0]","[0, 0]",44
71,"[0, 1]",130.64999999999546,"[70, 70]","[0, 0]","[0, 0]",44
72,"[0, 1]",130.99999999999554,"[71, 71]","[0, 0]","[0, 0]",44
73,"[0, 1]",127.14999999999492,"[72, 72]","[0, 0]","[0, 0]",44
74,"[0, 1]",125.84999999999499,"[73, 73]","[0, 0]","[0, 0]",44
75,"[0, 1]",126.24999999999497,"[74, 74]","[0, 0]","[0, 0]",44
76,"[0, 1]",126.69999999999494,"[75, 75]","[0, 0]","[0, 0]",44
77,"[0, 1]",126.94999999999493,"[76, 76]","[0, 0]","[0, 0]",44
78,"[2, 3]",71.79999999999806,"[55, 19]","[0, 0]","[0, 0]",44
79,"[0, 1]",127.24999999999491,"[77, 77]","[0, 0]","[0, 0]",44
0,"[2, 1]",36.40000000000007,"[-999, -999]","[0, 0]","[0, 0]",45
1,"[2, 1]",38.09999999999997,"[0, 0]","[0, 0]","[0, 0]",45
2,"[2, 1]",39.89999999999987,"[1, 1]","[0, 0]","[0, 0]",45
3,"[0, 3]",96.59999999999665,"[-999, -999]","[0, 0]","[0, 0]",45
4,"[2, 1]",41.79999999999976,"[2, 2]","[0, 0]","[0, 0]",45
5,"[2, 1]",43.54999999999966,"[4, 4]","[0, 0]","[0, 0]",45
6,"[2, 1]",45.04999999999958,"[5, 5]","[0, 0]","[0, 0]",45
7,"[2, 1]",46.349999999999504,"[6, 6]","[0, 0]","[0, 0]",45
8,"[2, 1]",47.399999999999444,"[7, 7]","[0, 0]","[0, 0]",45
9,"[2, 1]",48.54999999999938,"[8, 8]","[0, 0]","[0, 0]",45
10,"[0, 1]",71.39999999999809,"[3, 9]","[0, 0]","[0, 0]",45
11,"[0, 3]",104.09999999999623,"[10, 19]","[0, 0]","[0, 0]",45
12,"[0, 3]",105.74999999999613,"[11, 11]","[0, 0]","[0, 0]",45
13,"[0, 1]",73.74999999999795,"[12, 10]","[0, 0]","[0, 0]",45
14,"[0, 1]",74.89999999999789,"[13, 13]","[0, 0]","[0, 0]",45
15,"[0, 1]",75.99999999999783,"[14, 14]","[0, 0]","[0, 0]",45
16,"[0, 1]",83.19999999999742,"[15, 55]","[1.7000000000000008, 0]","[1.7000000000000008, 0]",45
17,"[0, 1]",82.54999999999745,"[16, 16]","[0, 0]","[0, 0]",45
18,"[0, 1]",83.19999999999742,"[17, 17]","[0, 0]","[0, 0]",45
19,"[2, 3]",79.59999999999762,"[9, 3]","[0, 0]","[0, 0]",45
20,"[0, 1]",84.24999999999736,"[18, 18]","[0, 0]","[0, 0]",45
21,"[0, 1]",85.2499999999973,"[20, 20]","[0, 0]","[0, 0]",45
22,"[0, 1]",86.24999999999724,"[21, 21]","[0, 0]","[0, 0]",45
23,"[0, 1]",87.24999999999719,"[22, 22]","[0, 0]","[0, 0]",45
24,"[0, 1]",88.29999999999713,"[23, 23]","[0, 0]","[0, 0]",45
25,"[0, 1]",89.29999999999707,"[24, 24]","[0, 0]","[0, 0]",45
26,"[0, 1]",90.34999999999701,"[25, 25]","[0, 0]","[0, 0]",45
27,"[0, 1]",91.39999999999695,"[26, 26]","[0, 0]","[0, 0]",45
28,"[0, 1]",92.49999999999689,"[27, 27]","[0, 0]","[0, 0]",45
29,"[0, 1]",93.44999999999683,"[28, 28]","[0, 0]","[0, 0]",45
30,"[0, 1]",94.49999999999677,"[29, 29]","[0, 0]","[0, 0]",45
31,"[0, 1]",95.49999999999672,"[30, 30]","[0, 0]","[0, 0]",45
32,"[0, 1]",96.49999999999666,"[31, 31]","[0, 0]","[0, 0]",45
33,"[0, 1]",97.4999999999966,"[32, 32]","[0, 0]","[0, 0]",45
34,"[0, 1]",98.49999999999655,"[33, 33]","[0, 0]","[0, 0]",45
35,"[0, 1]",99.54999999999649,"[34, 34]","[0, 0]","[0, 0]",45
36,"[0, 1]",100.54999999999643,"[35, 35]","[0, 0]","[0, 0]",45
37,"[0, 1]",101.54999999999637,"[36, 36]","[0, 0]","[0, 0]",45
38,"[0, 3]",132.49999999999588,"[37, -999]","[0, 0]","[0, 0]",45
39,"[0, 1]",105.34999999999616,"[38, 37]","[0, 0]","[0, 0]",45
40,"[0, 1]",106.4499999999961,"[39, 39]","[0, 0]","[0, 0]",45
41,"[0, 1]",107.54999999999603,"[40, 40]","[0, 0]","[0, 0]",45
42,"[0, 1]",108.59999999999597,"[41, 41]","[0, 0]","[0, 0]",45
43,"[0, 1]",109.69999999999591,"[42, 42]","[0, 0]","[0, 0]",45
44,"[0, 1]",110.64999999999586,"[43, 43]","[0, 0]","[0, 0]",45
45,"[0, 3]",141.59999999999795,"[44, 38]","[0, 0]","[0, 0]",45
46,"[0, 1]",114.39999999999564,"[45, 44]","[0, 0]","[0, 0]",45
47,"[0, 1]",115.54999999999558,"[46, 46]","[0, 0]","[0, 0]",45
48,"[0, 1]",116.64999999999552,"[47, 47]","[0, 0]","[0, 0]",45
49,"[0, 1]",117.64999999999546,"[48, 48]","[0, 0]","[0, 0]",45
50,"[0, 1]",118.6999999999954,"[49, 49]","[0, 0]","[0, 0]",45
51,"[0, 1]",119.74999999999534,"[50, 50]","[0, 0]","[0, 0]",45
52,"[0, 1]",120.74999999999528,"[51, 51]","[0, 0]","[0, 0]",45
53,"[0, 1]",121.74999999999523,"[52, 52]","[0, 0]","[0, 0]",45
54,"[0, 1]",122.79999999999517,"[53, 53]","[0, 0]","[0, 0]",45
55,"[2, 1]",55.149999999999004,"[19, 15]","[9.900000000000006, 0]","[9.900000000000006, 0]",45
56,"[0, 1]",123.8499999999951,"[54, 54]","[0, 0]","[0, 0]",45
57,"[0, 1]",124.94999999999504,"[56, 56]","[0, 0]","[0, 0]",45
58,"[0, 1]",125.99999999999498,"[57, 57]","[0, 0]","[0, 0]",45
59,"[0, 1]",126.94999999999493,"[58, 58]","[0, 0]","[0, 0]",45
60,"[0, 1]",127.94999999999487,"[59, 59]","[0, 0]","[0, 0]",45
61,"[0, 1]",128.89999999999506,"[60, 60]","[0, 0]","[0, 0]",45
62,"[0, 1]",129.69999999999524,"[61, 61]","[0, 0]","[0, 0]",45
63,"[0, 1]",130.29999999999538,"[62, 62]","[0, 0]","[0, 0]",45
64,"[0, 1]",126.29999999999497,"[63, 63]","[0, 0]","[0, 0]",45
65,"[0, 1]",125.49999999999501,"[64, 64]","[0.2, 0]","[0, 0]",45
66,"[0, 1]",126.04999999999498,"[65, 65]","[1.0000000000000002, 0]","[0, 0]",45
67,"[0, 1]",126.59999999999495,"[66, 66]","[1.4000000000000006, 0]","[0, 0]",45
68,"[0, 3]",156.85000000000142,"[67, -999]","[1.7500000000000009, 0]","[0, 0]",45
69,"[0, 1]",128.84999999999505,"[68, 67]","[2.000000000000001, 0]","[0, 0]",45
70,"[0, 1]",129.44999999999519,"[69, 69]","[1.5000000000000007, 0]","[0, 0]",45
71,"[0, 1]",124.19999999999509,"[70, 70]","[0, 0]","[0, 0]",45
72,"[0, 1]",124.34999999999508,"[71, 71]","[0, 0]","[0, 0]",45
73,"[0, 1]",125.14999999999503,"[72, 72]","[0, 0]","[0, 0]",45
74,"[0, 1]",125.84999999999499,"[73, 73]","[0, 0]","[0, 0]",45
75,"[0, 1]",126.44999999999496,"[74, 74]","[0, 0]","[0, 0]",45
76,"[0, 1]",127.04999999999492,"[75, 75]","[0, 0]","[0, 0]",45
77,"[0, 1]",127.69999999999489,"[76, 76]","[0, 0]","[0, 0]",45
78,"[0, 1]",128.39999999999495,"[77, 77]","[0, 0]","[0, 0]",45
79,"[0, 1]",128.94999999999507,"[78, 78]","[0, 0]","[0, 0]",45
0,"[2, 1]",36.40000000000007,"[-999, -999]","[0, 0]","[0, 0]",46
1,"[2, 1]",38.09999999999997,"[0, 0]","[0, 0]","[0, 0]",46
2,"[2, 1]",39.89999999999987,"[1, 1]","[0, 0]","[0, 0]",46
3,"[2, 3]",69.04999999999822,"[2, -999]","[0, 0]","[0, 0]",46
4,"[2, 1]",39.89999999999987,"[3, 2]","[0, 0]","[0, 0]",46
5,"[2, 1]",41.749999999999766,"[4, 4]","[0, 0]","[0, 0]",46
6,"[2, 1]",43.499999999999666,"[5, 5]","[0, 0]","[0, 0]",46
7,"[2, 1]",45.04999999999958,"[6, 6]","[0, 0]","[0, 0]",46
8,"[2, 1]",46.349999999999504,"[7, 7]","[0, 0]","[0, 0]",46
9,"[2, 3]",72.849999999998,"[8, 3]","[0, 0]","[0, 0]",46
10,"[2, 1]",45.19999999999957,"[9, 8]","[0, 0]","[0, 0]",46
11,"[0, 3]",99.94999999999646,"[-999, 9]","[0, 0]","[0, 0]",46
12,"[0, 3]",102.04999999999634,"[11, 11]","[0, 0]","[0, 0]",46
13,"[0, 1]",71.84999999999806,"[12, 20]","[0, 0]","[0, 0]",46
14,"[0, 1]",72.24999999999804,"[13, 13]","[0, 0]","[0, 0]",46
15,"[0, 1]",78.64999999999768,"[14, 55]","[2.7499999999999982, 0]","[2.7499999999999982, 0]",46
16,"[0, 1]",78.0999999999977,"[15, 15]","[0, 0]","[0, 0]",46
17,"[0, 1]",78.79999999999767,"[16, 16]","[0, 0]","[0, 0]",46
18,"[0, 1]",79.74999999999761,"[17, 17]","[0, 0]","[0, 0]",46
19,"[0, 1]",80.84999999999755,"[18, 18]","[0, 0]","[0, 0]",46
20,"[2, 1]",46.89999999999947,"[10, 10]","[0, 0]","[0, 0]",46
21,"[0, 1]",81.8499999999975,"[19, 19]","[0, 0]","[0, 0]",46
22,"[0, 1]",82.84999999999744,"[21, 21]","[0, 0]","[0, 0]",46
23,"[0, 1]",83.79999999999738,"[22, 22]","[0, 0]","[0, 0]",46
24,"[0, 1]",84.84999999999732,"[23, 23]","[0, 0]","[0, 0]",46
25,"[0, 1]",85.84999999999727,"[24, 24]","[0, 0]","[0, 0]",46
26,"[0, 1]",86.8999999999972,"[25, 25]","[0, 0]","[0, 0]",46
27,"[0, 1]",87.94999999999715,"[26, 26]","[0, 0]","[0, 0]",46
28,"[0, 1]",88.99999999999709,"[27, 27]","[0, 0]","[0, 0]",46
29,"[0, 1]",89.99999999999703,"[28, 28]","[0, 0]","[0, 0]",46
30,"[0, 1]",90.99999999999697,"[29, 29]","[0, 0]","[0, 0]",46
31,"[0, 1]",92.04999999999691,"[30, 30]","[0, 0]","[0, 0]",46
32,"[0, 1]",93.09999999999685,"[31, 31]","[0, 0]","[0, 0]",46
33,"[0, 1]",94.0999999999968,"[32, 32]","[0, 0]","[0, 0]",46
34,"[0, 1]",95.14999999999674,"[33, 33]","[0, 0]","[0, 0]",46
35,"[0, 1]",96.19999999999668,"[34, 34]","[0, 0]","[0, 0]",46
36,"[0, 1]",97.24999999999662,"[35, 35]","[0, 0]","[0, 0]",46
37,"[0, 1]",98.29999999999656,"[36, 36]","[0, 0]","[0, 0]",46
38,"[0, 3]",129.19999999999513,"[37, -999]","[0, 0]","[0, 0]",46
39,"[0, 1]",102.04999999999634,"[38, 37]","[0, 0]","[0, 0]",46
40,"[0, 1]",103.14999999999628,"[39, 39]","[0, 0]","[0, 0]",46
41,"[0, 1]",104.19999999999622,"[40, 40]","[0, 0]","[0, 0]",46
42,"[0, 1]",105.24999999999616,"[41, 41]","[0, 0]","[0, 0]",46
43,"[0, 1]",106.2999999999961,"[42, 42]","[0, 0]","[0, 0]",46
44,"[0, 1]",107.29999999999605,"[43, 43]","[0, 0]","[0, 0]",46
45,"[0, 1]",108.29999999999599,"[44, 44]","[0, 0]","[0, 0]",46
46,"[0, 1]",109.34999999999593,"[45, 45]","[0, 0]","[0, 0]",46
47,"[0, 3]",140.29999999999765,"[46, 38]","[0, 0]","[0, 0]",46
48,"[0, 1]",113.04999999999572,"[47, 46]","[0, 0]","[0, 0]",46
49,"[0, 1]",114.19999999999565,"[48, 48]","[0, 0]","[0, 0]",46
50,"[0, 1]",115.34999999999559,"[49, 49]","[0, 0]","[0, 0]",46
51,"[0, 1]",116.34999999999553,"[50, 50]","[0, 0]","[0, 0]",46
52,"[0, 3]",147.29999999999924,"[51, 47]","[0, 0]","[0, 0]",46
53,"[0, 1]",120.04999999999532,"[52, 51]","[0, 0]","[0, 0]",46
54,"[0, 1]",121.19999999999526,"[53, 53]","[0, 0]","[0, 0]",46
55,"[2, 1]",42.19999999999974,"[20, 14]","[0, 0]","[0, 0]",46
56,"[0, 1]",122.2999999999952,"[54, 54]","[0, 0]","[0, 0]",46
57,"[0, 1]",123.34999999999513,"[56, 56]","[0, 0]","[0, 0]",46
58,"[0, 1]",124.34999999999508,"[57, 57]","[0, 0]","[0, 0]",46
59,"[0, 1]",125.39999999999502,"[58, 58]","[0, 0]","[0, 0]",46
60,"[0, 1]",126.39999999999496,"[59, 59]","[0, 0]","[0, 0]",46
61,"[0, 1]",127.3999999999949,"[60, 60]","[0, 0]","[0, 0]",46
62,"[0, 1]",128.44999999999496,"[61, 61]","[0, 0]","[0, 0]",46
63,"[0, 1]",129.29999999999515,"[62, 62]","[0, 0]","[0, 0]",46
64,"[0, 1]",128.44999999999496,"[63, 63]","[0, 0]","[0, 0]",46
65,"[0, 1]",126.94999999999493,"[64, 64]","[0, 0]","[0, 0]",46
66,"[0, 1]",127.4999999999949,"[65, 65]","[0, 0]","[0, 0]",46
67,"[0, 1]",128.09999999999488,"[66, 66]","[0, 0]","[0, 0]",46
68,"[0, 1]",128.54999999999498,"[67, 67]","[0, 0]","[0, 0]",46
69,"[0, 1]",128.94999999999507,"[68, 68]","[0, 0]","[0, 0]",46
70,"[0, 1]",129.5499999999952,"[69, 69]","[0, 0]","[0, 0]",46
71,"[0, 1]",130.19999999999536,"[70, 70]","[0, 0]","[0, 0]",46
72,"[0, 1]",130.64999999999546,"[71, 71]","[0, 0]","[0, 0]",46
73,"[0, 1]",126.79999999999494,"[72, 72]","[0, 0]","[0, 0]",46
74,"[0, 1]",125.39999999999502,"[73, 73]","[0, 0]","[0, 0]",46
75,"[0, 1]",125.799999999995,"[74, 74]","[0, 0]","[0, 0]",46
76,"[0, 1]",126.29999999999497,"[75, 75]","[0, 0]","[0, 0]",46
77,"[0, 1]",126.59999999999495,"[76, 76]","[0, 0]","[0, 0]",46
78,"[0, 1]",126.59999999999495,"[77, 77]","[0, 0]","[0, 0]",46
79,"[0, 1]",123.29999999999514,"[78, 78]","[0, 0]","[0, 0]",46
0,"[2, 1]",36.40000000000007,"[-999, -999]","[0, 0]","[0, 0]",47
1,"[2, 1]",38.09999999999997,"[0, 0]","[0, 0]","[0, 0]",47
2,"[2, 1]",39.89999999999987,"[1, 1]","[0, 0]","[0, 0]",47
3,"[0, 1]",68.04999999999828,"[-999, 7]","[0, 0]","[0, 0]",47
4,"[2, 1]",41.79999999999976,"[2, 2]","[0, 0]","[0, 0]",47
5,"[2, 1]",43.54999999999966,"[4, 4]","[0, 0]","[0, 0]",47
6,"[2, 1]",45.04999999999958,"[5, 5]","[0, 0]","[0, 0]",47
7,"[2, 1]",46.349999999999504,"[6, 6]","[0, 0]","[0, 0]",47
8,"[2, 1]",52.69999999999914,"[7, 3]","[2.8999999999999977, 0]","[2.8999999999999977, 0]",47
9,"[2, 1]",58.14999999999883,"[8, 10]","[7.149999999999983, 0]","[6.749999999999984, 0]",47
10,"[0, 1]",70.34999999999815,"[3, 8]","[0, 0]","[0, 0]",47
11,"[0, 3]",99.74999999999648,"[10, -999]","[0, 0]","[0, 0]",47
12,"[0, 1]",73.24999999999798,"[11, 9]","[0, 0]","[0, 0]",47
13,"[0, 1]",74.19999999999793,"[12, 12]","[0, 0]","[0, 0]",47
14,"[0, 1]",80.14999999999759,"[13, 43]","[2.499999999999999, 0]","[2.499999999999999, 0]",47
15,"[0, 1]",85.2999999999973,"[14, 55]","[2.5999999999999988, 0]","[2.5999999999999988, 0]",47
16,"[0, 1]",85.64999999999728,"[15, 15]","[0, 0]","[0, 0]",47
17,"[0, 3]",118.09999999999543,"[16, 78]","[0, 0]","[0, 0]",47
18,"[0, 1]",89.04999999999708,"[17, 16]","[0, 0]","[0, 0]",47
19,"[2, 3]",89.34999999999707,"[9, 11]","[6.649999999999984, 0]","[0, 0]",47
20,"[0, 3]",120.4999999999953,"[18, 17]","[0, 0]","[0, 0]",47
21,"[0, 1]",92.89999999999687,"[20, 18]","[0, 0]","[0, 0]",47
22,"[0, 1]",93.9999999999968,"[21, 21]","[0, 0]","[0, 0]",47
23,"[0, 1]",95.09999999999674,"[22, 22]","[0, 0]","[0, 0]",47
24,"[0, 1]",96.19999999999668,"[23, 23]","[0, 0]","[0, 0]",47
25,"[0, 1]",97.19999999999662,"[24, 24]","[0, 0]","[0, 0]",47
26,"[0, 3]",128.1499999999949,"[25, 20]","[0, 0]","[0, 0]",47
27,"[0, 1]",100.84999999999641,"[26, 25]","[0, 0]","[0, 0]",47
28,"[0, 1]",101.99999999999635,"[27, 27]","[0, 0]","[0, 0]",47
29,"[0, 1]",103.09999999999629,"[28, 28]","[0, 0]","[0, 0]",47
30,"[0, 1]",104.14999999999623,"[29, 29]","[0, 0]","[0, 0]",47
31,"[0, 1]",105.19999999999617,"[30, 30]","[0, 0]","[0, 0]",47
32,"[0, 1]",106.19999999999611,"[31, 31]","[0, 0]","[0, 0]",47
33,"[0, 1]",107.24999999999605,"[32, 32]","[0, 0]","[0, 0]",47
34,"[0, 1]",108.29999999999599,"[33, 33]","[0, 0]","[0, 0]",47
35,"[0, 1]",109.34999999999593,"[34, 34]","[0, 0]","[0, 0]",47
36,"[0, 1]",110.34999999999587,"[35, 35]","[0, 0]","[0, 0]",47
37,"[0, 1]",111.39999999999581,"[36, 36]","[0, 0]","[0, 0]",47
38,"[0, 3]",142.34999999999812,"[37, -999]","[0, 0]","[0, 0]",47
39,"[0, 1]",115.1499999999956,"[38, 37]","[0, 0]","[0, 0]",47
40,"[0, 1]",116.24999999999554,"[39, 39]","[0, 0]","[0, 0]",47
41,"[0, 1]",117.29999999999548,"[40, 40]","[0, 0]","[0, 0]",47
42,"[0, 1]",118.34999999999542,"[41, 41]","[0, 0]","[0, 0]",47
43,"[2, 1]",57.44999999999887,"[19, 13]","[0, 0]","[0, 0]",47
44,"[0, 1]",119.39999999999536,"[42, 42]","[0, 0]","[0, 0]",47
45,"[0, 1]",120.3999999999953,"[44, 44]","[0, 0]","[0, 0]",47
46,"[0, 1]",121.39999999999525,"[45, 45]","[0, 0]","[0, 0]",47
47,"[0, 1]",122.44999999999519,"[46, 46]","[0.35, 0]","[0, 0]",47
48,"[0, 1]",123.44999999999513,"[47, 47]","[0.9000000000000002, 0]","[0, 0]",47
49,"[0, 1]",124.44999999999507,"[48, 48]","[0.7500000000000001, 0]","[0, 0]",47
50,"[0, 3]",155.35000000000107,"[49, -999]","[0, 0]","[0, 0]",47
51,"[0, 3]",157.55000000000157,"[50, 50]","[0, 0]","[0, 0]",47
52,"[0, 1]",127.99999999999487,"[51, 49]","[0, 0]","[0, 0]",47
53,"[0, 1]",125.24999999999503,"[52, 52]","[0, 0]","[0, 0]",47
54,"[0, 3]",156.15000000000126,"[53, 51]","[0, 0]","[0, 0]",47
55,"[2, 1]",54.54999999999904,"[43, 14]","[2.8999999999999977, 0]","[2.8999999999999977, 0]",47
56,"[0, 1]",128.599999999995,"[54, 53]","[0, 0]","[0, 0]",47
57,"[0, 1]",129.4999999999952,"[56, 56]","[0, 0]","[0, 0]",47
58,"[0, 1]",130.3499999999954,"[57, 57]","[0, 0]","[0, 0]",47
59,"[0, 3]",161.1500000000024,"[58, 54]","[0, 0]","[0, 0]",47
60,"[0, 1]",133.54999999999612,"[59, 58]","[0, 0]","[0, 0]",47
61,"[0, 1]",134.24999999999628,"[60, 60]","[0, 0]","[0, 0]",47
62,"[0, 1]",134.44999999999632,"[61, 61]","[0, 0]","[0, 0]",47
63,"[0, 1]",134.44999999999632,"[62, 62]","[0, 0]","[0, 0]",47
64,"[0, 1]",134.54999999999634,"[63, 63]","[0, 0]","[0, 0]",47
65,"[0, 1]",129.64999999999523,"[64, 64]","[0, 0]","[0, 0]",47
66,"[0, 1]",128.99999999999508,"[65, 65]","[0, 0]","[0, 0]",47
67,"[0, 1]",129.5499999999952,"[66, 66]","[0, 0]","[0, 0]",47
68,"[0, 1]",130.14999999999534,"[67, 67]","[0, 0]","[0, 0]",47
69,"[0, 1]",130.4499999999954,"[68, 68]","[0, 0]","[0, 0]",47
70,"[0, 1]",130.74999999999548,"[69, 69]","[0, 0]","[0, 0]",47
71,"[0, 1]",131.2999999999956,"[70, 70]","[0, 0]","[0, 0]",47
72,"[0, 1]",132.04999999999578,"[71, 71]","[0, 0]","[0, 0]",47
73,"[0, 1]",132.6499999999959,"[72, 72]","[0, 0]","[0, 0]",47
74,"[0, 1]",132.79999999999595,"[73, 73]","[0, 0]","[0, 0]",47
75,"[0, 1]",132.6499999999959,"[74, 74]","[0.65, 0]","[0, 0]",47
76,"[0, 1]",126.89999999999493,"[75, 75]","[0, 0]","[0, 0]",47
77,"[0, 1]",126.74999999999494,"[76, 76]","[0, 0]","[0, 0]",47
78,"[2, 3]",67.99999999999828,"[55, 19]","[0, 0]","[0, 0]",47
79,"[0, 1]",127.3499999999949,"[77, 77]","[0, 0]","[0, 0]",47
0,"[2, 1]",36.40000000000007,"[-999, -999]","[0, 0]","[0, 0]",48
1,"[2, 1]",38.09999999999997,"[0, 0]","[0, 0]","[0, 0]",48
2,"[2, 1]",39.89999999999987,"[1, 1]","[0, 0]","[0, 0]",48
3,"[2, 3]",69.24999999999821,"[2, -999]","[0, 0]","[0, 0]",48
4,"[2, 1]",37.74999999999999,"[3, 2]","[0, 0]","[0, 0]",48
5,"[2, 1]",39.54999999999989,"[4, 4]","[0, 0]","[0, 0]",48
6,"[2, 1]",41.34999999999979,"[5, 5]","[0, 0]","[0, 0]",48
7,"[2, 1]",43.29999999999968,"[6, 6]","[0, 0]","[0, 0]",48
8,"[2, 3]",73.69999999999796,"[7, 3]","[0, 0]","[0, 0]",48
9,"[2, 1]",41.79999999999976,"[8, 7]","[0, 0]","[0, 0]",48
10,"[2, 1]",43.94999999999964,"[9, 9]","[0, 0]","[0, 0]",48
11,"[0, 1]",74.09999999999793,"[-999, 10]","[0, 0]","[2.7499999999999982, 0]",48
12,"[0, 3]",104.14999999999623,"[11, 19]","[0, 0]","[0, 0]",48
13,"[0, 1]",74.5999999999979,"[12, 43]","[0, 0]","[0, 0]",48
14,"[0, 1]",81.6499999999975,"[13, 55]","[3.4499999999999957, 0]","[3.4499999999999957, 0]",48
15,"[0, 1]",81.19999999999753,"[14, 14]","[0, 0]","[0, 0]",48
16,"[0, 1]",81.89999999999749,"[15, 15]","[0, 0]","[0, 0]",48
17,"[0, 1]",82.84999999999744,"[16, 16]","[0, 0]","[0, 0]",48
18,"[0, 1]",83.84999999999738,"[17, 17]","[0, 0]","[0, 0]",48
19,"[2, 3]",73.84999999999795,"[10, 8]","[0, 0]","[0, 0]",48
20,"[0, 3]",114.44999999999564,"[18, 78]","[0, 0]","[0, 0]",48
21,"[0, 1]",86.54999999999723,"[20, 18]","[0, 0]","[0, 0]",48
22,"[0, 1]",87.69999999999716,"[21, 21]","[0, 0]","[0, 0]",48
23,"[0, 1]",88.7999999999971,"[22, 22]","[0, 0]","[0, 0]",48
24,"[0, 1]",89.89999999999704,"[23, 23]","[0, 0]","[0, 0]",48
25,"[0, 1]",90.89999999999698,"[24, 24]","[0, 0]","[0, 0]",48
26,"[0, 1]",91.89999999999692,"[25, 25]","[0, 0]","[0, 0]",48
27,"[0, 1]",92.94999999999686,"[26, 26]","[0, 0]","[0, 0]",48
28,"[0, 1]",94.0499999999968,"[27, 27]","[0, 0]","[0, 0]",48
29,"[0, 1]",95.04999999999674,"[28, 28]","[0, 0]","[0, 0]",48
30,"[0, 1]",96.04999999999669,"[29, 29]","[0, 0]","[0, 0]",48
31,"[0, 1]",97.09999999999663,"[30, 30]","[0, 0]","[0, 0]",48
32,"[0, 1]",98.14999999999657,"[31, 31]","[0, 0]","[0, 0]",48
33,"[0, 1]",99.14999999999651,"[32, 32]","[0, 0]","[0, 0]",48
34,"[0, 1]",100.14999999999645,"[33, 33]","[0, 0]","[0, 0]",48
35,"[0, 1]",101.1999999999964,"[34, 34]","[0, 0]","[0, 0]",48
36,"[0, 1]",102.19999999999634,"[35, 35]","[0, 0]","[0, 0]",48
37,"[0, 1]",103.24999999999628,"[36, 36]","[0, 0]","[0, 0]",48
38,"[0, 1]",104.29999999999622,"[37, 37]","[0, 0]","[0, 0]",48
39,"[0, 1]",105.34999999999616,"[38, 38]","[0, 0]","[0, 0]",48
40,"[0, 1]",106.3499999999961,"[39, 39]","[0, 0]","[0, 0]",48
41,"[0, 1]",107.34999999999604,"[40, 40]","[0, 0]","[0, 0]",48
42,"[0, 1]",108.34999999999599,"[41, 41]","[0, 0]","[0, 0]",48
43,"[2, 1]",44.549999999999606,"[19, 11]","[0, 0]","[0, 0]",48
44,"[0, 1]",109.39999999999593,"[42, 42]","[0, 0]","[0, 0]",48
45,"[0, 1]",110.44999999999587,"[44, 44]","[0, 0]","[0, 0]",48
46,"[0, 1]",111.44999999999581,"[45, 45]","[0, 0]","[0, 0]",48
47,"[0, 1]",112.54999999999575,"[46, 46]","[0, 0]","[0, 0]",48
48,"[0, 1]",113.64999999999569,"[47, 47]","[0, 0]","[0, 0]",48
49,"[0, 1]",114.64999999999563,"[48, 48]","[0, 0]","[0, 0]",48
50,"[0, 1]",115.59999999999557,"[49, 49]","[0, 0]","[0, 0]",48
51,"[2, 3]",71.54999999999808,"[43, 12]","[0, 0]","[0, 0]",48
52,"[0, 1]",116.64999999999552,"[50, 50]","[0, 0]","[0, 0]",48
53,"[0, 1]",117.64999999999546,"[52, 52]","[0, 0]","[0, 0]",48
54,"[0, 1]",118.6499999999954,"[53, 53]","[0, 0]","[0, 0]",48
55,"[2, 1]",39.89999999999987,"[51, 13]","[0, 0]","[0, 0]",48
56,"[0, 1]",119.69999999999534,"[54, 54]","[0, 0]","[0, 0]",48
57,"[0, 1]",120.79999999999528,"[56, 56]","[0, 0]","[0, 0]",48
58,"[0, 1]",121.79999999999522,"[57, 57]","[0, 0]","[0, 0]",48
59,"[0, 3]",152.65000000000046,"[58, -999]","[0, 0]","[0, 0]",48
60,"[0, 1]",125.34999999999502,"[59, 58]","[0, 0]","[0, 0]",48
61,"[0, 1]",126.39999999999496,"[60, 60]","[0, 0]","[0, 0]",48
62,"[0, 1]",127.3999999999949,"[61, 61]","[0, 0]","[0, 0]",48
63,"[0, 1]",128.09999999999488,"[62, 62]","[0, 0]","[0, 0]",48
64,"[0, 1]",128.649999999995,"[63, 63]","[0, 0]","[0, 0]",48
65,"[0, 1]",128.99999999999508,"[64, 64]","[0, 0]","[0, 0]",48
66,"[0, 1]",129.19999999999513,"[65, 65]","[0, 0]","[0, 0]",48
67,"[0, 1]",129.19999999999513,"[66, 66]","[0, 0]","[0, 0]",48
68,"[0, 1]",129.19999999999513,"[67, 67]","[0, 0]","[0, 0]",48
69,"[0, 1]",129.24999999999514,"[68, 68]","[0, 0]","[0, 0]",48
70,"[0, 1]",129.24999999999514,"[69, 69]","[0, 0]","[0, 0]",48
71,"[0, 1]",129.24999999999514,"[70, 70]","[0, 0]","[0, 0]",48
72,"[0, 1]",129.24999999999514,"[71, 71]","[0, 0]","[0, 0]",48
73,"[0, 1]",129.24999999999514,"[72, 72]","[0, 0]","[0, 0]",48
74,"[0, 1]",129.24999999999514,"[73, 73]","[0, 0]","[0, 0]",48
75,"[0, 1]",129.19999999999513,"[74, 74]","[0, 0]","[0, 0]",48
76,"[0, 1]",129.24999999999514,"[75, 75]","[0, 0]","[0, 0]",48
77,"[0, 1]",129.19999999999513,"[76, 76]","[0, 0]","[0, 0]",48
78,"[2, 3]",67.94999999999828,"[51, 51]","[0, 0]","[0, 0]",48
79,"[0, 1]",129.14999999999512,"[77, 77]","[0, 0]","[0, 0]",48
0,"[2, 1]",36.40000000000007,"[-999, -999]","[0, 0]","[0, 0]",49
1,"[2, 1]",38.09999999999997,"[0, 0]","[0, 0]","[0, 0]",49
2,"[2, 1]",39.89999999999987,"[1, 1]","[0, 0]","[0, 0]",49
3,"[2, 3]",69.24999999999821,"[2, -999]","[0, 0]","[0, 0]",49
4,"[2, 1]",37.74999999999999,"[3, 2]","[0, 0]","[0, 0]",49
5,"[2, 1]",39.54999999999989,"[4, 4]","[0, 0]","[0, 0]",49
6,"[2, 1]",41.399999999999785,"[5, 5]","[0, 0]","[0, 0]",49
7,"[2, 1]",43.29999999999968,"[6, 6]","[0, 0]","[0, 0]",49
8,"[2, 1]",44.84999999999959,"[7, 7]","[0, 0]","[0, 0]",49
9,"[0, 1]",67.79999999999829,"[-999, 8]","[0, 0]","[0, 0]",49
10,"[2, 3]",74.7999999999979,"[8, 3]","[0, 0]","[0, 0]",49
11,"[0, 3]",100.54999999999643,"[9, 10]","[0, 0]","[0, 0]",49
12,"[0, 3]",102.29999999999633,"[11, 11]","[0, 0]","[0, 0]",49
13,"[0, 1]",71.79999999999806,"[12, 9]","[0, 0]","[0, 0]",49
14,"[0, 1]",72.49999999999802,"[13, 13]","[0, 0]","[0, 0]",49
15,"[0, 1]",79.19999999999764,"[14, 55]","[0.8500000000000002, 0]","[0.8500000000000002, 0]",49
16,"[0, 1]",78.44999999999769,"[15, 15]","[0, 0]","[0, 0]",49
17,"[0, 1]",79.04999999999765,"[16, 16]","[0, 0]","[0, 0]",49
18,"[0, 1]",80.0499999999976,"[17, 17]","[0, 0]","[0, 0]",49
19,"[0, 3]",111.04999999999583,"[18, 59]","[0, 0]","[0, 0]",49
20,"[0, 3]",113.3499999999957,"[19, 19]","[0, 0]","[0, 0]",49
21,"[0, 1]",84.89999999999732,"[20, 18]","[0, 0]","[0, 0]",49
22,"[0, 1]",86.04999999999725,"[21, 21]","[0, 0]","[0, 0]",49
23,"[0, 1]",87.0999999999972,"[22, 22]","[0, 0]","[0, 0]",49
24,"[0, 1]",88.14999999999714,"[23, 23]","[0, 0]","[0, 0]",49
25,"[0, 1]",89.19999999999708,"[24, 24]","[0, 0]","[0, 0]",49
26,"[0, 1]",90.29999999999701,"[25, 25]","[0, 0]","[0, 0]",49
27,"[0, 1]",91.29999999999696,"[26, 26]","[0, 0]","[0, 0]",49
28,"[0, 1]",92.2999999999969,"[27, 27]","[0, 0]","[0, 0]",49
29,"[0, 1]",93.39999999999684,"[28, 28]","[0, 0]","[0, 0]",49
30,"[0, 1]",94.44999999999678,"[29, 29]","[0, 0]","[0, 0]",49
31,"[0, 1]",95.49999999999672,"[30, 30]","[0, 0]","[0, 0]",49
32,"[0, 1]",96.54999999999666,"[31, 31]","[0, 0]","[0, 0]",49
33,"[0, 1]",97.6499999999966,"[32, 32]","[0, 0]","[0, 0]",49
34,"[0, 1]",98.64999999999654,"[33, 33]","[0, 0]","[0, 0]",49
35,"[0, 1]",99.64999999999648,"[34, 34]","[0, 0]","[0, 0]",49
36,"[0, 1]",100.64999999999642,"[35, 35]","[0, 0]","[0, 0]",49
37,"[0, 1]",101.69999999999636,"[36, 36]","[0, 0]","[0, 0]",49
38,"[0, 3]",132.6499999999959,"[37, -999]","[0, 0]","[0, 0]",49
39,"[0, 1]",105.44999999999615,"[38, 37]","[0, 0]","[0, 0]",49
40,"[0, 1]",106.54999999999609,"[39, 39]","[0, 0]","[0, 0]",49
41,"[0, 1]",107.69999999999602,"[40, 40]","[0, 0]","[0, 0]",49
42,"[0, 1]",108.74999999999596,"[41, 41]","[0, 0]","[0, 0]",49
43,"[0, 1]",109.74999999999591,"[42, 42]","[0, 0]","[0, 0]",49
44,"[0, 1]",110.84999999999584,"[43, 43]","[0, 0]","[0, 0]",49
45,"[0, 1]",111.94999999999578,"[44, 44]","[0, 0]","[0, 0]",49
46,"[0, 1]",112.94999999999573,"[45, 45]","[0, 0]","[0, 0]",49
47,"[0, 1]",113.89999999999567,"[46, 46]","[0, 0]","[0, 0]",49
48,"[0, 1]",114.94999999999561,"[47, 47]","[0, 0]","[0, 0]",49
49,"[0, 1]",115.99999999999555,"[48, 48]","[0, 0]","[0, 0]",49
50,"[0, 1]",117.04999999999549,"[49, 49]","[0, 0]","[0, 0]",49
51,"[0, 3]",147.9999999999994,"[50, -999]","[0, 0]","[0, 0]",49
52,"[0, 1]",120.79999999999528,"[51, 50]","[0, 0]","[0, 0]",49
53,"[0, 1]",121.89999999999522,"[52, 52]","[0, 0]","[0, 0]",49
54,"[0, 1]",122.94999999999516,"[53, 53]","[0, 0]","[0, 0]",49
55,"[2, 1]",46.64999999999949,"[10, 14]","[3.149999999999997, 0]","[3.149999999999997, 0]",49
56,"[0, 1]",123.9999999999951,"[54, 54]","[0, 0]","[0, 0]",49
57,"[0, 1]",125.04999999999504,"[56, 56]","[0, 0]","[0, 0]",49
58,"[0, 1]",126.04999999999498,"[57, 57]","[0, 0]","[0, 0]",49
59,"[2, 3]",73.94999999999794,"[55, 12]","[0, 0]","[0, 0]",49
60,"[0, 1]",127.04999999999492,"[58, 58]","[0, 0]","[0, 0]",49
61,"[0, 1]",127.99999999999487,"[60, 60]","[0, 0]","[0, 0]",49
62,"[0, 1]",128.89999999999506,"[61, 61]","[0, 0]","[0, 0]",49
63,"[0, 1]",129.69999999999524,"[62, 62]","[0, 0]","[0, 0]",49
64,"[0, 1]",130.29999999999538,"[63, 63]","[0, 0]","[0, 0]",49
65,"[0, 1]",126.39999999999496,"[64, 64]","[0, 0]","[0, 0]",49
66,"[0, 1]",125.599999999995,"[65, 65]","[0, 0]","[0, 0]",49
67,"[0, 1]",126.04999999999498,"[66, 66]","[0, 0]","[0, 0]",49
68,"[0, 1]",126.59999999999495,"[67, 67]","[0, 0]","[0, 0]",49
69,"[0, 3]",156.90000000000143,"[68, -999]","[0, 0]","[0, 0]",49
70,"[0, 1]",128.99999999999508,"[69, 68]","[0, 0]","[0, 0]",49
71,"[0, 1]",129.69999999999524,"[70, 70]","[0, 0]","[0, 0]",49
72,"[0, 1]",130.3999999999954,"[71, 71]","[0, 0]","[0, 0]",49
73,"[0, 1]",130.94999999999553,"[72, 72]","[0, 0]","[0, 0]",49
74,"[0, 1]",130.94999999999553,"[73, 73]","[0, 0]","[0, 0]",49
75,"[0, 3]",160.8000000000023,"[74, 69]","[0, 0]","[0, 0]",49
76,"[0, 1]",132.69999999999592,"[75, 74]","[0, 0]","[0, 0]",49
77,"[0, 1]",132.74999999999594,"[76, 76]","[0, 0]","[0, 0]",49
78,"[0, 1]",127.94999999999487,"[77, 77]","[0, 0]","[0, 0]",49
79,"[0, 1]",127.19999999999492,"[78, 78]","[0, 0]","[0, 0]",49
0,"[2, 1]",36.40000000000007,"[-999, -999]","[0, 0]","[0, 0]",50
1,"[2, 1]",38.09999999999997,"[0, 0]","[0, 0]","[0, 0]",50
2,"[2, 1]",39.89999999999987,"[1, 1]","[0, 0]","[0, 0]",50
3,"[2, 1]",41.79999999999976,"[2, 2]","[0, 0]","[0, 0]",50
4,"[2, 1]",43.54999999999966,"[3, 3]","[0, 0]","[0, 0]",50
5,"[2, 1]",45.099999999999575,"[4, 4]","[0, 0]","[0, 0]",50
6,"[2, 1]",46.349999999999504,"[5, 5]","[0, 0]","[0, 0]",50
7,"[2, 1]",47.399999999999444,"[6, 6]","[0, 0]","[0, 0]",50
8,"[0, 1]",67.84999999999829,"[-999, 7]","[0, 0]","[0, 0]",50
9,"[2, 3]",74.09999999999793,"[7, -999]","[0, 0]","[0, 0]",50
10,"[2, 1]",50.64999999999926,"[9, 8]","[3.2499999999999964, 0]","[3.2499999999999964, 0]",50
11,"[0, 3]",100.64999999999642,"[8, 9]","[0, 0]","[0, 0]",50
12,"[0, 3]",102.59999999999631,"[11, 11]","[0, 0]","[0, 0]",50
13,"[2, 3]",88.34999999999712,"[10, 12]","[7.149999999999983, 0]","[6.999999999999983, 0]",50
14,"[0, 1]",73.89999999999795,"[12, 10]","[0, 0]","[0, 0]",50
15,"[0, 1]",75.04999999999788,"[14, 14]","[0, 0]","[0, 0]",50
16,"[0, 1]",76.19999999999781,"[15, 15]","[0, 0]","[0, 0]",50
17,"[0, 1]",83.24999999999741,"[16, 43]","[1.900000000000001, 0]","[1.900000000000001, 0]",50
18,"[0, 1]",82.59999999999745,"[17, 17]","[0, 0]","[0, 0]",50
19,"[0, 1]",83.19999999999742,"[18, 18]","[0, 0]","[0, 0]",50
20,"[0, 3]",114.04999999999566,"[19, 13]","[0, 0]","[0, 0]",50
21,"[0, 1]",86.29999999999724,"[20, 55]","[0, 0]","[0, 0]",50
22,"[0, 1]",87.24999999999719,"[21, 21]","[0, 0]","[0, 0]",50
23,"[0, 1]",88.39999999999712,"[22, 22]","[0, 0]","[0, 0]",50
24,"[0, 1]",89.39999999999706,"[23, 23]","[0, 0]","[0, 0]",50
25,"[0, 1]",90.449999999997,"[24, 24]","[0, 0]","[0, 0]",50
26,"[0, 1]",91.49999999999694,"[25, 25]","[0, 0]","[0, 0]",50
27,"[0, 1]",92.54999999999688,"[26, 26]","[0, 0]","[0, 0]",50
28,"[0, 1]",93.54999999999683,"[27, 27]","[0, 0]","[0, 0]",50
29,"[0, 1]",94.59999999999677,"[28, 28]","[0, 0]","[0, 0]",50
30,"[0, 1]",95.64999999999671,"[29, 29]","[0, 0]","[0, 0]",50
31,"[0, 1]",96.69999999999665,"[30, 30]","[0, 0]","[0, 0]",50
32,"[0, 1]",97.6499999999966,"[31, 31]","[0, 0]","[0, 0]",50
33,"[0, 1]",98.64999999999654,"[32, 32]","[0, 0]","[0, 0]",50
34,"[0, 1]",99.74999999999648,"[33, 33]","[0, 0]","[0, 0]",50
35,"[0, 1]",100.74999999999642,"[34, 34]","[0, 0]","[0, 0]",50
36,"[0, 1]",101.79999999999636,"[35, 35]","[0, 0]","[0, 0]",50
37,"[0, 1]",102.7999999999963,"[36, 36]","[0, 0]","[0, 0]",50
38,"[0, 3]",133.74999999999616,"[37, -999]","[0, 0]","[0, 0]",50
39,"[0, 1]",106.49999999999609,"[38, 37]","[0, 0]","[0, 0]",50
40,"[0, 1]",107.64999999999603,"[39, 39]","[0, 0]","[0, 0]",50
41,"[0, 1]",108.74999999999596,"[40, 40]","[0, 0]","[0, 0]",50
42,"[0, 1]",109.7999999999959,"[41, 41]","[0, 0]","[0, 0]",50
43,"[2, 1]",65.8499999999984,"[13, 16]","[8.649999999999988, 0]","[6.699999999999984, 0]",50
44,"[0, 1]",110.79999999999585,"[42, 42]","[0, 0]","[0, 0]",50
45,"[0, 1]",111.84999999999579,"[44, 44]","[0, 0]","[0, 0]",50
46,"[0, 1]",112.94999999999573,"[45, 45]","[0, 0]","[0, 0]",50
47,"[0, 1]",113.94999999999567,"[46, 46]","[0, 0]","[0, 0]",50
48,"[0, 1]",114.94999999999561,"[47, 47]","[0, 0]","[0, 0]",50
49,"[0, 1]",115.94999999999555,"[48, 48]","[0, 0]","[0, 0]",50
50,"[0, 1]",116.9999999999955,"[49, 49]","[0, 0]","[0, 0]",50
51,"[0, 3]",147.9499999999994,"[50, -999]","[0, 0]","[0, 0]",50
52,"[0, 1]",120.74999999999528,"[51, 50]","[0, 0]","[0, 0]",50
53,"[0, 1]",121.84999999999522,"[52, 52]","[0, 0]","[0, 0]",50
54,"[0, 1]",122.99999999999515,"[53, 53]","[0, 0]","[0, 0]",50
55,"[2, 1]",72.09999999999805,"[43, 19]","[15.600000000000087, 0]","[8.79999999999999, 0]",50
56,"[0, 1]",124.0499999999951,"[54, 54]","[0, 0]","[0, 0]",50
57,"[0, 1]",125.04999999999504,"[56, 56]","[0, 0]","[0, 0]",50
58,"[0, 1]",126.04999999999498,"[57, 57]","[0, 0]","[0, 0]",50
59,"[0, 1]",127.09999999999492,"[58, 58]","[0, 0]","[0, 0]",50
60,"[0, 1]",128.09999999999488,"[59, 59]","[0, 0]","[0, 0]",50
61,"[0, 1]",128.94999999999507,"[60, 60]","[0, 0]","[0, 0]",50
62,"[0, 1]",129.79999999999526,"[61, 61]","[0, 0]","[0, 0]",50
63,"[0, 1]",130.49999999999542,"[62, 62]","[0, 0]","[0, 0]",50
64,"[0, 1]",130.89999999999552,"[63, 63]","[0, 0]","[0, 0]",50
65,"[0, 1]",125.799999999995,"[64, 64]","[0, 0]","[0, 0]",50
66,"[0, 1]",125.29999999999502,"[65, 65]","[0, 0]","[0, 0]",50
67,"[0, 1]",125.89999999999499,"[66, 66]","[0, 0]","[0, 0]",50
68,"[0, 3]",156.45000000000132,"[67, -999]","[0, 0]","[0, 0]",50
69,"[0, 1]",128.649999999995,"[68, 67]","[0, 0]","[0, 0]",50
70,"[0, 1]",129.14999999999512,"[69, 69]","[0, 0]","[0, 0]",50
71,"[0, 1]",129.79999999999526,"[70, 70]","[0, 0]","[0, 0]",50
72,"[0, 1]",130.49999999999542,"[71, 71]","[0, 0]","[0, 0]",50
73,"[0, 1]",130.99999999999554,"[72, 72]","[0, 0]","[0, 0]",50
74,"[0, 1]",131.09999999999556,"[73, 73]","[0, 0]","[0, 0]",50
75,"[0, 1]",131.04999999999555,"[74, 74]","[0, 0]","[0, 0]",50
76,"[0, 3]",161.00000000000236,"[75, 68]","[0, 0]","[0, 0]",50
77,"[0, 1]",128.1499999999949,"[76, 75]","[0, 0]","[0, 0]",50
78,"[0, 1]",127.3999999999949,"[77, 77]","[0, 0]","[0, 0]",50
79,"[0, 1]",127.99999999999487,"[78, 78]","[0, 0]","[0, 0]",50
0,"[2, 1]",36.40000000000007,"[-999, -999]","[0, 0]","[0, 0]",51
1,"[2, 1]",38.09999999999997,"[0, 0]","[0, 0]","[0, 0]",51
2,"[2, 1]",39.89999999999987,"[1, 1]","[0, 0]","[0, 0]",51
3,"[0, 3]",96.59999999999665,"[-999, -999]","[0, 0]","[0, 0]",51
4,"[2, 1]",41.79999999999976,"[2, 2]","[0, 0]","[0, 0]",51
5,"[2, 1]",43.54999999999966,"[4, 4]","[0, 0]","[0, 0]",51
6,"[2, 1]",45.099999999999575,"[5, 5]","[0, 0]","[0, 0]",51
7,"[2, 1]",46.349999999999504,"[6, 6]","[0, 0]","[0, 0]",51
8,"[2, 1]",47.399999999999444,"[7, 7]","[0, 0]","[0, 0]",51
9,"[2, 1]",48.449999999999385,"[8, 8]","[0, 0]","[0, 0]",51
10,"[2, 1]",77.84999999999772,"[9, 17]","[20.15000000000015, 0]","[20.15000000000015, 0]",51
11,"[0, 1]",70.19999999999816,"[3, 9]","[0, 0]","[0, 0]",51
12,"[0, 1]",71.39999999999809,"[11, 11]","[0, 0]","[0, 0]",51
13,"[0, 1]",71.84999999999806,"[12, 12]","[0, 0]","[0, 0]",51
14,"[0, 1]",72.24999999999804,"[13, 13]","[0, 0]","[0, 0]",51
15,"[0, 1]",72.64999999999802,"[14, 14]","[0, 0]","[0, 0]",51
16,"[2, 3]",106.89999999999607,"[10, 3]","[0, 0]","[0, 0]",51
17,"[0, 1]",72.999999999998,"[15, 15]","[0, 0]","[0, 0]",51
18,"[0, 1]",79.59999999999762,"[17, 10]","[0.3, 0]","[0.3, 0]",51
19,"[0, 1]",78.89999999999766,"[18, 18]","[0, 0]","[0, 0]",51
20,"[0, 3]",109.19999999999594,"[19, 16]","[0, 0]","[0, 0]",51
21,"[0, 1]",80.69999999999756,"[20, 55]","[0, 0]","[0, 0]",51
22,"[0, 1]",81.7999999999975,"[21, 21]","[0, 0]","[0, 0]",51
23,"[0, 1]",82.79999999999744,"[22, 22]","[0, 0]","[0, 0]",51
24,"[0, 1]",83.84999999999738,"[23, 23]","[0, 0]","[0, 0]",51
25,"[0, 1]",84.89999999999732,"[24, 24]","[0, 0]","[0, 0]",51
26,"[0, 1]",85.89999999999726,"[25, 25]","[0, 0]","[0, 0]",51
27,"[0, 1]",86.9999999999972,"[26, 26]","[0, 0]","[0, 0]",51
28,"[0, 1]",87.99999999999714,"[27, 27]","[0, 0]","[0, 0]",51
29,"[0, 1]",88.99999999999709,"[28, 28]","[0, 0]","[0, 0]",51
30,"[0, 1]",89.99999999999703,"[29, 29]","[0, 0]","[0, 0]",51
31,"[0, 1]",91.04999999999697,"[30, 30]","[0, 0]","[0, 0]",51
32,"[0, 1]",92.04999999999691,"[31, 31]","[0, 0]","[0, 0]",51
33,"[0, 1]",93.04999999999686,"[32, 32]","[0, 0]","[0, 0]",51
34,"[0, 1]",94.0499999999968,"[33, 33]","[0, 0]","[0, 0]",51
35,"[0, 1]",95.09999999999674,"[34, 34]","[0, 0]","[0, 0]",51
36,"[0, 1]",96.09999999999668,"[35, 35]","[0, 0]","[0, 0]",51
37,"[0, 1]",97.14999999999662,"[36, 36]","[0, 0]","[0, 0]",51
38,"[0, 3]",128.09999999999488,"[37, -999]","[0, 0]","[0, 0]",51
39,"[0, 1]",100.89999999999641,"[38, 37]","[0, 0]","[0, 0]",51
40,"[0, 1]",101.99999999999635,"[39, 39]","[0, 0]","[0, 0]",51
41,"[0, 1]",103.04999999999629,"[40, 40]","[0, 0]","[0, 0]",51
42,"[0, 1]",104.14999999999623,"[41, 41]","[0, 0]","[0, 0]",51
43,"[0, 1]",105.14999999999617,"[42, 42]","[0, 0]","[0, 0]",51
44,"[0, 1]",106.14999999999611,"[43, 43]","[0, 0]","[0, 0]",51
45,"[0, 3]",137.09999999999692,"[44, 38]","[0, 0]","[0, 0]",51
46,"[0, 1]",109.8499999999959,"[45, 44]","[0, 0]","[0, 0]",51
47,"[0, 1]",110.94999999999584,"[46, 46]","[0, 0]","[0, 0]",51
48,"[0, 1]",111.99999999999578,"[47, 47]","[0, 0]","[0, 0]",51
49,"[0, 1]",113.04999999999572,"[48, 48]","[0, 0]","[0, 0]",51
50,"[0, 1]",114.14999999999566,"[49, 49]","[0, 0]","[0, 0]",51
51,"[0, 3]",145.09999999999874,"[50, 45]","[0, 0]","[0, 0]",51
52,"[0, 3]",147.44999999999928,"[51, 51]","[0, 0]","[0, 0]",51
53,"[0, 1]",119.04999999999538,"[52, 50]","[0, 0]","[0, 0]",51
54,"[0, 1]",120.14999999999532,"[53, 53]","[0, 0]","[0, 0]",51
55,"[2, 1]",65.19999999999844,"[16, 19]","[14.600000000000072, 0]","[0.05, 0]",51
56,"[0, 1]",121.24999999999525,"[54, 54]","[0, 0]","[0, 0]",51
57,"[0, 1]",122.2999999999952,"[56, 56]","[0, 0]","[0, 0]",51
58,"[0, 1]",123.34999999999513,"[57, 57]","[0, 0]","[0, 0]",51
59,"[0, 3]",154.35000000000085,"[58, 52]","[0, 0]","[0, 0]",51
60,"[0, 1]",127.04999999999492,"[59, 58]","[0, 0]","[0, 0]",51
61,"[0, 1]",128.1499999999949,"[60, 60]","[0, 0]","[0, 0]",51
62,"[0, 1]",129.19999999999513,"[61, 61]","[0, 0]","[0, 0]",51
63,"[0, 1]",130.09999999999533,"[62, 62]","[0, 0]","[0, 0]",51
64,"[0, 1]",130.29999999999538,"[63, 63]","[0, 0]","[0, 0]",51
65,"[0, 1]",129.19999999999513,"[64, 64]","[0.35, 0]","[0, 0]",51
66,"[0, 1]",129.64999999999523,"[65, 65]","[1.0500000000000003, 0]","[0, 0]",51
67,"[0, 1]",130.19999999999536,"[66, 66]","[1.4500000000000006, 0]","[0, 0]",51
68,"[0, 1]",130.54999999999544,"[67, 67]","[1.850000000000001, 0]","[0, 0]",51
69,"[0, 1]",130.94999999999553,"[68, 68]","[2.000000000000001, 0]","[0, 0]",51
70,"[0, 1]",131.39999999999563,"[69, 69]","[1.5500000000000007, 0]","[0, 0]",51
71,"[0, 1]",126.14999999999498,"[70, 70]","[0.7500000000000001, 0]","[0, 0]",51
72,"[0, 1]",126.19999999999497,"[71, 71]","[1.2000000000000004, 0]","[0, 0]",51
73,"[0, 1]",126.94999999999493,"[72, 72]","[1.4500000000000006, 0]","[0, 0]",51
74,"[0, 1]",127.69999999999489,"[73, 73]","[1.7500000000000009, 0]","[0, 0]",51
75,"[0, 1]",128.34999999999494,"[74, 74]","[2.1500000000000004, 0]","[0, 0]",51
76,"[0, 3]",158.85000000000187,"[75, -999]","[1.850000000000001, 0]","[0, 0]",51
77,"[0, 1]",129.39999999999517,"[76, 75]","[0, 0]","[0, 0]",51
78,"[2, 3]",76.79999999999778,"[55, 20]","[0, 0]","[0, 0]",51
79,"[0, 1]",125.19999999999503,"[77, 77]","[0.49999999999999994, 0]","[0, 0]",51
0,"[2, 1]",36.40000000000007,"[-999, -999]","[0, 0]","[0, 0]",52
1,"[2, 1]",38.09999999999997,"[0, 0]","[0, 0]","[0, 0]",52
2,"[2, 1]",39.89999999999987,"[1, 1]","[0, 0]","[0, 0]",52
3,"[0, 1]",67.99999999999828,"[-999, 19]","[0, 0]","[0, 0]",52
4,"[2, 1]",41.79999999999976,"[2, 2]","[0, 0]","[0, 0]",52
5,"[0, 1]",70.19999999999816,"[3, 3]","[0, 0]","[0, 0]",52
6,"[2, 1]",43.54999999999966,"[4, 4]","[0, 0]","[0, 0]",52
7,"[2, 1]",45.04999999999958,"[6, 6]","[0, 0]","[0, 0]",52
8,"[0, 1]",71.2999999999981,"[5, 5]","[0, 0]","[0, 0]",52
9,"[0, 1]",72.04999999999805,"[8, 8]","[0, 0]","[0, 0]",52
10,"[0, 1]",72.54999999999802,"[9, 9]","[0, 0]","[0, 0]",52
11,"[0, 3]",101.79999999999636,"[10, -999]","[0, 0]","[0, 0]",52
12,"[0, 3]",103.79999999999625,"[11, 11]","[0, 0]","[0, 0]",52
13,"[0, 1]",75.14999999999787,"[12, 55]","[0, 0]","[0, 0]",52
14,"[0, 1]",76.24999999999781,"[13, 13]","[0, 0]","[0, 0]",52
15,"[0, 1]",77.29999999999775,"[14, 14]","[0, 0]","[0, 0]",52
16,"[0, 1]",78.39999999999769,"[15, 15]","[0, 0]","[0, 0]",52
17,"[0, 3]",109.34999999999593,"[16, 12]","[0, 0]","[0, 0]",52
18,"[0, 1]",82.19999999999747,"[17, 16]","[0, 0]","[0, 0]",52
19,"[2, 1]",46.349999999999504,"[7, 7]","[0, 0]","[0, 0]",52
20,"[0, 3]",113.4999999999957,"[18, 17]","[0, 0]","[0, 0]",52
21,"[0, 1]",85.99999999999726,"[20, 18]","[0, 0]","[0, 0]",52
22,"[0, 1]",87.0999999999972,"[21, 21]","[0, 0]","[0, 0]",52
23,"[0, 1]",88.24999999999713,"[22, 22]","[0, 0]","[0, 0]",52
24,"[0, 1]",89.29999999999707,"[23, 23]","[0, 0]","[0, 0]",52
25,"[0, 1]",90.34999999999701,"[24, 24]","[0, 0]","[0, 0]",52
26,"[0, 1]",91.39999999999695,"[25, 25]","[0, 0]","[0, 0]",52
27,"[0, 1]",92.3999999999969,"[26, 26]","[0, 0]","[0, 0]",52
28,"[0, 1]",93.39999999999684,"[27, 27]","[0, 0]","[0, 0]",52
29,"[0, 1]",94.44999999999678,"[28, 28]","[0, 0]","[0, 0]",52
30,"[0, 1]",95.49999999999672,"[29, 29]","[0, 0]","[0, 0]",52
31,"[0, 1]",96.54999999999666,"[30, 30]","[0, 0]","[0, 0]",52
32,"[0, 1]",97.6499999999966,"[31, 31]","[0, 0]","[0, 0]",52
33,"[0, 1]",98.59999999999654,"[32, 32]","[0, 0]","[0, 0]",52
34,"[0, 1]",99.64999999999648,"[33, 33]","[0, 0]","[0, 0]",52
35,"[0, 1]",100.64999999999642,"[34, 34]","[0, 0]","[0, 0]",52
36,"[0, 1]",101.69999999999636,"[35, 35]","[0, 0]","[0, 0]",52
37,"[0, 1]",102.69999999999631,"[36, 36]","[0, 0]","[0, 0]",52
38,"[0, 3]",133.64999999999614,"[37, -999]","[0, 0]","[0, 0]",52
39,"[0, 1]",106.4499999999961,"[38, 37]","[0, 0]","[0, 0]",52
40,"[0, 1]",107.54999999999603,"[39, 39]","[0, 0]","[0, 0]",52
41,"[0, 1]",108.64999999999597,"[40, 40]","[0, 0]","[0, 0]",52
42,"[0, 1]",109.69999999999591,"[41, 41]","[0, 0]","[0, 0]",52
43,"[0, 1]",110.74999999999585,"[42, 42]","[0, 0]","[0, 0]",52
44,"[0, 1]",111.7499999999958,"[43, 43]","[0, 0]","[0, 0]",52
45,"[0, 1]",112.74999999999574,"[44, 44]","[0, 0]","[0, 0]",52
46,"[0, 1]",113.74999999999568,"[45, 45]","[0, 0]","[0, 0]",52
47,"[0, 1]",114.79999999999562,"[46, 46]","[0, 0]","[0, 0]",52
48,"[0, 1]",115.84999999999556,"[47, 47]","[0, 0]","[0, 0]",52
49,"[0, 3]",146.84999999999914,"[48, -999]","[0, 0]","[0, 0]",52
50,"[0, 1]",119.64999999999534,"[49, 48]","[0, 0]","[0, 0]",52
51,"[0, 1]",120.74999999999528,"[50, 50]","[0, 0]","[0, 0]",52
52,"[0, 1]",121.79999999999522,"[51, 51]","[0, 0]","[0, 0]",52
53,"[0, 1]",122.89999999999516,"[52, 52]","[0, 0]","[0, 0]",52
54,"[0, 3]",153.85000000000073,"[53, 49]","[0, 0]","[0, 0]",52
55,"[2, 1]",37.65,"[3, 10]","[0, 0]","[0, 0]",52
56,"[0, 1]",126.54999999999495,"[54, 53]","[0, 0]","[0, 0]",52
57,"[0, 1]",127.64999999999489,"[56, 56]","[0, 0]","[0, 0]",52
58,"[0, 1]",128.649999999995,"[57, 57]","[0, 0]","[0, 0]",52
59,"[0, 3]",159.65000000000205,"[58, 54]","[0, 0]","[0, 0]",52
60,"[0, 1]",132.24999999999582,"[59, 58]","[0, 0]","[0, 0]",52
61,"[0, 1]",133.14999999999603,"[60, 60]","[0, 0]","[0, 0]",52
62,"[0, 1]",133.8499999999962,"[61, 61]","[0, 0]","[0, 0]",52
63,"[0, 1]",134.24999999999628,"[62, 62]","[0, 0]","[0, 0]",52
64,"[0, 1]",129.59999999999522,"[63, 63]","[0, 0]","[0, 0]",52
65,"[0, 1]",128.84999999999505,"[64, 64]","[0, 0]","[0, 0]",52
66,"[0, 1]",129.39999999999517,"[65, 65]","[0, 0]","[0, 0]",52
67,"[0, 1]",129.9999999999953,"[66, 66]","[0, 0]","[0, 0]",52
68,"[0, 1]",130.3499999999954,"[67, 67]","[0, 0]","[0, 0]",52
69,"[0, 1]",130.74999999999548,"[68, 68]","[0, 0]","[0, 0]",52
70,"[0, 1]",131.34999999999562,"[69, 69]","[0, 0]","[0, 0]",52
71,"[0, 1]",131.99999999999577,"[70, 70]","[0, 0]","[0, 0]",52
72,"[0, 1]",132.5499999999959,"[71, 71]","[0, 0]","[0, 0]",52
73,"[0, 1]",132.5999999999959,"[72, 72]","[0, 0]","[0, 0]",52
74,"[0, 1]",132.44999999999587,"[73, 73]","[0, 0]","[0, 0]",52
75,"[0, 1]",127.3999999999949,"[74, 74]","[0, 0]","[0, 0]",52
76,"[0, 1]",126.94999999999493,"[75, 75]","[0, 0]","[0, 0]",52
77,"[0, 1]",127.59999999999489,"[76, 76]","[0, 0]","[0, 0]",52
78,"[0, 1]",128.09999999999488,"[77, 77]","[0, 0]","[0, 0]",52
79,"[0, 1]",128.34999999999494,"[78, 78]","[0, 0]","[0, 0]",52
0,"[2, 1]",36.40000000000007,"[-999, -999]","[0, 0]","[0, 0]",53
1,"[2, 1]",38.09999999999997,"[0, 0]","[0, 0]","[0, 0]",53
2,"[2, 1]",39.89999999999987,"[1, 1]","[0, 0]","[0, 0]",53
3,"[2, 1]",41.79999999999976,"[2, 2]","[0, 0]","[0, 0]",53
4,"[2, 1]",43.54999999999966,"[3, 3]","[0, 0]","[0, 0]",53
5,"[2, 1]",45.04999999999958,"[4, 4]","[0, 0]","[0, 0]",53
6,"[2, 1]",46.349999999999504,"[5, 5]","[0, 0]","[0, 0]",53
7,"[2, 1]",47.399999999999444,"[6, 6]","[0, 0]","[0, 0]",53
8,"[2, 1]",48.49999999999938,"[7, 7]","[0, 0]","[0, 0]",53
9,"[0, 1]",72.79999999999801,"[-999, 8]","[0, 0]","[2.6999999999999984, 0]",53
10,"[2, 1]",60.749999999998685,"[8, 11]","[6.749999999999984, 0]","[6.749999999999984, 0]",53
11,"[0, 1]",73.79999999999795,"[9, 9]","[0, 0]","[0, 0]",53
12,"[0, 3]",102.39999999999633,"[11, -999]","[0, 0]","[0, 0]",53
13,"[0, 1]",76.5499999999978,"[12, 10]","[0, 0]","[0, 0]",53
14,"[0, 1]",77.29999999999775,"[13, 13]","[0, 0]","[0, 0]",53
15,"[0, 1]",78.34999999999769,"[14, 14]","[0, 0]","[0, 0]",53
16,"[0, 1]",84.24999999999736,"[15, 55]","[2.4499999999999993, 0]","[2.4499999999999993, 0]",53
17,"[0, 1]",84.64999999999733,"[16, 16]","[0, 0]","[0, 0]",53
18,"[0, 1]",85.59999999999728,"[17, 17]","[0, 0]","[0, 0]",53
19,"[0, 1]",86.59999999999722,"[18, 18]","[0, 0]","[0, 0]",53
20,"[0, 3]",117.54999999999546,"[19, 12]","[0, 0]","[0, 0]",53
21,"[0, 1]",90.24999999999702,"[20, 19]","[0, 0]","[0, 0]",53
22,"[0, 1]",91.39999999999695,"[21, 21]","[0, 0]","[0, 0]",53
23,"[0, 1]",92.44999999999689,"[22, 22]","[0, 0]","[0, 0]",53
24,"[0, 1]",93.49999999999683,"[23, 23]","[0, 0]","[0, 0]",53
25,"[0, 1]",94.54999999999677,"[24, 24]","[0, 0]","[0, 0]",53
26,"[0, 3]",125.54999999999501,"[25, 20]","[0, 0]","[0, 0]",53
27,"[0, 1]",98.24999999999656,"[26, 25]","[0, 0]","[0, 0]",53
28,"[0, 1]",99.3499999999965,"[27, 27]","[0, 0]","[0, 0]",53
29,"[0, 1]",100.44999999999644,"[28, 28]","[0, 0]","[0, 0]",53
30,"[0, 1]",101.49999999999638,"[29, 29]","[0, 0]","[0, 0]",53
31,"[0, 1]",102.54999999999632,"[30, 30]","[0, 0]","[0, 0]",53
32,"[0, 1]",103.59999999999626,"[31, 31]","[0, 0]","[0, 0]",53
33,"[0, 1]",104.6499999999962,"[32, 32]","[0, 0]","[0, 0]",53
34,"[0, 1]",105.69999999999614,"[33, 33]","[0, 0]","[0, 0]",53
35,"[0, 3]",136.64999999999682,"[34, 26]","[0, 0]","[0, 0]",53
36,"[0, 1]",109.39999999999593,"[35, 34]","[0, 0]","[0, 0]",53
37,"[0, 1]",110.54999999999586,"[36, 36]","[0, 0]","[0, 0]",53
38,"[0, 3]",141.64999999999796,"[37, 35]","[0, 0]","[0, 0]",53
39,"[0, 1]",114.39999999999564,"[38, 37]","[0, 0]","[0, 0]",53
40,"[0, 1]",115.54999999999558,"[39, 39]","[0, 0]","[0, 0]",53
41,"[0, 1]",116.64999999999552,"[40, 40]","[0, 0]","[0, 0]",53
42,"[0, 1]",117.64999999999546,"[41, 41]","[0, 0]","[0, 0]",53
43,"[0, 3]",148.64999999999955,"[42, 38]","[0, 0]","[0, 0]",53
44,"[0, 1]",121.44999999999524,"[43, 42]","[0, 0]","[0, 0]",53
45,"[0, 1]",122.54999999999518,"[44, 44]","[0, 0]","[0, 0]",53
46,"[0, 1]",123.64999999999512,"[45, 45]","[0, 0]","[0, 0]",53
47,"[0, 3]",154.65000000000092,"[46, 43]","[0, 0]","[0, 0]",53
48,"[0, 1]",127.3999999999949,"[47, 46]","[0, 0]","[0, 0]",53
49,"[0, 1]",128.54999999999498,"[48, 48]","[0, 0]","[0, 0]",53
50,"[0, 1]",129.59999999999522,"[49, 49]","[0, 0]","[0, 0]",53
51,"[0, 1]",130.19999999999536,"[50, 50]","[0, 0]","[0, 0]",53
52,"[0, 1]",130.24999999999537,"[51, 51]","[0, 0]","[0, 0]",53
53,"[0, 1]",130.69999999999547,"[52, 52]","[0, 0]","[0, 0]",53
54,"[0, 3]",161.40000000000245,"[53, 47]","[0, 0]","[0, 0]",53
55,"[2, 1]",56.39999999999893,"[10, 15]","[9.750000000000004, 0]","[9.750000000000004, 0]",53
56,"[0, 1]",133.79999999999617,"[54, 53]","[0, 0]","[0, 0]",53
57,"[0, 1]",134.59999999999636,"[56, 56]","[0, 0]","[0, 0]",53
58,"[0, 1]",135.34999999999653,"[57, 57]","[0, 0]","[0, 0]",53
59,"[0, 1]",136.0499999999967,"[58, 58]","[0, 0]","[0, 0]",53
60,"[0, 1]",136.5499999999968,"[59, 59]","[0, 0]","[0, 0]",53
61,"[0, 1]",132.44999999999587,"[60, 60]","[0, 0]","[0, 0]",53
62,"[0, 1]",131.39999999999563,"[61, 61]","[0, 0]","[0, 0]",53
63,"[0, 1]",131.7499999999957,"[62, 62]","[0, 0]","[0, 0]",53
64,"[0, 1]",131.09999999999556,"[63, 63]","[0, 0]","[0, 0]",53
65,"[0, 1]",129.79999999999526,"[64, 64]","[0, 0]","[0, 0]",53
66,"[0, 1]",130.19999999999536,"[65, 65]","[0, 0]","[0, 0]",53
67,"[0, 1]",130.49999999999542,"[66, 66]","[0, 0]","[0, 0]",53
68,"[0, 1]",130.3999999999954,"[67, 67]","[0, 0]","[0, 0]",53
69,"[0, 1]",130.4499999999954,"[68, 68]","[0, 0]","[0, 0]",53
70,"[0, 1]",127.5499999999949,"[69, 69]","[0, 0]","[0, 0]",53
71,"[0, 1]",127.4999999999949,"[70, 70]","[0, 0]","[0, 0]",53
72,"[0, 1]",128.09999999999488,"[71, 71]","[0, 0]","[0, 0]",53
73,"[0, 1]",128.599999999995,"[72, 72]","[0, 0]","[0, 0]",53
74,"[0, 1]",128.39999999999495,"[73, 73]","[0, 0]","[0, 0]",53
75,"[0, 1]",127.5499999999949,"[74, 74]","[0.9500000000000003, 0]","[0, 0]",53
76,"[0, 1]",126.59999999999495,"[75, 75]","[1.5000000000000007, 0]","[0, 0]",53
77,"[0, 1]",126.74999999999494,"[76, 76]","[1.950000000000001, 0]","[0, 0]",53
78,"[0, 1]",127.3499999999949,"[77, 77]","[2.1000000000000005, 0]","[0, 0]",53
79,"[0, 1]",127.94999999999487,"[78, 78]","[1.4500000000000006, 0]","[0, 0]",53
0,"[2, 1]",36.40000000000007,"[-999, -999]","[0, 0]","[0, 0]",54
1,"[2, 1]",38.09999999999997,"[0, 0]","[0, 0]","[0, 0]",54
2,"[2, 1]",39.89999999999987,"[1, 1]","[0, 0]","[0, 0]",54
3,"[0, 3]",96.59999999999665,"[-999, -999]","[0, 0]","[0, 0]",54
4,"[2, 1]",41.79999999999976,"[2, 2]","[0, 0]","[0, 0]",54
5,"[2, 1]",43.54999999999966,"[4, 4]","[0, 0]","[0, 0]",54
6,"[2, 1]",45.04999999999958,"[5, 5]","[0, 0]","[0, 0]",54
7,"[2, 1]",46.349999999999504,"[6, 6]","[0, 0]","[0, 0]",54
8,"[0, 1]",73.49999999999797,"[3, 10]","[2.3999999999999995, 0]","[2.3999999999999995, 0]",54
9,"[2, 1]",47.34999999999945,"[7, 7]","[0, 0]","[0, 0]",54
10,"[2, 1]",48.54999999999938,"[9, 9]","[0, 0]","[0, 0]",54
11,"[0, 3]",106.09999999999611,"[8, 19]","[0, 0]","[0, 0]",54
12,"[0, 3]",107.69999999999602,"[11, 11]","[0, 0]","[0, 0]",54
13,"[0, 1]",76.4499999999978,"[12, 27]","[0, 0]","[0, 0]",54
14,"[0, 1]",82.59999999999745,"[13, 55]","[2.499999999999999, 0]","[2.499999999999999, 0]",54
15,"[0, 1]",82.94999999999743,"[14, 14]","[0, 0]","[0, 0]",54
16,"[0, 1]",83.89999999999738,"[15, 15]","[0, 0]","[0, 0]",54
17,"[0, 3]",111.79999999999579,"[16, 12]","[0, 0]","[0, 0]",54
18,"[0, 1]",84.49999999999734,"[17, 16]","[0, 0]","[0, 0]",54
19,"[2, 3]",79.64999999999762,"[10, 3]","[0, 0]","[0, 0]",54
20,"[0, 3]",116.14999999999554,"[18, 78]","[0, 0]","[0, 0]",54
21,"[0, 1]",87.69999999999716,"[20, 18]","[0, 0]","[0, 0]",54
22,"[0, 1]",88.7999999999971,"[21, 21]","[0, 0]","[0, 0]",54
23,"[0, 1]",89.94999999999703,"[22, 22]","[0, 0]","[0, 0]",54
24,"[0, 1]",90.99999999999697,"[23, 23]","[0, 0]","[0, 0]",54
25,"[0, 1]",91.99999999999692,"[24, 24]","[0, 0]","[0, 0]",54
26,"[0, 1]",92.99999999999686,"[25, 25]","[0, 0]","[0, 0]",54
27,"[2, 1]",52.09999999999918,"[19, 8]","[0, 0]","[0, 0]",54
28,"[0, 1]",94.0499999999968,"[26, 26]","[0, 0]","[0, 0]",54
29,"[0, 1]",95.04999999999674,"[28, 28]","[0, 0]","[0, 0]",54
30,"[0, 1]",96.09999999999668,"[29, 29]","[0, 0]","[0, 0]",54
31,"[0, 1]",97.09999999999663,"[30, 30]","[0, 0]","[0, 0]",54
32,"[0, 1]",98.19999999999656,"[31, 31]","[0, 0]","[0, 0]",54
33,"[0, 1]",99.2999999999965,"[32, 32]","[0, 0]","[0, 0]",54
34,"[0, 1]",100.24999999999645,"[33, 33]","[0, 0]","[0, 0]",54
35,"[0, 1]",101.29999999999639,"[34, 34]","[0, 0]","[0, 0]",54
36,"[0, 1]",102.34999999999633,"[35, 35]","[0, 0]","[0, 0]",54
37,"[0, 1]",103.29999999999627,"[36, 36]","[0, 0]","[0, 0]",54
38,"[0, 3]",134.24999999999628,"[37, -999]","[0, 0]","[0, 0]",54
39,"[0, 1]",107.09999999999606,"[38, 37]","[0, 0]","[0, 0]",54
40,"[0, 1]",108.199999999996,"[39, 39]","[0, 0]","[0, 0]",54
41,"[0, 1]",109.24999999999594,"[40, 40]","[0, 0]","[0, 0]",54
42,"[0, 1]",110.29999999999588,"[41, 41]","[0, 0]","[0, 0]",54
43,"[0, 1]",111.34999999999582,"[42, 42]","[0, 0]","[0, 0]",54
44,"[0, 1]",112.39999999999576,"[43, 43]","[0, 0]","[0, 0]",54
45,"[0, 1]",113.3999999999957,"[44, 44]","[0, 0]","[0, 0]",54
46,"[0, 1]",114.39999999999564,"[45, 45]","[0, 0]","[0, 0]",54
47,"[0, 1]",115.49999999999558,"[46, 46]","[0, 0]","[0, 0]",54
48,"[0, 1]",116.54999999999552,"[47, 47]","[0, 0]","[0, 0]",54
49,"[0, 1]",117.54999999999546,"[48, 48]","[0, 0]","[0, 0]",54
50,"[0, 3]",148.49999999999952,"[49, -999]","[0, 0]","[0, 0]",54
51,"[0, 1]",121.29999999999525,"[50, 49]","[0, 0]","[0, 0]",54
52,"[0, 1]",122.39999999999519,"[51, 51]","[0, 0]","[0, 0]",54
53,"[0, 1]",123.44999999999513,"[52, 52]","[0, 0]","[0, 0]",54
54,"[0, 1]",124.49999999999507,"[53, 53]","[0, 0]","[0, 0]",54
55,"[2, 1]",45.89999999999953,"[27, 13]","[1.5000000000000007, 0]","[1.5000000000000007, 0]",54
56,"[0, 1]",125.49999999999501,"[54, 54]","[0, 0]","[0, 0]",54
57,"[0, 1]",126.54999999999495,"[56, 56]","[0, 0]","[0, 0]",54
58,"[0, 1]",127.59999999999489,"[57, 57]","[0, 0]","[0, 0]",54
59,"[0, 3]",158.40000000000177,"[58, 50]","[0, 0]","[0, 0]",54
60,"[0, 1]",130.99999999999554,"[59, 58]","[0, 0]","[0, 0]",54
61,"[0, 1]",131.84999999999573,"[60, 60]","[0, 0]","[0, 0]",54
62,"[0, 1]",132.39999999999586,"[61, 61]","[0, 0]","[0, 0]",54
63,"[0, 1]",132.6499999999959,"[62, 62]","[0, 0]","[0, 0]",54
64,"[0, 1]",128.1499999999949,"[63, 63]","[0, 0]","[0, 0]",54
65,"[0, 1]",127.24999999999491,"[64, 64]","[0, 0]","[0, 0]",54
66,"[0, 1]",127.74999999999488,"[65, 65]","[0, 0]","[0, 0]",54
67,"[0, 1]",128.29999999999492,"[66, 66]","[0, 0]","[0, 0]",54
68,"[0, 3]",158.5000000000018,"[67, 59]","[0, 0]","[0, 0]",54
69,"[0, 1]",130.59999999999545,"[68, 67]","[0, 0]","[0, 0]",54
70,"[0, 1]",131.2999999999956,"[69, 69]","[0, 0]","[0, 0]",54
71,"[0, 1]",132.04999999999578,"[70, 70]","[0, 0]","[0, 0]",54
72,"[0, 1]",132.5999999999959,"[71, 71]","[0, 0]","[0, 0]",54
73,"[0, 1]",132.79999999999595,"[72, 72]","[0, 0]","[0, 0]",54
74,"[0, 1]",132.74999999999594,"[73, 73]","[0, 0]","[0, 0]",54
75,"[0, 1]",132.69999999999592,"[74, 74]","[0, 0]","[0, 0]",54
76,"[0, 1]",127.74999999999488,"[75, 75]","[0, 0]","[0, 0]",54
77,"[0, 1]",127.14999999999492,"[76, 76]","[0, 0]","[0, 0]",54
78,"[2, 3]",72.64999999999802,"[55, 17]","[0, 0]","[0, 0]",54
79,"[0, 1]",127.69999999999489,"[77, 77]","[0, 0]","[0, 0]",54
0,"[2, 1]",36.40000000000007,"[-999, -999]","[0, 0]","[0, 0]",55
1,"[2, 1]",38.09999999999997,"[0, 0]","[0, 0]","[0, 0]",55
2,"[2, 1]",39.89999999999987,"[1, 1]","[0, 0]","[0, 0]",55
3,"[2, 1]",41.79999999999976,"[2, 2]","[0, 0]","[0, 0]",55
4,"[2, 1]",43.54999999999966,"[3, 3]","[0, 0]","[0, 0]",55
5,"[2, 1]",45.04999999999958,"[4, 4]","[0, 0]","[0, 0]",55
6,"[2, 1]",46.349999999999504,"[5, 5]","[0, 0]","[0, 0]",55
7,"[2, 1]",47.399999999999444,"[6, 6]","[0, 0]","[0, 0]",55
8,"[0, 1]",67.84999999999829,"[-999, 7]","[0, 0]","[0, 0]",55
9,"[2, 1]",54.19999999999906,"[7, 8]","[2.8999999999999977, 0]","[2.8999999999999977, 0]",55
10,"[0, 1]",74.34999999999792,"[8, 9]","[0.65, 0]","[0.65, 0]",55
11,"[0, 3]",102.39999999999633,"[10, -999]","[0, 0]","[0, 0]",55
12,"[2, 1]",59.699999999998745,"[9, 10]","[3.4499999999999957, 0]","[3.4499999999999957, 0]",55
13,"[0, 1]",76.89999999999777,"[11, 12]","[0, 0]","[0, 0]",55
14,"[0, 1]",82.44999999999746,"[13, 19]","[2.5999999999999988, 0]","[2.5999999999999988, 0]",55
15,"[0, 1]",87.64999999999716,"[14, 55]","[2.549999999999999, 0]","[2.549999999999999, 0]",55
16,"[0, 1]",87.89999999999715,"[15, 15]","[0, 0]","[0, 0]",55
17,"[0, 1]",88.7999999999971,"[16, 16]","[0, 0]","[0, 0]",55
18,"[0, 1]",89.84999999999704,"[17, 17]","[0, 0]","[0, 0]",55
19,"[2, 1]",65.9999999999984,"[12, 13]","[0, 0]","[0, 0]",55
20,"[0, 3]",120.89999999999527,"[18, 78]","[0, 0]","[0, 0]",55
21,"[0, 1]",93.54999999999683,"[20, 18]","[0, 0]","[0, 0]",55
22,"[0, 1]",94.64999999999677,"[21, 21]","[0, 0]","[0, 0]",55
23,"[0, 1]",95.7999999999967,"[22, 22]","[0, 0]","[0, 0]",55
24,"[0, 1]",96.84999999999664,"[23, 23]","[0, 0]","[0, 0]",55
25,"[0, 1]",97.84999999999658,"[24, 24]","[0, 0]","[0, 0]",55
26,"[0, 3]",128.79999999999504,"[25, 20]","[0, 0]","[0, 0]",55
27,"[0, 1]",101.54999999999637,"[26, 25]","[0, 0]","[0, 0]",55
28,"[0, 1]",102.64999999999631,"[27, 27]","[0, 0]","[0, 0]",55
29,"[0, 1]",103.69999999999625,"[28, 28]","[0, 0]","[0, 0]",55
30,"[0, 1]",104.79999999999619,"[29, 29]","[0, 0]","[0, 0]",55
31,"[0, 1]",105.79999999999613,"[30, 30]","[0, 0]","[0, 0]",55
32,"[0, 1]",106.79999999999607,"[31, 31]","[0, 0]","[0, 0]",55
33,"[0, 1]",107.79999999999602,"[32, 32]","[0, 0]","[0, 0]",55
34,"[0, 1]",108.84999999999596,"[33, 33]","[0, 0]","[0, 0]",55
35,"[0, 1]",109.8999999999959,"[34, 34]","[0, 0]","[0, 0]",55
36,"[0, 1]",110.94999999999584,"[35, 35]","[0, 0]","[0, 0]",55
37,"[0, 1]",111.99999999999578,"[36, 36]","[0, 0]","[0, 0]",55
38,"[0, 3]",142.89999999999824,"[37, -999]","[0, 0]","[0, 0]",55
39,"[0, 1]",115.64999999999557,"[38, 37]","[0, 0]","[0, 0]",55
40,"[0, 1]",116.7999999999955,"[39, 39]","[0, 0]","[0, 0]",55
41,"[0, 1]",117.89999999999544,"[40, 40]","[0, 0]","[0, 0]",55
42,"[0, 1]",118.94999999999538,"[41, 41]","[0, 0]","[0, 0]",55
43,"[0, 1]",119.94999999999533,"[42, 42]","[0, 0]","[0, 0]",55
44,"[0, 1]",120.99999999999527,"[43, 43]","[0, 0]","[0, 0]",55
45,"[0, 3]",152.0000000000003,"[44, 38]","[0, 0]","[0, 0]",55
46,"[0, 1]",124.74999999999505,"[45, 44]","[0, 0]","[0, 0]",55
47,"[0, 1]",125.84999999999499,"[46, 46]","[1.0500000000000003, 0]","[0, 0]",55
48,"[0, 1]",126.89999999999493,"[47, 47]","[1.0000000000000002, 0]","[0, 0]",55
49,"[0, 1]",127.89999999999488,"[48, 48]","[0.49999999999999994, 0]","[0, 0]",55
50,"[0, 1]",128.84999999999505,"[49, 49]","[0, 0]","[0, 0]",55
51,"[0, 1]",128.1499999999949,"[50, 50]","[0, 0]","[0, 0]",55
52,"[0, 1]",125.599999999995,"[51, 51]","[0, 0]","[0, 0]",55
53,"[0, 1]",126.39999999999496,"[52, 52]","[0, 0]","[0, 0]",55
54,"[0, 1]",127.14999999999492,"[53, 53]","[0, 0]","[0, 0]",55
55,"[2, 1]",54.74999999999903,"[19, 14]","[2.6999999999999984, 0]","[2.6999999999999984, 0]",55
56,"[0, 1]",127.94999999999487,"[54, 54]","[0, 0]","[0, 0]",55
57,"[0, 1]",128.69999999999501,"[56, 56]","[0, 0]","[0, 0]",55
58,"[0, 1]",129.4999999999952,"[57, 57]","[0, 0]","[0, 0]",55
59,"[0, 1]",130.14999999999534,"[58, 58]","[0, 0]","[0, 0]",55
60,"[0, 1]",130.74999999999548,"[59, 59]","[0, 0]","[0, 0]",55
61,"[0, 1]",130.89999999999552,"[60, 60]","[0, 0]","[0, 0]",55
62,"[0, 1]",130.7999999999955,"[61, 61]","[0, 0]","[0, 0]",55
63,"[0, 1]",130.8499999999955,"[62, 62]","[0, 0]","[0, 0]",55
64,"[0, 1]",125.649999999995,"[63, 63]","[0, 0]","[0, 0]",55
65,"[0, 1]",125.19999999999503,"[64, 64]","[0, 0]","[0, 0]",55
66,"[0, 1]",125.749999999995,"[65, 65]","[0.8000000000000002, 0]","[0, 0]",55
67,"[0, 1]",126.34999999999496,"[66, 66]","[1.3000000000000005, 0]","[0, 0]",55
68,"[0, 1]",126.74999999999494,"[67, 67]","[1.6500000000000008, 0]","[0, 0]",55
69,"[0, 1]",127.09999999999492,"[68, 68]","[1.950000000000001, 0]","[0, 0]",55
70,"[0, 1]",127.59999999999489,"[69, 69]","[1.4500000000000006, 0]","[0, 0]",55
71,"[0, 1]",122.34999999999519,"[70, 70]","[0, 0]","[0, 0]",55
72,"[0, 1]",122.39999999999519,"[71, 71]","[0, 0]","[0, 0]",55
73,"[0, 1]",123.09999999999515,"[72, 72]","[0, 0]","[0, 0]",55
74,"[0, 1]",123.8499999999951,"[73, 73]","[0, 0]","[0, 0]",55
75,"[0, 1]",124.39999999999507,"[74, 74]","[0, 0]","[0, 0]",55
76,"[0, 1]",124.89999999999505,"[75, 75]","[0, 0]","[0, 0]",55
77,"[0, 1]",125.649999999995,"[76, 76]","[0, 0]","[0, 0]",55
78,"[2, 3]",67.99999999999828,"[55, 11]","[0, 0]","[0, 0]",55
79,"[0, 1]",126.34999999999496,"[77, 77]","[0, 0]","[0, 0]",55
0,"[2, 1]",36.40000000000007,"[-999, -999]","[0, 0]","[0, 0]",56
1,"[2, 1]",38.09999999999997,"[0, 0]","[0, 0]","[0, 0]",56
2,"[2, 1]",39.89999999999987,"[1, 1]","[0, 0]","[0, 0]",56
3,"[2, 1]",41.79999999999976,"[2, 2]","[0, 0]","[0, 0]",56
4,"[2, 1]",43.54999999999966,"[3, 3]","[0, 0]","[0, 0]",56
5,"[2, 1]",45.04999999999958,"[4, 4]","[0, 0]","[0, 0]",56
6,"[2, 1]",46.349999999999504,"[5, 5]","[0, 0]","[0, 0]",56
7,"[2, 1]",47.399999999999444,"[6, 6]","[0, 0]","[0, 0]",56
8,"[0, 1]",67.84999999999829,"[-999, 7]","[0, 0]","[0, 0]",56
9,"[2, 1]",54.19999999999906,"[7, 8]","[3.049999999999997, 0]","[3.049999999999997, 0]",56
10,"[2, 1]",54.449999999999044,"[9, 9]","[0, 0]","[0, 0]",56
11,"[0, 3]",99.1999999999965,"[8, -999]","[0, 0]","[0, 0]",56
12,"[0, 3]",101.69999999999636,"[11, 11]","[0, 0]","[0, 0]",56
13,"[0, 1]",72.34999999999803,"[12, 10]","[0, 0]","[0, 0]",56
14,"[0, 1]",72.74999999999801,"[13, 13]","[0, 0]","[0, 0]",56
15,"[0, 1]",73.14999999999799,"[14, 14]","[0, 0]","[0, 0]",56
16,"[2, 1]",80.39999999999758,"[10, 18]","[17.050000000000107, 0]","[17.050000000000107, 0]",56
17,"[0, 1]",73.54999999999797,"[15, 15]","[0, 0]","[0, 0]",56
18,"[0, 1]",74.14999999999793,"[17, 17]","[0, 0]","[0, 0]",56
19,"[2, 1]",80.49999999999757,"[16, 16]","[0, 0]","[0, 0]",56
20,"[0, 3]",105.39999999999615,"[18, 12]","[0, 0]","[0, 0]",56
21,"[0, 1]",83.24999999999741,"[20, 19]","[3.4499999999999957, 0]","[3.4499999999999957, 0]",56
22,"[0, 1]",82.89999999999743,"[21, 21]","[0, 0]","[0, 0]",56
23,"[0, 1]",89.94999999999703,"[22, 43]","[1.1500000000000004, 0]","[1.1500000000000004, 0]",56
24,"[0, 1]",89.39999999999706,"[23, 23]","[0, 0]","[0, 0]",56
25,"[0, 1]",94.74999999999676,"[24, 55]","[2.3999999999999995, 0]","[2.3999999999999995, 0]",56
26,"[0, 1]",95.14999999999674,"[25, 25]","[0, 0]","[0, 0]",56
27,"[0, 1]",96.04999999999669,"[26, 26]","[0, 0]","[0, 0]",56
28,"[0, 1]",97.09999999999663,"[27, 27]","[0, 0]","[0, 0]",56
29,"[0, 1]",98.19999999999656,"[28, 28]","[0, 0]","[0, 0]",56
30,"[0, 1]",99.1999999999965,"[29, 29]","[0, 0]","[0, 0]",56
31,"[0, 1]",100.34999999999644,"[30, 30]","[0, 0]","[0, 0]",56
32,"[0, 1]",101.34999999999638,"[31, 31]","[0, 0]","[0, 0]",56
33,"[0, 1]",102.34999999999633,"[32, 32]","[0, 0]","[0, 0]",56
34,"[0, 1]",103.34999999999627,"[33, 33]","[0, 0]","[0, 0]",56
35,"[0, 1]",104.39999999999621,"[34, 34]","[0, 0]","[0, 0]",56
36,"[0, 1]",105.39999999999615,"[35, 35]","[0, 0]","[0, 0]",56
37,"[0, 1]",106.3999999999961,"[36, 36]","[0, 0]","[0, 0]",56
38,"[0, 1]",107.39999999999604,"[37, 37]","[0, 0]","[0, 0]",56
39,"[0, 1]",108.44999999999598,"[38, 38]","[0, 0]","[0, 0]",56
40,"[0, 1]",109.49999999999592,"[39, 39]","[0, 0]","[0, 0]",56
41,"[0, 1]",110.44999999999587,"[40, 40]","[0, 0]","[0, 0]",56
42,"[0, 1]",111.44999999999581,"[41, 41]","[0, 0]","[0, 0]",56
43,"[2, 1]",92.1999999999969,"[19, 22]","[35.35000000000013, 0]","[3.2999999999999963, 0]",56
44,"[0, 1]",112.54999999999575,"[42, 42]","[0, 0]","[0, 0]",56
45,"[0, 1]",113.59999999999569,"[44, 44]","[0, 0]","[0, 0]",56
46,"[0, 1]",114.59999999999563,"[45, 45]","[0, 0]","[0, 0]",56
47,"[0, 3]",145.59999999999886,"[46, -999]","[0, 0]","[0, 0]",56
48,"[0, 1]",118.34999999999542,"[47, 46]","[0, 0]","[0, 0]",56
49,"[0, 1]",119.44999999999536,"[48, 48]","[0, 0]","[0, 0]",56
50,"[0, 1]",120.5499999999953,"[49, 49]","[0, 0]","[0, 0]",56
51,"[0, 3]",151.60000000000022,"[50, 47]","[0, 0]","[0, 0]",56
52,"[0, 1]",124.34999999999508,"[51, 50]","[0, 0]","[0, 0]",56
53,"[0, 1]",125.39999999999502,"[52, 52]","[0, 0]","[0, 0]",56
54,"[0, 1]",126.39999999999496,"[53, 53]","[0, 0]","[0, 0]",56
55,"[2, 1]",93.74999999999682,"[43, 24]","[27.400000000000254, 0]","[2.3499999999999996, 0]",56
56,"[0, 1]",127.3999999999949,"[54, 54]","[0, 0]","[0, 0]",56
57,"[0, 1]",128.34999999999494,"[56, 56]","[0, 0]","[0, 0]",56
58,"[0, 1]",129.24999999999514,"[57, 57]","[0, 0]","[0, 0]",56
59,"[2, 3]",121.99999999999521,"[55, 20]","[22.450000000000184, 0]","[0, 0]",56
60,"[0, 1]",129.9499999999953,"[58, 58]","[0, 0]","[0, 0]",56
61,"[0, 1]",130.49999999999542,"[60, 60]","[0, 0]","[0, 0]",56
62,"[0, 1]",130.89999999999552,"[61, 61]","[0, 0]","[0, 0]",56
63,"[0, 1]",131.09999999999556,"[62, 62]","[0, 0]","[0, 0]",56
64,"[0, 1]",130.99999999999554,"[63, 63]","[0, 0]","[0, 0]",56
65,"[0, 1]",130.99999999999554,"[64, 64]","[0, 0]","[0, 0]",56
66,"[0, 1]",131.04999999999555,"[65, 65]","[0, 0]","[0, 0]",56
67,"[0, 1]",131.04999999999555,"[66, 66]","[0, 0]","[0, 0]",56
68,"[0, 1]",131.04999999999555,"[67, 67]","[0, 0]","[0, 0]",56
69,"[0, 1]",131.04999999999555,"[68, 68]","[0, 0]","[0, 0]",56
70,"[0, 1]",131.04999999999555,"[69, 69]","[0, 0]","[0, 0]",56
71,"[0, 1]",131.09999999999556,"[70, 70]","[0, 0]","[0, 0]",56
72,"[0, 1]",131.09999999999556,"[71, 71]","[0, 0]","[0, 0]",56
73,"[0, 1]",131.04999999999555,"[72, 72]","[0, 0]","[0, 0]",56
74,"[0, 1]",125.89999999999499,"[73, 73]","[0, 0]","[0, 0]",56
75,"[0, 1]",125.34999999999502,"[74, 74]","[0, 0]","[0, 0]",56
76,"[0, 3]",155.80000000000118,"[75, -999]","[0, 0]","[0, 0]",56
77,"[0, 1]",128.04999999999487,"[76, 75]","[0, 0]","[0, 0]",56
78,"[2, 3]",108.99999999999595,"[59, 59]","[3.899999999999994, 0]","[0, 0]",56
79,"[0, 1]",128.09999999999488,"[77, 77]","[0, 0]","[0, 0]",56
0,"[2, 1]",36.40000000000007,"[-999, -999]","[0, 0]","[0, 0]",57
1,"[2, 1]",38.09999999999997,"[0, 0]","[0, 0]","[0, 0]",57
2,"[2, 1]",39.89999999999987,"[1, 1]","[0, 0]","[0, 0]",57
3,"[2, 3]",69.24999999999821,"[2, -999]","[0, 0]","[0, 0]",57
4,"[2, 1]",37.74999999999999,"[3, 2]","[0, 0]","[0, 0]",57
5,"[2, 1]",39.54999999999989,"[4, 4]","[0, 0]","[0, 0]",57
6,"[2, 1]",41.34999999999979,"[5, 5]","[0, 0]","[0, 0]",57
7,"[2, 1]",43.29999999999968,"[6, 6]","[0, 0]","[0, 0]",57
8,"[0, 1]",74.7499999999979,"[-999, 27]","[0, 0]","[2.7499999999999982, 0]",57
9,"[0, 1]",75.74999999999784,"[8, 8]","[0, 0]","[0, 0]",57
10,"[0, 1]",76.74999999999778,"[9, 9]","[0, 0]","[0, 0]",57
11,"[0, 3]",107.69999999999602,"[10, 3]","[0, 0]","[0, 0]",57
12,"[0, 3]",110.04999999999589,"[11, 11]","[0, 0]","[0, 0]",57
13,"[0, 1]",81.54999999999751,"[12, 55]","[0, 0]","[0, 0]",57
14,"[0, 1]",82.64999999999745,"[13, 13]","[0, 0]","[0, 0]",57
15,"[0, 1]",83.69999999999739,"[14, 14]","[0, 0]","[0, 0]",57
16,"[2, 1]",44.84999999999959,"[7, 7]","[0, 0]","[0, 0]",57
17,"[0, 1]",84.79999999999733,"[15, 15]","[0, 0]","[0, 0]",57
18,"[0, 1]",85.79999999999727,"[17, 17]","[0, 0]","[0, 0]",57
19,"[0, 1]",86.79999999999721,"[18, 18]","[0, 0]","[0, 0]",57
20,"[0, 1]",87.79999999999715,"[19, 19]","[0, 0]","[0, 0]",57
21,"[0, 1]",88.89999999999709,"[20, 20]","[0, 0]","[0, 0]",57
22,"[0, 1]",89.89999999999704,"[21, 21]","[0, 0]","[0, 0]",57
23,"[0, 1]",90.94999999999698,"[22, 22]","[0, 0]","[0, 0]",57
24,"[0, 1]",91.99999999999692,"[23, 23]","[0, 0]","[0, 0]",57
25,"[0, 1]",93.09999999999685,"[24, 24]","[0, 0]","[0, 0]",57
26,"[0, 1]",94.0499999999968,"[25, 25]","[0, 0]","[0, 0]",57
27,"[2, 1]",46.29999999999951,"[16, 16]","[0, 0]","[0, 0]",57
28,"[0, 1]",95.04999999999674,"[26, 26]","[0, 0]","[0, 0]",57
29,"[0, 1]",96.14999999999668,"[28, 28]","[0, 0]","[0, 0]",57
30,"[0, 1]",97.19999999999662,"[29, 29]","[0, 0]","[0, 0]",57
31,"[0, 1]",98.24999999999656,"[30, 30]","[0, 0]","[0, 0]",57
32,"[0, 1]",99.2999999999965,"[31, 31]","[0, 0]","[0, 0]",57
33,"[0, 1]",100.39999999999644,"[32, 32]","[0, 0]","[0, 0]",57
34,"[0, 1]",101.44999999999638,"[33, 33]","[0, 0]","[0, 0]",57
35,"[0, 1]",102.44999999999632,"[34, 34]","[0, 0]","[0, 0]",57
36,"[0, 1]",103.44999999999627,"[35, 35]","[0, 0]","[0, 0]",57
37,"[0, 1]",104.4999999999962,"[36, 36]","[0, 0]","[0, 0]",57
38,"[0, 3]",135.44999999999655,"[37, -999]","[0, 0]","[0, 0]",57
39,"[0, 1]",108.149999999996,"[38, 37]","[0, 0]","[0, 0]",57
40,"[0, 1]",109.24999999999594,"[39, 39]","[0, 0]","[0, 0]",57
41,"[0, 1]",110.34999999999587,"[40, 40]","[0, 0]","[0, 0]",57
42,"[0, 1]",111.39999999999581,"[41, 41]","[0, 0]","[0, 0]",57
43,"[0, 1]",112.44999999999575,"[42, 42]","[0, 0]","[0, 0]",57
44,"[0, 1]",113.4999999999957,"[43, 43]","[0, 0]","[0, 0]",57
45,"[0, 3]",144.4499999999986,"[44, 38]","[0, 0]","[0, 0]",57
46,"[0, 1]",117.24999999999548,"[45, 44]","[0, 0]","[0, 0]",57
47,"[0, 1]",118.34999999999542,"[46, 46]","[0, 0]","[0, 0]",57
48,"[0, 1]",119.44999999999536,"[47, 47]","[0, 0]","[0, 0]",57
49,"[0, 1]",120.4999999999953,"[48, 48]","[0, 0]","[0, 0]",57
50,"[0, 3]",151.4500000000002,"[49, 45]","[0, 0]","[0, 0]",57
51,"[0, 1]",124.14999999999509,"[50, 49]","[0, 0]","[0, 0]",57
52,"[0, 1]",125.24999999999503,"[51, 51]","[0, 0]","[0, 0]",57
53,"[0, 1]",126.34999999999496,"[52, 52]","[0, 0]","[0, 0]",57
54,"[0, 3]",157.35000000000153,"[53, 50]","[0, 0]","[0, 0]",57
55,"[2, 1]",38.599999999999945,"[27, 10]","[0, 0]","[0, 0]",57
56,"[0, 1]",130.04999999999532,"[54, 53]","[0, 0]","[0, 0]",57
57,"[0, 1]",131.09999999999556,"[56, 56]","[0, 0]","[0, 0]",57
58,"[0, 1]",132.0999999999958,"[57, 57]","[0, 0]","[0, 0]",57
59,"[0, 3]",162.9000000000028,"[58, 54]","[0, 0]","[0, 0]",57
60,"[0, 1]",135.39999999999654,"[59, 58]","[0, 0]","[0, 0]",57
61,"[0, 1]",135.99999999999667,"[60, 60]","[0, 0]","[0, 0]",57
62,"[0, 1]",136.29999999999674,"[61, 61]","[0, 0]","[0, 0]",57
63,"[0, 1]",136.29999999999674,"[62, 62]","[0, 0]","[0, 0]",57
64,"[0, 1]",131.34999999999562,"[63, 63]","[0, 0]","[0, 0]",57
65,"[0, 1]",130.64999999999546,"[64, 64]","[0.6, 0]","[0, 0]",57
66,"[0, 1]",131.2499999999956,"[65, 65]","[1.1500000000000004, 0]","[0, 0]",57
67,"[0, 1]",131.84999999999573,"[66, 66]","[1.6000000000000008, 0]","[0, 0]",57
68,"[0, 3]",162.20000000000263,"[67, 59]","[1.900000000000001, 0]","[0, 0]",57
69,"[0, 1]",134.2999999999963,"[68, 67]","[2.1500000000000004, 0]","[0, 0]",57
70,"[0, 1]",134.89999999999642,"[69, 69]","[1.6000000000000008, 0]","[0, 0]",57
71,"[0, 1]",129.4999999999952,"[70, 70]","[0, 0]","[0, 0]",57
72,"[0, 1]",129.59999999999522,"[71, 71]","[0, 0]","[0, 0]",57
73,"[0, 1]",130.3499999999954,"[72, 72]","[0, 0]","[0, 0]",57
74,"[0, 1]",131.09999999999556,"[73, 73]","[0, 0]","[0, 0]",57
75,"[0, 1]",131.6999999999957,"[74, 74]","[0, 0]","[0, 0]",57
76,"[0, 1]",131.99999999999577,"[75, 75]","[0, 0]","[0, 0]",57
77,"[0, 1]",129.5499999999952,"[76, 76]","[0, 0]","[0, 0]",57
78,"[2, 3]",68.19999999999827,"[11, 12]","[0, 0]","[0, 0]",57
79,"[0, 1]",129.19999999999513,"[77, 77]","[0, 0]","[0, 0]",57
0,"[2, 1]",36.40000000000007,"[-999, -999]","[0, 0]","[0, 0]",58
1,"[2, 1]",38.09999999999997,"[0, 0]","[0, 0]","[0, 0]",58
2,"[2, 1]",39.89999999999987,"[1, 1]","[0, 0]","[0, 0]",58
3,"[2, 3]",69.24999999999821,"[2, -999]","[0, 0]","[0, 0]",58
4,"[2, 1]",37.74999999999999,"[3, 2]","[0, 0]","[0, 0]",58
5,"[2, 1]",39.54999999999989,"[4, 4]","[0, 0]","[0, 0]",58
6,"[2, 1]",41.34999999999979,"[5, 5]","[0, 0]","[0, 0]",58
7,"[2, 1]",43.29999999999968,"[6, 6]","[0, 0]","[0, 0]",58
8,"[2, 1]",44.84999999999959,"[7, 7]","[0, 0]","[0, 0]",58
9,"[2, 3]",74.7999999999979,"[8, 3]","[0, 0]","[0, 0]",58
10,"[0, 1]",67.6499999999983,"[-999, 8]","[0, 0]","[0, 0]",58
11,"[0, 3]",100.59999999999643,"[10, 9]","[0, 0]","[0, 0]",58
12,"[2, 1]",48.249999999999396,"[9, 10]","[0, 0]","[0, 0]",58
13,"[0, 1]",75.49999999999785,"[11, 27]","[0, 0]","[0, 0]",58
14,"[0, 1]",82.04999999999748,"[13, 55]","[3.5499999999999954, 0]","[3.5499999999999954, 0]",58
15,"[0, 1]",81.54999999999751,"[14, 14]","[0, 0]","[0, 0]",58
16,"[0, 1]",82.29999999999747,"[15, 15]","[0, 0]","[0, 0]",58
17,"[0, 3]",110.14999999999588,"[16, 11]","[0, 0]","[0, 0]",58
18,"[0, 1]",82.84999999999744,"[17, 16]","[0, 0]","[0, 0]",58
19,"[0, 3]",114.99999999999561,"[18, 78]","[0, 0]","[0, 0]",58
20,"[0, 1]",86.14999999999725,"[19, 18]","[0, 0]","[0, 0]",58
21,"[0, 1]",87.19999999999719,"[20, 20]","[0, 0]","[0, 0]",58
22,"[0, 1]",88.24999999999713,"[21, 21]","[0, 0]","[0, 0]",58
23,"[0, 1]",89.34999999999707,"[22, 22]","[0, 0]","[0, 0]",58
24,"[0, 1]",90.39999999999701,"[23, 23]","[0, 0]","[0, 0]",58
25,"[0, 1]",91.39999999999695,"[24, 24]","[0, 0]","[0, 0]",58
26,"[0, 1]",92.44999999999689,"[25, 25]","[0, 0]","[0, 0]",58
27,"[2, 1]",48.949999999999356,"[12, 12]","[0, 0]","[0, 0]",58
28,"[0, 1]",93.49999999999683,"[26, 26]","[0, 0]","[0, 0]",58
29,"[0, 1]",94.49999999999677,"[28, 28]","[0, 0]","[0, 0]",58
30,"[0, 1]",95.49999999999672,"[29, 29]","[0, 0]","[0, 0]",58
31,"[0, 1]",96.59999999999665,"[30, 30]","[0, 0]","[0, 0]",58
32,"[0, 1]",97.5999999999966,"[31, 31]","[0, 0]","[0, 0]",58
33,"[0, 1]",98.69999999999654,"[32, 32]","[0, 0]","[0, 0]",58
34,"[0, 1]",99.64999999999648,"[33, 33]","[0, 0]","[0, 0]",58
35,"[0, 1]",100.69999999999642,"[34, 34]","[0, 0]","[0, 0]",58
36,"[0, 1]",101.69999999999636,"[35, 35]","[0, 0]","[0, 0]",58
37,"[0, 1]",102.69999999999631,"[36, 36]","[0, 0]","[0, 0]",58
38,"[0, 3]",133.64999999999614,"[37, -999]","[0, 0]","[0, 0]",58
39,"[0, 1]",106.49999999999609,"[38, 37]","[0, 0]","[0, 0]",58
40,"[0, 1]",107.59999999999603,"[39, 39]","[0, 0]","[0, 0]",58
41,"[0, 1]",108.69999999999597,"[40, 40]","[0, 0]","[0, 0]",58
42,"[0, 1]",109.74999999999591,"[41, 41]","[0, 0]","[0, 0]",58
43,"[0, 1]",110.79999999999585,"[42, 42]","[0, 0]","[0, 0]",58
44,"[0, 1]",111.79999999999579,"[43, 43]","[0, 0]","[0, 0]",58
45,"[0, 1]",112.84999999999573,"[44, 44]","[0, 0]","[0, 0]",58
46,"[0, 1]",113.94999999999567,"[45, 45]","[0, 0]","[0, 0]",58
47,"[0, 3]",144.8499999999987,"[46, 38]","[0, 0]","[0, 0]",58
48,"[0, 1]",117.59999999999546,"[47, 46]","[0, 0]","[0, 0]",58
49,"[0, 1]",118.7499999999954,"[48, 48]","[0, 0]","[0, 0]",58
50,"[0, 1]",119.89999999999533,"[49, 49]","[0, 0]","[0, 0]",58
51,"[0, 3]",150.90000000000006,"[50, 47]","[0, 0]","[0, 0]",58
52,"[0, 1]",123.64999999999512,"[51, 50]","[0, 0]","[0, 0]",58
53,"[0, 1]",124.79999999999505,"[52, 52]","[0, 0]","[0, 0]",58
54,"[0, 1]",125.89999999999499,"[53, 53]","[0, 0]","[0, 0]",58
55,"[2, 1]",39.3499999999999,"[27, 13]","[0, 0]","[0, 0]",58
56,"[0, 1]",126.89999999999493,"[54, 54]","[0, 0]","[0, 0]",58
57,"[0, 1]",127.89999999999488,"[56, 56]","[0, 0]","[0, 0]",58
58,"[0, 1]",128.94999999999507,"[57, 57]","[0, 0]","[0, 0]",58
59,"[0, 3]",159.8500000000021,"[58, 51]","[0, 0]","[0, 0]",58
60,"[0, 1]",132.39999999999586,"[59, 58]","[0, 0]","[0, 0]",58
61,"[0, 1]",133.34999999999607,"[60, 60]","[0, 0]","[0, 0]",58
62,"[0, 1]",133.99999999999622,"[61, 61]","[0, 0]","[0, 0]",58
63,"[0, 1]",134.3999999999963,"[62, 62]","[0, 0]","[0, 0]",58
64,"[0, 1]",130.04999999999532,"[63, 63]","[0, 0]","[0, 0]",58
65,"[0, 1]",129.19999999999513,"[64, 64]","[0, 0]","[0, 0]",58
66,"[0, 1]",129.69999999999524,"[65, 65]","[0, 0]","[0, 0]",58
67,"[0, 1]",130.24999999999537,"[66, 66]","[0, 0]","[0, 0]",58
68,"[0, 1]",130.59999999999545,"[67, 67]","[0, 0]","[0, 0]",58
69,"[0, 1]",130.94999999999553,"[68, 68]","[0, 0]","[0, 0]",58
70,"[0, 1]",131.49999999999565,"[69, 69]","[0, 0]","[0, 0]",58
71,"[0, 1]",132.1499999999958,"[70, 70]","[0, 0]","[0, 0]",58
72,"[0, 1]",132.5999999999959,"[71, 71]","[0, 0]","[0, 0]",58
73,"[0, 1]",128.84999999999505,"[72, 72]","[0, 0]","[0, 0]",58
74,"[0, 1]",127.4999999999949,"[73, 73]","[0, 0]","[0, 0]",58
75,"[0, 1]",127.84999999999488,"[74, 74]","[0, 0]","[0, 0]",58
76,"[0, 1]",128.29999999999492,"[75, 75]","[0, 0]","[0, 0]",58
77,"[0, 3]",158.1500000000017,"[76, -999]","[0, 0]","[0, 0]",58
78,"[2, 3]",69.59999999999819,"[11, 17]","[0, 0]","[0, 0]",58
79,"[0, 1]",129.5499999999952,"[77, 76]","[0, 0]","[0, 0]",58
0,"[2, 1]",36.40000000000007,"[-999, -999]","[0, 0]","[0, 0]",59
1,"[2, 1]",38.09999999999997,"[0, 0]","[0, 0]","[0, 0]",59
2,"[2, 1]",39.89999999999987,"[1, 1]","[0, 0]","[0, 0]",59
3,"[2, 1]",41.79999999999976,"[2, 2]","[0, 0]","[0, 0]",59
4,"[2, 1]",43.54999999999966,"[3, 3]","[0, 0]","[0, 0]",59
5,"[2, 1]",45.04999999999958,"[4, 4]","[0, 0]","[0, 0]",59
6,"[2, 1]",46.349999999999504,"[5, 5]","[0, 0]","[0, 0]",59
7,"[2, 1]",47.34999999999945,"[6, 6]","[0, 0]","[0, 0]",59
8,"[2, 1]",48.449999999999385,"[7, 7]","[0, 0]","[0, 0]",59
9,"[2, 1]",65.64999999999841,"[8, 12]","[9.750000000000004, 0]","[9.750000000000004, 0]",59
10,"[0, 1]",71.39999999999809,"[-999, 8]","[0, 0]","[0, 0]",59
11,"[0, 1]",72.59999999999802,"[10, 10]","[0, 0]","[0, 0]",59
12,"[0, 1]",73.64999999999796,"[11, 11]","[0, 0]","[0, 0]",59
13,"[0, 1]",85.1499999999973,"[12, 55]","[5.299999999999989, 0]","[5.299999999999989, 0]",59
14,"[0, 1]",84.59999999999734,"[13, 13]","[0, 0]","[0, 0]",59
15,"[0, 1]",85.2999999999973,"[14, 14]","[0, 0]","[0, 0]",59
16,"[0, 1]",86.24999999999724,"[15, 15]","[0, 0]","[0, 0]",59
17,"[0, 1]",87.24999999999719,"[16, 16]","[0, 0]","[0, 0]",59
18,"[0, 1]",88.29999999999713,"[17, 17]","[0, 0]","[0, 0]",59
19,"[0, 1]",89.29999999999707,"[18, 18]","[0, 0]","[0, 0]",59
20,"[0, 1]",90.34999999999701,"[19, 19]","[0, 0]","[0, 0]",59
21,"[0, 1]",91.29999999999696,"[20, 20]","[0, 0]","[0, 0]",59
22,"[0, 1]",92.3999999999969,"[21, 21]","[0, 0]","[0, 0]",59
23,"[0, 1]",93.49999999999683,"[22, 22]","[0, 0]","[0, 0]",59
24,"[0, 1]",94.44999999999678,"[23, 23]","[0, 0]","[0, 0]",59
25,"[0, 1]",95.44999999999672,"[24, 24]","[0, 0]","[0, 0]",59
26,"[0, 1]",96.49999999999666,"[25, 25]","[0, 0]","[0, 0]",59
27,"[0, 1]",97.4999999999966,"[26, 26]","[0, 0]","[0, 0]",59
28,"[0, 1]",98.49999999999655,"[27, 27]","[0, 0]","[0, 0]",59
29,"[0, 1]",99.59999999999648,"[28, 28]","[0, 0]","[0, 0]",59
30,"[0, 1]",100.59999999999643,"[29, 29]","[0, 0]","[0, 0]",59
31,"[0, 1]",101.64999999999637,"[30, 30]","[0, 0]","[0, 0]",59
32,"[0, 1]",102.7499999999963,"[31, 31]","[0, 0]","[0, 0]",59
33,"[0, 1]",103.74999999999625,"[32, 32]","[0, 0]","[0, 0]",59
34,"[0, 1]",104.74999999999619,"[33, 33]","[0, 0]","[0, 0]",59
35,"[0, 1]",105.74999999999613,"[34, 34]","[0, 0]","[0, 0]",59
36,"[0, 1]",106.74999999999608,"[35, 35]","[0, 0]","[0, 0]",59
37,"[0, 1]",107.79999999999602,"[36, 36]","[0, 0]","[0, 0]",59
38,"[0, 3]",136.29999999999674,"[37, -999]","[0, 0]","[0, 0]",59
39,"[0, 1]",108.99999999999595,"[38, 37]","[0, 0]","[0, 0]",59
40,"[0, 1]",110.09999999999589,"[39, 39]","[0, 0]","[0, 0]",59
41,"[0, 1]",111.24999999999582,"[40, 40]","[0, 0]","[0, 0]",59
42,"[0, 1]",112.24999999999577,"[41, 41]","[0, 0]","[0, 0]",59
43,"[0, 1]",113.24999999999571,"[42, 42]","[0, 0]","[0, 0]",59
44,"[0, 1]",114.34999999999565,"[43, 43]","[0, 0]","[0, 0]",59
45,"[0, 3]",145.3499999999988,"[44, 38]","[0, 0]","[0, 0]",59
46,"[0, 1]",118.09999999999543,"[45, 44]","[0, 0]","[0, 0]",59
47,"[0, 1]",119.19999999999537,"[46, 46]","[0, 0]","[0, 0]",59
48,"[0, 1]",120.29999999999531,"[47, 47]","[0, 0]","[0, 0]",59
49,"[0, 1]",121.39999999999525,"[48, 48]","[0, 0]","[0, 0]",59
50,"[0, 1]",122.39999999999519,"[49, 49]","[0, 0]","[0, 0]",59
51,"[0, 1]",123.39999999999513,"[50, 50]","[0, 0]","[0, 0]",59
52,"[0, 1]",124.44999999999507,"[51, 51]","[0, 0]","[0, 0]",59
53,"[0, 1]",125.44999999999501,"[52, 52]","[0, 0]","[0, 0]",59
54,"[0, 3]",156.3500000000013,"[53, 45]","[0, 0]","[0, 0]",59
55,"[2, 1]",43.94999999999964,"[9, 9]","[0, 0]","[0, 0]",59
56,"[0, 1]",128.89999999999506,"[54, 53]","[0, 0]","[0, 0]",59
57,"[0, 1]",129.64999999999523,"[56, 56]","[0, 0]","[0, 0]",59
58,"[0, 1]",130.24999999999537,"[57, 57]","[0, 0]","[0, 0]",59
59,"[0, 3]",160.45000000000223,"[58, 54]","[0, 0]","[0, 0]",59
60,"[0, 1]",132.24999999999582,"[59, 58]","[0, 0]","[0, 0]",59
61,"[0, 1]",132.34999999999584,"[60, 60]","[0, 0]","[0, 0]",59
62,"[0, 1]",132.39999999999586,"[61, 61]","[0, 0]","[0, 0]",59
63,"[0, 1]",132.44999999999587,"[62, 62]","[0, 0]","[0, 0]",59
64,"[0, 1]",132.49999999999588,"[63, 63]","[0, 0]","[0, 0]",59
65,"[0, 1]",132.5999999999959,"[64, 64]","[0.3, 0]","[0, 0]",59
66,"[0, 1]",131.59999999999567,"[65, 65]","[1.0500000000000003, 0]","[0, 0]",59
67,"[0, 1]",128.84999999999505,"[66, 66]","[1.4500000000000006, 0]","[0, 0]",59
68,"[0, 1]",129.24999999999514,"[67, 67]","[1.7500000000000009, 0]","[0, 0]",59
69,"[0, 3]",159.95000000000212,"[68, -999]","[1.5000000000000007, 0]","[0, 0]",59
70,"[0, 1]",132.49999999999588,"[69, 68]","[0.8000000000000002, 0]","[0, 0]",59
71,"[0, 1]",128.1499999999949,"[70, 70]","[0, 0]","[0, 0]",59
72,"[0, 1]",128.2499999999949,"[71, 71]","[0, 0]","[0, 0]",59
73,"[0, 1]",129.0499999999951,"[72, 72]","[0, 0]","[0, 0]",59
74,"[0, 1]",129.79999999999526,"[73, 73]","[0, 0]","[0, 0]",59
75,"[0, 1]",130.29999999999538,"[74, 74]","[0, 0]","[0, 0]",59
76,"[0, 1]",130.8499999999955,"[75, 75]","[0, 0]","[0, 0]",59
77,"[0, 1]",131.54999999999566,"[76, 76]","[0, 0]","[0, 0]",59
78,"[0, 1]",132.24999999999582,"[77, 77]","[0, 0]","[0, 0]",59
79,"[0, 1]",132.69999999999592,"[78, 78]","[0, 0]","[0, 0]",59
0,"[2, 1]",36.40000000000007,"[-999, -999]","[0, 0]","[0, 0]",60
1,"[2, 1]",38.09999999999997,"[0, 0]","[0, 0]","[0, 0]",60
2,"[2, 1]",39.89999999999987,"[1, 1]","[0, 0]","[0, 0]",60
3,"[2, 1]",41.79999999999976,"[2, 2]","[0, 0]","[0, 0]",60
4,"[2, 1]",43.54999999999966,"[3, 3]","[0, 0]","[0, 0]",60
5,"[2, 1]",45.04999999999958,"[4, 4]","[0, 0]","[0, 0]",60
6,"[2, 1]",46.349999999999504,"[5, 5]","[0, 0]","[0, 0]",60
7,"[2, 1]",47.34999999999945,"[6, 6]","[0, 0]","[0, 0]",60
8,"[2, 3]",74.04999999999794,"[7, -999]","[0, 0]","[0, 0]",60
9,"[2, 3]",76.99999999999777,"[8, 8]","[0, 0]","[0, 0]",60
10,"[0, 1]",67.5999999999983,"[-999, 7]","[0, 0]","[0, 0]",60
11,"[0, 3]",100.9999999999964,"[10, 9]","[0, 0]","[0, 0]",60
12,"[0, 3]",102.49999999999632,"[11, 11]","[0, 0]","[0, 0]",60
13,"[0, 1]",71.84999999999806,"[12, 27]","[0, 0]","[0, 0]",60
14,"[0, 1]",78.44999999999769,"[13, 55]","[3.2499999999999964, 0]","[3.2499999999999964, 0]",60
15,"[0, 1]",77.89999999999772,"[14, 14]","[0, 0]","[0, 0]",60
16,"[0, 1]",78.59999999999768,"[15, 15]","[0, 0]","[0, 0]",60
17,"[0, 1]",79.54999999999762,"[16, 16]","[0, 0]","[0, 0]",60
18,"[0, 1]",80.64999999999756,"[17, 17]","[0, 0]","[0, 0]",60
19,"[0, 1]",81.59999999999751,"[18, 18]","[0, 0]","[0, 0]",60
20,"[0, 3]",112.54999999999575,"[19, 78]","[0, 0]","[0, 0]",60
21,"[0, 1]",85.09999999999731,"[20, 19]","[0, 0]","[0, 0]",60
22,"[0, 1]",86.29999999999724,"[21, 21]","[0, 0]","[0, 0]",60
23,"[0, 1]",87.39999999999718,"[22, 22]","[0, 0]","[0, 0]",60
24,"[0, 1]",88.39999999999712,"[23, 23]","[0, 0]","[0, 0]",60
25,"[0, 1]",89.39999999999706,"[24, 24]","[0, 0]","[0, 0]",60
26,"[0, 1]",90.449999999997,"[25, 25]","[0, 0]","[0, 0]",60
27,"[2, 1]",48.449999999999385,"[9, 10]","[0, 0]","[0, 0]",60
28,"[0, 1]",91.49999999999694,"[26, 26]","[0, 0]","[0, 0]",60
29,"[0, 1]",92.49999999999689,"[28, 28]","[0, 0]","[0, 0]",60
30,"[0, 1]",93.59999999999683,"[29, 29]","[0, 0]","[0, 0]",60
31,"[0, 1]",94.59999999999677,"[30, 30]","[0, 0]","[0, 0]",60
32,"[0, 1]",95.59999999999671,"[31, 31]","[0, 0]","[0, 0]",60
33,"[0, 1]",96.59999999999665,"[32, 32]","[0, 0]","[0, 0]",60
34,"[0, 1]",97.6499999999966,"[33, 33]","[0, 0]","[0, 0]",60
35,"[0, 1]",98.64999999999654,"[34, 34]","[0, 0]","[0, 0]",60
36,"[0, 1]",99.69999999999648,"[35, 35]","[0, 0]","[0, 0]",60
37,"[0, 1]",100.74999999999642,"[36, 36]","[0, 0]","[0, 0]",60
38,"[0, 3]",131.64999999999569,"[37, -999]","[0, 0]","[0, 0]",60
39,"[0, 1]",104.44999999999621,"[38, 37]","[0, 0]","[0, 0]",60
40,"[0, 1]",105.54999999999615,"[39, 39]","[0, 0]","[0, 0]",60
41,"[0, 1]",106.64999999999608,"[40, 40]","[0, 0]","[0, 0]",60
42,"[0, 1]",107.74999999999602,"[41, 41]","[0, 0]","[0, 0]",60
43,"[0, 1]",108.74999999999596,"[42, 42]","[0, 0]","[0, 0]",60
44,"[0, 1]",109.74999999999591,"[43, 43]","[0, 0]","[0, 0]",60
45,"[0, 1]",110.84999999999584,"[44, 44]","[0, 0]","[0, 0]",60
46,"[0, 1]",111.89999999999579,"[45, 45]","[0, 0]","[0, 0]",60
47,"[0, 1]",112.89999999999573,"[46, 46]","[0, 0]","[0, 0]",60
48,"[0, 1]",113.89999999999567,"[47, 47]","[0, 0]","[0, 0]",60
49,"[0, 1]",114.94999999999561,"[48, 48]","[0, 0]","[0, 0]",60
50,"[0, 1]",115.94999999999555,"[49, 49]","[0, 0]","[0, 0]",60
51,"[0, 1]",116.9499999999955,"[50, 50]","[0, 0]","[0, 0]",60
52,"[0, 1]",117.94999999999544,"[51, 51]","[0, 0]","[0, 0]",60
53,"[0, 1]",119.04999999999538,"[52, 52]","[0, 0]","[0, 0]",60
54,"[0, 1]",119.99999999999532,"[53, 53]","[0, 0]","[0, 0]",60
55,"[2, 1]",40.549999999999834,"[27, 13]","[0, 0]","[0, 0]",60
56,"[0, 1]",121.04999999999526,"[54, 54]","[0, 0]","[0, 0]",60
57,"[0, 1]",122.04999999999521,"[56, 56]","[0, 0]","[0, 0]",60
58,"[0, 1]",123.09999999999515,"[57, 57]","[0, 0]","[0, 0]",60
59,"[0, 3]",153.95000000000076,"[58, -999]","[0, 0]","[0, 0]",60
60,"[0, 1]",126.69999999999494,"[59, 58]","[0, 0]","[0, 0]",60
61,"[0, 1]",127.74999999999488,"[60, 60]","[0, 0]","[0, 0]",60
62,"[0, 1]",128.74999999999503,"[61, 61]","[0, 0]","[0, 0]",60
63,"[0, 1]",129.4999999999952,"[62, 62]","[0, 0]","[0, 0]",60
64,"[0, 1]",125.94999999999499,"[63, 63]","[0, 0]","[0, 0]",60
65,"[0, 1]",125.19999999999503,"[64, 64]","[0, 0]","[0, 0]",60
66,"[0, 1]",125.799999999995,"[65, 65]","[0, 0]","[0, 0]",60
67,"[0, 1]",126.44999999999496,"[66, 66]","[0, 0]","[0, 0]",60
68,"[0, 3]",156.65000000000137,"[67, 59]","[0, 0]","[0, 0]",60
69,"[0, 1]",128.74999999999503,"[68, 67]","[0, 0]","[0, 0]",60
70,"[0, 1]",129.44999999999519,"[69, 69]","[0, 0]","[0, 0]",60
71,"[0, 1]",130.19999999999536,"[70, 70]","[0, 0]","[0, 0]",60
72,"[0, 1]",130.74999999999548,"[71, 71]","[0, 0]","[0, 0]",60
73,"[0, 1]",130.8499999999955,"[72, 72]","[0, 0]","[0, 0]",60
74,"[0, 1]",130.74999999999548,"[73, 73]","[0, 0]","[0, 0]",60
75,"[0, 1]",130.94999999999553,"[74, 74]","[0, 0]","[0, 0]",60
76,"[0, 1]",131.04999999999555,"[75, 75]","[0, 0]","[0, 0]",60
77,"[0, 1]",130.94999999999553,"[76, 76]","[0, 0]","[0, 0]",60
78,"[2, 3]",67.94999999999828,"[12, 12]","[0, 0]","[0, 0]",60
79,"[0, 1]",130.94999999999553,"[77, 77]","[0, 0]","[0, 0]",60
0,"[2, 1]",36.40000000000007,"[-999, -999]","[0, 0]","[0, 0]",61
1,"[2, 1]",38.09999999999997,"[0, 0]","[0, 0]","[0, 0]",61
2,"[2, 1]",39.89999999999987,"[1, 1]","[0, 0]","[0, 0]",61
3,"[2, 3]",69.24999999999821,"[2, -999]","[0, 0]","[0, 0]",61
4,"[2, 1]",37.74999999999999,"[3, 2]","[0, 0]","[0, 0]",61
5,"[2, 1]",39.54999999999989,"[4, 4]","[0, 0]","[0, 0]",61
6,"[2, 1]",41.34999999999979,"[5, 5]","[0, 0]","[0, 0]",61
7,"[2, 1]",43.29999999999968,"[6, 6]","[0, 0]","[0, 0]",61
8,"[2, 1]",44.84999999999959,"[7, 7]","[0, 0]","[0, 0]",61
9,"[2, 3]",74.7999999999979,"[8, 3]","[0, 0]","[0, 0]",61
10,"[0, 1]",67.6499999999983,"[-999, 8]","[0, 0]","[0, 0]",61
11,"[0, 1]",73.94999999999794,"[10, 27]","[0, 0]","[0, 0]",61
12,"[0, 3]",104.4999999999962,"[11, 9]","[0, 0]","[0, 0]",61
13,"[0, 1]",80.94999999999754,"[12, 55]","[3.599999999999995, 0]","[3.599999999999995, 0]",61
14,"[0, 1]",80.44999999999757,"[13, 13]","[0, 0]","[0, 0]",61
15,"[0, 1]",81.19999999999753,"[14, 14]","[0, 0]","[0, 0]",61
16,"[0, 1]",82.19999999999747,"[15, 15]","[0, 0]","[0, 0]",61
17,"[0, 3]",110.09999999999589,"[16, 12]","[0, 0]","[0, 0]",61
18,"[0, 1]",82.84999999999744,"[17, 16]","[0, 0]","[0, 0]",61
19,"[0, 1]",83.89999999999738,"[18, 18]","[0, 0]","[0, 0]",61
20,"[0, 1]",84.99999999999731,"[19, 19]","[0, 0]","[0, 0]",61
21,"[0, 1]",86.04999999999725,"[20, 20]","[0, 0]","[0, 0]",61
22,"[0, 1]",87.0999999999972,"[21, 21]","[0, 0]","[0, 0]",61
23,"[0, 1]",88.14999999999714,"[22, 22]","[0, 0]","[0, 0]",61
24,"[0, 1]",89.19999999999708,"[23, 23]","[0, 0]","[0, 0]",61
25,"[0, 1]",90.24999999999702,"[24, 24]","[0, 0]","[0, 0]",61
26,"[0, 1]",91.24999999999696,"[25, 25]","[0, 0]","[0, 0]",61
27,"[2, 1]",48.29999999999939,"[9, 10]","[0, 0]","[0, 0]",61
28,"[0, 1]",92.2499999999969,"[26, 26]","[0, 0]","[0, 0]",61
29,"[0, 1]",93.24999999999685,"[28, 28]","[0, 0]","[0, 0]",61
30,"[0, 1]",94.34999999999678,"[29, 29]","[0, 0]","[0, 0]",61
31,"[0, 1]",95.44999999999672,"[30, 30]","[0, 0]","[0, 0]",61
32,"[0, 1]",96.39999999999667,"[31, 31]","[0, 0]","[0, 0]",61
33,"[0, 1]",97.39999999999661,"[32, 32]","[0, 0]","[0, 0]",61
34,"[0, 1]",98.49999999999655,"[33, 33]","[0, 0]","[0, 0]",61
35,"[0, 1]",99.44999999999649,"[34, 34]","[0, 0]","[0, 0]",61
36,"[0, 1]",100.44999999999644,"[35, 35]","[0, 0]","[0, 0]",61
37,"[0, 1]",101.49999999999638,"[36, 36]","[0, 0]","[0, 0]",61
38,"[0, 3]",132.44999999999587,"[37, -999]","[0, 0]","[0, 0]",61
39,"[0, 1]",105.19999999999617,"[38, 37]","[0, 0]","[0, 0]",61
40,"[0, 1]",106.3499999999961,"[39, 39]","[0, 0]","[0, 0]",61
41,"[0, 1]",107.44999999999604,"[40, 40]","[0, 0]","[0, 0]",61
42,"[0, 1]",108.49999999999598,"[41, 41]","[0, 0]","[0, 0]",61
43,"[0, 1]",109.49999999999592,"[42, 42]","[0, 0]","[0, 0]",61
44,"[0, 1]",110.49999999999586,"[43, 43]","[0, 0]","[0, 0]",61
45,"[0, 1]",111.5499999999958,"[44, 44]","[0, 0]","[0, 0]",61
46,"[0, 1]",112.59999999999575,"[45, 45]","[0, 0]","[0, 0]",61
47,"[0, 1]",113.64999999999569,"[46, 46]","[0, 0]","[0, 0]",61
48,"[0, 1]",114.64999999999563,"[47, 47]","[0, 0]","[0, 0]",61
49,"[0, 1]",115.69999999999557,"[48, 48]","[0, 0]","[0, 0]",61
50,"[0, 1]",116.69999999999551,"[49, 49]","[0, 0]","[0, 0]",61
51,"[0, 1]",117.69999999999546,"[50, 50]","[0, 0]","[0, 0]",61
52,"[0, 1]",118.6999999999954,"[51, 51]","[0, 0]","[0, 0]",61
53,"[0, 1]",119.79999999999534,"[52, 52]","[0, 0]","[0, 0]",61
54,"[0, 1]",120.89999999999527,"[53, 53]","[0, 0]","[0, 0]",61
55,"[2, 1]",36.850000000000044,"[27, 11]","[0, 0]","[0, 0]",61
56,"[0, 1]",121.89999999999522,"[54, 54]","[0, 0]","[0, 0]",61
57,"[0, 1]",122.84999999999516,"[56, 56]","[0, 0]","[0, 0]",61
58,"[0, 1]",123.8499999999951,"[57, 57]","[0, 0]","[0, 0]",61
59,"[0, 1]",124.84999999999505,"[58, 58]","[0, 0]","[0, 0]",61
60,"[0, 1]",125.84999999999499,"[59, 59]","[0, 0]","[0, 0]",61
61,"[0, 1]",126.74999999999494,"[60, 60]","[0, 0]","[0, 0]",61
62,"[0, 1]",127.59999999999489,"[61, 61]","[0, 0]","[0, 0]",61
63,"[0, 1]",128.2499999999949,"[62, 62]","[0, 0]","[0, 0]",61
64,"[0, 1]",124.29999999999508,"[63, 63]","[0, 0]","[0, 0]",61
65,"[0, 1]",123.54999999999512,"[64, 64]","[0, 0]","[0, 0]",61
66,"[0, 1]",124.0499999999951,"[65, 65]","[0, 0]","[0, 0]",61
67,"[0, 1]",124.69999999999506,"[66, 66]","[0, 0]","[0, 0]",61
68,"[0, 1]",124.89999999999505,"[67, 67]","[0, 0]","[0, 0]",61
69,"[0, 1]",125.29999999999502,"[68, 68]","[0, 0]","[0, 0]",61
70,"[0, 1]",125.89999999999499,"[69, 69]","[0, 0]","[0, 0]",61
71,"[0, 1]",126.59999999999495,"[70, 70]","[0, 0]","[0, 0]",61
72,"[0, 1]",127.19999999999492,"[71, 71]","[0, 0]","[0, 0]",61
73,"[0, 1]",127.24999999999491,"[72, 72]","[0, 0]","[0, 0]",61
74,"[0, 1]",127.19999999999492,"[73, 73]","[0, 0]","[0, 0]",61
75,"[0, 1]",127.3999999999949,"[74, 74]","[0, 0]","[0, 0]",61
76,"[0, 1]",127.4499999999949,"[75, 75]","[0, 0]","[0, 0]",61
77,"[0, 1]",127.3499999999949,"[76, 76]","[0, 0]","[0, 0]",61
78,"[2, 3]",72.79999999999801,"[12, 17]","[0, 0]","[0, 0]",61
79,"[0, 1]",127.29999999999491,"[77, 77]","[0, 0]","[0, 0]",61
0,"[2, 1]",36.40000000000007,"[-999, -999]","[0, 0]","[0, 0]",62
1,"[2, 1]",38.09999999999997,"[0, 0]","[0, 0]","[0, 0]",62
2,"[2, 1]",39.89999999999987,"[1, 1]","[0, 0]","[0, 0]",62
3,"[2, 1]",41.79999999999976,"[2, 2]","[0, 0]","[0, 0]",62
4,"[2, 1]",43.54999999999966,"[3, 3]","[0, 0]","[0, 0]",62
5,"[2, 1]",45.099999999999575,"[4, 4]","[0, 0]","[0, 0]",62
6,"[2, 1]",46.349999999999504,"[5, 5]","[0, 0]","[0, 0]",62
7,"[2, 1]",47.34999999999945,"[6, 6]","[0, 0]","[0, 0]",62
8,"[2, 1]",48.54999999999938,"[7, 7]","[0, 0]","[0, 0]",62
9,"[2, 3]",76.64999999999779,"[8, -999]","[0, 0]","[0, 0]",62
10,"[0, 1]",71.49999999999808,"[-999, 8]","[0, 0]","[0, 0]",62
11,"[0, 1]",72.69999999999801,"[10, 10]","[0, 0]","[0, 0]",62
12,"[2, 1]",57.14999999999889,"[9, 11]","[2.499999999999999, 0]","[2.499999999999999, 0]",62
13,"[0, 1]",78.69999999999767,"[11, 12]","[2.4499999999999993, 0]","[2.4499999999999993, 0]",62
14,"[0, 1]",85.2499999999973,"[13, 27]","[2.000000000000001, 0]","[2.000000000000001, 0]",62
15,"[0, 1]",84.69999999999733,"[14, 14]","[0, 0]","[0, 0]",62
16,"[0, 1]",91.34999999999695,"[15, 55]","[2.6999999999999984, 0]","[2.6999999999999984, 0]",62
17,"[0, 1]",90.74999999999699,"[16, 16]","[0, 0]","[0, 0]",62
18,"[0, 1]",91.29999999999696,"[17, 17]","[0, 0]","[0, 0]",62
19,"[0, 1]",92.2999999999969,"[18, 18]","[0, 0]","[0, 0]",62
20,"[0, 3]",123.29999999999514,"[19, 78]","[0, 0]","[0, 0]",62
21,"[0, 1]",96.04999999999669,"[20, 19]","[0, 0]","[0, 0]",62
22,"[0, 1]",97.14999999999662,"[21, 21]","[0, 0]","[0, 0]",62
23,"[0, 1]",98.29999999999656,"[22, 22]","[0, 0]","[0, 0]",62
24,"[0, 1]",99.3499999999965,"[23, 23]","[0, 0]","[0, 0]",62
25,"[0, 1]",100.34999999999644,"[24, 24]","[0, 0]","[0, 0]",62
26,"[0, 1]",101.39999999999638,"[25, 25]","[0, 0]","[0, 0]",62
27,"[2, 1]",62.149999999998606,"[12, 13]","[0, 0]","[0, 0]",62
28,"[0, 1]",102.44999999999632,"[26, 26]","[0, 0]","[0, 0]",62
29,"[0, 1]",103.44999999999627,"[28, 28]","[0, 0]","[0, 0]",62
30,"[0, 1]",104.44999999999621,"[29, 29]","[0, 0]","[0, 0]",62
31,"[0, 1]",105.49999999999615,"[30, 30]","[0, 0]","[0, 0]",62
32,"[0, 1]",106.54999999999609,"[31, 31]","[0, 0]","[0, 0]",62
33,"[0, 1]",107.59999999999603,"[32, 32]","[0, 0]","[0, 0]",62
34,"[0, 1]",108.59999999999597,"[33, 33]","[0, 0]","[0, 0]",62
35,"[0, 1]",109.64999999999591,"[34, 34]","[0, 0]","[0, 0]",62
36,"[0, 1]",110.69999999999585,"[35, 35]","[0, 0]","[0, 0]",62
37,"[0, 1]",111.6499999999958,"[36, 36]","[0, 0]","[0, 0]",62
38,"[0, 3]",142.59999999999818,"[37, -999]","[0, 0]","[0, 0]",62
39,"[0, 1]",115.44999999999558,"[38, 37]","[0, 0]","[0, 0]",62
40,"[0, 1]",116.54999999999552,"[39, 39]","[0, 0]","[0, 0]",62
41,"[0, 1]",117.64999999999546,"[40, 40]","[0, 0]","[0, 0]",62
42,"[0, 1]",118.6999999999954,"[41, 41]","[0, 0]","[0, 0]",62
43,"[0, 1]",119.74999999999534,"[42, 42]","[0, 0]","[0, 0]",62
44,"[0, 1]",120.74999999999528,"[43, 43]","[0, 0]","[0, 0]",62
45,"[0, 1]",121.79999999999522,"[44, 44]","[0, 0]","[0, 0]",62
46,"[0, 1]",122.84999999999516,"[45, 45]","[0, 0]","[0, 0]",62
47,"[0, 3]",153.7000000000007,"[46, 38]","[0, 0]","[0, 0]",62
48,"[0, 1]",126.29999999999497,"[47, 46]","[0, 0]","[0, 0]",62
49,"[0, 3]",157.30000000000152,"[48, 47]","[0, 0]","[0, 0]",62
50,"[0, 1]",129.39999999999517,"[49, 48]","[0, 0]","[0, 0]",62
51,"[2, 3]",82.74999999999744,"[27, 9]","[0, 0]","[0, 0]",62
52,"[0, 1]",130.14999999999534,"[50, 50]","[0, 0]","[0, 0]",62
53,"[0, 1]",130.99999999999554,"[52, 52]","[0, 0]","[0, 0]",62
54,"[0, 1]",131.79999999999572,"[53, 53]","[0, 0]","[0, 0]",62
55,"[2, 1]",57.84999999999885,"[51, 15]","[0, 0]","[0, 0]",62
56,"[0, 1]",132.44999999999587,"[54, 54]","[0, 0]","[0, 0]",62
57,"[0, 1]",132.6499999999959,"[56, 56]","[0, 0]","[0, 0]",62
58,"[0, 1]",132.6499999999959,"[57, 57]","[0, 0]","[0, 0]",62
59,"[0, 1]",132.84999999999596,"[58, 58]","[0, 0]","[0, 0]",62
60,"[0, 1]",132.999999999996,"[59, 59]","[0, 0]","[0, 0]",62
61,"[0, 1]",132.89999999999597,"[60, 60]","[0, 0]","[0, 0]",62
62,"[0, 1]",132.89999999999597,"[61, 61]","[0, 0]","[0, 0]",62
63,"[0, 1]",132.89999999999597,"[62, 62]","[0, 0]","[0, 0]",62
64,"[0, 1]",132.74999999999594,"[63, 63]","[0, 0]","[0, 0]",62
65,"[0, 1]",128.09999999999488,"[64, 64]","[0, 0]","[0, 0]",62
66,"[0, 1]",127.19999999999492,"[65, 65]","[0, 0]","[0, 0]",62
67,"[0, 1]",127.74999999999488,"[66, 66]","[0, 0]","[0, 0]",62
68,"[0, 1]",128.2499999999949,"[67, 67]","[0, 0]","[0, 0]",62
69,"[0, 1]",128.49999999999497,"[68, 68]","[0, 0]","[0, 0]",62
70,"[0, 1]",128.79999999999504,"[69, 69]","[0, 0]","[0, 0]",62
71,"[0, 1]",129.39999999999517,"[70, 70]","[0, 0]","[0, 0]",62
72,"[0, 1]",130.04999999999532,"[71, 71]","[0, 0]","[0, 0]",62
73,"[0, 3]",160.45000000000223,"[72, -999]","[0, 0]","[0, 0]",62
74,"[0, 1]",128.39999999999495,"[73, 72]","[0, 0]","[0, 0]",62
75,"[0, 1]",127.24999999999491,"[74, 74]","[0, 0]","[0, 0]",62
76,"[0, 1]",127.79999999999488,"[75, 75]","[0, 0]","[0, 0]",62
77,"[0, 1]",128.29999999999492,"[76, 76]","[0, 0]","[0, 0]",62
78,"[2, 3]",68.49999999999825,"[55, 51]","[0, 0]","[0, 0]",62
79,"[0, 1]",124.94999999999504,"[77, 77]","[0, 0]","[0, 0]",62
0,"[2, 1]",36.40000000000007,"[-999, -999]","[0, 0]","[0, 0]",63
1,"[2, 1]",38.09999999999997,"[0, 0]","[0, 0]","[0, 0]",63
2,"[2, 1]",39.89999999999987,"[1, 1]","[0, 0]","[0, 0]",63
3,"[0, 3]",96.59999999999665,"[-999, -999]","[0, 0]","[0, 0]",63
4,"[2, 1]",41.79999999999976,"[2, 2]","[0, 0]","[0, 0]",63
5,"[2, 1]",43.54999999999966,"[4, 4]","[0, 0]","[0, 0]",63
6,"[2, 1]",45.04999999999958,"[5, 5]","[0, 0]","[0, 0]",63
7,"[2, 1]",46.349999999999504,"[6, 6]","[0, 0]","[0, 0]",63
8,"[2, 1]",47.399999999999444,"[7, 7]","[0, 0]","[0, 0]",63
9,"[2, 1]",48.54999999999938,"[8, 8]","[0, 0]","[0, 0]",63
10,"[0, 1]",71.44999999999808,"[3, 9]","[0, 0]","[0, 0]",63
11,"[0, 3]",104.09999999999623,"[10, 12]","[0, 0]","[0, 0]",63
12,"[2, 3]",79.59999999999762,"[9, 3]","[0, 0]","[0, 0]",63
13,"[0, 1]",76.3999999999978,"[11, 27]","[0, 0]","[0, 0]",63
14,"[0, 1]",82.49999999999746,"[13, 55]","[3.399999999999996, 0]","[3.399999999999996, 0]",63
15,"[0, 1]",82.29999999999747,"[14, 14]","[0, 0]","[0, 0]",63
16,"[0, 1]",83.04999999999742,"[15, 15]","[0, 0]","[0, 0]",63
17,"[0, 3]",111.04999999999583,"[16, 11]","[0, 0]","[0, 0]",63
18,"[0, 1]",83.79999999999738,"[17, 16]","[0, 0]","[0, 0]",63
19,"[0, 1]",84.84999999999732,"[18, 18]","[0, 0]","[0, 0]",63
20,"[0, 1]",85.99999999999726,"[19, 19]","[0, 0]","[0, 0]",63
21,"[0, 1]",87.0499999999972,"[20, 20]","[0, 0]","[0, 0]",63
22,"[0, 1]",88.04999999999714,"[21, 21]","[0, 0]","[0, 0]",63
23,"[0, 1]",89.04999999999708,"[22, 22]","[0, 0]","[0, 0]",63
24,"[0, 1]",90.09999999999702,"[23, 23]","[0, 0]","[0, 0]",63
25,"[0, 1]",91.09999999999697,"[24, 24]","[0, 0]","[0, 0]",63
26,"[0, 1]",92.09999999999691,"[25, 25]","[0, 0]","[0, 0]",63
27,"[2, 1]",52.04999999999918,"[12, 10]","[0, 0]","[0, 0]",63
28,"[0, 1]",93.14999999999685,"[26, 26]","[0, 0]","[0, 0]",63
29,"[0, 1]",94.24999999999679,"[28, 28]","[0, 0]","[0, 0]",63
30,"[0, 1]",95.24999999999673,"[29, 29]","[0, 0]","[0, 0]",63
31,"[0, 1]",96.24999999999667,"[30, 30]","[0, 0]","[0, 0]",63
32,"[0, 1]",97.34999999999661,"[31, 31]","[0, 0]","[0, 0]",63
33,"[0, 1]",98.29999999999656,"[32, 32]","[0, 0]","[0, 0]",63
34,"[0, 1]",99.3499999999965,"[33, 33]","[0, 0]","[0, 0]",63
35,"[0, 1]",100.34999999999644,"[34, 34]","[0, 0]","[0, 0]",63
36,"[0, 1]",101.49999999999638,"[35, 35]","[0, 0]","[0, 0]",63
37,"[0, 1]",102.44999999999632,"[36, 36]","[0, 0]","[0, 0]",63
38,"[0, 3]",133.39999999999608,"[37, -999]","[0, 0]","[0, 0]",63
39,"[0, 1]",106.14999999999611,"[38, 37]","[0, 0]","[0, 0]",63
40,"[0, 1]",107.29999999999605,"[39, 39]","[0, 0]","[0, 0]",63
41,"[0, 1]",108.34999999999599,"[40, 40]","[0, 0]","[0, 0]",63
42,"[0, 1]",109.39999999999593,"[41, 41]","[0, 0]","[0, 0]",63
43,"[0, 1]",110.39999999999587,"[42, 42]","[0, 0]","[0, 0]",63
44,"[0, 1]",111.49999999999581,"[43, 43]","[0, 0]","[0, 0]",63
45,"[0, 1]",112.54999999999575,"[44, 44]","[0, 0]","[0, 0]",63
46,"[0, 1]",113.4999999999957,"[45, 45]","[0, 0]","[0, 0]",63
47,"[0, 3]",144.4999999999986,"[46, 38]","[0, 0]","[0, 0]",63
48,"[0, 1]",117.24999999999548,"[47, 46]","[0, 0]","[0, 0]",63
49,"[0, 1]",118.39999999999542,"[48, 48]","[0, 0]","[0, 0]",63
50,"[0, 1]",119.49999999999535,"[49, 49]","[0, 0]","[0, 0]",63
51,"[0, 1]",120.5499999999953,"[50, 50]","[0, 0]","[0, 0]",63
52,"[0, 1]",121.54999999999524,"[51, 51]","[0, 0]","[0, 0]",63
53,"[0, 1]",122.59999999999518,"[52, 52]","[0, 0]","[0, 0]",63
54,"[0, 1]",123.59999999999512,"[53, 53]","[0, 0]","[0, 0]",63
55,"[2, 1]",40.49999999999984,"[27, 13]","[0, 0]","[0, 0]",63
56,"[0, 1]",124.59999999999506,"[54, 54]","[0, 0]","[0, 0]",63
57,"[0, 1]",125.599999999995,"[56, 56]","[0, 0]","[0, 0]",63
58,"[0, 1]",126.64999999999495,"[57, 57]","[0, 0]","[0, 0]",63
59,"[0, 1]",127.59999999999489,"[58, 58]","[0, 0]","[0, 0]",63
60,"[0, 1]",128.49999999999497,"[59, 59]","[0, 0]","[0, 0]",63
61,"[0, 1]",129.34999999999516,"[60, 60]","[0, 0]","[0, 0]",63
62,"[0, 1]",130.09999999999533,"[61, 61]","[0, 0]","[0, 0]",63
63,"[0, 1]",130.49999999999542,"[62, 62]","[0, 0]","[0, 0]",63
64,"[0, 1]",125.84999999999499,"[63, 63]","[0, 0]","[0, 0]",63
65,"[0, 1]",125.24999999999503,"[64, 64]","[0, 0]","[0, 0]",63
66,"[0, 1]",125.84999999999499,"[65, 65]","[0, 0]","[0, 0]",63
67,"[0, 1]",126.44999999999496,"[66, 66]","[0, 0]","[0, 0]",63
68,"[0, 1]",126.84999999999494,"[67, 67]","[0, 0]","[0, 0]",63
69,"[0, 1]",127.24999999999491,"[68, 68]","[0, 0]","[0, 0]",63
70,"[0, 1]",127.84999999999488,"[69, 69]","[0, 0]","[0, 0]",63
71,"[0, 1]",128.49999999999497,"[70, 70]","[0, 0]","[0, 0]",63
72,"[0, 1]",128.89999999999506,"[71, 71]","[0, 0]","[0, 0]",63
73,"[0, 1]",124.84999999999505,"[72, 72]","[0, 0]","[0, 0]",63
74,"[0, 1]",123.64999999999512,"[73, 73]","[0, 0]","[0, 0]",63
75,"[0, 1]",124.09999999999509,"[74, 74]","[0, 0]","[0, 0]",63
76,"[0, 1]",124.64999999999506,"[75, 75]","[0, 0]","[0, 0]",63
77,"[0, 1]",124.94999999999504,"[76, 76]","[0, 0]","[0, 0]",63
78,"[2, 3]",69.99999999999817,"[11, 17]","[0, 0]","[0, 0]",63
79,"[0, 1]",125.29999999999502,"[77, 77]","[0, 0]","[0, 0]",63
0,"[2, 1]",36.40000000000007,"[-999, -999]","[0, 0]","[0, 0]",64
1,"[2, 1]",38.09999999999997,"[0, 0]","[0, 0]","[0, 0]",64
2,"[2, 1]",39.89999999999987,"[1, 1]","[0, 0]","[0, 0]",64
3,"[2, 1]",41.79999999999976,"[2, 2]","[0, 0]","[0, 0]",64
4,"[2, 1]",43.54999999999966,"[3, 3]","[0, 0]","[0, 0]",64
5,"[2, 1]",45.04999999999958,"[4, 4]","[0, 0]","[0, 0]",64
6,"[2, 1]",46.349999999999504,"[5, 5]","[0, 0]","[0, 0]",64
7,"[2, 1]",47.34999999999945,"[6, 6]","[0, 0]","[0, 0]",64
8,"[2, 1]",48.449999999999385,"[7, 7]","[0, 0]","[0, 0]",64
9,"[0, 1]",72.69999999999801,"[-999, 8]","[0, 0]","[2.6499999999999986, 0]",64
10,"[2, 1]",55.499999999998984,"[8, 9]","[3.349999999999996, 0]","[3.349999999999996, 0]",64
11,"[0, 3]",101.0999999999964,"[9, -999]","[0, 0]","[0, 0]",64
12,"[0, 1]",75.89999999999783,"[11, 10]","[0, 0]","[0, 0]",64
13,"[0, 1]",86.64999999999722,"[12, 55]","[5.649999999999988, 0]","[5.649999999999988, 0]",64
14,"[0, 1]",86.14999999999725,"[13, 13]","[0, 0]","[0, 0]",64
15,"[0, 1]",86.74999999999721,"[14, 14]","[0, 0]","[0, 0]",64
16,"[0, 1]",87.74999999999716,"[15, 15]","[0, 0]","[0, 0]",64
17,"[0, 1]",88.7499999999971,"[16, 16]","[0, 0]","[0, 0]",64
18,"[0, 1]",89.84999999999704,"[17, 17]","[0, 0]","[0, 0]",64
19,"[0, 1]",90.84999999999698,"[18, 18]","[0, 0]","[0, 0]",64
20,"[0, 3]",121.79999999999522,"[19, -999]","[0, 0]","[0, 0]",64
21,"[0, 1]",94.49999999999677,"[20, 19]","[0, 0]","[0, 0]",64
22,"[0, 1]",95.64999999999671,"[21, 21]","[0, 0]","[0, 0]",64
23,"[0, 1]",96.69999999999665,"[22, 22]","[0, 0]","[0, 0]",64
24,"[0, 1]",97.74999999999659,"[23, 23]","[0, 0]","[0, 0]",64
25,"[0, 1]",98.74999999999653,"[24, 24]","[0, 0]","[0, 0]",64
26,"[0, 1]",99.79999999999647,"[25, 25]","[0, 0]","[0, 0]",64
27,"[2, 1]",62.04999999999861,"[10, 12]","[0, 0]","[0, 0]",64
28,"[0, 1]",100.79999999999642,"[26, 26]","[0, 0]","[0, 0]",64
29,"[0, 1]",101.84999999999636,"[28, 28]","[0, 0]","[0, 0]",64
30,"[0, 1]",102.8999999999963,"[29, 29]","[0, 0]","[0, 0]",64
31,"[0, 1]",103.99999999999623,"[30, 30]","[0, 0]","[0, 0]",64
32,"[0, 1]",104.99999999999618,"[31, 31]","[0, 0]","[0, 0]",64
33,"[0, 1]",105.94999999999612,"[32, 32]","[0, 0]","[0, 0]",64
34,"[0, 1]",106.99999999999606,"[33, 33]","[0, 0]","[0, 0]",64
35,"[0, 1]",107.999999999996,"[34, 34]","[0, 0]","[0, 0]",64
36,"[0, 1]",108.99999999999595,"[35, 35]","[0, 0]","[0, 0]",64
37,"[0, 1]",110.04999999999589,"[36, 36]","[0, 0]","[0, 0]",64
38,"[0, 1]",111.19999999999582,"[37, 37]","[0, 0]","[0, 0]",64
39,"[0, 1]",112.14999999999577,"[38, 38]","[0, 0]","[0, 0]",64
40,"[0, 1]",113.14999999999571,"[39, 39]","[0, 0]","[0, 0]",64
41,"[0, 1]",114.14999999999566,"[40, 40]","[0, 0]","[0, 0]",64
42,"[0, 1]",115.2499999999956,"[41, 41]","[0, 0]","[0, 0]",64
43,"[0, 1]",116.24999999999554,"[42, 42]","[0, 0]","[0, 0]",64
44,"[0, 1]",117.29999999999548,"[43, 43]","[0, 0]","[0, 0]",64
45,"[0, 3]",148.24999999999946,"[44, -999]","[0, 0]","[0, 0]",64
46,"[0, 1]",120.99999999999527,"[45, 44]","[0, 0]","[0, 0]",64
47,"[0, 1]",122.0999999999952,"[46, 46]","[0, 0]","[0, 0]",64
48,"[0, 1]",123.14999999999515,"[47, 47]","[0, 0]","[0, 0]",64
49,"[0, 1]",124.14999999999509,"[48, 48]","[0, 0]","[0, 0]",64
50,"[0, 1]",125.04999999999504,"[49, 49]","[0, 0]","[0, 0]",64
51,"[0, 1]",125.89999999999499,"[50, 50]","[0, 0]","[0, 0]",64
52,"[0, 1]",126.79999999999494,"[51, 51]","[0, 0]","[0, 0]",64
53,"[0, 1]",127.69999999999489,"[52, 52]","[0, 0]","[0, 0]",64
54,"[0, 1]",128.44999999999496,"[53, 53]","[0, 0]","[0, 0]",64
55,"[2, 1]",44.399999999999615,"[27, 27]","[0, 0]","[0, 0]",64
56,"[0, 1]",128.79999999999504,"[54, 54]","[0, 0]","[0, 0]",64
57,"[0, 1]",128.94999999999507,"[56, 56]","[0, 0]","[0, 0]",64
58,"[0, 1]",129.14999999999512,"[57, 57]","[0, 0]","[0, 0]",64
59,"[0, 3]",159.20000000000195,"[58, -999]","[0, 0]","[0, 0]",64
60,"[0, 1]",130.94999999999553,"[59, 58]","[0, 0]","[0, 0]",64
61,"[0, 1]",130.99999999999554,"[60, 60]","[0, 0]","[0, 0]",64
62,"[0, 1]",131.09999999999556,"[61, 61]","[0, 0]","[0, 0]",64
63,"[0, 1]",131.14999999999557,"[62, 62]","[0, 0]","[0, 0]",64
64,"[0, 1]",131.14999999999557,"[63, 63]","[0, 0]","[0, 0]",64
65,"[0, 1]",131.14999999999557,"[64, 64]","[0, 0]","[0, 0]",64
66,"[0, 1]",131.14999999999557,"[65, 65]","[0, 0]","[0, 0]",64
67,"[0, 1]",131.2499999999956,"[66, 66]","[0, 0]","[0, 0]",64
68,"[0, 1]",131.14999999999557,"[67, 67]","[0, 0]","[0, 0]",64
69,"[0, 1]",131.14999999999557,"[68, 68]","[0, 0]","[0, 0]",64
70,"[0, 1]",131.04999999999555,"[69, 69]","[0, 0]","[0, 0]",64
71,"[0, 1]",125.89999999999499,"[70, 70]","[0, 0]","[0, 0]",64
72,"[0, 1]",125.29999999999502,"[71, 71]","[0, 0]","[0, 0]",64
73,"[0, 1]",125.89999999999499,"[72, 72]","[0, 0]","[0, 0]",64
74,"[0, 1]",126.49999999999496,"[73, 73]","[0, 0]","[0, 0]",64
75,"[0, 1]",126.84999999999494,"[74, 74]","[0, 0]","[0, 0]",64
76,"[0, 1]",127.14999999999492,"[75, 75]","[0, 0]","[0, 0]",64
77,"[0, 1]",127.69999999999489,"[76, 76]","[0, 0]","[0, 0]",64
78,"[0, 1]",128.39999999999495,"[77, 77]","[0, 0]","[0, 0]",64
79,"[0, 1]",128.89999999999506,"[78, 78]","[0, 0]","[0, 0]",64
0,"[2, 1]",36.40000000000007,"[-999, -999]","[0, 0]","[0, 0]",65
1,"[2, 1]",38.09999999999997,"[0, 0]","[0, 0]","[0, 0]",65
2,"[2, 3]",68.64999999999824,"[1, -999]","[0, 0]","[0, 0]",65
3,"[2, 3]",71.34999999999809,"[2, 2]","[0, 0]","[0, 0]",65
4,"[2, 1]",37.84999999999999,"[3, 1]","[0, 0]","[0, 0]",65
5,"[2, 1]",39.89999999999987,"[4, 4]","[0, 0]","[0, 0]",65
6,"[2, 1]",41.79999999999976,"[5, 5]","[0, 0]","[0, 0]",65
7,"[2, 1]",43.59999999999966,"[6, 6]","[0, 0]","[0, 0]",65
8,"[0, 1]",75.04999999999788,"[-999, 27]","[0, 0]","[2.799999999999998, 0]",65
9,"[0, 1]",75.84999999999783,"[8, 8]","[0, 0]","[0, 0]",65
10,"[0, 1]",76.79999999999778,"[9, 9]","[0, 0]","[0, 0]",65
11,"[0, 1]",83.74999999999739,"[10, 55]","[3.649999999999995, 0]","[3.649999999999995, 0]",65
12,"[2, 1]",45.04999999999958,"[7, 7]","[0, 0]","[0, 0]",65
13,"[0, 1]",83.34999999999741,"[11, 11]","[0, 0]","[0, 0]",65
14,"[0, 1]",84.09999999999737,"[13, 13]","[0, 0]","[0, 0]",65
15,"[0, 1]",85.04999999999731,"[14, 14]","[0, 0]","[0, 0]",65
16,"[0, 1]",86.09999999999725,"[15, 15]","[0, 0]","[0, 0]",65
17,"[0, 3]",116.7999999999955,"[16, 78]","[0, 0]","[0, 0]",65
18,"[0, 1]",88.7499999999971,"[17, 16]","[0, 0]","[0, 0]",65
19,"[0, 3]",120.04999999999532,"[18, 17]","[0, 0]","[0, 0]",65
20,"[0, 3]",122.2499999999952,"[19, 19]","[0, 0]","[0, 0]",65
21,"[0, 1]",93.74999999999682,"[20, 18]","[0, 0]","[0, 0]",65
22,"[0, 1]",94.84999999999675,"[21, 21]","[0, 0]","[0, 0]",65
23,"[0, 1]",95.8999999999967,"[22, 22]","[0, 0]","[0, 0]",65
24,"[0, 1]",96.94999999999663,"[23, 23]","[0, 0]","[0, 0]",65
25,"[0, 1]",97.99999999999658,"[24, 24]","[0, 0]","[0, 0]",65
26,"[0, 3]",128.94999999999507,"[25, 20]","[0, 0]","[0, 0]",65
27,"[2, 1]",46.3999999999995,"[12, 12]","[0, 0]","[0, 0]",65
28,"[0, 1]",101.64999999999637,"[26, 25]","[0, 0]","[0, 0]",65
29,"[0, 1]",102.7999999999963,"[28, 28]","[0, 0]","[0, 0]",65
30,"[0, 1]",103.89999999999624,"[29, 29]","[0, 0]","[0, 0]",65
31,"[0, 1]",104.94999999999618,"[30, 30]","[0, 0]","[0, 0]",65
32,"[0, 1]",105.94999999999612,"[31, 31]","[0, 0]","[0, 0]",65
33,"[0, 1]",107.04999999999606,"[32, 32]","[0, 0]","[0, 0]",65
34,"[0, 1]",108.099999999996,"[33, 33]","[0, 0]","[0, 0]",65
35,"[0, 1]",109.14999999999594,"[34, 34]","[0, 0]","[0, 0]",65
36,"[0, 1]",110.09999999999589,"[35, 35]","[0, 0]","[0, 0]",65
37,"[0, 1]",111.14999999999583,"[36, 36]","[0, 0]","[0, 0]",65
38,"[0, 1]",112.19999999999577,"[37, 37]","[0, 0]","[0, 0]",65
39,"[0, 1]",113.24999999999571,"[38, 38]","[0, 0]","[0, 0]",65
40,"[0, 1]",114.19999999999565,"[39, 39]","[0, 0]","[0, 0]",65
41,"[0, 1]",115.2499999999956,"[40, 40]","[0, 0]","[0, 0]",65
42,"[0, 1]",116.24999999999554,"[41, 41]","[0, 0]","[0, 0]",65
43,"[0, 1]",117.29999999999548,"[42, 42]","[0, 0]","[0, 0]",65
44,"[0, 1]",118.39999999999542,"[43, 43]","[0, 0]","[0, 0]",65
45,"[0, 1]",119.34999999999536,"[44, 44]","[0, 0]","[0, 0]",65
46,"[0, 1]",120.3999999999953,"[45, 45]","[0, 0]","[0, 0]",65
47,"[0, 1]",121.44999999999524,"[46, 46]","[0.15000000000000002, 0]","[0, 0]",65
48,"[0, 1]",122.44999999999519,"[47, 47]","[1.1000000000000003, 0]","[0, 0]",65
49,"[0, 1]",123.44999999999513,"[48, 48]","[0.9500000000000003, 0]","[0, 0]",65
50,"[0, 1]",124.39999999999507,"[49, 49]","[0.25, 0]","[0, 0]",65
51,"[0, 3]",155.20000000000104,"[50, -999]","[0, 0]","[0, 0]",65
52,"[0, 1]",125.44999999999501,"[51, 50]","[0, 0]","[0, 0]",65
53,"[0, 1]",123.8999999999951,"[52, 52]","[0, 0]","[0, 0]",65
54,"[0, 3]",154.70000000000093,"[53, 51]","[0, 0]","[0, 0]",65
55,"[2, 1]",38.79999999999993,"[27, 10]","[0, 0]","[0, 0]",65
56,"[0, 1]",127.19999999999492,"[54, 53]","[0, 0]","[0, 0]",65
57,"[0, 1]",128.09999999999488,"[56, 56]","[0, 0]","[0, 0]",65
58,"[0, 1]",128.89999999999506,"[57, 57]","[0, 0]","[0, 0]",65
59,"[0, 3]",159.65000000000205,"[58, 54]","[0, 0]","[0, 0]",65
60,"[0, 1]",132.04999999999578,"[59, 58]","[0, 0]","[0, 0]",65
61,"[0, 1]",132.69999999999592,"[60, 60]","[0, 0]","[0, 0]",65
62,"[0, 1]",132.84999999999596,"[61, 61]","[0, 0]","[0, 0]",65
63,"[0, 1]",132.84999999999596,"[62, 62]","[0, 0]","[0, 0]",65
64,"[0, 1]",132.94999999999598,"[63, 63]","[0, 0]","[0, 0]",65
65,"[0, 1]",133.049999999996,"[64, 64]","[0, 0]","[0, 0]",65
66,"[0, 1]",133.049999999996,"[65, 65]","[0, 0]","[0, 0]",65
67,"[0, 1]",133.049999999996,"[66, 66]","[0, 0]","[0, 0]",65
68,"[0, 1]",133.049999999996,"[67, 67]","[0, 0]","[0, 0]",65
69,"[0, 1]",133.049999999996,"[68, 68]","[0, 0]","[0, 0]",65
70,"[0, 1]",132.999999999996,"[69, 69]","[0, 0]","[0, 0]",65
71,"[0, 1]",133.09999999999602,"[70, 70]","[0, 0]","[0, 0]",65
72,"[0, 1]",133.09999999999602,"[71, 71]","[0, 0]","[0, 0]",65
73,"[0, 1]",133.09999999999602,"[72, 72]","[0, 0]","[0, 0]",65
74,"[0, 1]",133.09999999999602,"[73, 73]","[0, 0]","[0, 0]",65
75,"[0, 1]",132.999999999996,"[74, 74]","[0, 0]","[0, 0]",65
76,"[0, 1]",132.94999999999598,"[75, 75]","[0, 0]","[0, 0]",65
77,"[0, 1]",127.84999999999488,"[76, 76]","[0, 0]","[0, 0]",65
78,"[2, 3]",67.7499999999983,"[3, -999]","[0, 0]","[0, 0]",65
79,"[0, 1]",127.29999999999491,"[77, 77]","[0, 0]","[0, 0]",65
0,"[2, 1]",36.40000000000007,"[-999, -999]","[0, 0]","[0, 0]",66
1,"[2, 1]",38.09999999999997,"[0, 0]","[0, 0]","[0, 0]",66
2,"[2, 1]",39.89999999999987,"[1, 1]","[0, 0]","[0, 0]",66
3,"[2, 1]",41.79999999999976,"[2, 2]","[0, 0]","[0, 0]",66
4,"[2, 1]",43.54999999999966,"[3, 3]","[0, 0]","[0, 0]",66
5,"[2, 3]",71.1499999999981,"[4, -999]","[0, 0]","[0, 0]",66
6,"[2, 1]",39.94999999999987,"[5, 4]","[0, 0]","[0, 0]",66
7,"[2, 1]",42.04999999999975,"[6, 6]","[0, 0]","[0, 0]",66
8,"[2, 3]",72.999999999998,"[7, 5]","[0, 0]","[0, 0]",66
9,"[2, 3]",75.59999999999785,"[8, 8]","[0, 0]","[0, 0]",66
10,"[0, 1]",67.39999999999831,"[-999, 7]","[0, 0]","[0, 0]",66
11,"[0, 3]",100.89999999999641,"[10, 9]","[0, 0]","[0, 0]",66
12,"[2, 1]",48.54999999999938,"[9, 10]","[3.349999999999996, 0]","[3.349999999999996, 0]",66
13,"[0, 1]",72.09999999999805,"[11, 12]","[0, 0]","[0, 0]",66
14,"[0, 1]",72.64999999999802,"[13, 13]","[0, 0]","[0, 0]",66
15,"[0, 1]",79.19999999999764,"[14, 27]","[2.499999999999999, 0]","[2.499999999999999, 0]",66
16,"[0, 1]",82.89999999999743,"[15, 55]","[2.2, 0]","[2.2, 0]",66
17,"[0, 3]",110.04999999999589,"[16, 19]","[0, 0]","[0, 0]",66
18,"[0, 1]",82.74999999999744,"[17, 16]","[0, 0]","[0, 0]",66
19,"[2, 3]",81.6499999999975,"[12, 11]","[0, 0]","[0, 0]",66
20,"[0, 3]",114.99999999999561,"[18, 78]","[0, 0]","[0, 0]",66
21,"[0, 1]",86.14999999999725,"[20, 18]","[0, 0]","[0, 0]",66
22,"[0, 1]",87.19999999999719,"[21, 21]","[0, 0]","[0, 0]",66
23,"[0, 1]",88.24999999999713,"[22, 22]","[0, 0]","[0, 0]",66
24,"[0, 1]",89.34999999999707,"[23, 23]","[0, 0]","[0, 0]",66
25,"[0, 1]",90.39999999999701,"[24, 24]","[0, 0]","[0, 0]",66
26,"[0, 1]",91.34999999999695,"[25, 25]","[0, 0]","[0, 0]",66
27,"[2, 1]",56.899999999998904,"[19, 14]","[0, 0]","[0, 0]",66
28,"[0, 1]",92.3499999999969,"[26, 26]","[0, 0]","[0, 0]",66
29,"[0, 1]",93.44999999999683,"[28, 28]","[0, 0]","[0, 0]",66
30,"[0, 1]",94.49999999999677,"[29, 29]","[0, 0]","[0, 0]",66
31,"[0, 1]",95.49999999999672,"[30, 30]","[0, 0]","[0, 0]",66
32,"[0, 1]",96.59999999999665,"[31, 31]","[0, 0]","[0, 0]",66
33,"[0, 1]",97.5999999999966,"[32, 32]","[0, 0]","[0, 0]",66
34,"[0, 1]",98.59999999999654,"[33, 33]","[0, 0]","[0, 0]",66
35,"[0, 1]",99.59999999999648,"[34, 34]","[0, 0]","[0, 0]",66
36,"[0, 1]",100.69999999999642,"[35, 35]","[0, 0]","[0, 0]",66
37,"[0, 1]",101.69999999999636,"[36, 36]","[0, 0]","[0, 0]",66
38,"[0, 3]",132.5999999999959,"[37, -999]","[0, 0]","[0, 0]",66
39,"[0, 1]",105.39999999999615,"[38, 37]","[0, 0]","[0, 0]",66
40,"[0, 1]",106.54999999999609,"[39, 39]","[0, 0]","[0, 0]",66
41,"[0, 1]",107.64999999999603,"[40, 40]","[0, 0]","[0, 0]",66
42,"[0, 1]",108.69999999999597,"[41, 41]","[0, 0]","[0, 0]",66
43,"[0, 1]",109.69999999999591,"[42, 42]","[0, 0]","[0, 0]",66
44,"[0, 1]",110.79999999999585,"[43, 43]","[0, 0]","[0, 0]",66
45,"[0, 1]",111.84999999999579,"[44, 44]","[0, 0]","[0, 0]",66
46,"[0, 1]",112.79999999999573,"[45, 45]","[0, 0]","[0, 0]",66
47,"[0, 3]",143.79999999999845,"[46, 38]","[0, 0]","[0, 0]",66
48,"[0, 1]",116.59999999999552,"[47, 46]","[0, 0]","[0, 0]",66
49,"[0, 1]",117.69999999999546,"[48, 48]","[0, 0]","[0, 0]",66
50,"[0, 1]",118.7499999999954,"[49, 49]","[0, 0]","[0, 0]",66
51,"[0, 3]",149.7999999999998,"[50, 47]","[0, 0]","[0, 0]",66
52,"[0, 3]",152.15000000000035,"[51, 51]","[0, 0]","[0, 0]",66
53,"[0, 1]",123.69999999999511,"[52, 50]","[0, 0]","[0, 0]",66
54,"[0, 1]",124.79999999999505,"[53, 53]","[0, 0]","[0, 0]",66
55,"[2, 1]",52.19999999999917,"[27, 15]","[2.0500000000000007, 0]","[2.0500000000000007, 0]",66
56,"[0, 1]",125.89999999999499,"[54, 54]","[0, 0]","[0, 0]",66
57,"[0, 1]",126.94999999999493,"[56, 56]","[0, 0]","[0, 0]",66
58,"[0, 1]",127.94999999999487,"[57, 57]","[0, 0]","[0, 0]",66
59,"[0, 1]",128.99999999999508,"[58, 58]","[0, 0]","[0, 0]",66
60,"[0, 1]",130.04999999999532,"[59, 59]","[0, 0]","[0, 0]",66
61,"[0, 1]",130.8499999999955,"[60, 60]","[0, 0]","[0, 0]",66
62,"[0, 1]",131.64999999999569,"[61, 61]","[0, 0]","[0, 0]",66
63,"[0, 1]",132.29999999999583,"[62, 62]","[0, 0]","[0, 0]",66
64,"[0, 1]",128.04999999999487,"[63, 63]","[0, 0]","[0, 0]",66
65,"[0, 1]",127.3999999999949,"[64, 64]","[0, 0]","[0, 0]",66
66,"[0, 1]",128.04999999999487,"[65, 65]","[0, 0]","[0, 0]",66
67,"[0, 1]",128.599999999995,"[66, 66]","[0, 0]","[0, 0]",66
68,"[0, 1]",128.99999999999508,"[67, 67]","[0, 0]","[0, 0]",66
69,"[0, 1]",129.34999999999516,"[68, 68]","[0, 0]","[0, 0]",66
70,"[0, 1]",129.9499999999953,"[69, 69]","[0, 0]","[0, 0]",66
71,"[0, 1]",130.64999999999546,"[70, 70]","[0, 0]","[0, 0]",66
72,"[0, 1]",131.09999999999556,"[71, 71]","[0, 0]","[0, 0]",66
73,"[0, 1]",127.04999999999492,"[72, 72]","[0, 0]","[0, 0]",66
74,"[0, 1]",125.84999999999499,"[73, 73]","[0, 0]","[0, 0]",66
75,"[0, 1]",126.24999999999497,"[74, 74]","[0, 0]","[0, 0]",66
76,"[0, 1]",126.69999999999494,"[75, 75]","[0, 0]","[0, 0]",66
77,"[0, 1]",126.59999999999495,"[76, 76]","[0, 0]","[0, 0]",66
78,"[2, 3]",69.54999999999819,"[55, 17]","[0, 0]","[0, 0]",66
79,"[0, 1]",125.54999999999501,"[77, 77]","[0, 0]","[0, 0]",66
0,"[2, 1]",36.40000000000007,"[-999, -999]","[0, 0]","[0, 0]",67
1,"[2, 1]",38.09999999999997,"[0, 0]","[0, 0]","[0, 0]",67
2,"[0, 1]",67.5499999999983,"[-999, 7]","[0, 0]","[0, 0]",67
3,"[2, 3]",68.64999999999824,"[1, -999]","[0, 0]","[0, 0]",67
4,"[2, 1]",37.40000000000001,"[3, 1]","[0, 0]","[0, 0]",67
5,"[2, 1]",39.19999999999991,"[4, 4]","[0, 0]","[0, 0]",67
6,"[2, 1]",41.0999999999998,"[5, 5]","[0, 0]","[0, 0]",67
7,"[2, 1]",42.9499999999997,"[6, 6]","[0, 0]","[0, 0]",67
8,"[2, 3]",73.49999999999797,"[7, 3]","[0, 0]","[0, 0]",67
9,"[2, 3]",76.09999999999782,"[8, 8]","[0, 0]","[0, 0]",67
10,"[0, 1]",76.3999999999978,"[2, 27]","[2.9499999999999975, 0]","[2.9499999999999975, 0]",67
11,"[0, 1]",76.4999999999978,"[10, 10]","[0, 0]","[0, 0]",67
12,"[2, 1]",42.8499999999997,"[9, 2]","[0, 0]","[0, 0]",67
13,"[0, 1]",77.29999999999775,"[11, 11]","[0, 0]","[0, 0]",67
14,"[0, 1]",82.59999999999745,"[13, 55]","[2.499999999999999, 0]","[2.499999999999999, 0]",67
15,"[0, 1]",83.19999999999742,"[14, 14]","[0, 0]","[0, 0]",67
16,"[0, 1]",84.24999999999736,"[15, 15]","[0, 0]","[0, 0]",67
17,"[0, 1]",85.2999999999973,"[16, 16]","[0, 0]","[0, 0]",67
18,"[0, 1]",86.29999999999724,"[17, 17]","[0, 0]","[0, 0]",67
19,"[0, 3]",117.24999999999548,"[18, -999]","[0, 0]","[0, 0]",67
20,"[0, 1]",90.04999999999703,"[19, 18]","[0, 0]","[0, 0]",67
21,"[0, 1]",91.14999999999696,"[20, 20]","[0, 0]","[0, 0]",67
22,"[0, 1]",92.1999999999969,"[21, 21]","[0, 0]","[0, 0]",67
23,"[0, 1]",93.29999999999684,"[22, 22]","[0, 0]","[0, 0]",67
24,"[0, 1]",94.29999999999679,"[23, 23]","[0, 0]","[0, 0]",67
25,"[0, 1]",95.29999999999673,"[24, 24]","[0, 0]","[0, 0]",67
26,"[0, 1]",96.39999999999667,"[25, 25]","[0, 0]","[0, 0]",67
27,"[2, 1]",44.749999999999595,"[12, 12]","[0, 0]","[0, 0]",67
28,"[0, 1]",97.39999999999661,"[26, 26]","[0, 0]","[0, 0]",67
29,"[0, 1]",98.44999999999655,"[28, 28]","[0, 0]","[0, 0]",67
30,"[0, 1]",99.44999999999649,"[29, 29]","[0, 0]","[0, 0]",67
31,"[0, 1]",100.54999999999643,"[30, 30]","[0, 0]","[0, 0]",67
32,"[0, 1]",101.59999999999637,"[31, 31]","[0, 0]","[0, 0]",67
33,"[0, 1]",102.59999999999631,"[32, 32]","[0, 0]","[0, 0]",67
34,"[0, 1]",103.59999999999626,"[33, 33]","[0, 0]","[0, 0]",67
35,"[0, 1]",104.6499999999962,"[34, 34]","[0, 0]","[0, 0]",67
36,"[0, 1]",105.64999999999614,"[35, 35]","[0, 0]","[0, 0]",67
37,"[0, 1]",106.64999999999608,"[36, 36]","[0, 0]","[0, 0]",67
38,"[0, 3]",137.64999999999705,"[37, -999]","[0, 0]","[0, 0]",67
39,"[0, 1]",110.44999999999587,"[38, 37]","[0, 0]","[0, 0]",67
40,"[0, 1]",111.5499999999958,"[39, 39]","[0, 0]","[0, 0]",67
41,"[0, 1]",112.59999999999575,"[40, 40]","[0, 0]","[0, 0]",67
42,"[0, 1]",113.69999999999568,"[41, 41]","[0, 0]","[0, 0]",67
43,"[0, 1]",114.69999999999563,"[42, 42]","[0, 0]","[0, 0]",67
44,"[0, 1]",115.69999999999557,"[43, 43]","[0, 0]","[0, 0]",67
45,"[0, 1]",116.74999999999551,"[44, 44]","[0, 0]","[0, 0]",67
46,"[0, 1]",117.84999999999545,"[45, 45]","[0, 0]","[0, 0]",67
47,"[0, 3]",148.74999999999957,"[46, 38]","[0, 0]","[0, 0]",67
48,"[0, 1]",121.49999999999524,"[47, 46]","[0, 0]","[0, 0]",67
49,"[0, 1]",122.59999999999518,"[48, 48]","[0, 0]","[0, 0]",67
50,"[0, 1]",123.69999999999511,"[49, 49]","[0, 0]","[0, 0]",67
51,"[0, 1]",124.74999999999505,"[50, 50]","[0, 0]","[0, 0]",67
52,"[0, 1]",125.749999999995,"[51, 51]","[0, 0]","[0, 0]",67
53,"[0, 1]",126.74999999999494,"[52, 52]","[0, 0]","[0, 0]",67
54,"[0, 1]",127.69999999999489,"[53, 53]","[0, 0]","[0, 0]",67
55,"[2, 1]",42.34999999999973,"[27, 13]","[0, 0]","[0, 0]",67
56,"[0, 1]",128.599999999995,"[54, 54]","[0, 0]","[0, 0]",67
57,"[0, 1]",129.44999999999519,"[56, 56]","[0, 0]","[0, 0]",67
58,"[0, 1]",130.14999999999534,"[57, 57]","[0, 0]","[0, 0]",67
59,"[0, 3]",160.50000000000225,"[58, -999]","[0, 0]","[0, 0]",67
60,"[0, 1]",132.5499999999959,"[59, 58]","[0, 0]","[0, 0]",67
61,"[0, 1]",132.69999999999592,"[60, 60]","[0, 0]","[0, 0]",67
62,"[0, 1]",132.79999999999595,"[61, 61]","[0, 0]","[0, 0]",67
63,"[0, 1]",132.69999999999592,"[62, 62]","[0, 0]","[0, 0]",67
64,"[0, 1]",127.94999999999487,"[63, 63]","[0, 0]","[0, 0]",67
65,"[0, 1]",127.19999999999492,"[64, 64]","[0, 0]","[0, 0]",67
66,"[0, 1]",127.79999999999488,"[65, 65]","[0, 0]","[0, 0]",67
67,"[0, 1]",128.34999999999494,"[66, 66]","[0, 0]","[0, 0]",67
68,"[0, 1]",128.69999999999501,"[67, 67]","[0, 0]","[0, 0]",67
69,"[0, 3]",159.0000000000019,"[68, -999]","[0, 0]","[0, 0]",67
70,"[0, 1]",131.2999999999956,"[69, 68]","[0, 0]","[0, 0]",67
71,"[0, 1]",132.04999999999578,"[70, 70]","[0, 0]","[0, 0]",67
72,"[0, 1]",132.5999999999959,"[71, 71]","[0, 0]","[0, 0]",67
73,"[0, 1]",128.79999999999504,"[72, 72]","[0, 0]","[0, 0]",67
74,"[0, 1]",127.5499999999949,"[73, 73]","[0, 0]","[0, 0]",67
75,"[0, 1]",127.99999999999487,"[74, 74]","[0, 0]","[0, 0]",67
76,"[0, 1]",128.599999999995,"[75, 75]","[0, 0]","[0, 0]",67
77,"[0, 1]",128.74999999999503,"[76, 76]","[0, 0]","[0, 0]",67
78,"[0, 1]",129.0999999999951,"[77, 77]","[0, 0]","[0, 0]",67
79,"[0, 1]",129.69999999999524,"[78, 78]","[0, 0]","[0, 0]",67
0,"[2, 1]",36.40000000000007,"[-999, -999]","[0, 0]","[0, 0]",68
1,"[2, 1]",38.09999999999997,"[0, 0]","[0, 0]","[0, 0]",68
2,"[2, 1]",39.89999999999987,"[1, 1]","[0, 0]","[0, 0]",68
3,"[2, 3]",69.24999999999821,"[2, -999]","[0, 0]","[0, 0]",68
4,"[2, 1]",37.74999999999999,"[3, 2]","[0, 0]","[0, 0]",68
5,"[2, 3]",70.44999999999814,"[4, 3]","[0, 0]","[0, 0]",68
6,"[2, 1]",37.99999999999998,"[5, 4]","[0, 0]","[0, 0]",68
7,"[2, 1]",40.14999999999986,"[6, 6]","[0, 0]","[0, 0]",68
8,"[2, 1]",41.949999999999754,"[7, 7]","[0, 0]","[0, 0]",68
9,"[2, 3]",72.899999999998,"[8, 5]","[0, 0]","[0, 0]",68
10,"[0, 1]",67.49999999999831,"[-999, 8]","[0, 0]","[0, 0]",68
11,"[0, 1]",79.24999999999764,"[10, 43]","[3.1999999999999966, 0]","[3.1999999999999966, 0]",68
12,"[0, 3]",108.49999999999598,"[11, 9]","[0, 0]","[0, 0]",68
13,"[0, 1]",80.29999999999758,"[12, 55]","[0, 0]","[0, 0]",68
14,"[0, 1]",81.49999999999751,"[13, 13]","[0, 0]","[0, 0]",68
15,"[0, 1]",82.54999999999745,"[14, 14]","[0, 0]","[0, 0]",68
16,"[0, 1]",83.5499999999974,"[15, 15]","[0, 0]","[0, 0]",68
17,"[0, 3]",111.5499999999958,"[16, 12]","[0, 0]","[0, 0]",68
18,"[0, 1]",84.29999999999735,"[17, 16]","[0, 0]","[0, 0]",68
19,"[0, 1]",85.3499999999973,"[18, 18]","[0, 0]","[0, 0]",68
20,"[0, 1]",86.44999999999723,"[19, 19]","[0, 0]","[0, 0]",68
21,"[0, 1]",87.49999999999717,"[20, 20]","[0, 0]","[0, 0]",68
22,"[0, 1]",88.54999999999711,"[21, 21]","[0, 0]","[0, 0]",68
23,"[0, 1]",89.59999999999705,"[22, 22]","[0, 0]","[0, 0]",68
24,"[0, 1]",90.649999999997,"[23, 23]","[0, 0]","[0, 0]",68
25,"[0, 1]",91.69999999999693,"[24, 24]","[0, 0]","[0, 0]",68
26,"[0, 1]",92.69999999999688,"[25, 25]","[0, 0]","[0, 0]",68
27,"[2, 1]",48.89999999999936,"[9, 10]","[1.7500000000000009, 0]","[1.7500000000000009, 0]",68
28,"[0, 1]",93.74999999999682,"[26, 26]","[0, 0]","[0, 0]",68
29,"[0, 1]",94.69999999999676,"[28, 28]","[0, 0]","[0, 0]",68
30,"[0, 1]",95.7999999999967,"[29, 29]","[0, 0]","[0, 0]",68
31,"[0, 1]",96.79999999999664,"[30, 30]","[0, 0]","[0, 0]",68
32,"[0, 1]",97.84999999999658,"[31, 31]","[0, 0]","[0, 0]",68
33,"[0, 1]",98.84999999999653,"[32, 32]","[0, 0]","[0, 0]",68
34,"[0, 1]",99.89999999999647,"[33, 33]","[0, 0]","[0, 0]",68
35,"[0, 1]",100.89999999999641,"[34, 34]","[0, 0]","[0, 0]",68
36,"[0, 1]",101.94999999999635,"[35, 35]","[0, 0]","[0, 0]",68
37,"[0, 1]",102.99999999999629,"[36, 36]","[0, 0]","[0, 0]",68
38,"[0, 3]",133.99999999999622,"[37, -999]","[0, 0]","[0, 0]",68
39,"[0, 1]",106.69999999999608,"[38, 37]","[0, 0]","[0, 0]",68
40,"[0, 1]",107.79999999999602,"[39, 39]","[0, 0]","[0, 0]",68
41,"[0, 1]",108.84999999999596,"[40, 40]","[0, 0]","[0, 0]",68
42,"[0, 1]",109.9499999999959,"[41, 41]","[0, 0]","[0, 0]",68
43,"[2, 1]",43.29999999999968,"[27, 27]","[0, 0]","[0, 0]",68
44,"[0, 1]",110.99999999999584,"[42, 42]","[0, 0]","[0, 0]",68
45,"[0, 1]",111.94999999999578,"[44, 44]","[0, 0]","[0, 0]",68
46,"[0, 1]",112.99999999999572,"[45, 45]","[0, 0]","[0, 0]",68
47,"[0, 1]",113.99999999999567,"[46, 46]","[0, 0]","[0, 0]",68
48,"[0, 1]",115.0499999999956,"[47, 47]","[0, 0]","[0, 0]",68
49,"[0, 1]",116.09999999999555,"[48, 48]","[0, 0]","[0, 0]",68
50,"[0, 3]",147.0499999999992,"[49, -999]","[0, 0]","[0, 0]",68
51,"[0, 3]",149.3499999999997,"[50, 50]","[0, 0]","[0, 0]",68
52,"[0, 1]",120.89999999999527,"[51, 49]","[0, 0]","[0, 0]",68
53,"[0, 1]",121.94999999999521,"[52, 52]","[0, 0]","[0, 0]",68
54,"[0, 3]",153.20000000000059,"[53, 51]","[0, 0]","[0, 0]",68
55,"[2, 1]",39.099999999999916,"[43, 11]","[0, 0]","[0, 0]",68
56,"[0, 1]",125.84999999999499,"[54, 53]","[0, 0]","[0, 0]",68
57,"[0, 1]",126.94999999999493,"[56, 56]","[0, 0]","[0, 0]",68
58,"[0, 1]",127.94999999999487,"[57, 57]","[0, 0]","[0, 0]",68
59,"[0, 3]",158.9500000000019,"[58, 54]","[0, 0]","[0, 0]",68
60,"[0, 1]",131.49999999999565,"[59, 58]","[0, 0]","[0, 0]",68
61,"[0, 1]",132.44999999999587,"[60, 60]","[0, 0]","[0, 0]",68
62,"[0, 1]",133.29999999999606,"[61, 61]","[0, 0]","[0, 0]",68
63,"[0, 1]",133.9499999999962,"[62, 62]","[0, 0]","[0, 0]",68
64,"[0, 1]",134.24999999999628,"[63, 63]","[0, 0]","[0, 0]",68
65,"[0, 1]",129.5499999999952,"[64, 64]","[0, 0]","[0, 0]",68
66,"[0, 1]",128.89999999999506,"[65, 65]","[0, 0]","[0, 0]",68
67,"[0, 1]",129.44999999999519,"[66, 66]","[0, 0]","[0, 0]",68
68,"[0, 1]",129.9999999999953,"[67, 67]","[0, 0]","[0, 0]",68
69,"[0, 1]",130.29999999999538,"[68, 68]","[0, 0]","[0, 0]",68
70,"[0, 1]",130.59999999999545,"[69, 69]","[0, 0]","[0, 0]",68
71,"[0, 1]",131.2499999999956,"[70, 70]","[0, 0]","[0, 0]",68
72,"[0, 1]",132.04999999999578,"[71, 71]","[0, 0]","[0, 0]",68
73,"[0, 1]",132.5999999999959,"[72, 72]","[0, 0]","[0, 0]",68
74,"[0, 1]",132.74999999999594,"[73, 73]","[0, 0]","[0, 0]",68
75,"[0, 1]",132.5499999999959,"[74, 74]","[0.44999999999999996, 0]","[0, 0]",68
76,"[0, 1]",126.89999999999493,"[75, 75]","[0, 0]","[0, 0]",68
77,"[0, 1]",126.64999999999495,"[76, 76]","[0, 0]","[0, 0]",68
78,"[2, 3]",75.04999999999788,"[12, 17]","[3.5499999999999954, 0]","[3.5499999999999954, 0]",68
79,"[0, 1]",127.24999999999491,"[77, 77]","[0, 0]","[0, 0]",68
0,"[2, 1]",36.40000000000007,"[-999, -999]","[0, 0]","[0, 0]",69
1,"[2, 1]",38.09999999999997,"[0, 0]","[0, 0]","[0, 0]",69
2,"[2, 1]",39.89999999999987,"[1, 1]","[0, 0]","[0, 0]",69
3,"[0, 1]",67.99999999999828,"[-999, 7]","[0, 0]","[0, 0]",69
4,"[2, 1]",41.79999999999976,"[2, 2]","[0, 0]","[0, 0]",69
5,"[2, 1]",43.54999999999966,"[4, 4]","[0, 0]","[0, 0]",69
6,"[2, 1]",45.04999999999958,"[5, 5]","[0, 0]","[0, 0]",69
7,"[2, 1]",46.349999999999504,"[6, 6]","[0, 0]","[0, 0]",69
8,"[2, 3]",72.74999999999801,"[7, -999]","[0, 0]","[0, 0]",69
9,"[2, 1]",48.799999999999365,"[8, 3]","[3.2499999999999964, 0]","[3.2499999999999964, 0]",69
10,"[0, 1]",71.94999999999806,"[3, 9]","[0, 0]","[0, 0]",69
11,"[0, 1]",73.14999999999799,"[10, 10]","[0, 0]","[0, 0]",69
12,"[0, 1]",79.14999999999765,"[11, 27]","[2.3999999999999995, 0]","[2.3999999999999995, 0]",69
13,"[0, 1]",84.39999999999735,"[12, 52]","[2.5999999999999988, 0]","[2.5999999999999988, 0]",69
14,"[0, 1]",84.74999999999733,"[13, 13]","[0, 0]","[0, 0]",69
15,"[0, 1]",90.499999999997,"[14, 55]","[2.4499999999999993, 0]","[2.4499999999999993, 0]",69
16,"[0, 1]",90.89999999999698,"[15, 15]","[0, 0]","[0, 0]",69
17,"[0, 1]",91.84999999999692,"[16, 16]","[0, 0]","[0, 0]",69
18,"[0, 1]",92.89999999999687,"[17, 17]","[0, 0]","[0, 0]",69
19,"[0, 1]",93.9499999999968,"[18, 18]","[0, 0]","[0, 0]",69
20,"[0, 3]",124.89999999999505,"[19, 78]","[0, 0]","[0, 0]",69
21,"[0, 1]",97.6499999999966,"[20, 19]","[0, 0]","[0, 0]",69
22,"[0, 1]",98.74999999999653,"[21, 21]","[0, 0]","[0, 0]",69
23,"[0, 1]",99.89999999999647,"[22, 22]","[0, 0]","[0, 0]",69
24,"[0, 1]",100.94999999999641,"[23, 23]","[0, 0]","[0, 0]",69
25,"[0, 1]",101.94999999999635,"[24, 24]","[0, 0]","[0, 0]",69
26,"[0, 1]",102.9499999999963,"[25, 25]","[0, 0]","[0, 0]",69
27,"[2, 1]",61.24999999999866,"[9, 11]","[2.799999999999998, 0]","[2.799999999999998, 0]",69
28,"[0, 1]",103.99999999999623,"[26, 26]","[0, 0]","[0, 0]",69
29,"[0, 1]",104.99999999999618,"[28, 28]","[0, 0]","[0, 0]",69
30,"[0, 1]",105.99999999999612,"[29, 29]","[0, 0]","[0, 0]",69
31,"[0, 1]",107.09999999999606,"[30, 30]","[0, 0]","[0, 0]",69
32,"[0, 1]",108.149999999996,"[31, 31]","[0, 0]","[0, 0]",69
33,"[0, 1]",109.14999999999594,"[32, 32]","[0, 0]","[0, 0]",69
34,"[0, 1]",110.14999999999588,"[33, 33]","[0, 0]","[0, 0]",69
35,"[0, 1]",111.19999999999582,"[34, 34]","[0, 0]","[0, 0]",69
36,"[0, 1]",112.19999999999577,"[35, 35]","[0, 0]","[0, 0]",69
37,"[0, 1]",113.19999999999571,"[36, 36]","[0, 0]","[0, 0]",69
38,"[0, 1]",114.24999999999565,"[37, 37]","[0, 0]","[0, 0]",69
39,"[0, 1]",115.34999999999559,"[38, 38]","[0, 0]","[0, 0]",69
40,"[0, 1]",116.39999999999553,"[39, 39]","[0, 0]","[0, 0]",69
41,"[0, 1]",117.34999999999548,"[40, 40]","[0, 0]","[0, 0]",69
42,"[0, 1]",118.39999999999542,"[41, 41]","[0, 0]","[0, 0]",69
43,"[0, 1]",119.39999999999536,"[42, 42]","[0, 0]","[0, 0]",69
44,"[0, 1]",120.3999999999953,"[43, 43]","[0, 0]","[0, 0]",69
45,"[0, 1]",121.34999999999525,"[44, 44]","[0, 0]","[0, 0]",69
46,"[0, 1]",122.1499999999952,"[45, 45]","[0, 0]","[0, 0]",69
47,"[0, 3]",152.8000000000005,"[46, -999]","[0, 0]","[0, 0]",69
48,"[0, 1]",125.29999999999502,"[47, 46]","[0, 0]","[0, 0]",69
49,"[0, 1]",125.99999999999498,"[48, 48]","[0, 0]","[0, 0]",69
50,"[0, 1]",126.49999999999496,"[49, 49]","[0, 0]","[0, 0]",69
51,"[0, 3]",156.90000000000143,"[50, 47]","[0, 0]","[0, 0]",69
52,"[2, 1]",48.799999999999365,"[27, 12]","[1.950000000000001, 0]","[1.950000000000001, 0]",69
53,"[0, 1]",129.24999999999514,"[51, 50]","[0, 0]","[0, 0]",69
54,"[0, 1]",130.04999999999532,"[53, 53]","[0, 0]","[0, 0]",69
55,"[2, 1]",59.74999999999874,"[52, 14]","[9.700000000000003, 0]","[9.700000000000003, 0]",69
56,"[0, 1]",130.64999999999546,"[54, 54]","[0, 0]","[0, 0]",69
57,"[0, 1]",130.7999999999955,"[56, 56]","[0, 0]","[0, 0]",69
58,"[0, 1]",130.7999999999955,"[57, 57]","[0, 0]","[0, 0]",69
59,"[0, 1]",130.99999999999554,"[58, 58]","[0, 0]","[0, 0]",69
60,"[0, 1]",131.14999999999557,"[59, 59]","[0, 0]","[0, 0]",69
61,"[0, 1]",131.04999999999555,"[60, 60]","[0, 0]","[0, 0]",69
62,"[0, 1]",130.99999999999554,"[61, 61]","[0, 0]","[0, 0]",69
63,"[0, 1]",131.04999999999555,"[62, 62]","[0, 0]","[0, 0]",69
64,"[0, 1]",131.04999999999555,"[63, 63]","[0, 0]","[0, 0]",69
65,"[0, 1]",131.04999999999555,"[64, 64]","[0, 0]","[0, 0]",69
66,"[0, 1]",131.09999999999556,"[65, 65]","[0, 0]","[0, 0]",69
67,"[0, 1]",131.09999999999556,"[66, 66]","[0, 0]","[0, 0]",69
68,"[0, 1]",131.04999999999555,"[67, 67]","[0, 0]","[0, 0]",69
69,"[0, 1]",131.04999999999555,"[68, 68]","[0, 0]","[0, 0]",69
70,"[0, 1]",130.99999999999554,"[69, 69]","[0, 0]","[0, 0]",69
71,"[0, 1]",130.99999999999554,"[70, 70]","[0, 0]","[0, 0]",69
72,"[0, 1]",130.99999999999554,"[71, 71]","[0, 0]","[0, 0]",69
73,"[0, 1]",130.89999999999552,"[72, 72]","[0, 0]","[0, 0]",69
74,"[0, 1]",126.14999999999498,"[73, 73]","[0, 0]","[0, 0]",69
75,"[0, 1]",125.34999999999502,"[74, 74]","[0, 0]","[0, 0]",69
76,"[0, 1]",125.84999999999499,"[75, 75]","[0, 0]","[0, 0]",69
77,"[0, 1]",126.34999999999496,"[76, 76]","[0, 0]","[0, 0]",69
78,"[2, 3]",68.19999999999827,"[55, -999]","[0, 0]","[0, 0]",69
79,"[0, 1]",126.29999999999497,"[77, 77]","[0, 0]","[0, 0]",69
0,"[2, 1]",36.40000000000007,"[-999, -999]","[0, 0]","[0, 0]",70
1,"[2, 1]",38.09999999999997,"[0, 0]","[0, 0]","[0, 0]",70
2,"[2, 1]",39.89999999999987,"[1, 1]","[0, 0]","[0, 0]",70
3,"[2, 3]",69.24999999999821,"[2, -999]","[0, 0]","[0, 0]",70
4,"[2, 1]",37.74999999999999,"[3, 2]","[0, 0]","[0, 0]",70
5,"[2, 3]",70.49999999999814,"[4, 3]","[0, 0]","[0, 0]",70
6,"[2, 1]",37.99999999999998,"[5, 4]","[0, 0]","[0, 0]",70
7,"[2, 1]",40.14999999999986,"[6, 6]","[0, 0]","[0, 0]",70
8,"[2, 1]",41.949999999999754,"[7, 7]","[0, 0]","[0, 0]",70
9,"[2, 1]",43.699999999999655,"[8, 8]","[0, 0]","[0, 0]",70
10,"[0, 1]",70.69999999999813,"[-999, 9]","[0, 0]","[0, 0]",70
11,"[0, 1]",76.4999999999978,"[10, 27]","[2.549999999999999, 0]","[2.549999999999999, 0]",70
12,"[0, 1]",76.99999999999777,"[11, 11]","[0, 0]","[0, 0]",70
13,"[0, 3]",107.999999999996,"[12, 17]","[0, 0]","[0, 0]",70
14,"[0, 1]",80.09999999999759,"[13, 55]","[0, 0]","[0, 0]",70
15,"[0, 1]",81.14999999999753,"[14, 14]","[0, 0]","[0, 0]",70
16,"[0, 1]",82.19999999999747,"[15, 15]","[0, 0]","[0, 0]",70
17,"[2, 3]",73.99999999999794,"[9, 5]","[0, 0]","[0, 0]",70
18,"[0, 1]",83.24999999999741,"[16, 16]","[0, 0]","[0, 0]",70
19,"[0, 1]",84.29999999999735,"[18, 18]","[0, 0]","[0, 0]",70
20,"[0, 1]",85.2999999999973,"[19, 19]","[0, 0]","[0, 0]",70
21,"[0, 1]",86.34999999999724,"[20, 20]","[0, 0]","[0, 0]",70
22,"[0, 1]",87.34999999999718,"[21, 21]","[0, 0]","[0, 0]",70
23,"[0, 1]",88.44999999999712,"[22, 22]","[0, 0]","[0, 0]",70
24,"[0, 1]",89.49999999999706,"[23, 23]","[0, 0]","[0, 0]",70
25,"[0, 1]",90.499999999997,"[24, 24]","[0, 0]","[0, 0]",70
26,"[0, 1]",91.49999999999694,"[25, 25]","[0, 0]","[0, 0]",70
27,"[2, 1]",46.849999999999476,"[17, 10]","[0, 0]","[0, 0]",70
28,"[0, 1]",92.54999999999688,"[26, 26]","[0, 0]","[0, 0]",70
29,"[0, 1]",93.59999999999683,"[28, 28]","[0, 0]","[0, 0]",70
30,"[0, 1]",94.64999999999677,"[29, 29]","[0, 0]","[0, 0]",70
31,"[0, 1]",95.7999999999967,"[30, 30]","[0, 0]","[0, 0]",70
32,"[0, 1]",96.79999999999664,"[31, 31]","[0, 0]","[0, 0]",70
33,"[0, 1]",97.79999999999659,"[32, 32]","[0, 0]","[0, 0]",70
34,"[0, 1]",98.79999999999653,"[33, 33]","[0, 0]","[0, 0]",70
35,"[0, 1]",99.84999999999647,"[34, 34]","[0, 0]","[0, 0]",70
36,"[0, 1]",100.84999999999641,"[35, 35]","[0, 0]","[0, 0]",70
37,"[0, 1]",101.84999999999636,"[36, 36]","[0, 0]","[0, 0]",70
38,"[0, 1]",102.8499999999963,"[37, 37]","[0, 0]","[0, 0]",70
39,"[0, 1]",103.89999999999624,"[38, 38]","[0, 0]","[0, 0]",70
40,"[0, 1]",104.89999999999618,"[39, 39]","[0, 0]","[0, 0]",70
41,"[0, 1]",105.89999999999613,"[40, 40]","[0, 0]","[0, 0]",70
42,"[0, 1]",106.94999999999607,"[41, 41]","[0, 0]","[0, 0]",70
43,"[0, 1]",108.049999999996,"[42, 42]","[0, 0]","[0, 0]",70
44,"[0, 1]",109.04999999999595,"[43, 43]","[0, 0]","[0, 0]",70
45,"[0, 1]",110.09999999999589,"[44, 44]","[0, 0]","[0, 0]",70
46,"[0, 1]",111.14999999999583,"[45, 45]","[0, 0]","[0, 0]",70
47,"[0, 1]",112.19999999999577,"[46, 46]","[0, 0]","[0, 0]",70
48,"[0, 1]",113.24999999999571,"[47, 47]","[0, 0]","[0, 0]",70
49,"[0, 1]",114.29999999999565,"[48, 48]","[0, 0]","[0, 0]",70
50,"[0, 1]",115.29999999999559,"[49, 49]","[0, 0]","[0, 0]",70
51,"[0, 1]",116.29999999999553,"[50, 50]","[0, 0]","[0, 0]",70
52,"[0, 1]",117.29999999999548,"[51, 51]","[0, 0]","[0, 0]",70
53,"[0, 1]",118.34999999999542,"[52, 52]","[0, 0]","[0, 0]",70
54,"[0, 3]",149.2999999999997,"[53, -999]","[0, 0]","[0, 0]",70
55,"[2, 1]",41.79999999999976,"[27, 12]","[0, 0]","[0, 0]",70
56,"[0, 1]",122.04999999999521,"[54, 53]","[0, 0]","[0, 0]",70
57,"[0, 1]",123.14999999999515,"[56, 56]","[0, 0]","[0, 0]",70
58,"[0, 1]",124.19999999999509,"[57, 57]","[0, 0]","[0, 0]",70
59,"[0, 1]",125.24999999999503,"[58, 58]","[0, 0]","[0, 0]",70
60,"[0, 1]",126.24999999999497,"[59, 59]","[0, 0]","[0, 0]",70
61,"[0, 1]",127.09999999999492,"[60, 60]","[0, 0]","[0, 0]",70
62,"[0, 1]",127.94999999999487,"[61, 61]","[0, 0]","[0, 0]",70
63,"[0, 1]",128.599999999995,"[62, 62]","[0, 0]","[0, 0]",70
64,"[0, 1]",128.99999999999508,"[63, 63]","[0, 0]","[0, 0]",70
65,"[0, 1]",129.14999999999512,"[64, 64]","[0, 0]","[0, 0]",70
66,"[0, 1]",129.24999999999514,"[65, 65]","[0, 0]","[0, 0]",70
67,"[0, 1]",129.34999999999516,"[66, 66]","[0, 0]","[0, 0]",70
68,"[0, 1]",129.34999999999516,"[67, 67]","[0, 0]","[0, 0]",70
69,"[0, 1]",129.34999999999516,"[68, 68]","[0, 0]","[0, 0]",70
70,"[0, 1]",129.39999999999517,"[69, 69]","[0, 0]","[0, 0]",70
71,"[0, 1]",129.34999999999516,"[70, 70]","[0, 0]","[0, 0]",70
72,"[0, 1]",129.39999999999517,"[71, 71]","[0, 0]","[0, 0]",70
73,"[0, 1]",129.29999999999515,"[72, 72]","[0, 0]","[0, 0]",70
74,"[0, 1]",129.24999999999514,"[73, 73]","[0, 0]","[0, 0]",70
75,"[0, 1]",129.24999999999514,"[74, 74]","[0, 0]","[0, 0]",70
76,"[0, 1]",129.29999999999515,"[75, 75]","[0, 0]","[0, 0]",70
77,"[0, 1]",129.34999999999516,"[76, 76]","[0, 0]","[0, 0]",70
78,"[0, 1]",129.29999999999515,"[77, 77]","[0, 0]","[0, 0]",70
79,"[0, 1]",129.14999999999512,"[78, 78]","[0, 0]","[0, 0]",70
0,"[2, 1]",36.40000000000007,"[-999, -999]","[0, 0]","[0, 0]",71
1,"[2, 1]",38.09999999999997,"[0, 0]","[0, 0]","[0, 0]",71
2,"[2, 3]",68.64999999999824,"[1, -999]","[0, 0]","[0, 0]",71
3,"[2, 3]",71.34999999999809,"[2, 2]","[0, 0]","[0, 0]",71
4,"[2, 1]",37.79999999999999,"[3, 1]","[0, 0]","[0, 0]",71
5,"[2, 1]",39.84999999999987,"[4, 4]","[0, 0]","[0, 0]",71
6,"[2, 1]",41.69999999999977,"[5, 5]","[0, 0]","[0, 0]",71
7,"[2, 1]",43.499999999999666,"[6, 6]","[0, 0]","[0, 0]",71
8,"[2, 1]",45.04999999999958,"[7, 7]","[0, 0]","[0, 0]",71
9,"[0, 1]",74.44999999999791,"[-999, 10]","[0, 0]","[1.6500000000000008, 0]",71
10,"[2, 1]",46.3999999999995,"[8, 8]","[0, 0]","[0, 0]",71
11,"[0, 3]",103.69999999999625,"[9, 3]","[0, 0]","[0, 0]",71
12,"[2, 1]",52.59999999999915,"[10, 9]","[1.6000000000000008, 0]","[1.6000000000000008, 0]",71
13,"[0, 1]",80.54999999999757,"[11, 27]","[2.549999999999999, 0]","[2.549999999999999, 0]",71
14,"[0, 1]",81.09999999999754,"[13, 13]","[0, 0]","[0, 0]",71
15,"[0, 1]",82.14999999999748,"[14, 14]","[0, 0]","[0, 0]",71
16,"[0, 1]",88.04999999999714,"[15, 55]","[2.3999999999999995, 0]","[2.3999999999999995, 0]",71
17,"[0, 3]",115.1499999999956,"[16, 11]","[0, 0]","[0, 0]",71
18,"[0, 1]",87.84999999999715,"[17, 16]","[0, 0]","[0, 0]",71
19,"[0, 1]",88.94999999999709,"[18, 18]","[0, 0]","[0, 0]",71
20,"[0, 3]",120.24999999999531,"[19, 78]","[0, 0]","[0, 0]",71
21,"[0, 1]",92.74999999999687,"[20, 19]","[0, 0]","[0, 0]",71
22,"[0, 1]",93.89999999999681,"[21, 21]","[0, 0]","[0, 0]",71
23,"[0, 1]",95.04999999999674,"[22, 22]","[0, 0]","[0, 0]",71
24,"[0, 1]",96.09999999999668,"[23, 23]","[0, 0]","[0, 0]",71
25,"[0, 1]",97.09999999999663,"[24, 24]","[0, 0]","[0, 0]",71
26,"[0, 1]",98.14999999999657,"[25, 25]","[0, 0]","[0, 0]",71
27,"[2, 1]",52.849999999999135,"[12, 12]","[3.149999999999997, 0]","[3.149999999999997, 0]",71
28,"[0, 1]",99.14999999999651,"[26, 26]","[0, 0]","[0, 0]",71
29,"[0, 1]",100.14999999999645,"[28, 28]","[0, 0]","[0, 0]",71
30,"[0, 1]",101.1499999999964,"[29, 29]","[0, 0]","[0, 0]",71
31,"[0, 1]",102.24999999999633,"[30, 30]","[0, 0]","[0, 0]",71
32,"[0, 1]",103.34999999999627,"[31, 31]","[0, 0]","[0, 0]",71
33,"[0, 1]",104.34999999999621,"[32, 32]","[0, 0]","[0, 0]",71
34,"[0, 1]",105.29999999999616,"[33, 33]","[0, 0]","[0, 0]",71
35,"[0, 1]",106.3999999999961,"[34, 34]","[0, 0]","[0, 0]",71
36,"[0, 1]",107.39999999999604,"[35, 35]","[0, 0]","[0, 0]",71
37,"[0, 1]",108.44999999999598,"[36, 36]","[0, 0]","[0, 0]",71
38,"[0, 1]",109.49999999999592,"[37, 37]","[0, 0]","[0, 0]",71
39,"[0, 1]",110.49999999999586,"[38, 38]","[0, 0]","[0, 0]",71
40,"[0, 1]",111.5499999999958,"[39, 39]","[0, 0]","[0, 0]",71
41,"[0, 1]",112.49999999999575,"[40, 40]","[0, 0]","[0, 0]",71
42,"[0, 1]",113.4999999999957,"[41, 41]","[0, 0]","[0, 0]",71
43,"[0, 1]",114.59999999999563,"[42, 42]","[0, 0]","[0, 0]",71
44,"[0, 1]",115.64999999999557,"[43, 43]","[0, 0]","[0, 0]",71
45,"[0, 1]",116.64999999999552,"[44, 44]","[0, 0]","[0, 0]",71
46,"[0, 1]",117.64999999999546,"[45, 45]","[0, 0]","[0, 0]",71
47,"[0, 3]",148.59999999999954,"[46, -999]","[0, 0]","[0, 0]",71
48,"[0, 1]",121.39999999999525,"[47, 46]","[0, 0]","[0, 0]",71
49,"[0, 1]",122.44999999999519,"[48, 48]","[0, 0]","[0, 0]",71
50,"[0, 1]",123.49999999999513,"[49, 49]","[0, 0]","[0, 0]",71
51,"[0, 1]",124.49999999999507,"[50, 50]","[0, 0]","[0, 0]",71
52,"[0, 1]",125.49999999999501,"[51, 51]","[0, 0]","[0, 0]",71
53,"[0, 1]",126.44999999999496,"[52, 52]","[0, 0]","[0, 0]",71
54,"[0, 1]",127.3499999999949,"[53, 53]","[0, 0]","[0, 0]",71
55,"[2, 1]",56.199999999998944,"[27, 15]","[9.700000000000003, 0]","[9.700000000000003, 0]",71
56,"[0, 1]",128.1499999999949,"[54, 54]","[0, 0]","[0, 0]",71
57,"[0, 1]",128.649999999995,"[56, 56]","[0, 0]","[0, 0]",71
58,"[0, 1]",129.0499999999951,"[57, 57]","[0, 0]","[0, 0]",71
59,"[0, 3]",159.20000000000195,"[58, -999]","[0, 0]","[0, 0]",71
60,"[0, 1]",130.99999999999554,"[59, 58]","[0, 0]","[0, 0]",71
61,"[0, 1]",131.04999999999555,"[60, 60]","[0, 0]","[0, 0]",71
62,"[0, 1]",131.09999999999556,"[61, 61]","[0, 0]","[0, 0]",71
63,"[0, 1]",131.14999999999557,"[62, 62]","[0, 0]","[0, 0]",71
64,"[0, 1]",131.14999999999557,"[63, 63]","[0, 0]","[0, 0]",71
65,"[0, 1]",131.14999999999557,"[64, 64]","[0, 0]","[0, 0]",71
66,"[0, 1]",131.14999999999557,"[65, 65]","[0, 0]","[0, 0]",71
67,"[0, 1]",131.19999999999558,"[66, 66]","[0, 0]","[0, 0]",71
68,"[0, 1]",131.19999999999558,"[67, 67]","[0, 0]","[0, 0]",71
69,"[0, 1]",131.14999999999557,"[68, 68]","[0, 0]","[0, 0]",71
70,"[0, 3]",161.10000000000238,"[69, -999]","[0, 0]","[0, 0]",71
71,"[0, 1]",132.89999999999597,"[70, 69]","[0, 0]","[0, 0]",71
72,"[0, 1]",132.84999999999596,"[71, 71]","[0, 0]","[0, 0]",71
73,"[0, 3]",157.90000000000165,"[72, 70]","[0, 0]","[0, 0]",71
74,"[0, 1]",128.99999999999508,"[73, 72]","[0, 0]","[0, 0]",71
75,"[0, 1]",129.69999999999524,"[74, 74]","[0, 0]","[0, 0]",71
76,"[0, 3]",160.40000000000222,"[75, 73]","[0, 0]","[0, 0]",71
77,"[0, 1]",132.49999999999588,"[76, 75]","[0, 0]","[0, 0]",71
78,"[2, 3]",72.849999999998,"[55, 17]","[0, 0]","[0, 0]",71
79,"[0, 1]",132.94999999999598,"[77, 77]","[0, 0]","[0, 0]",71
0,"[2, 1]",36.40000000000007,"[-999, -999]","[0, 0]","[0, 0]",72
1,"[2, 1]",38.09999999999997,"[0, 0]","[0, 0]","[0, 0]",72
2,"[2, 1]",39.89999999999987,"[1, 1]","[0, 0]","[0, 0]",72
3,"[2, 3]",69.24999999999821,"[2, -999]","[0, 0]","[0, 0]",72
4,"[2, 1]",37.74999999999999,"[3, 2]","[0, 0]","[0, 0]",72
5,"[2, 1]",39.54999999999989,"[4, 4]","[0, 0]","[0, 0]",72
6,"[2, 1]",41.34999999999979,"[5, 5]","[0, 0]","[0, 0]",72
7,"[2, 1]",43.29999999999968,"[6, 6]","[0, 0]","[0, 0]",72
8,"[2, 1]",44.84999999999959,"[7, 7]","[0, 0]","[0, 0]",72
9,"[0, 1]",67.84999999999829,"[-999, 8]","[0, 0]","[0, 0]",72
10,"[2, 1]",51.599999999999206,"[8, 9]","[3.049999999999997, 0]","[3.049999999999997, 0]",72
11,"[0, 3]",100.14999999999645,"[9, 3]","[0, 0]","[0, 0]",72
12,"[2, 1]",51.949999999999186,"[10, 10]","[4.049999999999994, 0]","[3.2499999999999964, 0]",72
13,"[0, 1]",76.04999999999782,"[11, 12]","[0, 0]","[0, 0]",72
14,"[0, 1]",82.59999999999745,"[13, 27]","[2.5999999999999988, 0]","[2.5999999999999988, 0]",72
15,"[0, 1]",86.39999999999723,"[14, 55]","[2.499999999999999, 0]","[2.499999999999999, 0]",72
16,"[0, 1]",86.74999999999721,"[15, 15]","[0, 0]","[0, 0]",72
17,"[0, 1]",87.64999999999716,"[16, 16]","[0, 0]","[0, 0]",72
18,"[0, 1]",88.6999999999971,"[17, 17]","[0, 0]","[0, 0]",72
19,"[0, 3]",119.69999999999534,"[18, 11]","[0, 0]","[0, 0]",72
20,"[0, 3]",122.04999999999521,"[19, 19]","[0, 0]","[0, 0]",72
21,"[0, 1]",93.64999999999682,"[20, 18]","[0, 0]","[0, 0]",72
22,"[0, 1]",94.74999999999676,"[21, 21]","[0, 0]","[0, 0]",72
23,"[0, 1]",95.8999999999967,"[22, 22]","[0, 0]","[0, 0]",72
24,"[0, 1]",96.94999999999663,"[23, 23]","[0, 0]","[0, 0]",72
25,"[0, 1]",97.94999999999658,"[24, 24]","[0, 0]","[0, 0]",72
26,"[0, 1]",98.94999999999652,"[25, 25]","[0, 0]","[0, 0]",72
27,"[2, 1]",58.59999999999881,"[12, 13]","[6.999999999999983, 0]","[2.1500000000000004, 0]",72
28,"[0, 1]",99.99999999999646,"[26, 26]","[0, 0]","[0, 0]",72
29,"[0, 1]",101.0499999999964,"[28, 28]","[0, 0]","[0, 0]",72
30,"[0, 1]",102.04999999999634,"[29, 29]","[0, 0]","[0, 0]",72
31,"[0, 1]",103.09999999999629,"[30, 30]","[0, 0]","[0, 0]",72
32,"[0, 1]",104.09999999999623,"[31, 31]","[0, 0]","[0, 0]",72
33,"[0, 1]",105.14999999999617,"[32, 32]","[0, 0]","[0, 0]",72
34,"[0, 1]",106.09999999999611,"[33, 33]","[0, 0]","[0, 0]",72
35,"[0, 1]",107.14999999999606,"[34, 34]","[0, 0]","[0, 0]",72
36,"[0, 1]",108.149999999996,"[35, 35]","[0, 0]","[0, 0]",72
37,"[0, 1]",109.14999999999594,"[36, 36]","[0, 0]","[0, 0]",72
38,"[0, 3]",140.0999999999976,"[37, -999]","[0, 0]","[0, 0]",72
39,"[0, 1]",112.94999999999573,"[38, 37]","[0, 0]","[0, 0]",72
40,"[0, 1]",114.04999999999566,"[39, 39]","[0, 0]","[0, 0]",72
41,"[0, 1]",115.1499999999956,"[40, 40]","[0, 0]","[0, 0]",72
42,"[0, 1]",116.19999999999554,"[41, 41]","[0, 0]","[0, 0]",72
43,"[0, 1]",117.29999999999548,"[42, 42]","[0, 0]","[0, 0]",72
44,"[0, 1]",118.29999999999542,"[43, 43]","[0, 0]","[0, 0]",72
45,"[0, 1]",119.39999999999536,"[44, 44]","[0, 0]","[0, 0]",72
46,"[0, 1]",120.3999999999953,"[45, 45]","[0, 0]","[0, 0]",72
47,"[0, 3]",151.40000000000018,"[46, 38]","[0, 0]","[0, 0]",72
48,"[0, 1]",124.0499999999951,"[47, 46]","[0, 0]","[0, 0]",72
49,"[0, 1]",125.14999999999503,"[48, 48]","[0, 0]","[0, 0]",72
50,"[0, 1]",126.19999999999497,"[49, 49]","[0, 0]","[0, 0]",72
51,"[0, 3]",157.15000000000148,"[50, 47]","[0, 0]","[0, 0]",72
52,"[0, 1]",129.84999999999528,"[51, 50]","[0, 0]","[0, 0]",72
53,"[0, 1]",130.8499999999955,"[52, 52]","[0, 0]","[0, 0]",72
54,"[0, 1]",131.6999999999957,"[53, 53]","[0, 0]","[0, 0]",72
55,"[2, 1]",50.69999999999926,"[27, 14]","[1.6500000000000008, 0]","[1.6500000000000008, 0]",72
56,"[0, 1]",132.29999999999583,"[54, 54]","[0, 0]","[0, 0]",72
57,"[0, 1]",132.6499999999959,"[56, 56]","[0, 0]","[0, 0]",72
58,"[0, 1]",132.89999999999597,"[57, 57]","[0, 0]","[0, 0]",72
59,"[0, 3]",162.9500000000028,"[58, 51]","[0, 0]","[0, 0]",72
60,"[0, 1]",134.59999999999636,"[59, 58]","[0, 0]","[0, 0]",72
61,"[0, 1]",134.69999999999638,"[60, 60]","[0, 0]","[0, 0]",72
62,"[0, 1]",134.7999999999964,"[61, 61]","[0, 0]","[0, 0]",72
63,"[0, 1]",134.7499999999964,"[62, 62]","[0, 0]","[0, 0]",72
64,"[0, 1]",130.04999999999532,"[63, 63]","[0, 0]","[0, 0]",72
65,"[0, 1]",129.29999999999515,"[64, 64]","[0, 0]","[0, 0]",72
66,"[0, 1]",129.84999999999528,"[65, 65]","[0, 0]","[0, 0]",72
67,"[0, 1]",130.3999999999954,"[66, 66]","[0, 0]","[0, 0]",72
68,"[0, 1]",130.74999999999548,"[67, 67]","[0, 0]","[0, 0]",72
69,"[0, 1]",131.09999999999556,"[68, 68]","[0, 0]","[0, 0]",72
70,"[0, 3]",161.6000000000025,"[69, -999]","[0, 0]","[0, 0]",72
71,"[0, 1]",134.04999999999623,"[70, 69]","[0, 0]","[0, 0]",72
72,"[0, 1]",134.54999999999634,"[71, 71]","[0, 0]","[0, 0]",72
73,"[0, 1]",130.3999999999954,"[72, 72]","[0, 0]","[0, 0]",72
74,"[0, 1]",129.24999999999514,"[73, 73]","[0, 0]","[0, 0]",72
75,"[0, 1]",129.69999999999524,"[74, 74]","[0, 0]","[0, 0]",72
76,"[0, 1]",130.24999999999537,"[75, 75]","[0, 0]","[0, 0]",72
77,"[0, 1]",130.14999999999534,"[76, 76]","[0, 0]","[0, 0]",72
78,"[0, 1]",129.9499999999953,"[77, 77]","[0, 0]","[0, 0]",72
79,"[0, 1]",129.34999999999516,"[78, 78]","[0.7000000000000001, 0]","[0, 0]",72
