Vehicle_label,Road_order,Total_time,Leading_vehicles,Stopped_time,Stop_while_front,Round_number
0,"[0, 3]",107.49999999999604,"[-999, 16]","[0, 0]","[5.649999999999988, 0]",1
1,"[2, 1]",36.40000000000007,"[-999, -999]","[0, 0]","[0, 0]",1
2,"[2, 1]",38.09999999999997,"[1, 1]","[0, 0]","[0, 0]",1
3,"[2, 1]",39.89999999999987,"[2, 2]","[0, 0]","[0, 0]",1
4,"[0, 1]",76.74999999999778,"[0, -999]","[0, 0]","[0, 0]",1
5,"[2, 3]",69.04999999999822,"[3, -999]","[0, 0]","[0, 0]",1
6,"[0, 3]",110.09999999999589,"[4, 17]","[0, 0]","[0, 0]",1
7,"[2, 1]",39.89999999999987,"[5, 3]","[0, 0]","[0, 0]",1
8,"[0, 3]",111.04999999999583,"[6, 6]","[0, 0]","[0, 0]",1
9,"[0, 1]",81.24999999999753,"[8, 19]","[0, 0]","[0, 0]",1
10,"[0, 3]",113.14999999999571,"[9, 20]","[0, 0]","[0, 0]",1
11,"[0, 1]",83.5499999999974,"[10, 9]","[0, 0]","[0, 0]",1
12,"[2, 3]",70.04999999999816,"[7, 5]","[0, 0]","[0, 0]",1
13,"[0, 3]",115.59999999999557,"[11, 22]","[0, 0]","[0, 0]",1
14,"[2, 1]",40.549999999999834,"[12, 7]","[0, 0]","[0, 0]",1
15,"[2, 3]",70.54999999999814,"[14, 12]","[0, 0]","[0, 0]",1
16,"[2, 3]",72.64999999999802,"[15, 15]","[0, 0]","[0, 0]",1
17,"[2, 3]",79.9999999999976,"[16, 0]","[3.149999999999997, 0]","[3.149999999999997, 0]",1
18,"[0, 3]",116.8999999999955,"[13, 13]","[0, 0]","[0, 0]",1
19,"[2, 1]",50.44999999999927,"[17, 4]","[0, 0]","[0, 0]",1
20,"[2, 3]",87.79999999999715,"[19, 8]","[0, 0]","[0, 0]",1
21,"[0, 1]",87.59999999999717,"[18, 28]","[0, 0]","[0, 0]",1
22,"[2, 3]",94.19999999999679,"[20, 10]","[4.849999999999991, 0]","[0, 0]",1
23,"[0, 1]",88.6499999999971,"[21, 21]","[0, 0]","[0, 0]",1
24,"[0, 1]",89.74999999999704,"[23, 23]","[0, 0]","[0, 0]",1
25,"[0, 1]",90.79999999999698,"[24, 24]","[0, 0]","[0, 0]",1
26,"[0, 3]",121.94999999999521,"[25, 33]","[0, 0]","[0, 0]",1
27,"[0, 1]",93.49999999999683,"[26, 35]","[0, 0]","[0, 0]",1
28,"[2, 1]",64.54999999999848,"[22, 11]","[7.299999999999982, 0]","[0, 0]",1
29,"[0, 1]",94.59999999999677,"[27, 27]","[0, 0]","[0, 0]",1
30,"[0, 3]",125.749999999995,"[29, 38]","[0, 0]","[0, 0]",1
31,"[2, 3]",102.8999999999963,"[28, 18]","[17.90000000000012, 0]","[0, 0]",1
32,"[2, 3]",104.29999999999622,"[31, 31]","[15.500000000000085, 0]","[0, 0]",1
33,"[2, 3]",105.99999999999612,"[32, 32]","[13.800000000000061, 0]","[0, 0]",1
34,"[0, 3]",127.84999999999488,"[30, 30]","[0, 0]","[0, 0]",1
35,"[2, 1]",82.54999999999745,"[33, 25]","[12.250000000000039, 0]","[0, 0]",1
36,"[0, 3]",129.39999999999517,"[34, 34]","[0, 0]","[0, 0]",1
37,"[0, 3]",130.69999999999547,"[36, 36]","[0, 0]","[0, 0]",1
38,"[2, 3]",114.79999999999562,"[35, 26]","[10.750000000000018, 0]","[0, 0]",1
39,"[0, 3]",137.14999999999694,"[37, 43]","[2.3999999999999995, 0]","[2.3999999999999995, 0]",1
40,"[2, 1]",90.94999999999698,"[38, 29]","[9.249999999999996, 0]","[0, 0]",1
41,"[0, 1]",108.39999999999598,"[39, 44]","[0, 0]","[0, 0]",1
42,"[0, 1]",108.24999999999599,"[41, 41]","[0, 0]","[0, 0]",1
43,"[2, 3]",139.1999999999974,"[40, 37]","[17.400000000000112, 0]","[9.600000000000001, 0]",1
44,"[2, 1]",107.999999999996,"[43, -999]","[6.349999999999985, 0]","[0, 0]",1
45,"[2, 3]",142.44999999999814,"[44, 39]","[5.1999999999999895, 0]","[0, 0]",1
46,"[0, 3]",141.69999999999797,"[42, 47]","[0, 0]","[0, 0]",1
47,"[2, 3]",144.54999999999862,"[45, 45]","[5.299999999999989, 0]","[0, 0]",1
48,"[0, 1]",112.24999999999577,"[46, 42]","[0, 0]","[0, 0]",1
49,"[0, 1]",113.3499999999957,"[48, 48]","[0, 0]","[0, 0]",1
50,"[2, 3]",151.85000000000028,"[47, 46]","[5.999999999999987, 0]","[0, 0]",1
51,"[2, 1]",128.2499999999949,"[50, 49]","[5.1999999999999895, 0]","[0, 0]",1
52,"[2, 1]",128.09999999999488,"[51, 51]","[4.99999999999999, 0]","[0, 0]",1
53,"[2, 3]",173.1000000000051,"[52, 62]","[18.200000000000124, 0]","[6.749999999999984, 0]",1
54,"[0, 3]",144.64999999999864,"[49, 50]","[0, 0]","[0, 0]",1
55,"[2, 3]",174.8000000000055,"[53, 53]","[15.400000000000084, 0]","[0, 0]",1
56,"[2, 3]",176.75000000000594,"[55, 55]","[18.100000000000122, 0]","[0, 0]",1
57,"[2, 3]",178.85000000000642,"[56, 56]","[20.400000000000155, 0]","[0, 0]",1
58,"[0, 3]",146.84999999999914,"[54, 54]","[0, 0]","[0, 0]",1
59,"[2, 3]",186.2500000000081,"[57, 74]","[22.85000000000019, 0]","[0, 0]",1
60,"[0, 3]",148.3999999999995,"[58, 58]","[0, 0]","[0, 0]",1
61,"[2, 3]",187.9500000000085,"[59, 59]","[34.50000000000018, 0]","[0, 0]",1
62,"[0, 3]",149.6999999999998,"[60, 60]","[0, 0]","[0, 0]",1
63,"[0, 1]",120.4999999999953,"[62, 52]","[0, 0]","[0, 0]",1
64,"[2, 1]",164.2000000000031,"[61, 77]","[35.00000000000015, 0]","[0, 0]",1
65,"[0, 1]",121.64999999999523,"[63, 63]","[0, 0]","[0, 0]",1
66,"[2, 3]",195.20000000001014,"[64, 61]","[35.050000000000146, 0]","[0, 0]",1
67,"[0, 1]",122.69999999999517,"[65, 65]","[0, 0]","[0, 0]",1
68,"[2, 3]",197.95000000001076,"[66, 66]","[34.900000000000155, 0]","[0, 0]",1
69,"[2, 3]",200.3000000000113,"[68, 68]","[36.25000000000008, 0]","[0, 0]",1
70,"[2, 3]",202.5000000000118,"[69, 69]","[37.05000000000003, 0]","[0, 0]",1
71,"[2, 1]",173.1000000000051,"[70, -999]","[37.65, 0]","[0, 0]",1
72,"[0, 1]",123.74999999999511,"[67, 67]","[0, 0]","[0, 0]",1
73,"[2, 3]",207.25000000001288,"[71, 70]","[38.49999999999995, 0]","[0, 0]",1
74,"[0, 3]",157.30000000000152,"[72, 57]","[0, 0]","[0, 0]",1
75,"[0, 1]",127.84999999999488,"[74, 72]","[0, 0]","[0, 0]",1
76,"[0, 1]",128.94999999999507,"[75, 75]","[0, 0]","[0, 0]",1
77,"[0, 1]",130.09999999999533,"[76, 76]","[0, 0]","[0, 0]",1
78,"[0, 1]",137.24999999999696,"[77, 64]","[2.3999999999999995, 0]","[2.1500000000000004, 0]",1
79,"[2, 3]",209.9500000000135,"[73, 73]","[39.299999999999905, 0]","[0, 0]",1
0,"[2, 1]",36.40000000000007,"[-999, -999]","[0, 0]","[0, 0]",2
1,"[2, 3]",68.49999999999825,"[0, -999]","[0, 0]","[0, 0]",2
2,"[0, 3]",97.4499999999966,"[-999, 18]","[0, 0]","[0, 0]",2
3,"[0, 3]",100.54999999999643,"[2, 2]","[0, 0]","[0, 0]",2
4,"[0, 3]",107.54999999999603,"[3, 25]","[2.7499999999999982, 0]","[2.7499999999999982, 0]",2
5,"[0, 1]",76.84999999999778,"[4, 24]","[0, 0]","[0, 0]",2
6,"[2, 3]",71.2499999999981,"[1, 1]","[0, 0]","[0, 0]",2
7,"[0, 1]",77.94999999999771,"[5, 5]","[0, 0]","[0, 0]",2
8,"[0, 1]",79.04999999999765,"[7, 7]","[0, 0]","[0, 0]",2
9,"[2, 1]",41.0999999999998,"[6, 0]","[0, 0]","[0, 0]",2
10,"[0, 1]",80.09999999999759,"[8, 8]","[0, 0]","[0, 0]",2
11,"[2, 3]",70.94999999999811,"[9, 6]","[0, 0]","[0, 0]",2
12,"[0, 1]",81.14999999999753,"[10, 10]","[0, 0]","[0, 0]",2
13,"[0, 1]",87.14999999999719,"[12, 29]","[2.4499999999999993, 0]","[2.4499999999999993, 0]",2
14,"[0, 3]",116.9999999999955,"[13, 28]","[0, 0]","[0, 0]",2
15,"[0, 3]",119.39999999999536,"[14, 14]","[0, 0]","[0, 0]",2
16,"[0, 3]",120.99999999999527,"[15, 15]","[0, 0]","[0, 0]",2
17,"[2, 1]",41.599999999999774,"[11, 9]","[0, 0]","[0, 0]",2
18,"[2, 3]",70.99999999999811,"[17, 11]","[0, 0]","[0, 0]",2
19,"[0, 3]",122.34999999999519,"[16, 16]","[0, 0]","[0, 0]",2
20,"[2, 1]",41.89999999999976,"[18, 17]","[0, 0]","[0, 0]",2
21,"[2, 1]",43.699999999999655,"[20, 20]","[0, 0]","[0, 0]",2
22,"[0, 3]",123.59999999999512,"[19, 19]","[0, 0]","[0, 0]",2
23,"[0, 3]",130.04999999999532,"[22, 40]","[2.1000000000000005, 0]","[2.1000000000000005, 0]",2
24,"[2, 1]",45.19999999999957,"[21, 21]","[0, 0]","[0, 0]",2
25,"[2, 3]",75.94999999999783,"[24, 3]","[0, 0]","[0, 0]",2
26,"[2, 3]",82.84999999999744,"[25, 4]","[1.5000000000000007, 0]","[1.5000000000000007, 0]",2
27,"[0, 3]",130.99999999999554,"[23, 23]","[0, 0]","[0, 0]",2
28,"[2, 3]",84.09999999999737,"[26, 26]","[3.349999999999996, 0]","[3.2499999999999964, 0]",2
29,"[2, 1]",70.39999999999814,"[28, 12]","[14.750000000000075, 0]","[9.750000000000004, 0]",2
30,"[0, 1]",102.64999999999631,"[27, 42]","[0, 0]","[0, 0]",2
31,"[0, 3]",132.94999999999598,"[30, 27]","[0, 0]","[0, 0]",2
32,"[2, 1]",75.29999999999787,"[29, 13]","[12.950000000000049, 0]","[0, 0]",2
33,"[2, 1]",75.34999999999786,"[32, 32]","[23.100000000000193, 0]","[0, 0]",2
34,"[2, 1]",77.39999999999775,"[33, 33]","[28.350000000000268, 0]","[0, 0]",2
35,"[0, 1]",104.29999999999622,"[31, 43]","[0, 0]","[0, 0]",2
36,"[0, 1]",110.34999999999587,"[35, 46]","[2.549999999999999, 0]","[2.549999999999999, 0]",2
37,"[2, 1]",79.54999999999762,"[34, 34]","[26.000000000000234, 0]","[0, 0]",2
38,"[0, 3]",141.69999999999797,"[36, 51]","[0, 0]","[0, 0]",2
39,"[0, 1]",113.84999999999567,"[38, 54]","[0, 0]","[0, 0]",2
40,"[2, 3]",117.74999999999545,"[37, 22]","[24.30000000000021, 0]","[0, 0]",2
41,"[2, 1]",87.34999999999718,"[40, 37]","[22.75000000000019, 0]","[0, 0]",2
42,"[2, 1]",90.14999999999702,"[41, 41]","[21.250000000000167, 0]","[0, 0]",2
43,"[2, 1]",97.79999999999659,"[42, 30]","[19.750000000000146, 0]","[0, 0]",2
44,"[0, 1]",114.24999999999565,"[39, 39]","[0, 0]","[0, 0]",2
45,"[0, 1]",115.29999999999559,"[44, 44]","[0, 0]","[0, 0]",2
46,"[2, 1]",105.24999999999616,"[43, 35]","[21.300000000000168, 0]","[2.9999999999999973, 0]",2
47,"[0, 1]",122.34999999999519,"[45, 55]","[1.900000000000001, 0]","[1.900000000000001, 0]",2
48,"[0, 3]",153.35000000000062,"[47, 58]","[0, 0]","[0, 0]",2
49,"[0, 3]",154.85000000000096,"[48, 48]","[0, 0]","[0, 0]",2
50,"[0, 1]",127.14999999999492,"[49, 61]","[0, 0]","[0, 0]",2
51,"[2, 3]",134.09999999999624,"[46, 31]","[16.850000000000104, 0]","[0, 0]",2
52,"[0, 3]",159.15000000000194,"[50, 62]","[0, 0]","[0, 0]",2
53,"[0, 3]",160.50000000000225,"[52, 52]","[0, 0]","[0, 0]",2
54,"[2, 1]",106.3499999999961,"[51, 36]","[15.450000000000085, 0]","[0, 0]",2
55,"[2, 1]",125.34999999999502,"[54, 45]","[23.950000000000205, 0]","[9.950000000000006, 0]",2
56,"[0, 3]",166.9000000000037,"[53, 64]","[2.3499999999999996, 0]","[2.3499999999999996, 0]",2
57,"[0, 1]",137.8999999999971,"[56, 65]","[0.49999999999999994, 0]","[0, 0]",2
58,"[2, 3]",154.80000000000095,"[55, 38]","[12.750000000000046, 0]","[0, 0]",2
59,"[0, 3]",167.95000000000394,"[57, 56]","[1.3000000000000005, 0]","[0, 0]",2
60,"[2, 1]",127.19999999999492,"[58, 47]","[12.900000000000048, 0]","[0, 0]",2
61,"[2, 1]",129.5499999999952,"[60, 60]","[12.950000000000049, 0]","[0, 0]",2
62,"[2, 3]",162.70000000000275,"[61, 49]","[15.300000000000082, 0]","[0, 0]",2
63,"[0, 3]",170.05000000000442,"[59, 59]","[1.800000000000001, 0]","[0, 0]",2
64,"[2, 3]",175.7000000000057,"[62, 53]","[18.55000000000013, 0]","[2.6499999999999986, 0]",2
65,"[2, 1]",144.4499999999986,"[64, -999]","[16.000000000000092, 0]","[0, 0]",2
66,"[2, 1]",153.7500000000007,"[65, 57]","[18.500000000000128, 0]","[2.9999999999999973, 0]",2
67,"[2, 3]",191.00000000000918,"[66, 63]","[18.55000000000013, 0]","[3.349999999999996, 0]",2
68,"[2, 1]",178.3000000000063,"[67, 74]","[26.900000000000247, 0]","[9.700000000000003, 0]",2
69,"[0, 1]",141.3999999999979,"[63, 66]","[2.2, 0]","[0, 0]",2
70,"[2, 1]",178.05000000000624,"[68, 68]","[19.000000000000135, 0]","[0, 0]",2
71,"[0, 1]",142.44999999999814,"[69, 69]","[2.499999999999999, 0]","[0, 0]",2
72,"[2, 3]",210.20000000001355,"[70, 78]","[20.85000000000016, 0]","[0, 0]",2
73,"[0, 1]",143.5499999999984,"[71, 71]","[2.849999999999998, 0]","[0, 0]",2
74,"[0, 1]",144.59999999999863,"[73, 73]","[3.099999999999997, 0]","[0, 0]",2
75,"[2, 3]",213.30000000001425,"[72, 72]","[21.600000000000172, 0]","[0, 0]",2
76,"[2, 1]",184.30000000000766,"[75, 79]","[27.20000000000025, 0]","[0, 0]",2
77,"[2, 1]",186.7000000000082,"[76, 76]","[32.100000000000314, 0]","[0, 0]",2
78,"[0, 3]",175.60000000000568,"[74, 67]","[3.349999999999996, 0]","[0, 0]",2
79,"[0, 1]",152.95000000000053,"[78, 70]","[6.649999999999984, 0]","[3.099999999999997, 0]",2
0,"[2, 3]",67.7499999999983,"[-999, -999]","[0, 0]","[0, 0]",3
1,"[0, 3]",96.74999999999665,"[-999, 7]","[0, 0]","[0, 0]",3
2,"[0, 1]",79.44999999999763,"[1, 15]","[2.799999999999998, 0]","[2.799999999999998, 0]",3
3,"[2, 3]",70.84999999999812,"[0, 0]","[0, 0]","[0, 0]",3
4,"[2, 1]",37.550000000000004,"[3, -999]","[0, 0]","[0, 0]",3
5,"[0, 3]",107.999999999996,"[2, 1]","[0, 0]","[0, 0]",3
6,"[2, 1]",39.49999999999989,"[4, 4]","[0, 0]","[0, 0]",3
7,"[2, 3]",69.4999999999982,"[6, 3]","[0, 0]","[0, 0]",3
8,"[2, 1]",39.94999999999987,"[7, 6]","[0, 0]","[0, 0]",3
9,"[0, 3]",110.34999999999587,"[5, 5]","[0, 0]","[0, 0]",3
10,"[2, 1]",41.89999999999976,"[8, 8]","[0, 0]","[0, 0]",3
11,"[2, 1]",43.64999999999966,"[10, 10]","[0, 0]","[0, 0]",3
12,"[0, 3]",111.99999999999578,"[9, 9]","[0, 0]","[0, 0]",3
13,"[2, 1]",45.14999999999957,"[11, 11]","[0, 0]","[0, 0]",3
14,"[0, 1]",83.09999999999742,"[12, 22]","[0, 0]","[0, 0]",3
15,"[2, 1]",46.4499999999995,"[13, 13]","[0, 0]","[0, 0]",3
16,"[0, 1]",90.29999999999701,"[14, 25]","[2.4499999999999993, 0]","[2.4499999999999993, 0]",3
17,"[0, 3]",118.84999999999539,"[16, 23]","[0, 0]","[0, 0]",3
18,"[0, 1]",90.599999999997,"[17, 26]","[0, 0]","[0, 0]",3
19,"[0, 1]",91.69999999999693,"[18, 18]","[0, 0]","[0, 0]",3
20,"[0, 3]",125.34999999999502,"[19, 30]","[0, 0]","[0, 0]",3
21,"[0, 3]",126.59999999999495,"[20, 20]","[0, 0]","[0, 0]",3
22,"[2, 1]",52.59999999999915,"[15, 2]","[1.6500000000000008, 0]","[1.6500000000000008, 0]",3
23,"[2, 3]",94.69999999999676,"[22, 12]","[9.55, 0]","[9.55, 0]",3
24,"[0, 3]",132.6499999999959,"[21, 35]","[2.3999999999999995, 0]","[2.3999999999999995, 0]",3
25,"[2, 1]",66.29999999999838,"[23, 14]","[0, 0]","[0, 0]",3
26,"[2, 1]",71.64999999999807,"[25, 16]","[13.200000000000053, 0]","[0, 0]",3
27,"[2, 3]",103.79999999999625,"[26, 17]","[24.35000000000021, 0]","[0, 0]",3
28,"[0, 1]",102.04999999999634,"[24, -999]","[0, 0]","[0, 0]",3
29,"[0, 3]",134.49999999999633,"[28, 36]","[0, 0]","[0, 0]",3
30,"[2, 3]",106.3499999999961,"[27, 27]","[22.600000000000186, 0]","[0, 0]",3
31,"[2, 1]",77.19999999999776,"[30, 19]","[20.600000000000158, 0]","[0, 0]",3
32,"[0, 3]",135.54999999999657,"[29, 29]","[0, 0]","[0, 0]",3
33,"[0, 3]",141.54999999999794,"[32, 42]","[2.3499999999999996, 0]","[2.3499999999999996, 0]",3
34,"[0, 1]",110.89999999999584,"[33, -999]","[0, 0]","[0, 0]",3
35,"[2, 3]",115.34999999999559,"[31, 21]","[19.800000000000146, 0]","[0, 0]",3
36,"[2, 3]",121.39999999999525,"[35, 24]","[18.950000000000134, 0]","[0, 0]",3
37,"[0, 1]",111.99999999999578,"[34, 34]","[0, 0]","[0, 0]",3
38,"[0, 1]",113.09999999999572,"[37, 37]","[0, 0]","[0, 0]",3
39,"[2, 1]",91.14999999999696,"[36, 28]","[17.750000000000117, 0]","[0, 0]",3
40,"[0, 1]",114.14999999999566,"[38, 38]","[0, 0]","[0, 0]",3
41,"[0, 3]",145.19999999999877,"[40, 46]","[0, 0]","[0, 0]",3
42,"[2, 3]",129.39999999999517,"[39, 32]","[16.350000000000097, 0]","[0, 0]",3
43,"[0, 1]",117.24999999999548,"[41, 47]","[0, 0]","[0, 0]",3
44,"[0, 3]",149.64999999999978,"[43, 48]","[0, 0]","[0, 0]",3
45,"[0, 3]",151.1000000000001,"[44, 44]","[0, 0]","[0, 0]",3
46,"[2, 3]",135.74999999999662,"[42, 33]","[18.100000000000122, 0]","[3.149999999999997, 0]",3
47,"[2, 1]",121.94999999999521,"[46, 40]","[23.350000000000197, 0]","[9.800000000000004, 0]",3
48,"[2, 3]",153.7000000000007,"[47, 41]","[12.150000000000038, 0]","[0, 0]",3
49,"[2, 3]",166.80000000000368,"[48, 45]","[13.650000000000059, 0]","[2.9499999999999975, 0]",3
50,"[0, 3]",157.55000000000157,"[45, 49]","[2.4499999999999993, 0]","[2.4499999999999993, 0]",3
51,"[0, 1]",126.89999999999493,"[50, -999]","[0, 0]","[0, 0]",3
52,"[0, 1]",128.1499999999949,"[51, 51]","[0, 0]","[0, 0]",3
53,"[0, 1]",129.24999999999514,"[52, 52]","[0, 0]","[0, 0]",3
54,"[2, 3]",173.1000000000051,"[49, 50]","[11.400000000000027, 0]","[0, 0]",3
55,"[0, 3]",160.3500000000022,"[53, 54]","[0, 0]","[0, 0]",3
56,"[0, 1]",132.49999999999588,"[55, 59]","[0, 0]","[0, 0]",3
57,"[0, 3]",164.80000000000322,"[56, 63]","[0.35, 0]","[0, 0]",3
58,"[0, 1]",136.0999999999967,"[57, 67]","[0.25, 0]","[0, 0]",3
59,"[2, 1]",154.65000000000092,"[54, 53]","[14.550000000000072, 0]","[2.799999999999998, 0]",3
60,"[0, 1]",136.89999999999688,"[58, 58]","[0, 0]","[0, 0]",3
61,"[0, 1]",137.8499999999971,"[60, 60]","[0, 0]","[0, 0]",3
62,"[0, 1]",143.84999999999846,"[61, 69]","[2.4499999999999993, 0]","[2.4499999999999993, 0]",3
63,"[2, 3]",186.45000000000815,"[59, 55]","[11.900000000000034, 0]","[0, 0]",3
64,"[0, 1]",149.94999999999985,"[62, 73]","[3.349999999999996, 0]","[2.6999999999999984, 0]",3
65,"[0, 3]",178.25000000000628,"[64, 57]","[1.0500000000000003, 0]","[0, 0]",3
66,"[0, 1]",148.59999999999954,"[65, 74]","[1.2500000000000004, 0]","[0, 0]",3
67,"[2, 1]",157.40000000000154,"[63, 56]","[11.750000000000032, 0]","[0, 0]",3
68,"[0, 1]",152.15000000000035,"[66, 75]","[3.899999999999994, 0]","[2.4499999999999993, 0]",3
69,"[2, 1]",176.45000000000587,"[67, 61]","[18.800000000000132, 0]","[6.349999999999985, 0]",3
70,"[0, 1]",147.4999999999993,"[68, 68]","[1.6000000000000008, 0]","[0, 0]",3
71,"[0, 3]",179.95000000000667,"[70, 78]","[1.2500000000000004, 0]","[0, 0]",3
72,"[0, 3]",180.85000000000687,"[71, 71]","[0.2, 0]","[0, 0]",3
73,"[2, 1]",181.350000000007,"[69, 62]","[14.45000000000007, 0]","[0, 0]",3
74,"[2, 1]",186.45000000000815,"[73, 64]","[15.85000000000009, 0]","[0, 0]",3
75,"[2, 1]",192.30000000000948,"[74, 66]","[17.20000000000011, 0]","[0, 0]",3
76,"[2, 3]",222.50000000001634,"[75, 65]","[18.00000000000012, 0]","[0, 0]",3
77,"[0, 3]",176.1000000000058,"[72, 72]","[0.44999999999999996, 0]","[0, 0]",3
78,"[2, 3]",225.55000000001704,"[76, 76]","[30.400000000000297, 0]","[0, 0]",3
79,"[2, 1]",196.55000000001044,"[78, 70]","[31.600000000000314, 0]","[0, 0]",3
0,"[0, 1]",70.29999999999815,"[-999, 12]","[0, 0]","[0, 0]",4
1,"[0, 1]",71.49999999999808,"[0, 0]","[0, 0]","[0, 0]",4
2,"[2, 3]",67.7499999999983,"[-999, -999]","[0, 0]","[0, 0]",4
3,"[0, 1]",78.04999999999771,"[1, 16]","[2.799999999999998, 0]","[2.799999999999998, 0]",4
4,"[2, 3]",70.84999999999812,"[2, 2]","[0, 0]","[0, 0]",4
5,"[2, 1]",37.550000000000004,"[4, -999]","[0, 0]","[0, 0]",4
6,"[0, 1]",81.8499999999975,"[3, 18]","[2.1000000000000005, 0]","[2.1000000000000005, 0]",4
7,"[0, 3]",112.79999999999573,"[6, 19]","[0, 0]","[0, 0]",4
8,"[2, 3]",70.74999999999812,"[5, 4]","[0, 0]","[0, 0]",4
9,"[2, 3]",72.899999999998,"[8, 8]","[0, 0]","[0, 0]",4
10,"[2, 3]",74.6499999999979,"[9, 9]","[0, 0]","[0, 0]",4
11,"[0, 3]",114.29999999999565,"[7, 7]","[0, 0]","[0, 0]",4
12,"[2, 1]",40.09999999999986,"[10, -999]","[0, 0]","[0, 0]",4
13,"[2, 3]",73.34999999999798,"[12, 10]","[0, 0]","[0, 0]",4
14,"[2, 3]",75.14999999999787,"[13, 13]","[0, 0]","[0, 0]",4
15,"[0, 1]",85.1499999999973,"[11, 6]","[0, 0]","[0, 0]",4
16,"[2, 1]",45.999999999999524,"[14, 1]","[0, 0]","[0, 0]",4
17,"[0, 1]",86.29999999999724,"[15, 15]","[0, 0]","[0, 0]",4
18,"[2, 1]",52.04999999999918,"[16, 3]","[0.8500000000000002, 0]","[0.8500000000000002, 0]",4
19,"[2, 3]",80.69999999999756,"[18, 14]","[0, 0]","[0, 0]",4
20,"[0, 1]",93.79999999999681,"[17, 23]","[1.6000000000000008, 0]","[1.6000000000000008, 0]",4
21,"[2, 3]",94.29999999999679,"[19, 11]","[6.649999999999984, 0]","[6.649999999999984, 0]",4
22,"[0, 1]",93.14999999999685,"[20, 20]","[0, 0]","[0, 0]",4
23,"[2, 1]",70.94999999999811,"[21, 17]","[16.4500000000001, 0]","[0.05, 0]",4
24,"[2, 3]",101.54999999999637,"[23, 21]","[24.90000000000022, 0]","[0.39999999999999997, 0]",4
25,"[0, 3]",123.04999999999515,"[22, 24]","[0, 0]","[0, 0]",4
26,"[0, 1]",94.84999999999675,"[25, 27]","[0, 0]","[0, 0]",4
27,"[2, 1]",76.79999999999778,"[24, 22]","[24.95000000000022, 0]","[0, 0]",4
28,"[0, 3]",127.64999999999489,"[26, 29]","[0, 0]","[0, 0]",4
29,"[2, 3]",109.74999999999591,"[27, 25]","[22.550000000000185, 0]","[0, 0]",4
30,"[2, 1]",80.84999999999755,"[29, 26]","[21.150000000000166, 0]","[0, 0]",4
31,"[0, 1]",99.14999999999651,"[28, 30]","[0, 0]","[0, 0]",4
32,"[0, 1]",99.74999999999648,"[31, 31]","[0, 0]","[0, 0]",4
33,"[0, 1]",105.14999999999617,"[32, 36]","[2.499999999999999, 0]","[2.499999999999999, 0]",4
34,"[2, 3]",114.54999999999563,"[30, 28]","[19.900000000000148, 0]","[0, 0]",4
35,"[0, 3]",137.19999999999695,"[33, 37]","[0, 0]","[0, 0]",4
36,"[2, 1]",90.09999999999702,"[34, 32]","[18.60000000000013, 0]","[0, 0]",4
37,"[2, 3]",120.29999999999531,"[36, 34]","[17.35000000000011, 0]","[0, 0]",4
38,"[2, 1]",92.44999999999689,"[37, 33]","[16.050000000000093, 0]","[0, 0]",4
39,"[2, 3]",130.3999999999954,"[38, 40]","[14.750000000000075, 0]","[0, 0]",4
40,"[0, 3]",138.6999999999973,"[35, 35]","[0, 0]","[0, 0]",4
41,"[2, 3]",141.4499999999979,"[39, 43]","[16.750000000000103, 0]","[3.2499999999999964, 0]",4
42,"[0, 3]",144.79999999999868,"[40, 39]","[2.3999999999999995, 0]","[2.3999999999999995, 0]",4
43,"[0, 3]",145.64999999999887,"[42, 42]","[0, 0]","[0, 0]",4
44,"[2, 3]",148.29999999999947,"[41, 47]","[14.550000000000072, 0]","[2.3499999999999996, 0]",4
45,"[2, 1]",116.54999999999552,"[44, 46]","[10.85000000000002, 0]","[0, 0]",4
46,"[0, 1]",115.54999999999558,"[43, -999]","[0, 0]","[0, 0]",4
47,"[0, 3]",147.69999999999933,"[46, 41]","[0, 0]","[0, 0]",4
48,"[2, 1]",125.29999999999502,"[45, 54]","[10.25000000000001, 0]","[0, 0]",4
49,"[2, 1]",130.69999999999547,"[48, 55]","[10.25000000000001, 0]","[0, 0]",4
50,"[2, 1]",136.24999999999673,"[49, 59]","[10.000000000000007, 0]","[0, 0]",4
51,"[0, 3]",153.95000000000076,"[47, 44]","[2.3499999999999996, 0]","[2.3499999999999996, 0]",4
52,"[2, 3]",173.75000000000526,"[50, 64]","[9.399999999999999, 0]","[0, 0]",4
53,"[2, 1]",143.04999999999828,"[52, 50]","[10.25000000000001, 0]","[0, 0]",4
54,"[0, 1]",123.8999999999951,"[51, 45]","[0, 0]","[0, 0]",4
55,"[0, 1]",130.74999999999548,"[54, 48]","[1.900000000000001, 0]","[1.900000000000001, 0]",4
56,"[2, 1]",145.54999999999885,"[53, 53]","[10.350000000000012, 0]","[0, 0]",4
57,"[2, 1]",147.84999999999937,"[56, 56]","[9.900000000000006, 0]","[0, 0]",4
58,"[2, 1]",150.09999999999988,"[57, 57]","[8.999999999999993, 0]","[0, 0]",4
59,"[0, 1]",135.94999999999666,"[55, 49]","[2.1000000000000005, 0]","[2.1000000000000005, 0]",4
60,"[2, 3]",190.80000000000913,"[58, 73]","[12.650000000000045, 0]","[3.2499999999999964, 0]",4
61,"[0, 3]",164.35000000000312,"[59, 51]","[0, 0]","[0, 0]",4
62,"[2, 1]",159.8000000000021,"[60, -999]","[13.00000000000005, 0]","[0, 0]",4
63,"[2, 1]",162.40000000000268,"[62, 62]","[18.900000000000134, 0]","[0, 0]",4
64,"[0, 3]",166.80000000000368,"[61, 61]","[0, 0]","[0, 0]",4
65,"[2, 3]",199.5000000000111,"[63, 79]","[22.85000000000019, 0]","[0, 0]",4
66,"[0, 3]",173.75000000000526,"[64, 52]","[2.799999999999998, 0]","[2.799999999999998, 0]",4
67,"[0, 3]",174.65000000000546,"[66, 66]","[0, 0]","[0, 0]",4
68,"[0, 3]",175.45000000000564,"[67, 67]","[0, 0]","[0, 0]",4
69,"[0, 3]",176.30000000000584,"[68, 68]","[0, 0]","[0, 0]",4
70,"[0, 3]",177.15000000000603,"[69, 69]","[0, 0]","[0, 0]",4
71,"[2, 3]",200.55000000001135,"[65, 65]","[26.800000000000246, 0]","[0, 0]",4
72,"[2, 1]",170.0000000000044,"[71, -999]","[35.050000000000146, 0]","[0, 0]",4
73,"[0, 3]",178.20000000000627,"[70, 70]","[0.65, 0]","[0, 0]",4
74,"[2, 3]",203.75000000001208,"[72, 71]","[36.650000000000055, 0]","[0, 0]",4
75,"[0, 3]",184.65000000000774,"[73, 60]","[3.149999999999997, 0]","[1.900000000000001, 0]",4
76,"[0, 3]",185.45000000000792,"[75, 75]","[1.6000000000000008, 0]","[0, 0]",4
77,"[2, 3]",206.40000000001268,"[74, 74]","[36.90000000000004, 0]","[0, 0]",4
78,"[2, 1]",176.75000000000594,"[77, -999]","[37.10000000000003, 0]","[0, 0]",4
79,"[0, 3]",186.2000000000081,"[76, 76]","[1.800000000000001, 0]","[0, 0]",4
0,"[2, 1]",36.40000000000007,"[-999, -999]","[0, 0]","[0, 0]",5
1,"[2, 1]",38.09999999999997,"[0, 0]","[0, 0]","[0, 0]",5
2,"[2, 1]",39.89999999999987,"[1, 1]","[0, 0]","[0, 0]",5
3,"[0, 3]",96.59999999999665,"[-999, -999]","[0, 0]","[0, 0]",5
4,"[0, 1]",76.3999999999978,"[3, 13]","[2.549999999999999, 0]","[2.549999999999999, 0]",5
5,"[2, 1]",41.79999999999976,"[2, 2]","[0, 0]","[0, 0]",5
6,"[2, 1]",43.54999999999966,"[5, 5]","[0, 0]","[0, 0]",5
7,"[2, 1]",45.04999999999958,"[6, 6]","[0, 0]","[0, 0]",5
8,"[2, 1]",46.349999999999504,"[7, 7]","[0, 0]","[0, 0]",5
9,"[0, 3]",105.24999999999616,"[4, 3]","[0, 0]","[0, 0]",5
10,"[2, 1]",47.399999999999444,"[8, 8]","[0, 0]","[0, 0]",5
11,"[0, 1]",77.44999999999774,"[9, 14]","[0, 0]","[0, 0]",5
12,"[0, 1]",84.84999999999732,"[11, 15]","[1.6000000000000008, 0]","[1.6000000000000008, 0]",5
13,"[2, 1]",48.54999999999938,"[10, 10]","[0, 0]","[0, 0]",5
14,"[2, 1]",54.949999999999015,"[13, 4]","[2.5999999999999988, 0]","[2.5999999999999988, 0]",5
15,"[2, 1]",62.04999999999861,"[14, 11]","[0, 0]","[0, 0]",5
16,"[2, 1]",67.39999999999831,"[15, 12]","[0, 0]","[0, 0]",5
17,"[2, 1]",67.79999999999829,"[16, 16]","[15.85000000000009, 0]","[0, 0]",5
18,"[2, 3]",106.59999999999609,"[17, 31]","[18.450000000000127, 0]","[0, 0]",5
19,"[2, 3]",108.149999999996,"[18, 18]","[16.200000000000095, 0]","[0, 0]",5
20,"[2, 1]",95.39999999999672,"[19, 42]","[24.700000000000216, 0]","[9.900000000000006, 0]",5
21,"[0, 3]",113.3999999999957,"[12, 9]","[0, 0]","[0, 0]",5
22,"[2, 3]",124.49999999999507,"[20, 19]","[13.550000000000058, 0]","[0, 0]",5
23,"[0, 3]",115.69999999999557,"[21, 21]","[0, 0]","[0, 0]",5
24,"[2, 3]",138.49999999999724,"[22, 52]","[15.450000000000085, 0]","[3.049999999999997, 0]",5
25,"[2, 3]",140.0999999999976,"[24, 24]","[11.100000000000023, 0]","[0, 0]",5
26,"[2, 3]",157.00000000000145,"[25, 62]","[19.35000000000014, 0]","[9.650000000000002, 0]",5
27,"[2, 1]",125.599999999995,"[26, -999]","[8.349999999999984, 0]","[0, 0]",5
28,"[2, 1]",128.44999999999496,"[27, 27]","[6.949999999999983, 0]","[0, 0]",5
29,"[2, 1]",129.84999999999528,"[28, 28]","[5.549999999999988, 0]","[0, 0]",5
30,"[2, 3]",166.9000000000037,"[29, 73]","[4.099999999999993, 0]","[0, 0]",5
31,"[0, 3]",116.14999999999554,"[23, 23]","[0, 0]","[0, 0]",5
32,"[2, 1]",142.6999999999982,"[30, 75]","[4.599999999999992, 0]","[0, 0]",5
33,"[0, 1]",87.39999999999718,"[31, 17]","[0, 0]","[0, 0]",5
34,"[2, 3]",180.90000000000688,"[32, 79]","[11.450000000000028, 0]","[3.1999999999999966, 0]",5
35,"[0, 1]",88.54999999999711,"[33, 33]","[0, 0]","[0, 0]",5
36,"[2, 1]",151.35000000000016,"[34, 32]","[11.60000000000003, 0]","[0, 0]",5
37,"[0, 1]",89.64999999999705,"[35, 35]","[0, 0]","[0, 0]",5
38,"[2, 1]",153.80000000000072,"[36, 36]","[14.700000000000074, 0]","[0, 0]",5
39,"[0, 1]",90.69999999999699,"[37, 37]","[0, 0]","[0, 0]",5
40,"[2, 3]",187.30000000000834,"[38, 34]","[17.95000000000012, 0]","[0, 0]",5
41,"[2, 1]",159.400000000002,"[40, 38]","[43.54999999999966, 0]","[0, 0]",5
42,"[0, 1]",91.69999999999693,"[39, 39]","[0, 0]","[0, 0]",5
43,"[2, 3]",192.4500000000095,"[41, 40]","[47.99999999999941, 0]","[0, 0]",5
44,"[2, 1]",164.50000000000315,"[43, 41]","[50.59999999999926, 0]","[0, 0]",5
45,"[0, 1]",97.6499999999966,"[42, 20]","[2.4499999999999993, 0]","[2.4499999999999993, 0]",5
46,"[2, 1]",167.25000000000378,"[44, 44]","[53.24999999999911, 0]","[0, 0]",5
47,"[0, 3]",129.29999999999515,"[45, 22]","[0, 0]","[0, 0]",5
48,"[2, 1]",169.0500000000042,"[46, 46]","[54.449999999999044, 0]","[0, 0]",5
49,"[2, 1]",171.3500000000047,"[48, 48]","[56.04999999999895, 0]","[0, 0]",5
50,"[2, 1]",173.5000000000052,"[49, 49]","[57.09999999999889, 0]","[0, 0]",5
51,"[2, 3]",206.1000000000126,"[50, 43]","[60.34999999999871, 0]","[0, 0]",5
52,"[0, 3]",130.89999999999552,"[47, 47]","[0, 0]","[0, 0]",5
53,"[2, 3]",209.40000000001336,"[51, 51]","[62.54999999999858, 0]","[0, 0]",5
54,"[2, 3]",211.90000000001393,"[53, 53]","[65.9999999999984, 0]","[0, 0]",5
55,"[2, 3]",214.25000000001447,"[54, 54]","[66.69999999999835, 0]","[0, 0]",5
56,"[0, 1]",101.64999999999637,"[52, 45]","[0, 0]","[0, 0]",5
57,"[0, 3]",138.6999999999973,"[56, 25]","[3.149999999999997, 0]","[3.149999999999997, 0]",5
58,"[2, 3]",216.25000000001492,"[55, 55]","[66.59999999999836, 0]","[0, 0]",5
59,"[2, 1]",169.45000000000428,"[58, -999]","[56.14999999999895, 0]","[0, 0]",5
60,"[2, 3]",202.60000000001182,"[59, 58]","[56.49999999999893, 0]","[0, 0]",5
61,"[0, 3]",139.84999999999755,"[57, 57]","[0, 0]","[0, 0]",5
62,"[0, 3]",140.84999999999778,"[61, 61]","[0, 0]","[0, 0]",5
63,"[0, 3]",146.89999999999915,"[62, 26]","[2.3999999999999995, 0]","[2.3999999999999995, 0]",5
64,"[2, 1]",174.3500000000054,"[60, 59]","[56.349999999998936, 0]","[0, 0]",5
65,"[2, 1]",176.5500000000059,"[64, 64]","[55.79999999999897, 0]","[0, 0]",5
66,"[2, 3]",178.00000000000622,"[65, 60]","[30.5000000000003, 0]","[0, 0]",5
67,"[2, 1]",150.09999999999988,"[66, 65]","[29.650000000000286, 0]","[0, 0]",5
68,"[0, 3]",147.69999999999933,"[63, 63]","[0, 0]","[0, 0]",5
69,"[2, 3]",183.35000000000744,"[67, 66]","[28.750000000000274, 0]","[0, 0]",5
70,"[2, 1]",155.10000000000102,"[69, 67]","[28.100000000000264, 0]","[0, 0]",5
71,"[0, 3]",148.49999999999952,"[68, 68]","[0, 0]","[0, 0]",5
72,"[2, 3]",174.65000000000546,"[70, 69]","[20.500000000000156, 0]","[0, 0]",5
73,"[0, 3]",149.39999999999972,"[71, 71]","[0, 0]","[0, 0]",5
74,"[0, 1]",119.04999999999538,"[73, 29]","[0, 0]","[0, 0]",5
75,"[0, 1]",120.14999999999532,"[74, 74]","[0, 0]","[0, 0]",5
76,"[0, 3]",151.4500000000002,"[75, 30]","[0, 0]","[0, 0]",5
77,"[2, 3]",176.30000000000584,"[72, 72]","[20.600000000000158, 0]","[0, 0]",5
78,"[2, 1]",146.59999999999908,"[77, -999]","[20.250000000000153, 0]","[0, 0]",5
79,"[0, 3]",153.60000000000068,"[76, 76]","[0, 0]","[0, 0]",5
0,"[2, 3]",67.7499999999983,"[-999, -999]","[0, 0]","[0, 0]",6
1,"[0, 1]",67.39999999999831,"[-999, 8]","[0, 0]","[0, 0]",6
2,"[0, 1]",73.79999999999795,"[1, 11]","[0, 0]","[0, 0]",6
3,"[2, 1]",37.15000000000003,"[0, -999]","[0, 0]","[0, 0]",6
4,"[2, 1]",38.89999999999993,"[3, 3]","[0, 0]","[0, 0]",6
5,"[2, 3]",70.79999999999812,"[4, 0]","[0, 0]","[0, 0]",6
6,"[2, 3]",73.44999999999797,"[5, 5]","[0, 0]","[0, 0]",6
7,"[0, 3]",104.89999999999618,"[2, 13]","[0, 0]","[0, 0]",6
8,"[2, 1]",39.49999999999989,"[6, 4]","[0, 0]","[0, 0]",6
9,"[2, 3]",72.59999999999802,"[8, 6]","[0, 0]","[0, 0]",6
10,"[2, 3]",74.5999999999979,"[9, 9]","[0, 0]","[0, 0]",6
11,"[2, 1]",45.19999999999957,"[10, 1]","[0, 0]","[0, 0]",6
12,"[0, 3]",106.2999999999961,"[7, 7]","[0, 0]","[0, 0]",6
13,"[2, 3]",75.24999999999787,"[11, 10]","[0, 0]","[0, 0]",6
14,"[2, 1]",47.84999999999942,"[13, 2]","[0, 0]","[0, 0]",6
15,"[0, 3]",107.79999999999602,"[12, 12]","[0, 0]","[0, 0]",6
16,"[2, 1]",49.04999999999935,"[14, 14]","[0, 0]","[0, 0]",6
17,"[2, 3]",92.04999999999691,"[16, 24]","[6.5999999999999845, 0]","[6.5999999999999845, 0]",6
18,"[2, 3]",98.59999999999654,"[17, 31]","[0, 0]","[0, 0]",6
19,"[2, 3]",100.04999999999646,"[18, 18]","[15.200000000000081, 0]","[0, 0]",6
20,"[2, 1]",82.39999999999746,"[19, 43]","[20.400000000000155, 0]","[2.6999999999999984, 0]",6
21,"[2, 1]",87.34999999999718,"[20, 44]","[15.450000000000085, 0]","[0, 0]",6
22,"[2, 1]",92.44999999999689,"[21, 46]","[13.850000000000062, 0]","[0, 0]",6
23,"[2, 3]",124.59999999999506,"[22, 47]","[12.35000000000004, 0]","[0, 0]",6
24,"[0, 3]",104.79999999999619,"[15, 15]","[0, 0]","[0, 0]",6
25,"[2, 1]",95.7999999999967,"[23, 48]","[10.95000000000002, 0]","[0, 0]",6
26,"[2, 1]",98.14999999999657,"[25, 25]","[9.55, 0]","[0, 0]",6
27,"[0, 1]",76.29999999999781,"[24, 16]","[0, 0]","[0, 0]",6
28,"[2, 1]",106.2499999999961,"[26, 54]","[8.14999999999998, 0]","[0, 0]",6
29,"[2, 1]",113.84999999999567,"[28, 61]","[8.699999999999989, 0]","[1.950000000000001, 0]",6
30,"[2, 1]",129.29999999999515,"[29, 66]","[18.00000000000012, 0]","[10.000000000000007, 0]",6
31,"[0, 3]",108.199999999996,"[27, 17]","[0, 0]","[0, 0]",6
32,"[2, 1]",134.24999999999628,"[30, 67]","[8.649999999999988, 0]","[0, 0]",6
33,"[2, 1]",139.79999999999754,"[32, 70]","[8.299999999999983, 0]","[0, 0]",6
34,"[2, 3]",177.35000000000608,"[33, 74]","[7.399999999999982, 0]","[0, 0]",6
35,"[2, 3]",179.2000000000065,"[34, 34]","[6.649999999999984, 0]","[0, 0]",6
36,"[0, 1]",77.59999999999773,"[31, 27]","[0, 0]","[0, 0]",6
37,"[2, 3]",181.15000000000694,"[35, 35]","[6.799999999999984, 0]","[0, 0]",6
38,"[0, 1]",79.14999999999765,"[36, 36]","[0, 0]","[0, 0]",6
39,"[2, 3]",183.50000000000747,"[37, 37]","[6.799999999999984, 0]","[0, 0]",6
40,"[2, 3]",185.65000000000796,"[39, 39]","[6.699999999999984, 0]","[0, 0]",6
41,"[0, 1]",80.34999999999758,"[38, 38]","[0, 0]","[0, 0]",6
42,"[2, 1]",156.20000000000127,"[40, -999]","[9.249999999999996, 0]","[0, 0]",6
43,"[0, 1]",81.39999999999752,"[41, 41]","[0, 0]","[0, 0]",6
44,"[0, 1]",87.39999999999718,"[43, 20]","[2.4499999999999993, 0]","[2.4499999999999993, 0]",6
45,"[2, 1]",158.80000000000186,"[42, 42]","[12.850000000000048, 0]","[0, 0]",6
46,"[0, 1]",93.54999999999683,"[44, 21]","[2.3999999999999995, 0]","[2.3999999999999995, 0]",6
47,"[0, 3]",121.94999999999521,"[46, 19]","[0, 0]","[0, 0]",6
48,"[0, 1]",93.89999999999681,"[47, 22]","[0, 0]","[0, 0]",6
49,"[2, 3]",191.35000000000926,"[45, 40]","[15.000000000000078, 0]","[0, 0]",6
50,"[2, 3]",194.55000000001,"[49, 49]","[20.75000000000016, 0]","[0, 0]",6
51,"[2, 3]",197.10000000001057,"[50, 50]","[34.85000000000016, 0]","[0, 0]",6
52,"[0, 3]",126.59999999999495,"[48, 23]","[0, 0]","[0, 0]",6
53,"[0, 3]",127.99999999999487,"[52, 52]","[0, 0]","[0, 0]",6
54,"[0, 1]",100.14999999999645,"[53, 26]","[0, 0]","[0, 0]",6
55,"[2, 1]",167.85000000000392,"[51, -999]","[37.40000000000001, 0]","[0, 0]",6
56,"[2, 3]",201.55000000001158,"[55, 51]","[38.89999999999993, 0]","[0, 0]",6
57,"[2, 1]",173.5000000000052,"[56, 55]","[39.999999999999865, 0]","[0, 0]",6
58,"[0, 3]",130.54999999999544,"[54, 53]","[0, 0]","[0, 0]",6
59,"[2, 1]",176.1500000000058,"[57, 57]","[42.04999999999975, 0]","[0, 0]",6
60,"[2, 1]",178.00000000000622,"[59, 59]","[43.849999999999646, 0]","[0, 0]",6
61,"[0, 1]",101.99999999999635,"[58, 28]","[0, 0]","[0, 0]",6
62,"[2, 1]",179.80000000000663,"[60, 60]","[45.099999999999575, 0]","[0, 0]",6
63,"[0, 1]",108.049999999996,"[61, 29]","[2.7499999999999982, 0]","[2.7499999999999982, 0]",6
64,"[2, 1]",178.05000000000624,"[62, 62]","[45.39999999999956, 0]","[0, 0]",6
65,"[0, 1]",108.24999999999599,"[63, 63]","[0, 0]","[0, 0]",6
66,"[0, 1]",109.19999999999594,"[65, 65]","[0, 0]","[0, 0]",6
67,"[0, 1]",115.0999999999956,"[66, 30]","[2.4499999999999993, 0]","[2.4499999999999993, 0]",6
68,"[2, 3]",200.05000000001124,"[64, 56]","[41.599999999999774, 0]","[0, 0]",6
69,"[2, 3]",203.0000000000119,"[68, 68]","[41.1999999999998, 0]","[0, 0]",6
70,"[0, 1]",120.4499999999953,"[67, 32]","[2.6499999999999986, 0]","[2.6499999999999986, 0]",6
71,"[0, 3]",150.1999999999999,"[70, -999]","[0, 0]","[0, 0]",6
72,"[2, 1]",173.5000000000052,"[69, -999]","[40.899999999999814, 0]","[0, 0]",6
73,"[2, 1]",170.55000000000453,"[72, 72]","[41.599999999999774, 0]","[0, 0]",6
74,"[0, 3]",152.55000000000044,"[71, 71]","[0, 0]","[0, 0]",6
75,"[0, 1]",123.9499999999951,"[74, 33]","[0, 0]","[0, 0]",6
76,"[0, 1]",124.99999999999504,"[75, 75]","[0, 0]","[0, 0]",6
77,"[0, 1]",126.14999999999498,"[76, 76]","[0, 0]","[0, 0]",6
78,"[2, 3]",202.9000000000119,"[73, 69]","[41.34999999999979, 0]","[0, 0]",6
79,"[2, 1]",162.0500000000026,"[78, 73]","[33.500000000000234, 0]","[0, 0]",6
0,"[0, 1]",75.64999999999785,"[-999, 15]","[0, 0]","[2.8999999999999977, 0]",7
1,"[2, 1]",36.40000000000007,"[-999, -999]","[0, 0]","[0, 0]",7
2,"[2, 1]",38.09999999999997,"[1, 1]","[0, 0]","[0, 0]",7
3,"[2, 1]",39.89999999999987,"[2, 2]","[0, 0]","[0, 0]",7
4,"[0, 1]",79.24999999999764,"[0, 16]","[2.1000000000000005, 0]","[2.1000000000000005, 0]",7
5,"[0, 1]",80.14999999999759,"[4, 4]","[0, 0]","[0, 0]",7
6,"[0, 1]",81.19999999999753,"[5, 5]","[0, 0]","[0, 0]",7
7,"[2, 3]",69.24999999999821,"[3, -999]","[0, 0]","[0, 0]",7
8,"[2, 1]",37.74999999999999,"[7, 3]","[0, 0]","[0, 0]",7
9,"[0, 3]",111.79999999999579,"[6, 18]","[0, 0]","[0, 0]",7
10,"[2, 1]",39.54999999999989,"[8, 8]","[0, 0]","[0, 0]",7
11,"[0, 3]",113.79999999999568,"[9, 9]","[0, 0]","[0, 0]",7
12,"[0, 3]",115.34999999999559,"[11, 11]","[0, 0]","[0, 0]",7
13,"[2, 1]",41.34999999999979,"[10, 10]","[0, 0]","[0, 0]",7
14,"[0, 1]",85.99999999999726,"[12, 20]","[0, 0]","[0, 0]",7
15,"[2, 1]",43.29999999999968,"[13, 13]","[0, 0]","[0, 0]",7
16,"[2, 1]",50.749999999999254,"[15, 0]","[1.5500000000000007, 0]","[1.5500000000000007, 0]",7
17,"[2, 3]",79.54999999999762,"[16, 7]","[0, 0]","[0, 0]",7
18,"[2, 3]",82.99999999999743,"[17, 17]","[5.649999999999988, 0]","[2.2, 0]",7
19,"[2, 1]",57.84999999999885,"[18, 6]","[7.299999999999982, 0]","[0.05, 0]",7
20,"[2, 1]",58.49999999999881,"[19, 19]","[6.249999999999986, 0]","[0, 0]",7
21,"[0, 1]",87.14999999999719,"[14, 14]","[0, 0]","[0, 0]",7
22,"[2, 3]",96.94999999999663,"[20, 12]","[8.79999999999999, 0]","[0, 0]",7
23,"[2, 1]",79.19999999999764,"[22, 27]","[13.100000000000051, 0]","[6.549999999999985, 0]",7
24,"[2, 3]",111.19999999999582,"[23, 28]","[5.299999999999989, 0]","[0, 0]",7
25,"[2, 3]",113.64999999999569,"[24, 24]","[4.299999999999993, 0]","[0, 0]",7
26,"[2, 3]",121.09999999999526,"[25, 33]","[3.149999999999997, 0]","[0, 0]",7
27,"[0, 1]",88.29999999999713,"[21, 21]","[0, 0]","[0, 0]",7
28,"[0, 3]",119.39999999999536,"[27, 22]","[0, 0]","[0, 0]",7
29,"[0, 1]",91.24999999999696,"[28, 23]","[0, 0]","[0, 0]",7
30,"[2, 1]",90.94999999999698,"[26, 32]","[1.900000000000001, 0]","[0, 0]",7
31,"[2, 1]",100.49999999999643,"[30, 36]","[2.3999999999999995, 0]","[1.950000000000001, 0]",7
32,"[0, 1]",92.3499999999969,"[29, 29]","[0, 0]","[0, 0]",7
33,"[0, 3]",125.749999999995,"[32, 25]","[0, 0]","[0, 0]",7
34,"[2, 1]",105.49999999999615,"[31, 38]","[0.44999999999999996, 0]","[0, 0]",7
35,"[0, 3]",132.44999999999587,"[33, 26]","[2.000000000000001, 0]","[2.000000000000001, 0]",7
36,"[0, 1]",103.84999999999624,"[35, 30]","[2.3499999999999996, 0]","[2.3499999999999996, 0]",7
37,"[2, 1]",111.14999999999583,"[34, 45]","[3.649999999999995, 0]","[0, 0]",7
38,"[0, 1]",109.39999999999593,"[36, 31]","[2.499999999999999, 0]","[2.499999999999999, 0]",7
39,"[2, 1]",116.69999999999551,"[37, 46]","[5.399999999999989, 0]","[0, 0]",7
40,"[2, 1]",122.04999999999521,"[39, 48]","[6.649999999999984, 0]","[0, 0]",7
41,"[2, 3]",160.05000000000214,"[40, 56]","[11.350000000000026, 0]","[3.2499999999999964, 0]",7
42,"[0, 3]",139.29999999999742,"[38, 35]","[0, 0]","[0, 0]",7
43,"[2, 1]",130.49999999999542,"[41, 57]","[8.399999999999984, 0]","[0, 0]",7
44,"[2, 3]",164.2500000000031,"[43, 58]","[8.79999999999999, 0]","[0, 0]",7
45,"[0, 1]",110.39999999999587,"[42, 34]","[0, 0]","[0, 0]",7
46,"[0, 1]",115.84999999999556,"[45, 37]","[2.499999999999999, 0]","[2.499999999999999, 0]",7
47,"[2, 3]",171.95000000000485,"[44, 61]","[15.500000000000085, 0]","[0, 0]",7
48,"[0, 1]",120.74999999999528,"[46, 39]","[2.4499999999999993, 0]","[2.4499999999999993, 0]",7
49,"[2, 3]",184.40000000000768,"[47, 64]","[23.5500000000002, 0]","[6.5999999999999845, 0]",7
50,"[2, 1]",161.30000000000243,"[49, 66]","[21.650000000000173, 0]","[3.1999999999999966, 0]",7
51,"[2, 1]",162.15000000000262,"[50, 50]","[23.6000000000002, 0]","[0, 0]",7
52,"[2, 1]",164.15000000000308,"[51, 51]","[26.30000000000024, 0]","[0, 0]",7
53,"[2, 1]",172.40000000000495,"[52, 72]","[26.850000000000247, 0]","[0, 0]",7
54,"[2, 3]",202.5000000000118,"[53, 70]","[27.300000000000253, 0]","[0, 0]",7
55,"[0, 3]",150.80000000000004,"[48, 42]","[0, 0]","[0, 0]",7
56,"[0, 3]",153.20000000000059,"[55, 55]","[0, 0]","[0, 0]",7
57,"[0, 1]",124.59999999999506,"[56, 40]","[0, 0]","[0, 0]",7
58,"[0, 3]",156.8000000000014,"[57, 41]","[0, 0]","[0, 0]",7
59,"[2, 3]",205.75000000001253,"[54, 54]","[31.35000000000031, 0]","[0, 0]",7
60,"[0, 1]",127.89999999999488,"[58, 43]","[0, 0]","[0, 0]",7
61,"[0, 3]",160.3000000000022,"[60, 44]","[0, 0]","[0, 0]",7
62,"[0, 1]",131.04999999999555,"[61, 60]","[0, 0]","[0, 0]",7
63,"[0, 3]",163.4000000000029,"[62, 47]","[0, 0]","[0, 0]",7
64,"[0, 3]",164.7000000000032,"[63, 63]","[0.44999999999999996, 0]","[0, 0]",7
65,"[0, 1]",135.39999999999654,"[64, 62]","[1.2500000000000004, 0]","[0, 0]",7
66,"[0, 1]",136.5499999999968,"[65, 65]","[2.799999999999998, 0]","[0, 0]",7
67,"[0, 3]",167.85000000000392,"[66, 49]","[3.2999999999999963, 0]","[0, 0]",7
68,"[0, 3]",170.05000000000442,"[67, 67]","[4.449999999999992, 0]","[0, 0]",7
69,"[2, 1]",179.95000000000667,"[59, 75]","[35.35000000000013, 0]","[0, 0]",7
70,"[0, 3]",171.50000000000475,"[68, 68]","[4.699999999999991, 0]","[0, 0]",7
71,"[2, 1]",185.750000000008,"[69, 76]","[37.899999999999984, 0]","[0, 0]",7
72,"[0, 1]",143.39999999999836,"[70, 52]","[4.399999999999992, 0]","[0, 0]",7
73,"[0, 1]",149.84999999999982,"[72, 53]","[7.299999999999982, 0]","[2.499999999999999, 0]",7
74,"[0, 1]",149.2499999999997,"[73, 73]","[5.449999999999989, 0]","[0, 0]",7
75,"[0, 1]",149.84999999999982,"[74, 74]","[6.0499999999999865, 0]","[0, 0]",7
76,"[0, 1]",154.95000000000098,"[75, 69]","[8.84999999999999, 0]","[2.3999999999999995, 0]",7
77,"[2, 1]",191.45000000000928,"[71, 78]","[40.29999999999985, 0]","[0, 0]",7
78,"[0, 1]",159.50000000000202,"[76, 71]","[9.55, 0]","[2.799999999999998, 0]",7
79,"[0, 1]",163.800000000003,"[78, 77]","[8.999999999999993, 0]","[2.549999999999999, 0]",7
0,"[2, 1]",36.40000000000007,"[-999, -999]","[0, 0]","[0, 0]",8
1,"[0, 1]",67.5999999999983,"[-999, 8]","[0, 0]","[0, 0]",8
2,"[2, 3]",68.49999999999825,"[0, -999]","[0, 0]","[0, 0]",8
3,"[2, 3]",71.1999999999981,"[2, 2]","[0, 0]","[0, 0]",8
4,"[2, 3]",73.049999999998,"[3, 3]","[0, 0]","[0, 0]",8
5,"[2, 1]",38.599999999999945,"[4, -999]","[0, 0]","[0, 0]",8
6,"[0, 1]",72.19999999999804,"[1, 10]","[0, 0]","[0, 0]",8
7,"[2, 1]",40.84999999999982,"[5, 5]","[0, 0]","[0, 0]",8
8,"[2, 1]",42.649999999999714,"[7, 7]","[0, 0]","[0, 0]",8
9,"[0, 1]",79.69999999999762,"[6, 11]","[1.3000000000000005, 0]","[1.3000000000000005, 0]",8
10,"[2, 1]",50.399999999999274,"[8, 1]","[2.6499999999999986, 0]","[2.6499999999999986, 0]",8
11,"[2, 1]",55.999999999998956,"[10, 6]","[6.749999999999984, 0]","[6.749999999999984, 0]",8
12,"[2, 1]",66.69999999999835,"[11, 13]","[13.250000000000053, 0]","[5.649999999999988, 0]",8
13,"[0, 1]",79.19999999999764,"[9, 9]","[0, 0]","[0, 0]",8
14,"[2, 1]",71.59999999999808,"[12, 17]","[19.650000000000144, 0]","[1.3500000000000005, 0]",8
15,"[2, 1]",77.09999999999776,"[14, 18]","[19.650000000000144, 0]","[0, 0]",8
16,"[2, 3]",107.34999999999604,"[15, -999]","[30.6500000000003, 0]","[0.05, 0]",8
17,"[0, 1]",84.69999999999733,"[13, 12]","[2.549999999999999, 0]","[2.549999999999999, 0]",8
18,"[0, 1]",89.89999999999704,"[17, 14]","[2.5999999999999988, 0]","[2.5999999999999988, 0]",8
19,"[2, 3]",110.29999999999588,"[16, 16]","[28.300000000000267, 0]","[0, 0]",8
20,"[2, 1]",85.44999999999729,"[19, 25]","[26.550000000000242, 0]","[0, 0]",8
21,"[2, 3]",115.0999999999956,"[20, 19]","[25.00000000000022, 0]","[0, 0]",8
22,"[0, 1]",95.04999999999674,"[18, 15]","[2.6499999999999986, 0]","[2.6499999999999986, 0]",8
23,"[0, 1]",95.29999999999673,"[22, 22]","[0, 0]","[0, 0]",8
24,"[2, 1]",87.14999999999719,"[21, 26]","[23.4500000000002, 0]","[0, 0]",8
25,"[0, 1]",96.14999999999668,"[23, 23]","[0, 0]","[0, 0]",8
26,"[0, 1]",101.64999999999637,"[25, 20]","[2.3999999999999995, 0]","[2.3999999999999995, 0]",8
27,"[0, 3]",133.4499999999961,"[26, 21]","[0, 0]","[0, 0]",8
28,"[2, 3]",125.04999999999504,"[24, 29]","[22.000000000000178, 0]","[0, 0]",8
29,"[0, 3]",134.89999999999642,"[27, 27]","[0, 0]","[0, 0]",8
30,"[0, 3]",140.9499999999978,"[29, 28]","[2.3499999999999996, 0]","[2.3499999999999996, 0]",8
31,"[2, 3]",131.14999999999557,"[28, 30]","[20.550000000000157, 0]","[0, 0]",8
32,"[2, 1]",117.79999999999545,"[31, 40]","[28.950000000000276, 0]","[9.950000000000006, 0]",8
33,"[2, 1]",117.54999999999546,"[32, 32]","[17.550000000000114, 0]","[0, 0]",8
34,"[0, 1]",110.44999999999587,"[30, -999]","[0, 0]","[0, 0]",8
35,"[2, 3]",162.0500000000026,"[33, 44]","[20.400000000000155, 0]","[3.2999999999999963, 0]",8
36,"[0, 1]",111.6499999999958,"[34, 34]","[0, 0]","[0, 0]",8
37,"[2, 1]",149.2999999999997,"[35, 48]","[27.10000000000025, 0]","[9.900000000000006, 0]",8
38,"[2, 3]",181.10000000000693,"[37, 50]","[16.850000000000104, 0]","[0, 0]",8
39,"[0, 1]",112.74999999999574,"[36, 36]","[0, 0]","[0, 0]",8
40,"[0, 1]",113.79999999999568,"[39, 39]","[0, 0]","[0, 0]",8
41,"[0, 3]",144.79999999999868,"[40, 31]","[0, 0]","[0, 0]",8
42,"[0, 3]",147.0999999999992,"[41, 41]","[0, 0]","[0, 0]",8
43,"[0, 3]",148.74999999999957,"[42, 42]","[0, 0]","[0, 0]",8
44,"[0, 3]",150.09999999999988,"[43, 43]","[0, 0]","[0, 0]",8
45,"[0, 1]",120.89999999999527,"[44, 33]","[0, 0]","[0, 0]",8
46,"[0, 1]",121.99999999999521,"[45, 45]","[0, 0]","[0, 0]",8
47,"[0, 1]",123.04999999999515,"[46, 46]","[0, 0]","[0, 0]",8
48,"[0, 1]",124.14999999999509,"[47, 47]","[0, 0]","[0, 0]",8
49,"[2, 1]",157.80000000000163,"[38, 52]","[16.4500000000001, 0]","[0, 0]",8
50,"[0, 3]",155.20000000000104,"[48, 35]","[0, 0]","[0, 0]",8
51,"[0, 1]",127.3999999999949,"[50, 37]","[0, 0]","[0, 0]",8
52,"[0, 1]",128.39999999999495,"[51, 51]","[0.7000000000000001, 0]","[0, 0]",8
53,"[2, 3]",190.05000000000896,"[49, 54]","[15.600000000000087, 0]","[0, 0]",8
54,"[0, 3]",159.60000000000204,"[52, 38]","[1.4000000000000006, 0]","[0, 0]",8
55,"[0, 1]",131.2499999999956,"[54, 49]","[1.850000000000001, 0]","[0, 0]",8
56,"[2, 1]",161.05000000000237,"[53, 55]","[16.100000000000094, 0]","[0, 0]",8
57,"[2, 1]",180.1000000000067,"[56, 65]","[27.650000000000258, 0]","[9.850000000000005, 0]",8
58,"[0, 3]",163.850000000003,"[55, 53]","[2.2, 0]","[0, 0]",8
59,"[0, 1]",135.44999999999655,"[58, 56]","[2.4499999999999993, 0]","[0, 0]",8
60,"[2, 3]",209.45000000001338,"[57, 58]","[20.80000000000016, 0]","[0, 0]",8
61,"[2, 3]",218.20000000001536,"[60, 67]","[24.30000000000021, 0]","[0, 0]",8
62,"[2, 1]",188.55000000000862,"[61, 68]","[25.450000000000227, 0]","[0, 0]",8
63,"[0, 1]",135.99999999999667,"[59, 59]","[2.6499999999999986, 0]","[0, 0]",8
64,"[2, 3]",222.25000000001629,"[62, 69]","[37.84999999999999, 0]","[0, 0]",8
65,"[0, 1]",136.89999999999688,"[63, 63]","[2.849999999999998, 0]","[0, 0]",8
66,"[0, 1]",143.84999999999846,"[65, 57]","[5.249999999999989, 0]","[2.2, 0]",8
67,"[0, 3]",174.65000000000546,"[66, 60]","[3.1999999999999966, 0]","[0, 0]",8
68,"[0, 1]",144.19999999999854,"[67, 66]","[3.399999999999996, 0]","[0, 0]",8
69,"[0, 3]",173.0000000000051,"[68, 61]","[3.099999999999997, 0]","[0, 0]",8
70,"[2, 3]",235.15000000001922,"[64, 73]","[63.79999999999851, 0]","[6.549999999999985, 0]",8
71,"[0, 1]",142.7499999999982,"[69, 62]","[1.4000000000000006, 0]","[0, 0]",8
72,"[0, 3]",167.60000000000386,"[71, 64]","[0, 0]","[0, 0]",8
73,"[0, 3]",168.10000000000397,"[72, 72]","[0, 0]","[0, 0]",8
74,"[2, 1]",205.40000000001245,"[70, 75]","[58.7499999999988, 0]","[0, 0]",8
75,"[0, 1]",137.59999999999704,"[73, 71]","[0, 0]","[0, 0]",8
76,"[0, 3]",168.90000000000416,"[75, 70]","[0, 0]","[0, 0]",8
77,"[2, 1]",213.60000000001432,"[74, 78]","[60.29999999999871, 0]","[0, 0]",8
78,"[0, 1]",135.1999999999965,"[76, 74]","[0.39999999999999997, 0]","[0, 0]",8
79,"[0, 1]",140.19999999999763,"[78, 77]","[2.9499999999999975, 0]","[2.5999999999999988, 0]",8
0,"[2, 1]",36.40000000000007,"[-999, -999]","[0, 0]","[0, 0]",9
1,"[2, 1]",38.09999999999997,"[0, 0]","[0, 0]","[0, 0]",9
2,"[0, 3]",101.89999999999635,"[-999, 10]","[0, 0]","[2.25, 0]",9
3,"[0, 3]",104.24999999999622,"[2, 2]","[0, 0]","[0, 0]",9
4,"[2, 1]",39.89999999999987,"[1, 1]","[0, 0]","[0, 0]",9
5,"[2, 1]",41.79999999999976,"[4, 4]","[0, 0]","[0, 0]",9
6,"[2, 1]",43.54999999999966,"[5, 5]","[0, 0]","[0, 0]",9
7,"[2, 1]",45.099999999999575,"[6, 6]","[0, 0]","[0, 0]",9
8,"[2, 1]",46.349999999999504,"[7, 7]","[0, 0]","[0, 0]",9
9,"[0, 3]",105.54999999999615,"[3, 3]","[0, 0]","[0, 0]",9
10,"[2, 3]",72.79999999999801,"[8, -999]","[0, 0]","[0, 0]",9
11,"[0, 3]",112.09999999999577,"[9, 15]","[2.499999999999999, 0]","[2.499999999999999, 0]",9
12,"[2, 1]",45.099999999999575,"[10, 8]","[0, 0]","[0, 0]",9
13,"[2, 1]",46.79999999999948,"[12, 12]","[0, 0]","[0, 0]",9
14,"[2, 1]",47.899999999999416,"[13, 13]","[0, 0]","[0, 0]",9
15,"[2, 3]",81.14999999999753,"[14, 9]","[0, 0]","[0, 0]",9
16,"[2, 1]",51.599999999999206,"[15, 14]","[0, 0]","[0, 0]",9
17,"[0, 3]",112.94999999999573,"[11, 11]","[0, 0]","[0, 0]",9
18,"[2, 1]",53.64999999999909,"[16, 16]","[0, 0]","[0, 0]",9
19,"[2, 1]",55.499999999998984,"[18, 18]","[0, 0]","[0, 0]",9
20,"[2, 3]",91.39999999999695,"[19, 23]","[6.149999999999986, 0]","[0, 0]",9
21,"[2, 3]",98.49999999999655,"[20, 30]","[11.55000000000003, 0]","[3.1999999999999966, 0]",9
22,"[0, 3]",112.64999999999574,"[17, 17]","[0, 0]","[0, 0]",9
23,"[0, 3]",113.99999999999567,"[22, 22]","[0, 0]","[0, 0]",9
24,"[2, 1]",80.49999999999757,"[21, 37]","[9.349999999999998, 0]","[3.2999999999999963, 0]",9
25,"[2, 1]",85.3499999999973,"[24, 38]","[4.3499999999999925, 0]","[0, 0]",9
26,"[0, 1]",83.34999999999741,"[23, 19]","[0, 0]","[0, 0]",9
27,"[2, 3]",123.09999999999515,"[25, 41]","[5.949999999999987, 0]","[3.099999999999997, 0]",9
28,"[2, 3]",125.19999999999503,"[27, 27]","[1.4500000000000006, 0]","[0, 0]",9
29,"[2, 1]",95.8499999999967,"[28, 46]","[0, 0]","[0, 0]",9
30,"[0, 3]",116.14999999999554,"[26, 20]","[0, 0]","[0, 0]",9
31,"[0, 1]",86.74999999999721,"[30, 26]","[0, 0]","[0, 0]",9
32,"[2, 3]",129.64999999999523,"[29, 47]","[1.0000000000000002, 0]","[0, 0]",9
33,"[2, 3]",137.49999999999702,"[32, 49]","[2.1500000000000004, 0]","[0, 0]",9
34,"[2, 1]",119.34999999999536,"[33, 53]","[9.349999999999998, 0]","[6.499999999999985, 0]",9
35,"[2, 1]",125.44999999999501,"[34, 55]","[5.349999999999989, 0]","[0, 0]",9
36,"[0, 1]",87.89999999999715,"[31, 31]","[0, 0]","[0, 0]",9
37,"[0, 1]",88.99999999999709,"[36, 36]","[0, 0]","[0, 0]",9
38,"[0, 1]",96.34999999999667,"[37, 24]","[1.0000000000000002, 0]","[1.0000000000000002, 0]",9
39,"[2, 1]",125.49999999999501,"[35, 35]","[6.649999999999984, 0]","[0, 0]",9
40,"[0, 3]",124.69999999999506,"[38, 21]","[0, 0]","[0, 0]",9
41,"[0, 3]",127.04999999999492,"[40, 40]","[0, 0]","[0, 0]",9
42,"[0, 1]",98.44999999999655,"[41, 25]","[0, 0]","[0, 0]",9
43,"[2, 1]",127.5499999999949,"[39, 39]","[6.849999999999984, 0]","[0, 0]",9
44,"[2, 1]",129.74999999999525,"[43, 43]","[7.399999999999982, 0]","[0, 0]",9
45,"[2, 3]",163.55000000000294,"[44, 64]","[8.04999999999998, 0]","[0, 0]",9
46,"[0, 1]",99.54999999999649,"[42, 42]","[0, 0]","[0, 0]",9
47,"[0, 3]",132.34999999999584,"[46, 28]","[0, 0]","[0, 0]",9
48,"[0, 1]",103.99999999999623,"[47, 29]","[0, 0]","[0, 0]",9
49,"[0, 3]",136.24999999999673,"[48, 32]","[0, 0]","[0, 0]",9
50,"[0, 1]",106.94999999999607,"[49, 48]","[0, 0]","[0, 0]",9
51,"[0, 1]",108.099999999996,"[50, 50]","[0, 0]","[0, 0]",9
52,"[2, 3]",165.85000000000346,"[45, 45]","[10.15000000000001, 0]","[0, 0]",9
53,"[0, 1]",109.19999999999594,"[51, 51]","[0, 0]","[0, 0]",9
54,"[0, 3]",140.29999999999765,"[53, 33]","[0, 0]","[0, 0]",9
55,"[0, 1]",111.6499999999958,"[54, 34]","[0, 0]","[0, 0]",9
56,"[0, 3]",142.79999999999822,"[55, 54]","[0, 0]","[0, 0]",9
57,"[2, 3]",173.30000000000516,"[52, 70]","[11.55000000000003, 0]","[0, 0]",9
58,"[0, 3]",144.9499999999987,"[56, 56]","[0, 0]","[0, 0]",9
59,"[0, 3]",146.44999999999905,"[58, 58]","[0, 0]","[0, 0]",9
60,"[2, 1]",143.5999999999984,"[57, 72]","[14.350000000000069, 0]","[0, 0]",9
61,"[2, 1]",157.7000000000016,"[60, 77]","[19.800000000000146, 0]","[2.799999999999998, 0]",9
62,"[2, 1]",157.50000000000156,"[61, 61]","[19.95000000000015, 0]","[0, 0]",9
63,"[2, 3]",189.50000000000884,"[62, 78]","[22.500000000000185, 0]","[0, 0]",9
64,"[0, 3]",147.79999999999936,"[59, 59]","[0, 0]","[0, 0]",9
65,"[0, 1]",118.7499999999954,"[64, 44]","[0, 0]","[0, 0]",9
66,"[2, 3]",192.65000000000956,"[63, 63]","[26.000000000000234, 0]","[0, 0]",9
67,"[2, 1]",163.65000000000296,"[66, 79]","[25.450000000000227, 0]","[0, 0]",9
68,"[2, 1]",166.20000000000354,"[67, 67]","[24.500000000000213, 0]","[0, 0]",9
69,"[0, 1]",119.49999999999535,"[65, 65]","[0, 0]","[0, 0]",9
70,"[0, 3]",153.15000000000057,"[69, 52]","[0, 0]","[0, 0]",9
71,"[2, 3]",198.80000000001095,"[68, 66]","[25.850000000000232, 0]","[0, 0]",9
72,"[0, 1]",123.74999999999511,"[70, 69]","[0, 0]","[0, 0]",9
73,"[0, 3]",155.8500000000012,"[72, 57]","[0, 0]","[0, 0]",9
74,"[0, 1]",126.94999999999493,"[73, 60]","[0, 0]","[0, 0]",9
75,"[2, 1]",171.10000000000466,"[71, 68]","[29.30000000000028, 0]","[0, 0]",9
76,"[2, 1]",173.85000000000528,"[75, 75]","[30.00000000000029, 0]","[0, 0]",9
77,"[0, 1]",127.84999999999488,"[74, 74]","[0, 0]","[0, 0]",9
78,"[0, 3]",158.85000000000187,"[77, 73]","[0, 0]","[0, 0]",9
79,"[0, 1]",136.0499999999967,"[78, 62]","[3.099999999999997, 0]","[3.099999999999997, 0]",9
0,"[2, 3]",67.7499999999983,"[-999, -999]","[0, 0]","[0, 0]",10
1,"[2, 1]",37.15000000000003,"[0, -999]","[0, 0]","[0, 0]",10
2,"[0, 1]",76.4499999999978,"[-999, 11]","[0, 0]","[3.049999999999997, 0]",10
3,"[2, 3]",69.99999999999817,"[1, 0]","[0, 0]","[0, 0]",10
4,"[2, 1]",37.699999999999996,"[3, 1]","[0, 0]","[0, 0]",10
5,"[0, 3]",117.09999999999549,"[2, 20]","[4.99999999999999, 0]","[4.99999999999999, 0]",10
6,"[2, 3]",70.69999999999813,"[4, 3]","[0, 0]","[0, 0]",10
7,"[2, 1]",38.14999999999997,"[6, 4]","[0, 0]","[0, 0]",10
8,"[0, 1]",86.9999999999972,"[5, 24]","[0, 0]","[0, 0]",10
9,"[2, 1]",40.29999999999985,"[7, 7]","[0, 0]","[0, 0]",10
10,"[2, 1]",42.19999999999974,"[9, 9]","[0, 0]","[0, 0]",10
11,"[2, 1]",43.74999999999965,"[10, 10]","[0, 0]","[0, 0]",10
12,"[0, 3]",117.89999999999544,"[8, 5]","[0, 0]","[0, 0]",10
13,"[0, 3]",119.99999999999532,"[12, 12]","[0, 0]","[0, 0]",10
14,"[0, 3]",121.59999999999523,"[13, 13]","[0, 0]","[0, 0]",10
15,"[0, 1]",92.14999999999691,"[14, 29]","[0, 0]","[0, 0]",10
16,"[0, 1]",93.24999999999685,"[15, 15]","[0, 0]","[0, 0]",10
17,"[2, 3]",74.04999999999794,"[11, 6]","[0, 0]","[0, 0]",10
18,"[2, 3]",76.64999999999779,"[17, 17]","[0, 0]","[0, 0]",10
19,"[0, 3]",124.59999999999506,"[16, 32]","[0, 0]","[0, 0]",10
20,"[2, 3]",78.34999999999769,"[18, 18]","[0, 0]","[0, 0]",10
21,"[0, 3]",126.69999999999494,"[19, 19]","[0, 0]","[0, 0]",10
22,"[0, 1]",96.34999999999667,"[21, 34]","[0, 0]","[0, 0]",10
23,"[0, 3]",127.79999999999488,"[22, 21]","[0, 0]","[0, 0]",10
24,"[2, 1]",48.49999999999938,"[20, 2]","[0, 0]","[0, 0]",10
25,"[0, 1]",98.94999999999652,"[23, 37]","[0, 0]","[0, 0]",10
26,"[0, 3]",130.04999999999532,"[25, 23]","[0, 0]","[0, 0]",10
27,"[0, 3]",132.24999999999582,"[26, 26]","[0, 0]","[0, 0]",10
28,"[2, 1]",55.79999999999897,"[24, 8]","[3.2999999999999963, 0]","[3.2999999999999963, 0]",10
29,"[2, 1]",57.249999999998884,"[28, 28]","[0, 0]","[0, 0]",10
30,"[0, 3]",133.74999999999616,"[27, 27]","[0, 0]","[0, 0]",10
31,"[0, 3]",135.09999999999647,"[30, 30]","[0, 0]","[0, 0]",10
32,"[2, 3]",94.59999999999677,"[29, 14]","[0, 0]","[0, 0]",10
33,"[2, 1]",71.1999999999981,"[32, 16]","[16.6500000000001, 0]","[0, 0]",10
34,"[2, 1]",70.94999999999811,"[33, 33]","[14.40000000000007, 0]","[0, 0]",10
35,"[0, 1]",105.89999999999613,"[31, -999]","[0, 0]","[0, 0]",10
36,"[0, 3]",142.99999999999827,"[35, 41]","[3.2499999999999964, 0]","[3.2499999999999964, 0]",10
37,"[2, 1]",79.59999999999762,"[34, 22]","[16.200000000000095, 0]","[3.4999999999999956, 0]",10
38,"[2, 1]",86.04999999999725,"[37, 25]","[11.150000000000023, 0]","[0, 0]",10
39,"[0, 3]",144.09999999999852,"[36, 36]","[0, 0]","[0, 0]",10
40,"[2, 3]",134.19999999999627,"[38, 31]","[19.35000000000014, 0]","[9.55, 0]",10
41,"[2, 3]",135.84999999999664,"[40, 40]","[8.449999999999985, 0]","[0, 0]",10
42,"[2, 1]",105.49999999999615,"[41, 35]","[7.099999999999983, 0]","[0, 0]",10
43,"[0, 3]",149.7999999999998,"[39, 47]","[2.3999999999999995, 0]","[2.3999999999999995, 0]",10
44,"[0, 1]",118.99999999999538,"[43, -999]","[0, 0]","[0, 0]",10
45,"[0, 3]",151.4500000000002,"[44, 51]","[0, 0]","[0, 0]",10
46,"[0, 1]",122.2999999999952,"[45, 54]","[0, 0]","[0, 0]",10
47,"[2, 3]",143.9999999999985,"[42, 39]","[5.749999999999988, 0]","[0, 0]",10
48,"[0, 1]",129.24999999999514,"[46, 57]","[1.850000000000001, 0]","[1.850000000000001, 0]",10
49,"[0, 3]",157.75000000000162,"[48, 45]","[0, 0]","[0, 0]",10
50,"[0, 3]",160.05000000000214,"[49, 49]","[0, 0]","[0, 0]",10
51,"[2, 3]",149.99999999999986,"[47, 43]","[4.699999999999991, 0]","[0, 0]",10
52,"[0, 1]",131.19999999999558,"[50, 61]","[0, 0]","[0, 0]",10
53,"[0, 3]",163.90000000000302,"[52, 62]","[0, 0]","[0, 0]",10
54,"[2, 1]",119.49999999999535,"[51, 44]","[4.799999999999991, 0]","[0, 0]",10
55,"[0, 3]",165.2000000000033,"[53, 53]","[0, 0]","[0, 0]",10
56,"[0, 1]",135.89999999999665,"[55, 52]","[0, 0]","[0, 0]",10
57,"[2, 1]",127.94999999999487,"[54, 46]","[3.949999999999994, 0]","[0, 0]",10
58,"[2, 1]",133.29999999999606,"[57, 48]","[3.4999999999999956, 0]","[0, 0]",10
59,"[0, 1]",136.9999999999969,"[56, 56]","[0, 0]","[0, 0]",10
60,"[0, 3]",169.65000000000433,"[59, 64]","[0, 0]","[0, 0]",10
61,"[2, 1]",133.74999999999616,"[58, 58]","[6.8999999999999835, 0]","[0, 0]",10
62,"[2, 3]",167.60000000000386,"[61, 50]","[9.349999999999998, 0]","[0, 0]",10
63,"[2, 3]",180.45000000000678,"[62, 55]","[18.400000000000126, 0]","[6.649999999999984, 0]",10
64,"[2, 3]",182.45000000000724,"[63, 63]","[16.6500000000001, 0]","[0, 0]",10
65,"[0, 1]",141.04999999999782,"[60, 66]","[0, 0]","[0, 0]",10
66,"[2, 1]",152.95000000000053,"[64, 59]","[21.100000000000165, 0]","[0, 0]",10
67,"[0, 1]",141.49999999999793,"[65, 65]","[0, 0]","[0, 0]",10
68,"[2, 1]",167.05000000000373,"[66, 67]","[24.95000000000022, 0]","[2.6999999999999984, 0]",10
69,"[2, 1]",172.00000000000486,"[68, 71]","[22.15000000000018, 0]","[0, 0]",10
70,"[2, 1]",172.40000000000495,"[69, 69]","[22.05000000000018, 0]","[0, 0]",10
71,"[0, 1]",147.29999999999924,"[67, 68]","[2.4499999999999993, 0]","[2.4499999999999993, 0]",10
72,"[2, 1]",174.50000000000543,"[70, 70]","[24.500000000000213, 0]","[0, 0]",10
73,"[2, 1]",176.65000000000592,"[72, 72]","[26.050000000000235, 0]","[0, 0]",10
74,"[0, 3]",177.10000000000602,"[71, 60]","[0, 0]","[0, 0]",10
75,"[0, 3]",179.35000000000653,"[74, 74]","[0, 0]","[0, 0]",10
76,"[0, 3]",180.60000000000682,"[75, 75]","[0, 0]","[0, 0]",10
77,"[0, 3]",180.60000000000682,"[76, 76]","[1.1000000000000003, 0]","[0, 0]",10
78,"[2, 1]",178.85000000000642,"[73, 73]","[27.300000000000253, 0]","[0, 0]",10
79,"[2, 3]",211.85000000001392,"[78, 77]","[28.700000000000273, 0]","[0, 0]",10
0,"[0, 1]",73.69999999999796,"[-999, 10]","[0, 0]","[3.5499999999999954, 0]",11
1,"[2, 3]",67.7499999999983,"[-999, -999]","[0, 0]","[0, 0]",11
2,"[2, 1]",37.15000000000003,"[1, -999]","[0, 0]","[0, 0]",11
3,"[2, 1]",38.89999999999993,"[2, 2]","[0, 0]","[0, 0]",11
4,"[2, 3]",70.79999999999812,"[3, 1]","[0, 0]","[0, 0]",11
5,"[2, 1]",38.749999999999936,"[4, 3]","[0, 0]","[0, 0]",11
6,"[0, 1]",70.64999999999813,"[0, 0]","[0, 0]","[0, 0]",11
7,"[2, 3]",71.49999999999808,"[5, 4]","[0, 0]","[0, 0]",11
8,"[2, 3]",73.84999999999795,"[7, 7]","[0, 0]","[0, 0]",11
9,"[0, 1]",71.2499999999981,"[6, 6]","[0, 0]","[0, 0]",11
10,"[2, 1]",39.69999999999988,"[8, 5]","[0, 0]","[0, 0]",11
11,"[0, 1]",77.79999999999772,"[9, 16]","[1.900000000000001, 0]","[1.900000000000001, 0]",11
12,"[2, 3]",72.849999999998,"[10, 8]","[0, 0]","[0, 0]",11
13,"[0, 3]",106.2999999999961,"[11, 14]","[0, 0]","[0, 0]",11
14,"[2, 3]",74.84999999999789,"[12, 12]","[0, 0]","[0, 0]",11
15,"[0, 3]",108.59999999999597,"[13, 13]","[0, 0]","[0, 0]",11
16,"[2, 1]",50.64999999999926,"[14, 9]","[2.9999999999999973, 0]","[2.9999999999999973, 0]",11
17,"[2, 1]",55.199999999999,"[16, 11]","[6.449999999999985, 0]","[6.399999999999985, 0]",11
18,"[0, 1]",79.9499999999976,"[15, 17]","[0, 0]","[0, 0]",11
19,"[2, 3]",92.09999999999691,"[17, 15]","[9.950000000000006, 0]","[2.000000000000001, 0]",11
20,"[2, 3]",93.9499999999968,"[19, 19]","[15.750000000000089, 0]","[1.1000000000000003, 0]",11
21,"[2, 3]",95.99999999999669,"[20, 20]","[15.700000000000088, 0]","[0, 0]",11
22,"[2, 1]",71.49999999999808,"[21, 33]","[17.750000000000117, 0]","[0, 0]",11
23,"[2, 3]",101.49999999999638,"[22, 21]","[15.400000000000084, 0]","[0, 0]",11
24,"[2, 3]",104.74999999999619,"[23, 23]","[13.650000000000059, 0]","[0, 0]",11
25,"[2, 3]",107.24999999999605,"[24, 24]","[12.150000000000038, 0]","[0, 0]",11
26,"[0, 1]",80.99999999999754,"[18, 18]","[0, 0]","[0, 0]",11
27,"[2, 3]",114.74999999999562,"[25, 38]","[10.650000000000016, 0]","[0, 0]",11
28,"[2, 3]",116.34999999999553,"[27, 27]","[9.149999999999995, 0]","[0, 0]",11
29,"[0, 1]",82.09999999999748,"[26, 26]","[0, 0]","[0, 0]",11
30,"[2, 3]",118.34999999999542,"[28, 28]","[7.699999999999981, 0]","[0, 0]",11
31,"[2, 3]",120.64999999999529,"[30, 30]","[6.299999999999986, 0]","[0, 0]",11
32,"[2, 3]",122.79999999999517,"[31, 31]","[5.299999999999989, 0]","[0, 0]",11
33,"[0, 1]",83.19999999999742,"[29, 29]","[0, 0]","[0, 0]",11
34,"[0, 1]",88.6999999999971,"[33, 22]","[2.499999999999999, 0]","[2.499999999999999, 0]",11
35,"[2, 3]",125.09999999999503,"[32, 32]","[3.999999999999994, 0]","[0, 0]",11
36,"[0, 1]",89.09999999999708,"[34, 34]","[0, 0]","[0, 0]",11
37,"[0, 1]",90.14999999999702,"[36, 36]","[0, 0]","[0, 0]",11
38,"[0, 3]",124.69999999999506,"[37, 25]","[0, 0]","[0, 0]",11
39,"[2, 1]",95.7999999999967,"[35, 53]","[2.6999999999999984, 0]","[0, 0]",11
40,"[2, 3]",134.04999999999623,"[39, 55]","[1.1000000000000003, 0]","[0, 0]",11
41,"[2, 1]",110.24999999999588,"[40, 59]","[0.7000000000000001, 0]","[0, 0]",11
42,"[0, 1]",95.24999999999673,"[38, 37]","[0, 0]","[0, 0]",11
43,"[2, 1]",121.29999999999525,"[41, 64]","[3.5499999999999954, 0]","[2.799999999999998, 0]",11
44,"[0, 1]",96.34999999999667,"[42, 42]","[0, 0]","[0, 0]",11
45,"[0, 1]",97.4999999999966,"[44, 44]","[0, 0]","[0, 0]",11
46,"[0, 1]",98.54999999999654,"[45, 45]","[0, 0]","[0, 0]",11
47,"[2, 1]",126.24999999999497,"[43, 65]","[0.9500000000000003, 0]","[0, 0]",11
48,"[2, 3]",163.65000000000296,"[47, 68]","[2.7499999999999982, 0]","[0, 0]",11
49,"[2, 1]",134.49999999999633,"[48, 71]","[3.699999999999995, 0]","[0, 0]",11
50,"[2, 1]",136.64999999999682,"[49, 49]","[3.049999999999997, 0]","[0, 0]",11
51,"[2, 1]",138.94999999999735,"[50, 50]","[4.799999999999991, 0]","[0, 0]",11
52,"[0, 1]",99.59999999999648,"[46, 46]","[0, 0]","[0, 0]",11
53,"[0, 1]",100.64999999999642,"[52, 52]","[0, 0]","[0, 0]",11
54,"[0, 3]",135.99999999999667,"[53, 35]","[2.2, 0]","[2.2, 0]",11
55,"[0, 3]",137.34999999999698,"[54, 54]","[0, 0]","[0, 0]",11
56,"[2, 3]",172.1500000000049,"[51, 74]","[6.0499999999999865, 0]","[0, 0]",11
57,"[2, 3]",174.70000000000547,"[56, 56]","[6.949999999999983, 0]","[0, 0]",11
58,"[0, 1]",107.64999999999603,"[55, 39]","[0, 0]","[0, 0]",11
59,"[0, 1]",108.79999999999596,"[58, 58]","[0, 0]","[0, 0]",11
60,"[2, 1]",149.09999999999965,"[57, 79]","[9.149999999999995, 0]","[0, 0]",11
61,"[2, 1]",149.44999999999973,"[60, 60]","[13.400000000000055, 0]","[0, 0]",11
62,"[0, 1]",114.34999999999565,"[59, 41]","[2.4499999999999993, 0]","[2.4499999999999993, 0]",11
63,"[2, 1]",151.35000000000016,"[61, 61]","[16.750000000000103, 0]","[0, 0]",11
64,"[0, 1]",114.84999999999562,"[62, 62]","[0.8500000000000002, 0]","[0, 0]",11
65,"[0, 1]",120.64999999999529,"[64, 43]","[3.999999999999994, 0]","[2.4499999999999993, 0]",11
66,"[0, 3]",150.54999999999998,"[65, 40]","[2.000000000000001, 0]","[0, 0]",11
67,"[2, 3]",184.25000000000765,"[63, 57]","[18.800000000000132, 0]","[0, 0]",11
68,"[0, 3]",152.90000000000052,"[66, 66]","[2.549999999999999, 0]","[0, 0]",11
69,"[2, 1]",156.3500000000013,"[67, 63]","[20.65000000000016, 0]","[0, 0]",11
70,"[2, 1]",159.05000000000192,"[69, 69]","[27.80000000000026, 0]","[0, 0]",11
71,"[0, 1]",124.34999999999508,"[68, 47]","[3.149999999999997, 0]","[0, 0]",11
72,"[0, 3]",156.15000000000126,"[71, 48]","[2.9499999999999975, 0]","[0, 0]",11
73,"[0, 3]",157.6500000000016,"[72, 72]","[2.7499999999999982, 0]","[0, 0]",11
74,"[0, 3]",158.90000000000188,"[73, 73]","[2.849999999999998, 0]","[0, 0]",11
75,"[2, 1]",160.90000000000234,"[70, 70]","[29.15000000000028, 0]","[0, 0]",11
76,"[0, 1]",131.2999999999956,"[74, 51]","[2.6499999999999986, 0]","[0, 0]",11
77,"[0, 1]",131.7499999999957,"[76, 76]","[2.3, 0]","[0, 0]",11
78,"[2, 3]",193.3000000000097,"[75, 67]","[30.400000000000297, 0]","[0, 0]",11
79,"[0, 1]",132.69999999999592,"[77, 77]","[1.850000000000001, 0]","[0, 0]",11
0,"[0, 3]",96.74999999999665,"[-999, 9]","[0, 0]","[0, 0]",12
1,"[0, 3]",105.24999999999616,"[0, 19]","[2.25, 0]","[2.25, 0]",12
2,"[0, 1]",80.94999999999754,"[1, 21]","[2.6499999999999986, 0]","[2.6499999999999986, 0]",12
3,"[2, 1]",36.40000000000007,"[-999, -999]","[0, 0]","[0, 0]",12
4,"[0, 1]",80.39999999999758,"[2, 2]","[0, 0]","[0, 0]",12
5,"[0, 1]",87.29999999999718,"[4, 22]","[1.1500000000000004, 0]","[1.1500000000000004, 0]",12
6,"[2, 3]",68.49999999999825,"[3, -999]","[0, 0]","[0, 0]",12
7,"[0, 3]",115.69999999999557,"[5, 1]","[0, 0]","[0, 0]",12
8,"[0, 1]",87.59999999999717,"[7, 23]","[0, 0]","[0, 0]",12
9,"[2, 3]",71.1999999999981,"[6, 6]","[0, 0]","[0, 0]",12
10,"[0, 1]",88.59999999999711,"[8, 8]","[0, 0]","[0, 0]",12
11,"[2, 1]",41.0999999999998,"[9, 3]","[0, 0]","[0, 0]",12
12,"[2, 1]",43.04999999999969,"[11, 11]","[0, 0]","[0, 0]",12
13,"[0, 1]",94.0499999999968,"[10, 27]","[2.3999999999999995, 0]","[2.3999999999999995, 0]",12
14,"[0, 3]",126.59999999999495,"[13, 28]","[1.850000000000001, 0]","[1.850000000000001, 0]",12
15,"[0, 1]",97.74999999999659,"[14, 13]","[0, 0]","[0, 0]",12
16,"[2, 1]",44.5999999999996,"[12, 12]","[0, 0]","[0, 0]",12
17,"[0, 1]",98.84999999999653,"[15, 15]","[0, 0]","[0, 0]",12
18,"[2, 1]",45.999999999999524,"[16, 16]","[0, 0]","[0, 0]",12
19,"[2, 3]",75.29999999999787,"[18, 0]","[0, 0]","[0, 0]",12
20,"[2, 1]",46.349999999999504,"[19, 18]","[0, 0]","[0, 0]",12
21,"[2, 1]",47.59999999999943,"[20, 20]","[0, 0]","[0, 0]",12
22,"[2, 1]",58.84999999999879,"[21, 4]","[6.699999999999984, 0]","[6.699999999999984, 0]",12
23,"[2, 1]",63.949999999998504,"[22, 5]","[9.950000000000006, 0]","[2.3999999999999995, 0]",12
24,"[0, 1]",100.04999999999646,"[17, 17]","[0, 0]","[0, 0]",12
25,"[0, 3]",131.19999999999558,"[24, 30]","[0, 0]","[0, 0]",12
26,"[2, 3]",95.94999999999669,"[23, 7]","[16.200000000000095, 0]","[0, 0]",12
27,"[2, 1]",71.39999999999809,"[26, 10]","[18.75000000000013, 0]","[0, 0]",12
28,"[2, 3]",102.29999999999633,"[27, 26]","[25.400000000000226, 0]","[0.05, 0]",12
29,"[2, 3]",110.99999999999584,"[28, 14]","[25.450000000000227, 0]","[2.3999999999999995, 0]",12
30,"[2, 3]",112.64999999999574,"[29, 29]","[21.300000000000168, 0]","[0, 0]",12
31,"[2, 1]",89.39999999999706,"[30, 24]","[22.95000000000019, 0]","[3.1999999999999966, 0]",12
32,"[0, 3]",133.34999999999607,"[25, 25]","[0, 0]","[0, 0]",12
33,"[2, 3]",126.74999999999494,"[31, 32]","[18.250000000000124, 0]","[0, 0]",12
34,"[2, 1]",103.79999999999625,"[33, 36]","[16.750000000000103, 0]","[0, 0]",12
35,"[0, 1]",104.6499999999962,"[32, 31]","[0, 0]","[0, 0]",12
36,"[0, 1]",105.74999999999613,"[35, 35]","[0, 0]","[0, 0]",12
37,"[0, 3]",136.9999999999969,"[36, 33]","[0, 0]","[0, 0]",12
38,"[0, 1]",108.59999999999597,"[37, 34]","[0, 0]","[0, 0]",12
39,"[0, 3]",141.3499999999979,"[38, 42]","[0, 0]","[0, 0]",12
40,"[0, 1]",112.14999999999577,"[39, 38]","[0, 0]","[0, 0]",12
41,"[0, 3]",144.54999999999862,"[40, 45]","[0, 0]","[0, 0]",12
42,"[2, 3]",136.0499999999967,"[34, 37]","[15.300000000000082, 0]","[0, 0]",12
43,"[0, 1]",115.49999999999558,"[41, 48]","[0.49999999999999994, 0]","[0, 0]",12
44,"[0, 1]",121.29999999999525,"[43, 51]","[3.5499999999999954, 0]","[2.5999999999999988, 0]",12
45,"[2, 3]",144.09999999999852,"[42, 39]","[17.000000000000107, 0]","[3.1999999999999966, 0]",12
46,"[0, 1]",121.59999999999523,"[44, 44]","[1.2000000000000004, 0]","[0, 0]",12
47,"[0, 3]",152.3500000000004,"[46, 41]","[1.3500000000000005, 0]","[0, 0]",12
48,"[2, 1]",114.39999999999564,"[45, 40]","[14.300000000000068, 0]","[0, 0]",12
49,"[0, 1]",124.59999999999506,"[47, 55]","[1.4500000000000006, 0]","[0, 0]",12
50,"[0, 3]",156.90000000000143,"[49, 56]","[1.5000000000000007, 0]","[0, 0]",12
51,"[2, 1]",122.69999999999517,"[48, 43]","[14.200000000000067, 0]","[0, 0]",12
52,"[0, 1]",128.44999999999496,"[50, 57]","[1.6500000000000008, 0]","[0, 0]",12
53,"[0, 1]",129.0499999999951,"[52, 52]","[2.549999999999999, 0]","[0, 0]",12
54,"[0, 3]",162.60000000000272,"[53, 60]","[2.799999999999998, 0]","[0, 0]",12
55,"[2, 1]",133.9499999999962,"[51, 46]","[17.050000000000107, 0]","[2.849999999999998, 0]",12
56,"[2, 3]",165.5500000000034,"[55, 47]","[17.650000000000116, 0]","[0, 0]",12
57,"[2, 1]",136.5999999999968,"[56, 49]","[18.400000000000126, 0]","[0, 0]",12
58,"[0, 1]",134.2999999999963,"[54, 63]","[2.4499999999999993, 0]","[0, 0]",12
59,"[2, 3]",170.35000000000448,"[57, 50]","[18.200000000000124, 0]","[0, 0]",12
60,"[2, 3]",172.80000000000504,"[59, 59]","[17.400000000000112, 0]","[0, 0]",12
61,"[0, 3]",164.6500000000032,"[58, 54]","[1.900000000000001, 0]","[0, 0]",12
62,"[0, 1]",136.24999999999673,"[61, 64]","[1.3000000000000005, 0]","[0, 0]",12
63,"[2, 1]",143.5999999999984,"[60, 53]","[17.20000000000011, 0]","[0, 0]",12
64,"[2, 1]",152.05000000000032,"[63, 58]","[17.700000000000117, 0]","[0, 0]",12
65,"[0, 1]",137.29999999999697,"[62, 62]","[0.6, 0]","[0, 0]",12
66,"[0, 3]",168.250000000004,"[65, 67]","[0, 0]","[0, 0]",12
67,"[2, 3]",184.25000000000765,"[64, 61]","[18.100000000000122, 0]","[0, 0]",12
68,"[2, 1]",160.15000000000217,"[67, 65]","[20.70000000000016, 0]","[0, 0]",12
69,"[2, 1]",160.15000000000217,"[68, 68]","[24.550000000000214, 0]","[0, 0]",12
70,"[2, 3]",192.4500000000095,"[69, 66]","[27.05000000000025, 0]","[0, 0]",12
71,"[0, 1]",139.79999999999754,"[66, 69]","[2.499999999999999, 0]","[2.499999999999999, 0]",12
72,"[2, 1]",168.75000000000412,"[70, 73]","[28.750000000000274, 0]","[0, 0]",12
73,"[0, 1]",139.49999999999747,"[71, 71]","[0.3, 0]","[0, 0]",12
74,"[0, 1]",144.64999999999864,"[73, 72]","[3.949999999999994, 0]","[2.4499999999999993, 0]",12
75,"[2, 1]",174.60000000000545,"[72, 74]","[29.350000000000282, 0]","[0, 0]",12
76,"[0, 1]",150.95000000000007,"[74, 75]","[4.399999999999992, 0]","[2.3, 0]",12
77,"[2, 1]",179.75000000000662,"[75, 76]","[34.80000000000016, 0]","[0, 0]",12
78,"[2, 3]",210.65000000001365,"[77, 70]","[34.700000000000166, 0]","[0, 0]",12
79,"[0, 1]",155.000000000001,"[76, 77]","[5.09999999999999, 0]","[2.499999999999999, 0]",12
0,"[2, 1]",36.40000000000007,"[-999, -999]","[0, 0]","[0, 0]",13
1,"[2, 1]",38.09999999999997,"[0, 0]","[0, 0]","[0, 0]",13
2,"[2, 1]",39.89999999999987,"[1, 1]","[0, 0]","[0, 0]",13
3,"[2, 1]",41.79999999999976,"[2, 2]","[0, 0]","[0, 0]",13
4,"[2, 1]",43.54999999999966,"[3, 3]","[0, 0]","[0, 0]",13
5,"[0, 3]",104.04999999999623,"[-999, 13]","[0, 0]","[2.7499999999999982, 0]",13
6,"[0, 1]",73.84999999999795,"[5, 14]","[0, 0]","[0, 0]",13
7,"[0, 1]",80.74999999999756,"[6, 16]","[2.8999999999999977, 0]","[2.8999999999999977, 0]",13
8,"[2, 3]",70.74999999999812,"[4, -999]","[0, 0]","[0, 0]",13
9,"[0, 3]",111.7499999999958,"[7, 17]","[0, 0]","[0, 0]",13
10,"[2, 3]",73.34999999999798,"[8, 8]","[0, 0]","[0, 0]",13
11,"[0, 3]",113.19999999999571,"[9, 9]","[0, 0]","[0, 0]",13
12,"[2, 3]",74.99999999999788,"[10, 10]","[0, 0]","[0, 0]",13
13,"[2, 3]",76.24999999999781,"[12, 12]","[0, 0]","[0, 0]",13
14,"[2, 1]",45.54999999999955,"[13, -999]","[0, 0]","[0, 0]",13
15,"[2, 3]",78.69999999999767,"[14, 5]","[0, 0]","[0, 0]",13
16,"[2, 1]",49.09999999999935,"[15, 6]","[0, 0]","[0, 0]",13
17,"[2, 3]",79.49999999999763,"[16, 15]","[0, 0]","[0, 0]",13
18,"[0, 3]",114.49999999999564,"[11, 11]","[0, 0]","[0, 0]",13
19,"[2, 1]",51.799999999999194,"[17, 7]","[0, 0]","[0, 0]",13
20,"[2, 1]",53.699999999999086,"[19, 19]","[0, 0]","[0, 0]",13
21,"[2, 3]",90.449999999997,"[20, 18]","[5.999999999999987, 0]","[0, 0]",13
22,"[0, 1]",84.49999999999734,"[18, 20]","[0, 0]","[0, 0]",13
23,"[2, 3]",97.14999999999662,"[21, 24]","[10.600000000000016, 0]","[3.399999999999996, 0]",13
24,"[0, 3]",116.44999999999553,"[22, 21]","[0, 0]","[0, 0]",13
25,"[2, 3]",99.04999999999652,"[23, 23]","[4.899999999999991, 0]","[0, 0]",13
26,"[0, 1]",86.79999999999721,"[24, 22]","[0, 0]","[0, 0]",13
27,"[2, 3]",106.2499999999961,"[25, 29]","[3.2499999999999964, 0]","[0, 0]",13
28,"[0, 1]",87.84999999999715,"[26, 26]","[0, 0]","[0, 0]",13
29,"[0, 3]",120.79999999999528,"[28, 25]","[0, 0]","[0, 0]",13
30,"[2, 1]",75.54999999999785,"[27, 28]","[1.7000000000000008, 0]","[0, 0]",13
31,"[0, 3]",127.29999999999491,"[29, 27]","[2.1500000000000004, 0]","[2.1500000000000004, 0]",13
32,"[0, 1]",98.44999999999655,"[31, 30]","[0, 0]","[0, 0]",13
33,"[2, 1]",84.04999999999737,"[30, 32]","[0, 0]","[0, 0]",13
34,"[2, 3]",116.34999999999553,"[33, 35]","[0, 0]","[0, 0]",13
35,"[0, 3]",128.54999999999498,"[32, 31]","[0, 0]","[0, 0]",13
36,"[2, 1]",92.44999999999689,"[34, 39]","[0.5499999999999999, 0]","[0, 0]",13
37,"[2, 1]",92.49999999999689,"[36, 36]","[2.000000000000001, 0]","[0, 0]",13
38,"[0, 1]",100.04999999999646,"[35, 33]","[0, 0]","[0, 0]",13
39,"[0, 1]",101.1999999999964,"[38, 38]","[0, 0]","[0, 0]",13
40,"[0, 3]",132.39999999999586,"[39, 34]","[0, 0]","[0, 0]",13
41,"[2, 3]",126.84999999999494,"[37, 42]","[3.949999999999994, 0]","[0, 0]",13
42,"[0, 3]",134.54999999999634,"[40, 40]","[0, 0]","[0, 0]",13
43,"[2, 3]",128.94999999999507,"[41, 41]","[6.699999999999984, 0]","[0, 0]",13
44,"[2, 3]",136.24999999999673,"[43, 49]","[7.549999999999981, 0]","[0, 0]",13
45,"[2, 3]",142.6999999999982,"[44, 50]","[8.74999999999999, 0]","[0, 0]",13
46,"[0, 1]",104.99999999999618,"[42, 37]","[0, 0]","[0, 0]",13
47,"[0, 1]",106.19999999999611,"[46, 46]","[0, 0]","[0, 0]",13
48,"[2, 1]",118.7499999999954,"[45, 54]","[11.750000000000032, 0]","[3.1999999999999966, 0]",13
49,"[0, 3]",139.5999999999975,"[47, 43]","[0, 0]","[0, 0]",13
50,"[0, 3]",145.94999999999894,"[49, 44]","[2.849999999999998, 0]","[2.849999999999998, 0]",13
51,"[0, 1]",115.39999999999559,"[50, -999]","[0, 0]","[0, 0]",13
52,"[2, 3]",150.95000000000007,"[48, 55]","[7.84999999999998, 0]","[0, 0]",13
53,"[2, 1]",121.89999999999522,"[52, 56]","[7.199999999999982, 0]","[0, 0]",13
54,"[0, 1]",116.59999999999552,"[51, 51]","[0, 0]","[0, 0]",13
55,"[0, 3]",147.89999999999938,"[54, 45]","[0, 0]","[0, 0]",13
56,"[0, 1]",119.54999999999535,"[55, 48]","[0, 0]","[0, 0]",13
57,"[0, 3]",152.20000000000036,"[56, 52]","[0, 0]","[0, 0]",13
58,"[2, 3]",160.10000000000215,"[53, 59]","[7.399999999999982, 0]","[0, 0]",13
59,"[0, 3]",153.55000000000067,"[57, 57]","[0, 0]","[0, 0]",13
60,"[0, 3]",159.60000000000204,"[59, 58]","[2.3499999999999996, 0]","[2.3499999999999996, 0]",13
61,"[2, 1]",128.99999999999508,"[58, 53]","[7.599999999999981, 0]","[0, 0]",13
62,"[2, 3]",163.45000000000292,"[61, 60]","[7.89999999999998, 0]","[0, 0]",13
63,"[2, 1]",139.04999999999737,"[62, 66]","[9.600000000000001, 0]","[0, 0]",13
64,"[2, 3]",168.85000000000414,"[63, 62]","[11.800000000000033, 0]","[0, 0]",13
65,"[0, 1]",130.74999999999548,"[60, 61]","[0, 0]","[0, 0]",13
66,"[0, 1]",131.09999999999556,"[65, 65]","[0.39999999999999997, 0]","[0, 0]",13
67,"[2, 3]",177.30000000000607,"[64, 69]","[14.050000000000065, 0]","[0, 0]",13
68,"[0, 1]",136.5499999999968,"[66, 63]","[3.399999999999996, 0]","[2.499999999999999, 0]",13
69,"[0, 3]",168.35000000000403,"[68, 64]","[1.1000000000000003, 0]","[0, 0]",13
70,"[0, 1]",139.34999999999744,"[69, 68]","[1.4000000000000006, 0]","[0, 0]",13
71,"[2, 1]",147.89999999999938,"[67, 70]","[14.950000000000077, 0]","[0, 0]",13
72,"[0, 3]",171.40000000000472,"[70, 67]","[1.800000000000001, 0]","[0, 0]",13
73,"[0, 3]",172.650000000005,"[72, 72]","[2.000000000000001, 0]","[0, 0]",13
74,"[2, 1]",150.04999999999987,"[71, 71]","[14.800000000000075, 0]","[0, 0]",13
75,"[0, 1]",144.54999999999862,"[73, 74]","[2.7499999999999982, 0]","[0, 0]",13
76,"[2, 1]",158.25000000000173,"[74, 75]","[19.700000000000145, 0]","[0, 0]",13
77,"[0, 3]",174.90000000000552,"[75, 73]","[2.799999999999998, 0]","[0, 0]",13
78,"[0, 1]",146.54999999999907,"[77, 76]","[2.3499999999999996, 0]","[0, 0]",13
79,"[0, 1]",147.0999999999992,"[78, 78]","[2.1000000000000005, 0]","[0, 0]",13
0,"[2, 3]",67.7499999999983,"[-999, -999]","[0, 0]","[0, 0]",14
1,"[0, 3]",96.84999999999664,"[-999, 6]","[0, 0]","[0, 0]",14
2,"[0, 3]",100.39999999999644,"[1, 1]","[0, 0]","[0, 0]",14
3,"[0, 1]",75.24999999999787,"[2, 13]","[0, 0]","[0, 0]",14
4,"[2, 3]",70.04999999999816,"[0, 0]","[0, 0]","[0, 0]",14
5,"[2, 3]",72.34999999999803,"[4, 4]","[0, 0]","[0, 0]",14
6,"[2, 3]",73.94999999999794,"[5, 5]","[0, 0]","[0, 0]",14
7,"[0, 1]",75.94999999999783,"[3, 3]","[0, 0]","[0, 0]",14
8,"[2, 1]",39.799999999999876,"[6, -999]","[0, 0]","[0, 0]",14
9,"[2, 1]",42.19999999999974,"[8, 8]","[0, 0]","[0, 0]",14
10,"[2, 1]",43.19999999999968,"[9, 9]","[0, 0]","[0, 0]",14
11,"[2, 1]",44.34999999999962,"[10, 10]","[0, 0]","[0, 0]",14
12,"[2, 1]",45.59999999999955,"[11, 11]","[0, 0]","[0, 0]",14
13,"[2, 1]",46.74999999999948,"[12, 12]","[0, 0]","[0, 0]",14
14,"[2, 3]",76.64999999999779,"[13, 2]","[0, 0]","[0, 0]",14
15,"[2, 1]",54.69999999999903,"[14, 7]","[3.049999999999997, 0]","[3.049999999999997, 0]",14
16,"[2, 1]",59.99999999999873,"[15, 17]","[3.2999999999999963, 0]","[3.2999999999999963, 0]",14
17,"[0, 1]",80.69999999999756,"[7, 15]","[2.3999999999999995, 0]","[2.3999999999999995, 0]",14
18,"[2, 1]",61.299999999998654,"[16, 16]","[0, 0]","[0, 0]",14
19,"[2, 1]",63.24999999999854,"[18, 18]","[0, 0]","[0, 0]",14
20,"[2, 1]",71.2499999999981,"[19, 34]","[16.950000000000106, 0]","[0, 0]",14
21,"[2, 1]",70.99999999999811,"[20, 20]","[14.650000000000073, 0]","[0, 0]",14
22,"[2, 3]",103.44999999999627,"[21, 35]","[12.950000000000049, 0]","[0, 0]",14
23,"[0, 3]",108.59999999999597,"[17, 14]","[0, 0]","[0, 0]",14
24,"[2, 1]",75.34999999999786,"[22, 36]","[11.400000000000027, 0]","[0, 0]",14
25,"[0, 3]",111.5999999999958,"[23, 23]","[0, 0]","[0, 0]",14
26,"[2, 1]",77.74999999999773,"[24, 24]","[9.950000000000006, 0]","[0, 0]",14
27,"[2, 3]",110.89999999999584,"[26, 39]","[8.549999999999986, 0]","[0, 0]",14
28,"[2, 1]",86.74999999999721,"[27, 43]","[7.149999999999983, 0]","[0, 0]",14
29,"[2, 3]",119.49999999999535,"[28, 45]","[5.749999999999988, 0]","[0, 0]",14
30,"[0, 3]",113.24999999999571,"[25, 25]","[0, 0]","[0, 0]",14
31,"[2, 1]",90.499999999997,"[29, 46]","[4.3499999999999925, 0]","[0, 0]",14
32,"[2, 1]",104.44999999999621,"[31, 50]","[9.55, 0]","[6.5999999999999845, 0]",14
33,"[2, 3]",136.34999999999675,"[32, 51]","[1.5000000000000007, 0]","[0, 0]",14
34,"[0, 1]",85.64999999999728,"[30, 19]","[0, 0]","[0, 0]",14
35,"[0, 3]",116.04999999999555,"[34, 30]","[0, 0]","[0, 0]",14
36,"[0, 1]",92.49999999999689,"[35, 21]","[2.5999999999999988, 0]","[2.5999999999999988, 0]",14
37,"[0, 3]",124.44999999999507,"[36, 22]","[0, 0]","[0, 0]",14
38,"[2, 3]",138.89999999999733,"[33, 33]","[1.0500000000000003, 0]","[0, 0]",14
39,"[0, 3]",125.89999999999499,"[37, 37]","[0, 0]","[0, 0]",14
40,"[2, 1]",113.4499999999957,"[38, 57]","[1.7500000000000009, 0]","[0, 0]",14
41,"[0, 1]",98.29999999999656,"[39, 26]","[0, 0]","[0, 0]",14
42,"[2, 1]",119.34999999999536,"[40, 58]","[2.1000000000000005, 0]","[0, 0]",14
43,"[0, 1]",98.69999999999654,"[41, 41]","[0, 0]","[0, 0]",14
44,"[2, 3]",149.49999999999974,"[42, 38]","[2.4499999999999993, 0]","[0, 0]",14
45,"[0, 3]",129.64999999999523,"[43, 27]","[0, 0]","[0, 0]",14
46,"[0, 1]",101.29999999999639,"[45, 28]","[0, 0]","[0, 0]",14
47,"[2, 1]",121.84999999999522,"[44, 59]","[2.9499999999999975, 0]","[0, 0]",14
48,"[0, 3]",133.9499999999962,"[46, 29]","[0, 0]","[0, 0]",14
49,"[0, 1]",105.44999999999615,"[48, 31]","[0, 0]","[0, 0]",14
50,"[0, 1]",106.14999999999611,"[49, 49]","[0, 0]","[0, 0]",14
51,"[0, 3]",137.19999999999695,"[50, 48]","[0, 0]","[0, 0]",14
52,"[2, 3]",155.70000000000115,"[47, 60]","[4.249999999999993, 0]","[0, 0]",14
53,"[2, 3]",163.60000000000295,"[52, 62]","[4.99999999999999, 0]","[0, 0]",14
54,"[2, 1]",139.79999999999754,"[53, 65]","[6.149999999999986, 0]","[0, 0]",14
55,"[0, 1]",108.99999999999595,"[51, 32]","[0, 0]","[0, 0]",14
56,"[0, 1]",110.04999999999589,"[55, 55]","[0, 0]","[0, 0]",14
57,"[0, 1]",111.04999999999583,"[56, 56]","[0, 0]","[0, 0]",14
58,"[0, 1]",116.54999999999552,"[57, 40]","[2.499999999999999, 0]","[2.499999999999999, 0]",14
59,"[0, 1]",122.99999999999515,"[58, 42]","[2.499999999999999, 0]","[2.499999999999999, 0]",14
60,"[0, 3]",154.1500000000008,"[59, 44]","[0, 0]","[0, 0]",14
61,"[0, 1]",126.44999999999496,"[60, 47]","[0, 0]","[0, 0]",14
62,"[0, 3]",158.6000000000018,"[61, 52]","[0, 0]","[0, 0]",14
63,"[2, 3]",172.2000000000049,"[54, 69]","[8.549999999999986, 0]","[0, 0]",14
64,"[0, 1]",129.14999999999512,"[62, 61]","[0, 0]","[0, 0]",14
65,"[0, 1]",130.24999999999537,"[64, 64]","[0, 0]","[0, 0]",14
66,"[2, 1]",148.19999999999945,"[63, 72]","[10.600000000000016, 0]","[0, 0]",14
67,"[2, 1]",153.80000000000072,"[66, 73]","[11.800000000000033, 0]","[0, 0]",14
68,"[2, 1]",161.2000000000024,"[67, 75]","[16.5000000000001, 0]","[2.849999999999998, 0]",14
69,"[0, 3]",161.50000000000247,"[65, 53]","[0, 0]","[0, 0]",14
70,"[0, 1]",133.09999999999602,"[69, 54]","[0, 0]","[0, 0]",14
71,"[2, 3]",192.9000000000096,"[68, 77]","[17.25000000000011, 0]","[0, 0]",14
72,"[0, 1]",134.14999999999625,"[70, 70]","[0, 0]","[0, 0]",14
73,"[0, 1]",139.69999999999752,"[72, 66]","[2.3499999999999996, 0]","[2.3499999999999996, 0]",14
74,"[0, 3]",169.85000000000437,"[73, 63]","[0, 0]","[0, 0]",14
75,"[0, 1]",141.4499999999979,"[74, 67]","[0, 0]","[0, 0]",14
76,"[2, 1]",164.45000000000314,"[71, 68]","[22.15000000000018, 0]","[0, 0]",14
77,"[0, 3]",172.600000000005,"[75, 74]","[0.25, 0]","[0, 0]",14
78,"[2, 3]",197.85000000001074,"[76, 71]","[23.700000000000202, 0]","[0, 0]",14
79,"[2, 1]",169.75000000000435,"[78, 76]","[24.000000000000206, 0]","[0, 0]",14
0,"[2, 3]",67.7499999999983,"[-999, -999]","[0, 0]","[0, 0]",15
1,"[2, 1]",37.15000000000003,"[0, -999]","[0, 0]","[0, 0]",15
2,"[0, 3]",98.14999999999657,"[-999, 12]","[0, 0]","[0, 0]",15
3,"[2, 3]",69.4499999999982,"[1, 0]","[0, 0]","[0, 0]",15
4,"[0, 1]",82.09999999999748,"[2, 21]","[6.149999999999986, 0]","[6.149999999999986, 0]",15
5,"[0, 1]",81.59999999999751,"[4, 4]","[0, 0]","[0, 0]",15
6,"[2, 3]",71.79999999999806,"[3, 3]","[0, 0]","[0, 0]",15
7,"[0, 1]",82.29999999999747,"[5, 5]","[0, 0]","[0, 0]",15
8,"[0, 3]",113.2999999999957,"[7, 23]","[0, 0]","[0, 0]",15
9,"[2, 1]",41.749999999999766,"[6, 1]","[0, 0]","[0, 0]",15
10,"[0, 1]",85.1499999999973,"[8, 25]","[0, 0]","[0, 0]",15
11,"[2, 3]",71.34999999999809,"[9, 6]","[0, 0]","[0, 0]",15
12,"[2, 3]",73.24999999999798,"[11, 11]","[0, 0]","[0, 0]",15
13,"[0, 1]",90.69999999999699,"[10, 27]","[2.3999999999999995, 0]","[2.3999999999999995, 0]",15
14,"[2, 1]",42.8999999999997,"[12, 9]","[0, 0]","[0, 0]",15
15,"[0, 3]",122.54999999999518,"[13, 29]","[0, 0]","[0, 0]",15
16,"[2, 1]",44.199999999999626,"[14, 14]","[0, 0]","[0, 0]",15
17,"[0, 1]",93.59999999999683,"[15, 13]","[0, 0]","[0, 0]",15
18,"[0, 3]",125.34999999999502,"[17, 30]","[0, 0]","[0, 0]",15
19,"[0, 3]",131.39999999999563,"[18, 31]","[2.849999999999998, 0]","[2.849999999999998, 0]",15
20,"[2, 1]",45.59999999999955,"[16, 16]","[0, 0]","[0, 0]",15
21,"[2, 1]",46.74999999999948,"[20, 20]","[0, 0]","[0, 0]",15
22,"[2, 3]",76.19999999999781,"[21, 2]","[0, 0]","[0, 0]",15
23,"[2, 3]",78.99999999999766,"[22, 22]","[0, 0]","[0, 0]",15
24,"[0, 1]",100.59999999999643,"[19, -999]","[0, 0]","[0, 0]",15
25,"[2, 1]",55.299999999998995,"[23, 7]","[3.399999999999996, 0]","[3.399999999999996, 0]",15
26,"[0, 3]",133.19999999999604,"[24, 32]","[0, 0]","[0, 0]",15
27,"[2, 1]",62.2499999999986,"[25, 10]","[0, 0]","[0, 0]",15
28,"[0, 1]",103.99999999999623,"[26, 33]","[0, 0]","[0, 0]",15
29,"[2, 3]",91.84999999999692,"[27, 8]","[0, 0]","[0, 0]",15
30,"[2, 3]",100.39999999999644,"[29, 15]","[15.000000000000078, 0]","[0, 0]",15
31,"[2, 3]",107.04999999999606,"[30, 18]","[12.800000000000047, 0]","[0, 0]",15
32,"[2, 3]",113.2999999999957,"[31, 19]","[11.150000000000023, 0]","[0, 0]",15
33,"[2, 1]",82.74999999999744,"[32, 24]","[9.600000000000001, 0]","[0, 0]",15
34,"[0, 3]",136.34999999999675,"[28, 36]","[0, 0]","[0, 0]",15
35,"[0, 3]",137.64999999999705,"[34, 34]","[0, 0]","[0, 0]",15
36,"[2, 3]",116.54999999999552,"[33, 26]","[8.199999999999982, 0]","[0, 0]",15
37,"[2, 3]",134.3499999999963,"[36, 39]","[16.6000000000001, 0]","[9.700000000000003, 0]",15
38,"[2, 1]",102.99999999999629,"[37, -999]","[5.4999999999999885, 0]","[0, 0]",15
39,"[0, 3]",138.84999999999732,"[35, 35]","[0, 0]","[0, 0]",15
40,"[2, 1]",117.29999999999548,"[38, 46]","[10.600000000000016, 0]","[6.449999999999985, 0]",15
41,"[0, 3]",145.09999999999874,"[39, 37]","[2.3999999999999995, 0]","[2.3999999999999995, 0]",15
42,"[2, 3]",146.39999999999904,"[40, 41]","[2.799999999999998, 0]","[0, 0]",15
43,"[2, 3]",149.54999999999976,"[42, 42]","[3.2999999999999963, 0]","[0, 0]",15
44,"[0, 1]",116.19999999999554,"[41, 38]","[0, 0]","[0, 0]",15
45,"[2, 3]",157.10000000000147,"[43, 51]","[4.099999999999993, 0]","[0, 0]",15
46,"[0, 1]",116.19999999999554,"[44, 44]","[0, 0]","[0, 0]",15
47,"[0, 1]",121.94999999999521,"[46, 40]","[2.4499999999999993, 0]","[2.4499999999999993, 0]",15
48,"[2, 3]",163.30000000000288,"[45, 52]","[4.94999999999999, 0]","[0, 0]",15
49,"[0, 1]",122.2999999999952,"[47, 47]","[0, 0]","[0, 0]",15
50,"[2, 3]",164.60000000000318,"[48, 48]","[7.249999999999982, 0]","[0, 0]",15
51,"[0, 3]",155.60000000000113,"[49, 43]","[0, 0]","[0, 0]",15
52,"[0, 3]",161.80000000000254,"[51, 45]","[2.499999999999999, 0]","[2.499999999999999, 0]",15
53,"[0, 1]",131.34999999999562,"[52, -999]","[0, 0]","[0, 0]",15
54,"[0, 1]",132.49999999999588,"[53, 53]","[0, 0]","[0, 0]",15
55,"[2, 1]",140.5499999999977,"[50, 56]","[14.150000000000066, 0]","[0, 0]",15
56,"[0, 1]",133.59999999999613,"[54, 54]","[0, 0]","[0, 0]",15
57,"[0, 1]",139.1499999999974,"[56, 55]","[2.4499999999999993, 0]","[2.4499999999999993, 0]",15
58,"[0, 1]",139.6499999999975,"[57, 57]","[0, 0]","[0, 0]",15
59,"[2, 3]",170.65000000000455,"[55, 50]","[19.000000000000135, 0]","[0, 0]",15
60,"[0, 1]",144.99999999999872,"[58, 61]","[2.499999999999999, 0]","[2.499999999999999, 0]",15
61,"[2, 1]",147.0499999999992,"[59, 58]","[22.75000000000019, 0]","[0, 0]",15
62,"[0, 1]",145.54999999999885,"[60, 60]","[0.39999999999999997, 0]","[0, 0]",15
63,"[2, 1]",158.40000000000177,"[61, 62]","[27.600000000000257, 0]","[3.049999999999997, 0]",15
64,"[0, 1]",151.4500000000002,"[62, 63]","[3.599999999999995, 0]","[2.549999999999999, 0]",15
65,"[0, 1]",156.3000000000013,"[64, 71]","[3.7999999999999945, 0]","[2.499999999999999, 0]",15
66,"[0, 1]",156.70000000000138,"[65, 65]","[1.6000000000000008, 0]","[0, 0]",15
67,"[0, 1]",157.50000000000156,"[66, 66]","[1.900000000000001, 0]","[0, 0]",15
68,"[0, 1]",158.30000000000175,"[67, 67]","[1.950000000000001, 0]","[0, 0]",15
69,"[0, 3]",189.15000000000876,"[68, 77]","[1.5000000000000007, 0]","[0, 0]",15
70,"[0, 3]",190.95000000000917,"[69, 69]","[0.9000000000000002, 0]","[0, 0]",15
71,"[2, 1]",163.25000000000287,"[63, 64]","[24.800000000000217, 0]","[0, 0]",15
72,"[2, 3]",193.00000000000963,"[71, 59]","[35.15000000000014, 0]","[0, 0]",15
73,"[0, 1]",156.15000000000126,"[70, 68]","[1.2500000000000004, 0]","[0, 0]",15
74,"[0, 3]",187.30000000000834,"[73, 70]","[1.6500000000000008, 0]","[0, 0]",15
75,"[0, 3]",189.40000000000882,"[74, 74]","[2.0500000000000007, 0]","[0, 0]",15
76,"[0, 3]",190.75000000000912,"[75, 75]","[2.3499999999999996, 0]","[0, 0]",15
77,"[2, 3]",196.30000000001039,"[72, 72]","[36.80000000000005, 0]","[0, 0]",15
78,"[0, 3]",191.70000000000934,"[76, 76]","[2.5999999999999988, 0]","[0, 0]",15
79,"[0, 1]",158.65000000000182,"[78, -999]","[2.8999999999999977, 0]","[0, 0]",15
0,"[0, 3]",96.74999999999665,"[-999, 4]","[0, 0]","[0, 0]",16
1,"[2, 1]",36.40000000000007,"[-999, -999]","[0, 0]","[0, 0]",16
2,"[2, 3]",68.49999999999825,"[1, -999]","[0, 0]","[0, 0]",16
3,"[2, 1]",38.64999999999994,"[2, 1]","[0, 0]","[0, 0]",16
4,"[2, 3]",69.64999999999819,"[3, 2]","[0, 0]","[0, 0]",16
5,"[0, 1]",78.74999999999767,"[0, 14]","[4.849999999999991, 0]","[4.849999999999991, 0]",16
6,"[2, 1]",39.89999999999987,"[4, 3]","[0, 0]","[0, 0]",16
7,"[0, 3]",109.34999999999593,"[5, 15]","[0, 0]","[0, 0]",16
8,"[2, 1]",41.89999999999976,"[6, 6]","[0, 0]","[0, 0]",16
9,"[0, 1]",80.39999999999758,"[7, 16]","[0, 0]","[0, 0]",16
10,"[2, 1]",43.59999999999966,"[8, 8]","[0, 0]","[0, 0]",16
11,"[2, 3]",77.79999999999772,"[10, 0]","[2.5999999999999988, 0]","[2.5999999999999988, 0]",16
12,"[0, 3]",111.39999999999581,"[9, 7]","[0, 0]","[0, 0]",16
13,"[2, 1]",43.99999999999964,"[11, 10]","[0, 0]","[0, 0]",16
14,"[2, 1]",45.799999999999535,"[13, 13]","[0, 0]","[0, 0]",16
15,"[2, 3]",75.54999999999785,"[14, 11]","[0, 0]","[0, 0]",16
16,"[2, 1]",48.29999999999939,"[15, 5]","[0, 0]","[0, 0]",16
17,"[2, 1]",55.299999999998995,"[16, 9]","[3.399999999999996, 0]","[3.399999999999996, 0]",16
18,"[0, 3]",113.59999999999569,"[12, 12]","[0, 0]","[0, 0]",16
19,"[0, 1]",84.94999999999732,"[18, 17]","[0, 0]","[0, 0]",16
20,"[2, 3]",92.54999999999688,"[17, 18]","[0, 0]","[0, 0]",16
21,"[0, 1]",85.99999999999726,"[19, 19]","[0, 0]","[0, 0]",16
22,"[0, 3]",117.24999999999548,"[21, 20]","[0, 0]","[0, 0]",16
23,"[2, 1]",69.69999999999818,"[20, 21]","[3.1999999999999966, 0]","[3.1999999999999966, 0]",16
24,"[2, 1]",70.54999999999814,"[23, 23]","[12.650000000000045, 0]","[0, 0]",16
25,"[2, 1]",78.74999999999767,"[24, 27]","[23.950000000000205, 0]","[0, 0]",16
26,"[0, 3]",119.44999999999536,"[22, 22]","[0, 0]","[0, 0]",16
27,"[0, 1]",90.84999999999698,"[26, 24]","[0, 0]","[0, 0]",16
28,"[0, 1]",96.14999999999668,"[27, 25]","[2.3499999999999996, 0]","[2.3499999999999996, 0]",16
29,"[0, 3]",126.19999999999497,"[28, 26]","[0, 0]","[0, 0]",16
30,"[0, 1]",98.19999999999656,"[29, 34]","[0, 0]","[0, 0]",16
31,"[0, 1]",99.2499999999965,"[30, 30]","[0, 0]","[0, 0]",16
32,"[0, 1]",100.34999999999644,"[31, 31]","[0, 0]","[0, 0]",16
33,"[0, 3]",134.7499999999964,"[32, 41]","[0, 0]","[0, 0]",16
34,"[2, 1]",84.04999999999737,"[25, 28]","[21.600000000000172, 0]","[0, 0]",16
35,"[2, 3]",116.09999999999555,"[34, 29]","[19.900000000000148, 0]","[0, 0]",16
36,"[0, 1]",105.99999999999612,"[33, 42]","[0, 0]","[0, 0]",16
37,"[0, 1]",106.74999999999608,"[36, 36]","[0, 0]","[0, 0]",16
38,"[0, 1]",107.74999999999602,"[37, 37]","[0, 0]","[0, 0]",16
39,"[2, 3]",118.6999999999954,"[35, 35]","[18.300000000000125, 0]","[0, 0]",16
40,"[0, 3]",138.7499999999973,"[38, 33]","[0, 0]","[0, 0]",16
41,"[2, 3]",121.09999999999526,"[39, 39]","[16.850000000000104, 0]","[0, 0]",16
42,"[2, 1]",91.94999999999692,"[41, 32]","[15.300000000000082, 0]","[0, 0]",16
43,"[2, 1]",110.89999999999584,"[42, 38]","[23.700000000000202, 0]","[9.850000000000005, 0]",16
44,"[2, 1]",110.84999999999584,"[43, 43]","[12.400000000000041, 0]","[0, 0]",16
45,"[0, 1]",116.7999999999955,"[40, 44]","[2.9999999999999973, 0]","[2.9999999999999973, 0]",16
46,"[0, 1]",116.24999999999554,"[45, 45]","[0, 0]","[0, 0]",16
47,"[2, 1]",123.74999999999511,"[44, 46]","[14.950000000000077, 0]","[2.8999999999999977, 0]",16
48,"[2, 1]",128.69999999999501,"[47, 49]","[11.900000000000034, 0]","[0, 0]",16
49,"[0, 1]",121.74999999999523,"[46, 47]","[2.549999999999999, 0]","[2.549999999999999, 0]",16
50,"[2, 3]",166.30000000000356,"[48, 53]","[11.250000000000025, 0]","[0, 0]",16
51,"[0, 3]",151.60000000000022,"[49, 40]","[0, 0]","[0, 0]",16
52,"[2, 1]",136.84999999999687,"[50, 54]","[10.400000000000013, 0]","[0, 0]",16
53,"[0, 3]",153.95000000000076,"[51, 51]","[0, 0]","[0, 0]",16
54,"[0, 1]",125.29999999999502,"[53, 48]","[0, 0]","[0, 0]",16
55,"[2, 1]",155.9000000000012,"[52, 60]","[19.200000000000138, 0]","[9.700000000000003, 0]",16
56,"[0, 3]",157.2500000000015,"[54, 50]","[0, 0]","[0, 0]",16
57,"[0, 1]",128.599999999995,"[56, 52]","[0, 0]","[0, 0]",16
58,"[0, 1]",129.39999999999517,"[57, 57]","[0, 0]","[0, 0]",16
59,"[2, 3]",193.35000000000971,"[55, 64]","[13.300000000000054, 0]","[3.2999999999999963, 0]",16
60,"[0, 1]",130.3999999999954,"[58, 58]","[0, 0]","[0, 0]",16
61,"[2, 1]",163.850000000003,"[59, 65]","[11.60000000000003, 0]","[0, 0]",16
62,"[0, 3]",161.40000000000245,"[60, 56]","[0, 0]","[0, 0]",16
63,"[2, 3]",197.60000000001068,"[61, 70]","[14.850000000000076, 0]","[0, 0]",16
64,"[0, 3]",163.70000000000297,"[62, 62]","[0, 0]","[0, 0]",16
65,"[0, 1]",135.14999999999648,"[64, 55]","[0, 0]","[0, 0]",16
66,"[2, 1]",173.40000000000518,"[63, 72]","[17.20000000000011, 0]","[0, 0]",16
67,"[2, 3]",203.65000000001206,"[66, 63]","[22.700000000000188, 0]","[0, 0]",16
68,"[2, 3]",206.60000000001273,"[67, 67]","[31.700000000000315, 0]","[0, 0]",16
69,"[2, 3]",209.00000000001327,"[68, 68]","[37.40000000000001, 0]","[0, 0]",16
70,"[0, 3]",167.10000000000375,"[65, 59]","[1.1500000000000004, 0]","[0, 0]",16
71,"[0, 1]",138.3499999999972,"[70, 61]","[1.7500000000000009, 0]","[0, 0]",16
72,"[0, 1]",139.1499999999974,"[71, 71]","[2.25, 0]","[0, 0]",16
73,"[2, 1]",179.75000000000662,"[69, 74]","[40.699999999999825, 0]","[0, 0]",16
74,"[0, 1]",144.4999999999986,"[72, 66]","[5.09999999999999, 0]","[2.4499999999999993, 0]",16
75,"[2, 3]",213.25000000001424,"[73, 69]","[45.19999999999957, 0]","[0, 0]",16
76,"[2, 1]",185.15000000000785,"[75, 73]","[47.79999999999942, 0]","[0, 0]",16
77,"[2, 3]",218.45000000001542,"[76, 75]","[48.84999999999936, 0]","[0, 0]",16
78,"[2, 1]",190.40000000000904,"[77, 76]","[48.799999999999365, 0]","[0, 0]",16
79,"[2, 3]",223.75000000001663,"[78, 77]","[60.049999999998725, 0]","[0, 0]",16
0,"[0, 3]",97.4499999999966,"[-999, 14]","[0, 0]","[0, 0]",17
1,"[2, 1]",36.40000000000007,"[-999, -999]","[0, 0]","[0, 0]",17
2,"[0, 1]",71.04999999999811,"[0, 15]","[0, 0]","[0, 0]",17
3,"[0, 1]",71.64999999999807,"[2, 2]","[0, 0]","[0, 0]",17
4,"[0, 3]",103.29999999999627,"[3, 16]","[0, 0]","[0, 0]",17
5,"[2, 3]",68.04999999999828,"[1, -999]","[0, 0]","[0, 0]",17
6,"[0, 3]",105.49999999999615,"[4, 4]","[0, 0]","[0, 0]",17
7,"[0, 3]",112.69999999999574,"[6, 19]","[1.850000000000001, 0]","[1.850000000000001, 0]",17
8,"[2, 3]",71.0999999999981,"[5, 5]","[0, 0]","[0, 0]",17
9,"[2, 1]",40.94999999999981,"[8, 1]","[0, 0]","[0, 0]",17
10,"[2, 1]",42.8999999999997,"[9, 9]","[0, 0]","[0, 0]",17
11,"[0, 1]",83.99999999999737,"[7, 20]","[0, 0]","[0, 0]",17
12,"[0, 1]",84.19999999999736,"[11, 11]","[0, 0]","[0, 0]",17
13,"[0, 1]",91.19999999999696,"[12, 22]","[2.000000000000001, 0]","[2.000000000000001, 0]",17
14,"[2, 3]",70.69999999999813,"[10, 8]","[0, 0]","[0, 0]",17
15,"[2, 1]",42.099999999999746,"[14, 10]","[0, 0]","[0, 0]",17
16,"[2, 3]",77.59999999999773,"[15, 0]","[3.399999999999996, 0]","[3.399999999999996, 0]",17
17,"[2, 1]",55.09999999999901,"[16, 3]","[3.349999999999996, 0]","[3.349999999999996, 0]",17
18,"[0, 3]",119.54999999999535,"[13, 7]","[0, 0]","[0, 0]",17
19,"[2, 3]",92.94999999999686,"[17, 6]","[3.1999999999999966, 0]","[3.1999999999999966, 0]",17
20,"[2, 1]",63.049999999998555,"[19, 17]","[0, 0]","[0, 0]",17
21,"[0, 3]",121.94999999999521,"[18, 18]","[0, 0]","[0, 0]",17
22,"[2, 1]",76.74999999999778,"[20, 12]","[17.750000000000117, 0]","[3.2499999999999964, 0]",17
23,"[2, 1]",81.29999999999752,"[22, 13]","[18.850000000000133, 0]","[0, 0]",17
24,"[2, 1]",81.6999999999975,"[23, 23]","[16.6000000000001, 0]","[0, 0]",17
25,"[0, 1]",92.94999999999686,"[21, 24]","[0, 0]","[0, 0]",17
26,"[0, 3]",124.09999999999509,"[25, 21]","[0, 0]","[0, 0]",17
27,"[0, 1]",95.8999999999967,"[26, 31]","[0, 0]","[0, 0]",17
28,"[0, 1]",96.99999999999663,"[27, 27]","[0, 0]","[0, 0]",17
29,"[0, 3]",128.09999999999488,"[28, 26]","[0, 0]","[0, 0]",17
30,"[0, 1]",100.04999999999646,"[29, 39]","[0, 0]","[0, 0]",17
31,"[2, 1]",90.549999999997,"[24, 25]","[18.200000000000124, 0]","[3.2499999999999964, 0]",17
32,"[0, 3]",132.5499999999959,"[30, 42]","[0, 0]","[0, 0]",17
33,"[0, 1]",104.29999999999622,"[32, 45]","[0, 0]","[0, 0]",17
34,"[0, 3]",136.5499999999968,"[33, 47]","[0, 0]","[0, 0]",17
35,"[0, 1]",108.34999999999599,"[34, 50]","[0, 0]","[0, 0]",17
36,"[0, 1]",108.79999999999596,"[35, 35]","[0, 0]","[0, 0]",17
37,"[0, 3]",139.6499999999975,"[36, 51]","[0, 0]","[0, 0]",17
38,"[0, 3]",141.799999999998,"[37, 37]","[0, 0]","[0, 0]",17
39,"[2, 1]",103.19999999999628,"[31, 28]","[20.15000000000015, 0]","[6.699999999999984, 0]",17
40,"[0, 3]",143.29999999999833,"[38, 38]","[0, 0]","[0, 0]",17
41,"[0, 1]",113.4999999999957,"[40, 54]","[0, 0]","[0, 0]",17
42,"[2, 3]",134.99999999999645,"[39, 29]","[12.100000000000037, 0]","[0, 0]",17
43,"[0, 1]",114.54999999999563,"[41, 41]","[0, 0]","[0, 0]",17
44,"[0, 1]",120.5499999999953,"[43, 55]","[2.549999999999999, 0]","[2.549999999999999, 0]",17
45,"[2, 1]",106.09999999999611,"[42, 30]","[11.100000000000023, 0]","[0, 0]",17
46,"[0, 3]",150.34999999999994,"[44, 40]","[0, 0]","[0, 0]",17
47,"[2, 3]",139.89999999999756,"[45, 32]","[11.450000000000028, 0]","[0, 0]",17
48,"[0, 3]",152.70000000000047,"[46, 46]","[0, 0]","[0, 0]",17
49,"[0, 3]",154.30000000000084,"[48, 48]","[0, 0]","[0, 0]",17
50,"[2, 1]",110.99999999999584,"[47, 33]","[10.700000000000017, 0]","[0, 0]",17
51,"[2, 3]",144.74999999999866,"[50, 34]","[9.600000000000001, 0]","[0, 0]",17
52,"[2, 1]",120.3999999999953,"[51, 36]","[8.249999999999982, 0]","[0, 0]",17
53,"[2, 1]",120.4999999999953,"[52, 52]","[6.949999999999983, 0]","[0, 0]",17
54,"[2, 1]",122.2999999999952,"[53, 53]","[7.349999999999982, 0]","[0, 0]",17
55,"[2, 1]",136.39999999999677,"[54, 43]","[11.65000000000003, 0]","[2.799999999999998, 0]",17
56,"[2, 1]",141.3999999999979,"[55, 44]","[9.399999999999999, 0]","[0, 0]",17
57,"[0, 3]",155.65000000000114,"[49, 49]","[0, 0]","[0, 0]",17
58,"[2, 1]",141.94999999999803,"[56, 56]","[10.450000000000014, 0]","[0, 0]",17
59,"[2, 1]",143.9999999999985,"[58, 58]","[16.200000000000095, 0]","[0, 0]",17
60,"[2, 1]",146.249999999999,"[59, 59]","[19.800000000000146, 0]","[0, 0]",17
61,"[0, 1]",127.74999999999488,"[57, 60]","[0, 0]","[0, 0]",17
62,"[0, 3]",158.1000000000017,"[61, 57]","[0, 0]","[0, 0]",17
63,"[0, 3]",160.3000000000022,"[62, 62]","[0, 0]","[0, 0]",17
64,"[0, 1]",131.19999999999558,"[63, 66]","[0, 0]","[0, 0]",17
65,"[2, 1]",154.50000000000088,"[60, 61]","[21.000000000000163, 0]","[0, 0]",17
66,"[2, 1]",154.90000000000097,"[65, 65]","[20.70000000000016, 0]","[0, 0]",17
67,"[2, 1]",168.95000000000417,"[66, 69]","[26.750000000000245, 0]","[6.5999999999999845, 0]",17
68,"[2, 1]",169.65000000000433,"[67, 67]","[20.00000000000015, 0]","[0, 0]",17
69,"[0, 1]",132.34999999999584,"[64, 64]","[0, 0]","[0, 0]",17
70,"[0, 3]",163.30000000000288,"[69, 63]","[0, 0]","[0, 0]",17
71,"[0, 3]",165.5500000000034,"[70, 70]","[0, 0]","[0, 0]",17
72,"[0, 1]",136.64999999999682,"[71, 68]","[0, 0]","[0, 0]",17
73,"[2, 1]",183.30000000000743,"[68, 75]","[29.10000000000028, 0]","[6.699999999999984, 0]",17
74,"[2, 1]",189.00000000000873,"[73, 78]","[26.100000000000236, 0]","[0, 0]",17
75,"[0, 1]",136.89999999999688,"[72, 72]","[0, 0]","[0, 0]",17
76,"[2, 3]",221.60000000001614,"[74, 79]","[28.950000000000276, 0]","[0, 0]",17
77,"[0, 3]",167.3000000000038,"[75, 71]","[0, 0]","[0, 0]",17
78,"[0, 1]",138.04999999999714,"[77, 73]","[0, 0]","[0, 0]",17
79,"[0, 3]",168.85000000000414,"[78, 77]","[0, 0]","[0, 0]",17
0,"[0, 3]",97.34999999999661,"[-999, 11]","[0, 0]","[0, 0]",18
1,"[2, 1]",36.40000000000007,"[-999, -999]","[0, 0]","[0, 0]",18
2,"[0, 1]",71.0999999999981,"[0, 14]","[0, 0]","[0, 0]",18
3,"[0, 3]",102.8499999999963,"[2, 15]","[0, 0]","[0, 0]",18
4,"[2, 3]",68.49999999999825,"[1, -999]","[0, 0]","[0, 0]",18
5,"[2, 3]",71.2499999999981,"[4, 4]","[0, 0]","[0, 0]",18
6,"[2, 1]",41.0999999999998,"[5, 1]","[0, 0]","[0, 0]",18
7,"[0, 1]",77.59999999999773,"[3, 20]","[2.499999999999999, 0]","[2.499999999999999, 0]",18
8,"[0, 1]",78.0999999999977,"[7, 7]","[0, 0]","[0, 0]",18
9,"[0, 1]",83.94999999999737,"[8, 22]","[2.4499999999999993, 0]","[2.4499999999999993, 0]",18
10,"[2, 1]",43.04999999999969,"[6, 6]","[0, 0]","[0, 0]",18
11,"[2, 3]",70.74999999999812,"[10, 5]","[0, 0]","[0, 0]",18
12,"[0, 1]",84.29999999999735,"[9, 9]","[0, 0]","[0, 0]",18
13,"[2, 1]",42.19999999999974,"[11, 10]","[0, 0]","[0, 0]",18
14,"[2, 1]",43.89999999999964,"[13, 13]","[0, 0]","[0, 0]",18
15,"[2, 3]",74.99999999999788,"[14, 0]","[0, 0]","[0, 0]",18
16,"[0, 1]",89.69999999999705,"[12, 34]","[2.4499999999999993, 0]","[2.4499999999999993, 0]",18
17,"[0, 3]",121.54999999999524,"[16, 35]","[0, 0]","[0, 0]",18
18,"[2, 1]",46.849999999999476,"[15, 2]","[0, 0]","[0, 0]",18
19,"[0, 1]",93.74999999999682,"[17, 37]","[0, 0]","[0, 0]",18
20,"[2, 1]",47.69999999999943,"[18, 18]","[0, 0]","[0, 0]",18
21,"[0, 1]",94.0999999999968,"[19, 19]","[0, 0]","[0, 0]",18
22,"[2, 1]",59.44999999999876,"[20, 8]","[6.349999999999985, 0]","[6.349999999999985, 0]",18
23,"[0, 1]",99.49999999999649,"[21, 39]","[2.3999999999999995, 0]","[2.3999999999999995, 0]",18
24,"[0, 3]",129.64999999999523,"[23, 38]","[0, 0]","[0, 0]",18
25,"[0, 3]",131.99999999999577,"[24, 24]","[0, 0]","[0, 0]",18
26,"[2, 3]",88.59999999999711,"[22, 3]","[0, 0]","[0, 0]",18
27,"[0, 3]",133.59999999999613,"[25, 25]","[0, 0]","[0, 0]",18
28,"[0, 3]",134.89999999999642,"[27, 27]","[0, 0]","[0, 0]",18
29,"[0, 1]",106.84999999999607,"[28, 46]","[0, 0]","[0, 0]",18
30,"[0, 3]",137.34999999999698,"[29, 28]","[0, 0]","[0, 0]",18
31,"[0, 1]",109.04999999999595,"[30, 47]","[0, 0]","[0, 0]",18
32,"[0, 3]",141.69999999999797,"[31, 48]","[0, 0]","[0, 0]",18
33,"[0, 1]",113.24999999999571,"[32, 50]","[0, 0]","[0, 0]",18
34,"[2, 1]",65.59999999999842,"[26, 12]","[0, 0]","[0, 0]",18
35,"[2, 3]",95.34999999999673,"[34, 26]","[17.700000000000117, 0]","[0.25, 0]",18
36,"[0, 1]",113.84999999999567,"[33, 33]","[0, 0]","[0, 0]",18
37,"[2, 1]",67.49999999999831,"[35, 16]","[18.70000000000013, 0]","[0, 0]",18
38,"[2, 3]",101.29999999999639,"[37, 17]","[16.350000000000097, 0]","[0, 0]",18
39,"[2, 1]",76.5499999999978,"[38, 21]","[14.650000000000073, 0]","[0, 0]",18
40,"[0, 1]",114.84999999999562,"[36, 36]","[0, 0]","[0, 0]",18
41,"[2, 1]",82.54999999999745,"[39, 23]","[13.150000000000052, 0]","[0, 0]",18
42,"[0, 3]",145.89999999999893,"[40, 32]","[0, 0]","[0, 0]",18
43,"[0, 3]",148.19999999999945,"[42, 42]","[0, 0]","[0, 0]",18
44,"[2, 1]",82.99999999999743,"[41, 41]","[11.65000000000003, 0]","[0, 0]",18
45,"[2, 1]",85.1499999999973,"[44, 44]","[10.300000000000011, 0]","[0, 0]",18
46,"[2, 1]",87.39999999999718,"[45, 45]","[8.899999999999991, 0]","[0, 0]",18
47,"[2, 1]",95.59999999999671,"[46, 29]","[7.499999999999981, 0]","[0, 0]",18
48,"[2, 3]",127.79999999999488,"[47, 30]","[6.0499999999999865, 0]","[0, 0]",18
49,"[0, 1]",119.64999999999534,"[43, 51]","[0, 0]","[0, 0]",18
50,"[2, 1]",98.79999999999653,"[48, 31]","[4.6499999999999915, 0]","[0, 0]",18
51,"[2, 1]",117.89999999999544,"[50, 40]","[12.900000000000048, 0]","[9.700000000000003, 0]",18
52,"[0, 3]",151.80000000000027,"[49, 54]","[0, 0]","[0, 0]",18
53,"[0, 3]",153.10000000000056,"[52, 52]","[0, 0]","[0, 0]",18
54,"[2, 3]",155.40000000000109,"[51, 43]","[6.5999999999999845, 0]","[3.2499999999999964, 0]",18
55,"[0, 1]",123.8999999999951,"[53, 49]","[0, 0]","[0, 0]",18
56,"[2, 3]",168.05000000000396,"[54, 53]","[9.650000000000002, 0]","[6.749999999999984, 0]",18
57,"[0, 3]",155.70000000000115,"[55, 56]","[0, 0]","[0, 0]",18
58,"[2, 3]",174.60000000000545,"[56, 57]","[3.8499999999999943, 0]","[0, 0]",18
59,"[0, 3]",161.6000000000025,"[57, 58]","[3.399999999999996, 0]","[2.3499999999999996, 0]",18
60,"[0, 1]",130.89999999999552,"[59, -999]","[1.0000000000000002, 0]","[0, 0]",18
61,"[2, 3]",180.65000000000683,"[58, 59]","[4.699999999999991, 0]","[0, 0]",18
62,"[2, 1]",156.7500000000014,"[61, 65]","[8.599999999999987, 0]","[3.2499999999999964, 0]",18
63,"[2, 3]",194.60000000001,"[62, 68]","[8.999999999999993, 0]","[3.2499999999999964, 0]",18
64,"[2, 1]",171.05000000000464,"[63, 74]","[5.999999999999987, 0]","[0, 0]",18
65,"[0, 1]",132.04999999999578,"[60, 60]","[0.44999999999999996, 0]","[0, 0]",18
66,"[0, 3]",163.4000000000029,"[65, 61]","[0, 0]","[0, 0]",18
67,"[2, 1]",176.25000000000583,"[64, 75]","[6.749999999999984, 0]","[0, 0]",18
68,"[0, 3]",165.50000000000338,"[66, 66]","[0, 0]","[0, 0]",18
69,"[2, 3]",206.70000000001275,"[67, 63]","[8.09999999999998, 0]","[0, 0]",18
70,"[2, 1]",179.1500000000065,"[69, 67]","[10.000000000000007, 0]","[0, 0]",18
71,"[2, 3]",212.50000000001407,"[70, 69]","[17.85000000000012, 0]","[0, 0]",18
72,"[0, 1]",136.74999999999685,"[68, 62]","[0.7000000000000001, 0]","[0, 0]",18
73,"[2, 3]",215.60000000001477,"[71, 71]","[23.5500000000002, 0]","[0, 0]",18
74,"[0, 1]",137.69999999999706,"[72, 72]","[1.5000000000000007, 0]","[0, 0]",18
75,"[0, 1]",144.29999999999856,"[74, 64]","[4.3499999999999925, 0]","[2.3499999999999996, 0]",18
76,"[2, 1]",186.45000000000815,"[73, -999]","[26.750000000000245, 0]","[0, 0]",18
77,"[2, 3]",219.7000000000157,"[76, 73]","[29.30000000000028, 0]","[0, 0]",18
78,"[2, 3]",222.7000000000164,"[77, 77]","[37.05000000000003, 0]","[0, 0]",18
79,"[2, 1]",193.50000000000975,"[78, -999]","[41.64999999999977, 0]","[0, 0]",18
0,"[2, 1]",36.40000000000007,"[-999, -999]","[0, 0]","[0, 0]",19
1,"[2, 1]",38.09999999999997,"[0, 0]","[0, 0]","[0, 0]",19
2,"[0, 3]",97.09999999999663,"[-999, 11]","[0, 0]","[0, 0]",19
3,"[0, 1]",70.84999999999812,"[2, 14]","[0, 0]","[0, 0]",19
4,"[0, 3]",103.14999999999628,"[3, 15]","[0, 0]","[0, 0]",19
5,"[2, 1]",39.89999999999987,"[1, 1]","[0, 0]","[0, 0]",19
6,"[2, 1]",41.79999999999976,"[5, 5]","[0, 0]","[0, 0]",19
7,"[0, 1]",78.1499999999977,"[4, 19]","[0, 0]","[0, 0]",19
8,"[0, 1]",78.89999999999766,"[7, 7]","[0, 0]","[0, 0]",19
9,"[0, 3]",109.69999999999591,"[8, 24]","[0, 0]","[0, 0]",19
10,"[2, 3]",69.79999999999818,"[6, -999]","[0, 0]","[0, 0]",19
11,"[2, 3]",72.39999999999803,"[10, 10]","[0, 0]","[0, 0]",19
12,"[2, 1]",42.54999999999972,"[11, 6]","[0, 0]","[0, 0]",19
13,"[0, 1]",81.29999999999752,"[9, 26]","[0, 0]","[0, 0]",19
14,"[2, 1]",44.14999999999963,"[12, 12]","[0, 0]","[0, 0]",19
15,"[2, 3]",77.09999999999776,"[14, 2]","[0, 0]","[0, 0]",19
16,"[2, 1]",50.899999999999245,"[15, 3]","[2.499999999999999, 0]","[2.499999999999999, 0]",19
17,"[0, 3]",113.89999999999567,"[13, 28]","[0, 0]","[0, 0]",19
18,"[0, 1]",85.54999999999728,"[17, 30]","[0, 0]","[0, 0]",19
19,"[2, 1]",51.449999999999214,"[16, 16]","[3.5499999999999954, 0]","[3.5499999999999954, 0]",19
20,"[0, 1]",86.09999999999725,"[18, 18]","[0, 0]","[0, 0]",19
21,"[0, 3]",116.9499999999955,"[20, 32]","[0, 0]","[0, 0]",19
22,"[0, 3]",119.09999999999538,"[21, 21]","[0, 0]","[0, 0]",19
23,"[0, 1]",90.449999999997,"[22, 33]","[0, 0]","[0, 0]",19
24,"[2, 3]",82.54999999999745,"[19, 4]","[5.799999999999987, 0]","[2.549999999999999, 0]",19
25,"[0, 1]",91.54999999999694,"[23, 23]","[0, 0]","[0, 0]",19
26,"[2, 1]",58.94999999999879,"[24, 8]","[7.149999999999983, 0]","[0.2, 0]",19
27,"[0, 3]",122.79999999999517,"[25, 34]","[0, 0]","[0, 0]",19
28,"[2, 3]",90.99999999999697,"[26, 9]","[11.800000000000033, 0]","[0.05, 0]",19
29,"[0, 3]",124.94999999999504,"[27, 27]","[0, 0]","[0, 0]",19
30,"[2, 1]",62.04999999999861,"[28, 13]","[13.450000000000056, 0]","[0, 0]",19
31,"[0, 1]",96.59999999999665,"[29, 36]","[0, 0]","[0, 0]",19
32,"[2, 3]",95.8499999999967,"[30, 17]","[11.100000000000023, 0]","[0, 0]",19
33,"[2, 1]",71.44999999999808,"[32, 20]","[9.399999999999999, 0]","[0, 0]",19
34,"[2, 3]",109.24999999999594,"[33, 22]","[7.84999999999998, 0]","[0, 0]",19
35,"[2, 1]",86.39999999999723,"[34, 25]","[6.499999999999985, 0]","[0, 0]",19
36,"[2, 1]",87.64999999999716,"[35, 35]","[5.09999999999999, 0]","[0, 0]",19
37,"[2, 3]",120.94999999999527,"[36, 29]","[3.7499999999999947, 0]","[0, 0]",19
38,"[2, 3]",123.44999999999513,"[37, 37]","[2.3499999999999996, 0]","[0, 0]",19
39,"[0, 1]",97.39999999999661,"[31, 31]","[0, 0]","[0, 0]",19
40,"[0, 1]",98.39999999999655,"[39, 39]","[0, 0]","[0, 0]",19
41,"[0, 1]",99.44999999999649,"[40, 40]","[0, 0]","[0, 0]",19
42,"[2, 3]",125.749999999995,"[38, 38]","[0.9500000000000003, 0]","[0, 0]",19
43,"[2, 3]",128.04999999999487,"[42, 42]","[0, 0]","[0, 0]",19
44,"[0, 3]",134.7999999999964,"[41, 43]","[2.2, 0]","[2.2, 0]",19
45,"[2, 1]",98.79999999999653,"[43, 41]","[0, 0]","[0, 0]",19
46,"[2, 1]",107.34999999999604,"[45, 48]","[0, 0]","[0, 0]",19
47,"[2, 3]",139.54999999999748,"[46, 49]","[0, 0]","[0, 0]",19
48,"[0, 1]",106.2499999999961,"[44, 45]","[0, 0]","[0, 0]",19
49,"[0, 3]",136.74999999999685,"[48, 44]","[0, 0]","[0, 0]",19
50,"[0, 1]",108.39999999999598,"[49, 46]","[0, 0]","[0, 0]",19
51,"[0, 3]",141.09999999999783,"[50, 47]","[0, 0]","[0, 0]",19
52,"[2, 3]",147.44999999999928,"[47, 51]","[7.099999999999983, 0]","[3.149999999999997, 0]",19
53,"[2, 1]",134.49999999999633,"[52, 57]","[16.800000000000104, 0]","[9.700000000000003, 0]",19
54,"[0, 1]",111.94999999999578,"[51, 50]","[0, 0]","[0, 0]",19
55,"[0, 1]",113.04999999999572,"[54, 54]","[0, 0]","[0, 0]",19
56,"[0, 1]",114.19999999999565,"[55, 55]","[0, 0]","[0, 0]",19
57,"[0, 1]",115.2499999999956,"[56, 56]","[0, 0]","[0, 0]",19
58,"[0, 1]",121.14999999999526,"[57, 53]","[2.4499999999999993, 0]","[2.4499999999999993, 0]",19
59,"[2, 1]",139.44999999999746,"[53, 58]","[8.04999999999998, 0]","[0, 0]",19
60,"[2, 3]",169.45000000000428,"[59, 52]","[7.94999999999998, 0]","[0, 0]",19
61,"[0, 1]",127.3999999999949,"[58, 59]","[2.499999999999999, 0]","[2.499999999999999, 0]",19
62,"[0, 1]",126.79999999999494,"[61, 61]","[0, 0]","[0, 0]",19
63,"[2, 3]",172.85000000000505,"[60, 60]","[7.199999999999982, 0]","[0, 0]",19
64,"[0, 3]",160.60000000000227,"[62, 63]","[0, 0]","[0, 0]",19
65,"[2, 1]",143.9999999999985,"[63, 62]","[8.999999999999993, 0]","[0, 0]",19
66,"[2, 1]",157.90000000000165,"[65, 70]","[16.6500000000001, 0]","[6.549999999999985, 0]",19
67,"[0, 1]",131.99999999999577,"[64, 65]","[0, 0]","[0, 0]",19
68,"[2, 3]",189.7500000000089,"[66, 71]","[13.600000000000058, 0]","[0, 0]",19
69,"[2, 3]",202.75000000001185,"[68, 78]","[18.250000000000124, 0]","[2.5999999999999988, 0]",19
70,"[0, 1]",132.74999999999594,"[67, 67]","[0, 0]","[0, 0]",19
71,"[0, 3]",163.75000000000298,"[70, 64]","[0.65, 0]","[0, 0]",19
72,"[2, 3]",209.1000000000133,"[69, 79]","[18.800000000000132, 0]","[0, 0]",19
73,"[2, 1]",178.25000000000628,"[72, -999]","[21.900000000000176, 0]","[0, 0]",19
74,"[0, 1]",135.59999999999658,"[71, 66]","[1.0000000000000002, 0]","[0, 0]",19
75,"[2, 3]",212.30000000001402,"[73, 72]","[24.90000000000022, 0]","[0, 0]",19
76,"[0, 3]",168.200000000004,"[74, 68]","[1.3500000000000005, 0]","[0, 0]",19
77,"[2, 3]",215.00000000001464,"[75, 75]","[31.20000000000031, 0]","[0, 0]",19
78,"[0, 3]",169.5500000000043,"[76, 76]","[1.7000000000000008, 0]","[0, 0]",19
79,"[0, 3]",175.95000000000576,"[78, 69]","[4.3499999999999925, 0]","[2.3499999999999996, 0]",19
0,"[0, 3]",110.34999999999587,"[-999, 10]","[0, 0]","[5.599999999999988, 0]",20
1,"[2, 1]",36.40000000000007,"[-999, -999]","[0, 0]","[0, 0]",20
2,"[2, 1]",38.09999999999997,"[1, 1]","[0, 0]","[0, 0]",20
3,"[2, 1]",39.89999999999987,"[2, 2]","[0, 0]","[0, 0]",20
4,"[2, 1]",41.79999999999976,"[3, 3]","[0, 0]","[0, 0]",20
5,"[0, 3]",114.79999999999562,"[0, 12]","[2.25, 0]","[2.25, 0]",20
6,"[2, 1]",43.54999999999966,"[4, 4]","[0, 0]","[0, 0]",20
7,"[2, 1]",45.04999999999958,"[6, 6]","[0, 0]","[0, 0]",20
8,"[2, 3]",71.79999999999806,"[7, -999]","[0, 0]","[0, 0]",20
9,"[2, 3]",74.5999999999979,"[8, 8]","[0, 0]","[0, 0]",20
10,"[2, 3]",76.14999999999782,"[9, 9]","[0, 0]","[0, 0]",20
11,"[2, 1]",45.39999999999956,"[10, 7]","[0, 0]","[0, 0]",20
12,"[2, 3]",78.79999999999767,"[11, 0]","[0, 0]","[0, 0]",20
13,"[0, 1]",79.29999999999764,"[5, 11]","[0, 0]","[0, 0]",20
14,"[2, 3]",84.94999999999732,"[12, 5]","[3.4499999999999957, 0]","[3.4499999999999957, 0]",20
15,"[0, 1]",81.14999999999753,"[13, 13]","[0, 0]","[0, 0]",20
16,"[2, 1]",59.99999999999873,"[14, 15]","[5.599999999999988, 0]","[2.2, 0]",20
17,"[2, 1]",66.44999999999837,"[16, 20]","[13.650000000000059, 0]","[1.3500000000000005, 0]",20
18,"[2, 1]",71.69999999999807,"[17, 21]","[14.200000000000067, 0]","[0, 0]",20
19,"[0, 3]",112.69999999999574,"[15, 14]","[0, 0]","[0, 0]",20
20,"[0, 1]",83.4999999999974,"[19, 16]","[0, 0]","[0, 0]",20
21,"[0, 1]",89.09999999999708,"[20, 17]","[2.549999999999999, 0]","[2.549999999999999, 0]",20
22,"[0, 3]",119.14999999999537,"[21, 19]","[0, 0]","[0, 0]",20
23,"[0, 1]",96.09999999999668,"[22, 27]","[2.849999999999998, 0]","[2.849999999999998, 0]",20
24,"[0, 1]",96.49999999999666,"[23, 23]","[0, 0]","[0, 0]",20
25,"[0, 1]",97.39999999999661,"[24, 24]","[0, 0]","[0, 0]",20
26,"[0, 1]",103.29999999999627,"[25, 29]","[2.3999999999999995, 0]","[2.3999999999999995, 0]",20
27,"[2, 1]",71.44999999999808,"[18, 18]","[19.40000000000014, 0]","[0, 0]",20
28,"[0, 3]",133.19999999999604,"[26, 22]","[0, 0]","[0, 0]",20
29,"[2, 1]",90.14999999999702,"[27, 25]","[23.150000000000194, 0]","[6.149999999999986, 0]",20
30,"[2, 1]",94.99999999999675,"[29, 26]","[15.350000000000083, 0]","[0, 0]",20
31,"[2, 3]",132.79999999999595,"[30, 33]","[16.6500000000001, 0]","[2.8999999999999977, 0]",20
32,"[2, 1]",109.64999999999591,"[31, 36]","[12.35000000000004, 0]","[0, 0]",20
33,"[0, 3]",135.54999999999657,"[28, 28]","[0, 0]","[0, 0]",20
34,"[0, 1]",107.09999999999606,"[33, 30]","[0, 0]","[0, 0]",20
35,"[2, 1]",110.54999999999586,"[32, 32]","[10.90000000000002, 0]","[0, 0]",20
36,"[0, 1]",108.149999999996,"[34, 34]","[0, 0]","[0, 0]",20
37,"[0, 3]",139.39999999999745,"[36, 31]","[0, 0]","[0, 0]",20
38,"[0, 3]",141.49999999999793,"[37, 37]","[0, 0]","[0, 0]",20
39,"[0, 1]",112.79999999999573,"[38, 35]","[0, 0]","[0, 0]",20
40,"[2, 1]",124.29999999999508,"[35, 42]","[16.100000000000094, 0]","[6.649999999999984, 0]",20
41,"[2, 1]",130.14999999999534,"[40, 45]","[8.04999999999998, 0]","[0, 0]",20
42,"[0, 1]",113.69999999999568,"[39, 39]","[0, 0]","[0, 0]",20
43,"[0, 3]",144.69999999999865,"[42, 38]","[0, 0]","[0, 0]",20
44,"[2, 1]",135.54999999999657,"[41, 47]","[6.649999999999984, 0]","[0, 0]",20
45,"[0, 1]",115.94999999999555,"[43, 40]","[0, 0]","[0, 0]",20
46,"[2, 1]",140.9499999999978,"[44, 53]","[5.249999999999989, 0]","[0, 0]",20
47,"[0, 1]",121.44999999999524,"[45, 41]","[2.3499999999999996, 0]","[2.3499999999999996, 0]",20
48,"[2, 1]",146.59999999999908,"[46, 55]","[5.699999999999988, 0]","[0, 0]",20
49,"[2, 3]",177.55000000000612,"[48, 43]","[7.649999999999981, 0]","[0, 0]",20
50,"[2, 3]",180.45000000000678,"[49, 49]","[8.999999999999993, 0]","[0, 0]",20
51,"[2, 3]",187.85000000000846,"[50, 60]","[11.850000000000033, 0]","[0, 0]",20
52,"[2, 1]",157.35000000000153,"[51, 59]","[26.000000000000234, 0]","[0, 0]",20
53,"[0, 1]",126.34999999999496,"[47, 44]","[2.499999999999999, 0]","[2.499999999999999, 0]",20
54,"[2, 1]",165.70000000000343,"[52, 63]","[29.750000000000288, 0]","[0, 0]",20
55,"[0, 1]",131.7499999999957,"[53, 46]","[2.6499999999999986, 0]","[2.6499999999999986, 0]",20
56,"[0, 1]",138.14999999999716,"[55, 48]","[1.900000000000001, 0]","[1.900000000000001, 0]",20
57,"[2, 3]",203.10000000001193,"[54, 67]","[33.75000000000022, 0]","[0, 0]",20
58,"[2, 1]",173.9000000000053,"[57, 69]","[40.84999999999982, 0]","[0, 0]",20
59,"[0, 1]",137.49999999999702,"[56, 56]","[0, 0]","[0, 0]",20
60,"[0, 3]",171.2500000000047,"[59, 50]","[0, 0]","[0, 0]",20
61,"[0, 3]",177.80000000000618,"[60, 51]","[3.349999999999996, 0]","[2.25, 0]",20
62,"[2, 3]",207.45000000001292,"[58, 70]","[44.399999999999615, 0]","[0, 0]",20
63,"[0, 1]",148.94999999999962,"[61, 52]","[2.7499999999999982, 0]","[0, 0]",20
64,"[0, 3]",179.05000000000646,"[63, 61]","[3.1999999999999966, 0]","[0, 0]",20
65,"[2, 1]",178.25000000000628,"[62, 72]","[46.149999999999515, 0]","[0, 0]",20
66,"[2, 3]",212.10000000001398,"[65, 74]","[52.19999999999917, 0]","[0, 0]",20
67,"[0, 3]",181.15000000000694,"[64, 64]","[3.5499999999999954, 0]","[0, 0]",20
68,"[2, 3]",219.90000000001575,"[66, 79]","[56.84999999999891, 0]","[0, 0]",20
69,"[0, 1]",152.4000000000004,"[67, 54]","[3.649999999999995, 0]","[0, 0]",20
70,"[0, 3]",184.25000000000765,"[69, 57]","[3.349999999999996, 0]","[0, 0]",20
71,"[2, 1]",190.200000000009,"[68, 75]","[60.64999999999869, 0]","[0, 0]",20
72,"[0, 1]",155.10000000000102,"[70, 58]","[3.4999999999999956, 0]","[0, 0]",20
73,"[2, 3]",223.6000000000166,"[71, 68]","[63.29999999999854, 0]","[0, 0]",20
74,"[0, 3]",187.70000000000843,"[72, 62]","[3.649999999999995, 0]","[0, 0]",20
75,"[0, 1]",158.85000000000187,"[74, 65]","[3.7499999999999947, 0]","[0, 0]",20
76,"[2, 3]",226.6500000000173,"[73, 73]","[64.39999999999849, 0]","[0, 0]",20
77,"[2, 1]",197.50000000001066,"[76, -999]","[70.09999999999816, 0]","[0, 0]",20
78,"[2, 1]",199.95000000001122,"[77, 77]","[71.2999999999981, 0]","[0, 0]",20
79,"[0, 3]",187.90000000000848,"[75, 66]","[3.399999999999996, 0]","[0, 0]",20
0,"[0, 1]",77.19999999999776,"[-999, 20]","[0, 0]","[6.249999999999986, 0]",21
1,"[0, 3]",107.79999999999602,"[0, 23]","[0, 0]","[0, 0]",21
2,"[2, 3]",67.7499999999983,"[-999, -999]","[0, 0]","[0, 0]",21
3,"[0, 3]",109.54999999999592,"[1, 1]","[0, 0]","[0, 0]",21
4,"[0, 3]",116.19999999999554,"[3, 32]","[2.3499999999999996, 0]","[2.3499999999999996, 0]",21
5,"[0, 1]",84.34999999999735,"[4, 33]","[0, 0]","[0, 0]",21
6,"[0, 1]",85.2499999999973,"[5, 5]","[0, 0]","[0, 0]",21
7,"[2, 3]",69.4999999999982,"[2, 2]","[0, 0]","[0, 0]",21
8,"[0, 3]",116.44999999999553,"[6, 4]","[0, 0]","[0, 0]",21
9,"[2, 1]",37.350000000000016,"[7, -999]","[0, 0]","[0, 0]",21
10,"[2, 1]",39.19999999999991,"[9, 9]","[0, 0]","[0, 0]",21
11,"[2, 1]",41.1499999999998,"[10, 10]","[0, 0]","[0, 0]",21
12,"[0, 1]",93.9499999999968,"[8, 38]","[3.349999999999996, 0]","[3.349999999999996, 0]",21
13,"[2, 3]",72.34999999999803,"[11, 7]","[0, 0]","[0, 0]",21
14,"[0, 3]",123.14999999999515,"[12, 8]","[0, 0]","[0, 0]",21
15,"[0, 3]",125.49999999999501,"[14, 14]","[0, 0]","[0, 0]",21
16,"[2, 1]",40.39999999999984,"[13, 11]","[0, 0]","[0, 0]",21
17,"[0, 3]",127.04999999999492,"[15, 15]","[0, 0]","[0, 0]",21
18,"[0, 1]",98.04999999999657,"[17, 44]","[0, 0]","[0, 0]",21
19,"[0, 3]",129.9499999999953,"[18, 45]","[0, 0]","[0, 0]",21
20,"[2, 1]",42.69999999999971,"[16, 16]","[0, 0]","[0, 0]",21
21,"[0, 1]",100.64999999999642,"[19, 18]","[0, 0]","[0, 0]",21
22,"[0, 3]",132.5499999999959,"[21, 46]","[0, 0]","[0, 0]",21
23,"[2, 3]",72.69999999999801,"[20, 13]","[0, 0]","[0, 0]",21
24,"[2, 1]",45.49999999999955,"[23, 0]","[0, 0]","[0, 0]",21
25,"[2, 1]",46.04999999999952,"[24, 24]","[0, 0]","[0, 0]",21
26,"[0, 3]",138.54999999999725,"[22, 48]","[2.6499999999999986, 0]","[2.6499999999999986, 0]",21
27,"[0, 1]",108.149999999996,"[26, -999]","[0, 0]","[0, 0]",21
28,"[0, 3]",140.34999999999766,"[27, 49]","[0, 0]","[0, 0]",21
29,"[0, 1]",110.54999999999586,"[28, 27]","[0.9000000000000002, 0]","[0, 0]",21
30,"[0, 1]",111.6499999999958,"[29, 29]","[1.6000000000000008, 0]","[0, 0]",21
31,"[0, 3]",144.64999999999864,"[30, 53]","[2.1000000000000005, 0]","[0, 0]",21
32,"[2, 3]",79.59999999999762,"[25, 3]","[2.0500000000000007, 0]","[2.0500000000000007, 0]",21
33,"[2, 1]",49.499999999999325,"[32, 25]","[0, 0]","[0, 0]",21
34,"[0, 1]",115.1499999999956,"[31, 30]","[2.6499999999999986, 0]","[0, 0]",21
35,"[0, 1]",116.19999999999554,"[34, 34]","[2.799999999999998, 0]","[0, 0]",21
36,"[2, 1]",60.749999999998685,"[33, 6]","[6.449999999999985, 0]","[6.449999999999985, 0]",21
37,"[0, 1]",117.34999999999548,"[35, 35]","[2.4499999999999993, 0]","[0, 0]",21
38,"[2, 1]",60.79999999999868,"[36, 36]","[0, 0]","[0, 0]",21
39,"[0, 1]",122.89999999999516,"[37, 56]","[4.399999999999992, 0]","[2.4499999999999993, 0]",21
40,"[0, 3]",153.00000000000054,"[39, 55]","[1.4000000000000006, 0]","[0, 0]",21
41,"[0, 3]",155.35000000000107,"[40, 40]","[0.7500000000000001, 0]","[0, 0]",21
42,"[0, 1]",126.74999999999494,"[41, 57]","[0, 0]","[0, 0]",21
43,"[0, 3]",158.90000000000188,"[42, 58]","[0, 0]","[0, 0]",21
44,"[2, 1]",68.44999999999825,"[38, 12]","[16.250000000000096, 0]","[2.4499999999999993, 0]",21
45,"[2, 3]",111.09999999999583,"[44, 17]","[24.100000000000207, 0]","[3.2499999999999964, 0]",21
46,"[2, 3]",118.19999999999543,"[45, 19]","[25.850000000000232, 0]","[3.349999999999996, 0]",21
47,"[0, 1]",129.9999999999953,"[43, 61]","[0, 0]","[0, 0]",21
48,"[2, 3]",124.79999999999505,"[46, 22]","[20.15000000000015, 0]","[0, 0]",21
49,"[2, 3]",131.04999999999555,"[48, 26]","[18.400000000000126, 0]","[0, 0]",21
50,"[2, 3]",137.59999999999704,"[49, 28]","[20.200000000000152, 0]","[3.2999999999999963, 0]",21
51,"[0, 1]",130.7999999999955,"[47, 47]","[0, 0]","[0, 0]",21
52,"[0, 1]",131.84999999999573,"[51, 51]","[0, 0]","[0, 0]",21
53,"[2, 3]",139.49999999999747,"[50, 50]","[15.350000000000083, 0]","[0, 0]",21
54,"[2, 3]",146.79999999999913,"[53, 31]","[13.900000000000063, 0]","[0, 0]",21
55,"[2, 3]",148.54999999999953,"[54, 54]","[13.75000000000006, 0]","[0, 0]",21
56,"[2, 1]",124.49999999999507,"[55, 37]","[13.75000000000006, 0]","[0, 0]",21
57,"[2, 1]",129.8999999999953,"[56, 39]","[14.000000000000064, 0]","[0, 0]",21
58,"[2, 3]",167.85000000000392,"[57, 41]","[17.800000000000118, 0]","[3.2999999999999963, 0]",21
59,"[0, 3]",162.80000000000277,"[52, 43]","[0, 0]","[0, 0]",21
60,"[0, 1]",140.0999999999976,"[59, 65]","[3.149999999999997, 0]","[3.149999999999997, 0]",21
61,"[2, 1]",138.19999999999717,"[58, 42]","[18.250000000000124, 0]","[0, 0]",21
62,"[2, 1]",157.2500000000015,"[61, 52]","[29.500000000000284, 0]","[9.750000000000004, 0]",21
63,"[0, 3]",171.05000000000464,"[60, 66]","[0, 0]","[0, 0]",21
64,"[0, 1]",142.6499999999982,"[63, 72]","[0, 0]","[0, 0]",21
65,"[2, 1]",157.10000000000147,"[62, 62]","[20.550000000000157, 0]","[0, 0]",21
66,"[2, 3]",189.10000000000875,"[65, 59]","[20.70000000000016, 0]","[0, 0]",21
67,"[0, 3]",172.650000000005,"[64, 63]","[0.9000000000000002, 0]","[0, 0]",21
68,"[0, 1]",143.9999999999985,"[67, 73]","[1.3500000000000005, 0]","[0, 0]",21
69,"[0, 1]",144.8999999999987,"[68, 68]","[1.6500000000000008, 0]","[0, 0]",21
70,"[0, 1]",149.99999999999986,"[69, 75]","[4.449999999999992, 0]","[2.4499999999999993, 0]",21
71,"[0, 1]",155.8500000000012,"[70, 79]","[4.499999999999992, 0]","[2.3, 0]",21
72,"[2, 1]",161.1500000000024,"[66, 60]","[20.400000000000155, 0]","[0, 0]",21
73,"[2, 1]",169.5500000000043,"[72, 64]","[23.350000000000197, 0]","[0, 0]",21
74,"[2, 3]",201.6000000000116,"[73, 67]","[26.850000000000247, 0]","[0, 0]",21
75,"[2, 1]",177.5000000000061,"[74, 69]","[29.000000000000277, 0]","[0, 0]",21
76,"[0, 1]",152.3500000000004,"[71, 71]","[2.499999999999999, 0]","[0, 0]",21
77,"[0, 1]",150.95000000000007,"[76, 76]","[1.5500000000000007, 0]","[0, 0]",21
78,"[0, 3]",174.25000000000537,"[77, 74]","[1.3000000000000005, 0]","[0, 0]",21
79,"[2, 1]",183.1500000000074,"[75, 70]","[31.30000000000031, 0]","[0, 0]",21
0,"[0, 1]",74.14999999999793,"[-999, 10]","[0, 0]","[3.1999999999999966, 0]",22
1,"[2, 1]",36.40000000000007,"[-999, -999]","[0, 0]","[0, 0]",22
2,"[2, 3]",68.49999999999825,"[1, -999]","[0, 0]","[0, 0]",22
3,"[0, 1]",74.24999999999793,"[0, 0]","[0, 0]","[0, 0]",22
4,"[2, 1]",37.30000000000002,"[2, 1]","[0, 0]","[0, 0]",22
5,"[0, 3]",105.89999999999613,"[3, 13]","[0, 0]","[0, 0]",22
6,"[2, 1]",39.04999999999992,"[4, 4]","[0, 0]","[0, 0]",22
7,"[2, 3]",70.99999999999811,"[6, 2]","[0, 0]","[0, 0]",22
8,"[2, 3]",73.59999999999796,"[7, 7]","[0, 0]","[0, 0]",22
9,"[2, 1]",39.59999999999989,"[8, 6]","[0, 0]","[0, 0]",22
10,"[2, 1]",41.99999999999975,"[9, 9]","[0, 0]","[0, 0]",22
11,"[2, 3]",72.44999999999803,"[10, 8]","[0, 0]","[0, 0]",22
12,"[0, 1]",84.14999999999736,"[5, 20]","[4.99999999999999, 0]","[4.99999999999999, 0]",22
13,"[2, 3]",74.7999999999979,"[11, 11]","[0, 0]","[0, 0]",22
14,"[2, 1]",45.84999999999953,"[13, 3]","[0, 0]","[0, 0]",22
15,"[0, 1]",84.09999999999737,"[12, 12]","[0, 0]","[0, 0]",22
16,"[2, 1]",46.59999999999949,"[14, 14]","[0, 0]","[0, 0]",22
17,"[0, 1]",84.69999999999733,"[15, 15]","[0, 0]","[0, 0]",22
18,"[0, 1]",91.94999999999692,"[17, 22]","[1.1500000000000004, 0]","[1.1500000000000004, 0]",22
19,"[0, 1]",91.34999999999695,"[18, 18]","[0, 0]","[0, 0]",22
20,"[2, 1]",47.399999999999444,"[16, 16]","[0, 0]","[0, 0]",22
21,"[2, 3]",77.44999999999774,"[20, 5]","[0, 0]","[0, 0]",22
22,"[2, 1]",59.84999999999874,"[21, 17]","[6.799999999999984, 0]","[6.799999999999984, 0]",22
23,"[2, 3]",89.94999999999703,"[22, 21]","[0, 0]","[0, 0]",22
24,"[0, 1]",91.94999999999692,"[19, 19]","[0, 0]","[0, 0]",22
25,"[2, 3]",93.14999999999685,"[23, 23]","[0, 0]","[0, 0]",22
26,"[2, 1]",73.39999999999797,"[25, 28]","[15.900000000000091, 0]","[2.6499999999999986, 0]",22
27,"[2, 1]",72.999999999998,"[26, 26]","[15.10000000000008, 0]","[0, 0]",22
28,"[0, 1]",92.94999999999686,"[24, 24]","[0, 0]","[0, 0]",22
29,"[0, 3]",123.8499999999951,"[28, 25]","[0, 0]","[0, 0]",22
30,"[2, 1]",74.5999999999979,"[27, 27]","[12.800000000000047, 0]","[0, 0]",22
31,"[2, 1]",82.94999999999743,"[30, 37]","[11.100000000000023, 0]","[0, 0]",22
32,"[0, 3]",126.09999999999498,"[29, 29]","[0, 0]","[0, 0]",22
33,"[2, 3]",112.39999999999576,"[31, 35]","[9.600000000000001, 0]","[0, 0]",22
34,"[2, 1]",84.54999999999734,"[33, 38]","[8.09999999999998, 0]","[0, 0]",22
35,"[0, 3]",127.69999999999489,"[32, 32]","[0, 0]","[0, 0]",22
36,"[2, 1]",86.8999999999972,"[34, 34]","[6.649999999999984, 0]","[0, 0]",22
37,"[0, 1]",97.84999999999658,"[35, 30]","[0, 0]","[0, 0]",22
38,"[0, 1]",103.54999999999626,"[37, 31]","[2.549999999999999, 0]","[2.549999999999999, 0]",22
39,"[2, 3]",120.09999999999532,"[36, 42]","[6.349999999999985, 0]","[0, 0]",22
40,"[2, 1]",91.34999999999695,"[39, 43]","[6.449999999999985, 0]","[0, 0]",22
41,"[0, 3]",135.14999999999648,"[38, 33]","[0, 0]","[0, 0]",22
42,"[0, 3]",136.69999999999683,"[41, 41]","[0, 0]","[0, 0]",22
43,"[0, 1]",108.99999999999595,"[42, 36]","[0, 0]","[0, 0]",22
44,"[2, 3]",125.14999999999503,"[40, 45]","[6.249999999999986, 0]","[0, 0]",22
45,"[0, 3]",140.9999999999978,"[43, 39]","[0, 0]","[0, 0]",22
46,"[0, 1]",112.84999999999573,"[45, 40]","[0, 0]","[0, 0]",22
47,"[2, 3]",127.5499999999949,"[44, 44]","[6.699999999999984, 0]","[0, 0]",22
48,"[0, 1]",113.3499999999957,"[46, 46]","[0, 0]","[0, 0]",22
49,"[0, 1]",114.39999999999564,"[48, 48]","[0, 0]","[0, 0]",22
50,"[2, 3]",129.8999999999953,"[47, 47]","[6.8999999999999835, 0]","[0, 0]",22
51,"[2, 3]",132.24999999999582,"[50, 50]","[7.4499999999999815, 0]","[0, 0]",22
52,"[2, 3]",144.9499999999987,"[51, 55]","[10.750000000000018, 0]","[2.6999999999999984, 0]",22
53,"[0, 1]",115.39999999999559,"[49, 49]","[0, 0]","[0, 0]",22
54,"[0, 3]",150.90000000000006,"[53, 51]","[2.3499999999999996, 0]","[2.3499999999999996, 0]",22
55,"[0, 3]",152.20000000000036,"[54, 54]","[0, 0]","[0, 0]",22
56,"[2, 1]",121.84999999999522,"[52, 60]","[11.950000000000035, 0]","[3.2499999999999964, 0]",22
57,"[2, 3]",154.1000000000008,"[56, 61]","[9.399999999999999, 0]","[0, 0]",22
58,"[0, 1]",122.84999999999516,"[55, -999]","[0, 0]","[0, 0]",22
59,"[2, 3]",156.50000000000134,"[57, 57]","[8.74999999999999, 0]","[0, 0]",22
60,"[0, 1]",123.9999999999951,"[58, 58]","[0, 0]","[0, 0]",22
61,"[0, 3]",155.35000000000107,"[60, 52]","[0, 0]","[0, 0]",22
62,"[0, 1]",126.99999999999493,"[61, 56]","[0, 0]","[0, 0]",22
63,"[2, 1]",127.19999999999492,"[59, 65]","[7.4499999999999815, 0]","[0, 0]",22
64,"[2, 3]",161.05000000000237,"[63, 72]","[7.599999999999981, 0]","[0, 0]",22
65,"[0, 1]",128.09999999999488,"[62, 62]","[0.1, 0]","[0, 0]",22
66,"[2, 1]",136.5999999999968,"[64, 74]","[7.649999999999981, 0]","[0, 0]",22
67,"[2, 3]",174.20000000000536,"[66, 77]","[6.749999999999984, 0]","[0, 0]",22
68,"[2, 3]",175.95000000000576,"[67, 67]","[7.599999999999981, 0]","[0, 0]",22
69,"[2, 3]",177.75000000000617,"[68, 68]","[11.60000000000003, 0]","[0, 0]",22
70,"[2, 1]",148.54999999999953,"[69, 79]","[15.300000000000082, 0]","[0, 0]",22
71,"[2, 3]",181.9000000000071,"[70, 69]","[17.90000000000012, 0]","[0, 0]",22
72,"[0, 3]",161.50000000000247,"[65, 59]","[0.7500000000000001, 0]","[0, 0]",22
73,"[0, 1]",132.89999999999597,"[72, 63]","[0.9500000000000003, 0]","[0, 0]",22
74,"[0, 1]",133.54999999999612,"[73, 73]","[1.1500000000000004, 0]","[0, 0]",22
75,"[0, 3]",164.40000000000313,"[74, 64]","[1.2500000000000004, 0]","[0, 0]",22
76,"[2, 3]",184.9500000000078,"[71, 71]","[19.550000000000143, 0]","[0, 0]",22
77,"[0, 3]",166.4500000000036,"[75, 75]","[1.4000000000000006, 0]","[0, 0]",22
78,"[0, 1]",137.74999999999707,"[77, 66]","[1.5000000000000007, 0]","[0, 0]",22
79,"[0, 1]",138.54999999999725,"[78, 78]","[1.7500000000000009, 0]","[0, 0]",22
0,"[0, 3]",103.84999999999624,"[-999, 9]","[0, 0]","[2.5999999999999988, 0]",23
1,"[2, 3]",67.7499999999983,"[-999, -999]","[0, 0]","[0, 0]",23
2,"[2, 1]",37.15000000000003,"[1, -999]","[0, 0]","[0, 0]",23
3,"[2, 1]",38.84999999999993,"[2, 2]","[0, 0]","[0, 0]",23
4,"[2, 3]",69.19999999999821,"[3, 1]","[0, 0]","[0, 0]",23
5,"[2, 1]",39.69999999999988,"[4, 3]","[0, 0]","[0, 0]",23
6,"[2, 1]",41.599999999999774,"[5, 5]","[0, 0]","[0, 0]",23
7,"[2, 3]",69.94999999999817,"[6, 4]","[0, 0]","[0, 0]",23
8,"[0, 1]",68.29999999999826,"[0, 10]","[0, 0]","[0, 0]",23
9,"[2, 3]",72.49999999999802,"[7, 7]","[0, 0]","[0, 0]",23
10,"[2, 1]",42.59999999999972,"[9, 6]","[0, 0]","[0, 0]",23
11,"[2, 1]",50.199999999999285,"[10, 8]","[2.9499999999999975, 0]","[2.9499999999999975, 0]",23
12,"[2, 3]",76.4999999999978,"[11, 0]","[0, 0]","[0, 0]",23
13,"[0, 3]",105.99999999999612,"[8, 12]","[2.1500000000000004, 0]","[2.1500000000000004, 0]",23
14,"[0, 1]",77.84999999999772,"[13, 15]","[0, 0]","[0, 0]",23
15,"[2, 1]",48.84999999999936,"[12, 11]","[0, 0]","[0, 0]",23
16,"[2, 1]",56.09999999999895,"[15, 14]","[0, 0]","[0, 0]",23
17,"[0, 1]",84.54999999999734,"[14, 16]","[1.950000000000001, 0]","[1.950000000000001, 0]",23
18,"[0, 1]",83.94999999999737,"[17, 17]","[0, 0]","[0, 0]",23
19,"[2, 3]",86.59999999999722,"[16, 13]","[0, 0]","[0, 0]",23
20,"[2, 1]",68.59999999999825,"[19, 21]","[12.250000000000039, 0]","[2.849999999999998, 0]",23
21,"[0, 1]",84.59999999999734,"[18, 18]","[0, 0]","[0, 0]",23
22,"[0, 3]",115.39999999999559,"[21, 19]","[0, 0]","[0, 0]",23
23,"[0, 3]",117.74999999999545,"[22, 22]","[0, 0]","[0, 0]",23
24,"[0, 3]",124.89999999999505,"[23, 29]","[1.900000000000001, 0]","[1.900000000000001, 0]",23
25,"[0, 3]",125.89999999999499,"[24, 24]","[0, 0]","[0, 0]",23
26,"[0, 3]",131.54999999999566,"[25, 33]","[2.499999999999999, 0]","[2.499999999999999, 0]",23
27,"[0, 3]",132.24999999999582,"[26, 26]","[0, 0]","[0, 0]",23
28,"[0, 3]",132.94999999999598,"[27, 27]","[0, 0]","[0, 0]",23
29,"[2, 3]",105.59999999999614,"[20, 23]","[20.15000000000015, 0]","[0, 0]",23
30,"[0, 1]",105.24999999999616,"[28, 39]","[0, 0]","[0, 0]",23
31,"[0, 1]",105.39999999999615,"[30, 30]","[0, 0]","[0, 0]",23
32,"[0, 3]",136.34999999999675,"[31, 28]","[0, 0]","[0, 0]",23
33,"[2, 3]",117.39999999999547,"[29, 25]","[20.200000000000152, 0]","[2.3999999999999995, 0]",23
34,"[0, 1]",113.2999999999957,"[32, 41]","[2.8999999999999977, 0]","[2.8999999999999977, 0]",23
35,"[2, 1]",85.2499999999973,"[33, -999]","[16.050000000000093, 0]","[0, 0]",23
36,"[2, 1]",87.69999999999716,"[35, 35]","[14.500000000000071, 0]","[0, 0]",23
37,"[0, 3]",144.8499999999987,"[34, 45]","[0, 0]","[0, 0]",23
38,"[0, 3]",146.39999999999904,"[37, 37]","[0, 0]","[0, 0]",23
39,"[2, 1]",89.99999999999703,"[36, 36]","[12.950000000000049, 0]","[0, 0]",23
40,"[2, 1]",103.79999999999625,"[39, 31]","[14.45000000000007, 0]","[2.9499999999999975, 0]",23
41,"[2, 1]",103.49999999999626,"[40, 40]","[10.050000000000008, 0]","[0, 0]",23
42,"[0, 1]",117.24999999999548,"[38, 34]","[0, 0]","[0, 0]",23
43,"[0, 3]",149.44999999999973,"[42, 47]","[0, 0]","[0, 0]",23
44,"[0, 3]",150.80000000000004,"[43, 43]","[0, 0]","[0, 0]",23
45,"[2, 3]",135.49999999999656,"[41, 32]","[8.549999999999986, 0]","[0, 0]",23
46,"[0, 1]",121.59999999999523,"[44, 51]","[0, 0]","[0, 0]",23
47,"[2, 3]",149.19999999999968,"[45, 38]","[10.90000000000002, 0]","[2.6499999999999986, 0]",23
48,"[0, 3]",158.20000000000172,"[46, 55]","[2.5999999999999988, 0]","[2.5999999999999988, 0]",23
49,"[0, 1]",128.39999999999495,"[48, 46]","[0, 0]","[0, 0]",23
50,"[0, 3]",160.95000000000235,"[49, 59]","[0, 0]","[0, 0]",23
51,"[2, 1]",119.74999999999534,"[47, 42]","[8.74999999999999, 0]","[0, 0]",23
52,"[0, 1]",131.89999999999574,"[50, 63]","[0, 0]","[0, 0]",23
53,"[2, 3]",158.25000000000173,"[51, 44]","[9.149999999999995, 0]","[0, 0]",23
54,"[0, 3]",164.40000000000313,"[52, 64]","[0, 0]","[0, 0]",23
55,"[2, 3]",159.75000000000207,"[53, 53]","[8.249999999999982, 0]","[0, 0]",23
56,"[0, 3]",165.75000000000344,"[54, 54]","[0, 0]","[0, 0]",23
57,"[0, 3]",171.7500000000048,"[56, 68]","[3.399999999999996, 0]","[2.3999999999999995, 0]",23
58,"[0, 3]",172.600000000005,"[57, 57]","[2.3499999999999996, 0]","[0, 0]",23
59,"[2, 3]",166.65000000000364,"[55, 48]","[14.350000000000069, 0]","[3.149999999999997, 0]",23
60,"[0, 1]",142.49999999999815,"[58, -999]","[3.099999999999997, 0]","[0, 0]",23
61,"[0, 1]",143.5999999999984,"[60, 60]","[3.599999999999995, 0]","[0, 0]",23
62,"[0, 3]",175.45000000000564,"[61, 73]","[4.049999999999994, 0]","[0, 0]",23
63,"[2, 1]",136.69999999999683,"[59, 49]","[11.150000000000023, 0]","[0, 0]",23
64,"[2, 3]",170.55000000000453,"[63, 50]","[12.050000000000036, 0]","[0, 0]",23
65,"[0, 1]",145.89999999999893,"[62, 61]","[4.449999999999992, 0]","[0, 0]",23
66,"[2, 1]",141.3999999999979,"[64, 52]","[14.050000000000065, 0]","[0, 0]",23
67,"[0, 1]",146.94999999999916,"[65, 65]","[4.749999999999991, 0]","[0, 0]",23
68,"[2, 3]",179.50000000000657,"[66, 56]","[15.650000000000087, 0]","[0, 0]",23
69,"[0, 3]",178.15000000000626,"[67, 76]","[5.09999999999999, 0]","[0, 0]",23
70,"[2, 3]",190.55000000000908,"[68, 58]","[21.45000000000017, 0]","[2.8999999999999977, 0]",23
71,"[0, 3]",180.1000000000067,"[69, 69]","[5.349999999999989, 0]","[0, 0]",23
72,"[0, 1]",148.14999999999944,"[71, 78]","[6.149999999999986, 0]","[0, 0]",23
73,"[2, 3]",192.0000000000094,"[70, 70]","[21.50000000000017, 0]","[0, 0]",23
74,"[0, 1]",147.9499999999994,"[72, 72]","[6.199999999999986, 0]","[0, 0]",23
75,"[0, 1]",142.04999999999805,"[74, 74]","[4.599999999999992, 0]","[0, 0]",23
76,"[2, 3]",198.70000000001093,"[73, 62]","[26.800000000000246, 0]","[3.2999999999999963, 0]",23
77,"[0, 3]",172.25000000000492,"[75, 79]","[4.599999999999992, 0]","[0, 0]",23
78,"[2, 1]",175.2000000000056,"[76, 67]","[27.70000000000026, 0]","[3.1999999999999966, 0]",23
79,"[2, 3]",212.6000000000141,"[78, 71]","[25.150000000000222, 0]","[0, 0]",23
0,"[2, 3]",67.7499999999983,"[-999, -999]","[0, 0]","[0, 0]",24
1,"[2, 1]",37.15000000000003,"[0, -999]","[0, 0]","[0, 0]",24
2,"[2, 3]",69.4499999999982,"[1, 0]","[0, 0]","[0, 0]",24
3,"[2, 3]",71.79999999999806,"[2, 2]","[0, 0]","[0, 0]",24
4,"[0, 3]",99.2499999999965,"[-999, 12]","[0, 0]","[0, 0]",24
5,"[0, 3]",101.1999999999964,"[4, 4]","[0, 0]","[0, 0]",24
6,"[0, 3]",102.54999999999632,"[5, 5]","[0, 0]","[0, 0]",24
7,"[2, 1]",41.749999999999766,"[3, 1]","[0, 0]","[0, 0]",24
8,"[2, 1]",43.54999999999966,"[7, 7]","[0, 0]","[0, 0]",24
9,"[0, 3]",103.64999999999625,"[6, 6]","[0, 0]","[0, 0]",24
10,"[2, 3]",71.0999999999981,"[8, 3]","[0, 0]","[0, 0]",24
11,"[0, 3]",109.8499999999959,"[9, 19]","[1.4000000000000006, 0]","[1.4000000000000006, 0]",24
12,"[2, 3]",73.54999999999797,"[10, 10]","[0, 0]","[0, 0]",24
13,"[0, 3]",110.64999999999586,"[11, 11]","[0, 0]","[0, 0]",24
14,"[2, 1]",43.39999999999967,"[12, 8]","[0, 0]","[0, 0]",24
15,"[2, 1]",44.549999999999606,"[14, 14]","[0, 0]","[0, 0]",24
16,"[2, 1]",45.74999999999954,"[15, 15]","[0, 0]","[0, 0]",24
17,"[2, 1]",46.849999999999476,"[16, 16]","[0, 0]","[0, 0]",24
18,"[0, 3]",111.19999999999582,"[13, 13]","[0, 0]","[0, 0]",24
19,"[2, 3]",81.54999999999751,"[17, 9]","[2.799999999999998, 0]","[2.799999999999998, 0]",24
20,"[0, 1]",79.8999999999976,"[18, 26]","[0, 0]","[0, 0]",24
21,"[0, 1]",81.09999999999754,"[20, 20]","[0, 0]","[0, 0]",24
22,"[0, 1]",82.19999999999747,"[21, 21]","[0, 0]","[0, 0]",24
23,"[0, 1]",87.64999999999716,"[22, 32]","[2.4499999999999993, 0]","[2.4499999999999993, 0]",24
24,"[0, 3]",119.49999999999535,"[23, 36]","[0, 0]","[0, 0]",24
25,"[2, 1]",51.29999999999922,"[19, 17]","[3.399999999999996, 0]","[3.1999999999999966, 0]",24
26,"[2, 1]",53.29999999999911,"[25, 25]","[6.549999999999985, 0]","[2.1500000000000004, 0]",24
27,"[0, 3]",121.04999999999526,"[24, 24]","[0, 0]","[0, 0]",24
28,"[2, 3]",89.74999999999704,"[26, 18]","[4.94999999999999, 0]","[0, 0]",24
29,"[0, 1]",91.44999999999695,"[27, 37]","[0, 0]","[0, 0]",24
30,"[0, 1]",92.59999999999688,"[29, 29]","[0, 0]","[0, 0]",24
31,"[2, 3]",91.24999999999696,"[28, 28]","[6.349999999999985, 0]","[0, 0]",24
32,"[2, 1]",66.19999999999838,"[31, 22]","[12.500000000000043, 0]","[0, 0]",24
33,"[0, 3]",124.34999999999508,"[30, 39]","[0, 0]","[0, 0]",24
34,"[0, 3]",125.49999999999501,"[33, 33]","[0, 0]","[0, 0]",24
35,"[0, 1]",96.19999999999668,"[34, 30]","[0, 0]","[0, 0]",24
36,"[2, 3]",96.14999999999668,"[32, 31]","[10.100000000000009, 0]","[0, 0]",24
37,"[2, 1]",68.19999999999827,"[36, 23]","[8.449999999999985, 0]","[0, 0]",24
38,"[2, 3]",106.19999999999611,"[37, 27]","[6.8999999999999835, 0]","[0, 0]",24
39,"[2, 3]",107.64999999999603,"[38, 38]","[5.399999999999989, 0]","[0, 0]",24
40,"[0, 1]",97.29999999999661,"[35, 35]","[0, 0]","[0, 0]",24
41,"[0, 1]",98.44999999999655,"[40, 40]","[0, 0]","[0, 0]",24
42,"[0, 3]",129.4999999999952,"[41, 46]","[0, 0]","[0, 0]",24
43,"[0, 1]",101.34999999999638,"[42, 49]","[0, 0]","[0, 0]",24
44,"[0, 1]",102.44999999999632,"[43, 43]","[0, 0]","[0, 0]",24
45,"[0, 3]",133.54999999999612,"[44, 50]","[0, 0]","[0, 0]",24
46,"[2, 3]",119.64999999999534,"[39, 34]","[10.600000000000016, 0]","[6.649999999999984, 0]",24
47,"[0, 3]",135.6999999999966,"[45, 45]","[0, 0]","[0, 0]",24
48,"[0, 3]",137.19999999999695,"[47, 47]","[0, 0]","[0, 0]",24
49,"[2, 1]",101.64999999999637,"[46, 41]","[9.049999999999994, 0]","[6.5999999999999845, 0]",24
50,"[2, 3]",133.59999999999613,"[49, 42]","[1.0000000000000002, 0]","[0, 0]",24
51,"[2, 1]",109.64999999999591,"[50, 44]","[0.49999999999999994, 0]","[0, 0]",24
52,"[0, 1]",108.199999999996,"[48, 51]","[0, 0]","[0, 0]",24
53,"[2, 3]",153.05000000000055,"[51, 48]","[7.399999999999982, 0]","[6.699999999999984, 0]",24
54,"[2, 3]",154.75000000000094,"[53, 53]","[0.8500000000000002, 0]","[0, 0]",24
55,"[0, 1]",109.34999999999593,"[52, 52]","[0, 0]","[0, 0]",24
56,"[0, 3]",141.3499999999979,"[55, 54]","[0, 0]","[0, 0]",24
57,"[0, 1]",112.49999999999575,"[56, 58]","[0, 0]","[0, 0]",24
58,"[2, 1]",124.89999999999505,"[54, 55]","[1.2000000000000004, 0]","[0, 0]",24
59,"[2, 3]",158.75000000000185,"[58, 56]","[4.6499999999999915, 0]","[0, 0]",24
60,"[0, 1]",113.2999999999957,"[57, 57]","[0, 0]","[0, 0]",24
61,"[0, 1]",118.79999999999539,"[60, 63]","[2.499999999999999, 0]","[2.499999999999999, 0]",24
62,"[0, 3]",148.8499999999996,"[61, 59]","[0, 0]","[0, 0]",24
63,"[2, 1]",134.59999999999636,"[59, 60]","[6.5999999999999845, 0]","[0, 0]",24
64,"[2, 1]",140.14999999999762,"[63, 61]","[7.7499999999999805, 0]","[0, 0]",24
65,"[2, 1]",146.14999999999898,"[64, 66]","[9.750000000000004, 0]","[0, 0]",24
66,"[0, 1]",119.99999999999532,"[62, 64]","[0, 0]","[0, 0]",24
67,"[2, 1]",146.04999999999896,"[65, 65]","[12.850000000000048, 0]","[0, 0]",24
68,"[0, 3]",151.25000000000014,"[66, 62]","[0, 0]","[0, 0]",24
69,"[2, 3]",180.65000000000683,"[67, 71]","[15.85000000000009, 0]","[0, 0]",24
70,"[2, 3]",182.90000000000734,"[69, 69]","[19.45000000000014, 0]","[0, 0]",24
71,"[0, 3]",153.40000000000063,"[68, 68]","[0, 0]","[0, 0]",24
72,"[2, 3]",185.20000000000786,"[70, 70]","[21.750000000000174, 0]","[0, 0]",24
73,"[2, 1]",155.8500000000012,"[72, 77]","[23.5500000000002, 0]","[0, 0]",24
74,"[0, 1]",123.8499999999951,"[71, 67]","[0, 0]","[0, 0]",24
75,"[0, 1]",124.99999999999504,"[74, 74]","[0, 0]","[0, 0]",24
76,"[2, 3]",189.70000000000888,"[73, 78]","[23.250000000000195, 0]","[0, 0]",24
77,"[0, 1]",126.04999999999498,"[75, 75]","[0, 0]","[0, 0]",24
78,"[0, 3]",160.50000000000225,"[77, 72]","[0, 0]","[0, 0]",24
79,"[0, 1]",131.79999999999572,"[78, 73]","[0, 0]","[0, 0]",24
0,"[2, 3]",67.7499999999983,"[-999, -999]","[0, 0]","[0, 0]",25
1,"[2, 3]",70.84999999999812,"[0, 0]","[0, 0]","[0, 0]",25
2,"[0, 1]",76.64999999999779,"[-999, 15]","[0, 0]","[2.799999999999998, 0]",25
3,"[0, 1]",81.19999999999753,"[2, 16]","[2.3499999999999996, 0]","[2.3499999999999996, 0]",25
4,"[0, 1]",81.59999999999751,"[3, 3]","[0, 0]","[0, 0]",25
5,"[2, 1]",37.550000000000004,"[1, -999]","[0, 0]","[0, 0]",25
6,"[0, 1]",87.44999999999717,"[4, 17]","[2.5999999999999988, 0]","[2.5999999999999988, 0]",25
7,"[0, 1]",87.79999999999715,"[6, 6]","[0, 0]","[0, 0]",25
8,"[2, 1]",39.49999999999989,"[5, 5]","[0, 0]","[0, 0]",25
9,"[2, 3]",71.39999999999809,"[8, 1]","[0, 0]","[0, 0]",25
10,"[2, 1]",39.19999999999991,"[9, 8]","[0, 0]","[0, 0]",25
11,"[2, 1]",41.49999999999978,"[10, 10]","[0, 0]","[0, 0]",25
12,"[2, 1]",42.799999999999706,"[11, 11]","[0, 0]","[0, 0]",25
13,"[0, 3]",118.5499999999954,"[7, -999]","[0, 0]","[0, 0]",25
14,"[0, 1]",90.24999999999702,"[13, 20]","[0, 0]","[0, 0]",25
15,"[2, 1]",44.09999999999963,"[12, 12]","[0, 0]","[0, 0]",25
16,"[2, 1]",51.249999999999226,"[15, 2]","[1.1000000000000003, 0]","[1.1000000000000003, 0]",25
17,"[2, 1]",61.59999999999864,"[16, 4]","[9.600000000000001, 0]","[9.600000000000001, 0]",25
18,"[0, 1]",91.14999999999696,"[14, 14]","[0, 0]","[0, 0]",25
19,"[0, 3]",122.34999999999519,"[18, 13]","[0, 0]","[0, 0]",25
20,"[2, 1]",72.19999999999804,"[17, 7]","[17.800000000000118, 0]","[5.649999999999988, 0]",25
21,"[0, 3]",124.59999999999506,"[19, 19]","[0, 0]","[0, 0]",25
22,"[0, 1]",96.14999999999668,"[21, 23]","[0, 0]","[0, 0]",25
23,"[2, 1]",84.04999999999737,"[20, 18]","[32.05000000000032, 0]","[7.79999999999998, 0]",25
24,"[0, 1]",97.19999999999662,"[22, 22]","[0, 0]","[0, 0]",25
25,"[2, 3]",121.44999999999524,"[23, 21]","[39.54999999999989, 0]","[3.399999999999996, 0]",25
26,"[0, 3]",129.84999999999528,"[24, 28]","[0, 0]","[0, 0]",25
27,"[0, 1]",100.54999999999643,"[26, 24]","[0, 0]","[0, 0]",25
28,"[2, 3]",123.59999999999512,"[25, 25]","[33.850000000000215, 0]","[0, 0]",25
29,"[2, 3]",130.7999999999955,"[28, 26]","[32.100000000000314, 0]","[0, 0]",25
30,"[0, 1]",101.64999999999637,"[27, 27]","[0, 0]","[0, 0]",25
31,"[0, 1]",102.7499999999963,"[30, 30]","[0, 0]","[0, 0]",25
32,"[0, 3]",133.9499999999962,"[31, 29]","[0, 0]","[0, 0]",25
33,"[0, 3]",136.24999999999673,"[32, 32]","[0, 0]","[0, 0]",25
34,"[0, 1]",107.64999999999603,"[33, 37]","[0, 0]","[0, 0]",25
35,"[0, 1]",108.59999999999597,"[34, 34]","[0, 0]","[0, 0]",25
36,"[2, 1]",113.09999999999572,"[29, 31]","[37.50000000000001, 0]","[6.649999999999984, 0]",25
37,"[2, 1]",113.84999999999567,"[36, 36]","[29.700000000000287, 0]","[0, 0]",25
38,"[0, 1]",109.54999999999592,"[35, 35]","[0, 0]","[0, 0]",25
39,"[2, 3]",147.24999999999923,"[37, 33]","[28.650000000000272, 0]","[0, 0]",25
40,"[0, 1]",110.49999999999586,"[38, 38]","[0, 0]","[0, 0]",25
41,"[0, 3]",145.7999999999989,"[40, 55]","[2.1500000000000004, 0]","[2.1500000000000004, 0]",25
42,"[0, 3]",152.4000000000004,"[41, 58]","[2.3499999999999996, 0]","[2.3499999999999996, 0]",25
43,"[0, 1]",121.34999999999525,"[42, -999]","[0, 0]","[0, 0]",25
44,"[0, 3]",154.1000000000008,"[43, 60]","[0, 0]","[0, 0]",25
45,"[0, 3]",155.050000000001,"[44, 44]","[0, 0]","[0, 0]",25
46,"[0, 1]",126.64999999999495,"[45, 64]","[0, 0]","[0, 0]",25
47,"[0, 1]",127.14999999999492,"[46, 46]","[0, 0]","[0, 0]",25
48,"[0, 1]",132.999999999996,"[47, 66]","[2.3999999999999995, 0]","[2.3999999999999995, 0]",25
49,"[2, 3]",149.7499999999998,"[39, 39]","[27.450000000000255, 0]","[0, 0]",25
50,"[0, 1]",133.34999999999607,"[48, 48]","[0, 0]","[0, 0]",25
51,"[0, 3]",163.95000000000303,"[50, 69]","[0, 0]","[0, 0]",25
52,"[0, 3]",166.10000000000352,"[51, 51]","[0, 0]","[0, 0]",25
53,"[2, 3]",152.05000000000032,"[49, 49]","[26.150000000000237, 0]","[0, 0]",25
54,"[0, 3]",167.65000000000387,"[52, 52]","[0, 0]","[0, 0]",25
55,"[2, 3]",154.30000000000084,"[53, 53]","[25.900000000000233, 0]","[0, 0]",25
56,"[0, 1]",138.3499999999972,"[54, 72]","[0, 0]","[0, 0]",25
57,"[0, 1]",139.34999999999744,"[56, 56]","[0, 0]","[0, 0]",25
58,"[2, 3]",161.6500000000025,"[55, 41]","[25.00000000000022, 0]","[0, 0]",25
59,"[0, 3]",170.4500000000045,"[57, 54]","[0.3, 0]","[0, 0]",25
60,"[2, 3]",168.200000000004,"[58, 42]","[24.25000000000021, 0]","[0, 0]",25
61,"[2, 1]",137.399999999997,"[60, 43]","[23.5000000000002, 0]","[0, 0]",25
62,"[0, 1]",142.84999999999823,"[59, 57]","[1.1000000000000003, 0]","[0, 0]",25
63,"[0, 1]",143.5999999999984,"[62, 62]","[1.2000000000000004, 0]","[0, 0]",25
64,"[2, 1]",139.54999999999748,"[61, 61]","[23.800000000000203, 0]","[0, 0]",25
65,"[0, 3]",173.5500000000052,"[63, 59]","[0.9500000000000003, 0]","[0, 0]",25
66,"[2, 1]",153.55000000000067,"[64, 47]","[27.20000000000025, 0]","[2.799999999999998, 0]",25
67,"[0, 3]",170.05000000000442,"[65, 65]","[1.6000000000000008, 0]","[0, 0]",25
68,"[0, 3]",171.3000000000047,"[67, 67]","[2.0500000000000007, 0]","[0, 0]",25
69,"[2, 3]",182.3500000000072,"[66, 45]","[24.650000000000215, 0]","[0, 0]",25
70,"[2, 1]",159.400000000002,"[69, 50]","[25.80000000000023, 0]","[0, 0]",25
71,"[0, 1]",141.99999999999804,"[68, -999]","[2.3499999999999996, 0]","[0, 0]",25
72,"[2, 1]",159.55000000000203,"[70, 70]","[27.70000000000026, 0]","[0, 0]",25
73,"[0, 1]",142.6999999999982,"[71, 71]","[2.6499999999999986, 0]","[0, 0]",25
74,"[0, 3]",173.35000000000517,"[73, 68]","[2.8999999999999977, 0]","[0, 0]",25
75,"[0, 3]",175.2000000000056,"[74, 74]","[3.049999999999997, 0]","[0, 0]",25
76,"[0, 1]",146.39999999999904,"[75, 73]","[3.1999999999999966, 0]","[0, 0]",25
77,"[0, 3]",177.4000000000061,"[76, 75]","[3.2999999999999963, 0]","[0, 0]",25
78,"[0, 1]",148.59999999999954,"[77, 76]","[3.599999999999995, 0]","[0, 0]",25
79,"[0, 1]",139.2499999999974,"[78, 78]","[0, 0]","[0, 0]",25
0,"[2, 1]",36.40000000000007,"[-999, -999]","[0, 0]","[0, 0]",26
1,"[2, 1]",38.09999999999997,"[0, 0]","[0, 0]","[0, 0]",26
2,"[0, 3]",101.94999999999635,"[-999, 13]","[0, 0]","[0, 0]",26
3,"[0, 3]",108.44999999999598,"[2, 15]","[2.3999999999999995, 0]","[2.3999999999999995, 0]",26
4,"[2, 3]",68.64999999999824,"[1, -999]","[0, 0]","[0, 0]",26
5,"[2, 3]",71.34999999999809,"[4, 4]","[0, 0]","[0, 0]",26
6,"[2, 3]",73.29999999999798,"[5, 5]","[0, 0]","[0, 0]",26
7,"[2, 1]",43.24999999999968,"[6, -999]","[0, 0]","[0, 0]",26
8,"[0, 3]",109.19999999999594,"[3, 3]","[0, 0]","[0, 0]",26
9,"[2, 3]",72.24999999999804,"[7, 6]","[0, 0]","[0, 0]",26
10,"[0, 3]",110.04999999999589,"[8, 8]","[0, 0]","[0, 0]",26
11,"[0, 1]",80.19999999999759,"[10, 17]","[0, 0]","[0, 0]",26
12,"[0, 3]",112.49999999999575,"[11, 18]","[0, 0]","[0, 0]",26
13,"[2, 3]",74.24999999999793,"[9, 9]","[0, 0]","[0, 0]",26
14,"[2, 1]",43.89999999999964,"[13, 7]","[0, 0]","[0, 0]",26
15,"[2, 3]",77.14999999999776,"[14, 2]","[0, 0]","[0, 0]",26
16,"[2, 1]",46.29999999999951,"[15, 14]","[0, 0]","[0, 0]",26
17,"[2, 1]",47.199999999999456,"[16, 16]","[0, 0]","[0, 0]",26
18,"[2, 3]",85.89999999999726,"[17, 10]","[6.649999999999984, 0]","[6.649999999999984, 0]",26
19,"[2, 1]",56.79999999999891,"[18, 11]","[6.949999999999983, 0]","[0.05, 0]",26
20,"[2, 1]",58.54999999999881,"[19, 19]","[5.09999999999999, 0]","[0, 0]",26
21,"[0, 3]",113.64999999999569,"[12, 12]","[0, 0]","[0, 0]",26
22,"[0, 1]",85.69999999999727,"[21, 20]","[0, 0]","[0, 0]",26
23,"[2, 3]",91.74999999999693,"[20, 21]","[11.55000000000003, 0]","[0, 0]",26
24,"[2, 1]",62.99999999999856,"[23, 22]","[14.350000000000069, 0]","[0, 0]",26
25,"[2, 1]",76.99999999999777,"[24, 29]","[15.250000000000082, 0]","[3.2999999999999963, 0]",26
26,"[0, 3]",117.89999999999544,"[22, 23]","[0, 0]","[0, 0]",26
27,"[0, 1]",89.79999999999704,"[26, 24]","[0, 0]","[0, 0]",26
28,"[2, 1]",77.09999999999776,"[25, 25]","[10.300000000000011, 0]","[0, 0]",26
29,"[0, 1]",90.19999999999702,"[27, 27]","[0, 0]","[0, 0]",26
30,"[2, 3]",115.94999999999555,"[28, 34]","[8.79999999999999, 0]","[0, 0]",26
31,"[0, 3]",121.09999999999526,"[29, 26]","[0, 0]","[0, 0]",26
32,"[2, 1]",92.44999999999689,"[30, 42]","[7.349999999999982, 0]","[0, 0]",26
33,"[0, 3]",123.44999999999513,"[31, 31]","[0, 0]","[0, 0]",26
34,"[0, 3]",124.99999999999504,"[33, 33]","[0, 0]","[0, 0]",26
35,"[2, 1]",98.14999999999657,"[32, 45]","[5.949999999999987, 0]","[0, 0]",26
36,"[2, 1]",98.74999999999653,"[35, 35]","[4.499999999999992, 0]","[0, 0]",26
37,"[0, 1]",95.7999999999967,"[34, 28]","[0, 0]","[0, 0]",26
38,"[2, 3]",132.34999999999584,"[36, 47]","[3.099999999999997, 0]","[0, 0]",26
39,"[2, 3]",145.2999999999988,"[38, 53]","[7.84999999999998, 0]","[6.149999999999986, 0]",26
40,"[2, 1]",115.64999999999557,"[39, 55]","[0.7000000000000001, 0]","[0, 0]",26
41,"[2, 3]",149.2999999999997,"[40, 56]","[3.949999999999994, 0]","[0, 0]",26
42,"[0, 1]",96.89999999999664,"[37, 37]","[0, 0]","[0, 0]",26
43,"[2, 1]",120.09999999999532,"[41, 57]","[5.999999999999987, 0]","[0, 0]",26
44,"[2, 1]",122.44999999999519,"[43, 43]","[7.399999999999982, 0]","[0, 0]",26
45,"[0, 1]",102.9499999999963,"[42, 32]","[2.5999999999999988, 0]","[2.5999999999999988, 0]",26
46,"[0, 3]",132.89999999999597,"[45, 30]","[0, 0]","[0, 0]",26
47,"[0, 3]",135.2499999999965,"[46, 46]","[0, 0]","[0, 0]",26
48,"[2, 1]",130.64999999999546,"[44, 70]","[10.100000000000009, 0]","[0, 0]",26
49,"[0, 1]",106.49999999999609,"[47, 36]","[0, 0]","[0, 0]",26
50,"[2, 1]",135.84999999999664,"[48, 72]","[12.800000000000047, 0]","[0, 0]",26
51,"[2, 3]",168.10000000000397,"[50, 74]","[14.000000000000064, 0]","[0, 0]",26
52,"[0, 3]",139.09999999999738,"[49, 38]","[0, 0]","[0, 0]",26
53,"[0, 3]",140.4499999999977,"[52, 52]","[0, 0]","[0, 0]",26
54,"[2, 1]",144.09999999999852,"[51, 77]","[15.000000000000078, 0]","[0, 0]",26
55,"[0, 1]",111.09999999999583,"[53, 49]","[0, 0]","[0, 0]",26
56,"[0, 3]",143.29999999999833,"[55, 39]","[0, 0]","[0, 0]",26
57,"[0, 1]",114.24999999999565,"[56, 40]","[0, 0]","[0, 0]",26
58,"[2, 3]",174.05000000000533,"[54, 51]","[16.200000000000095, 0]","[0, 0]",26
59,"[2, 1]",146.199999999999,"[58, 54]","[16.700000000000102, 0]","[0, 0]",26
60,"[2, 3]",179.7000000000066,"[59, 58]","[16.850000000000104, 0]","[0, 0]",26
61,"[2, 3]",182.55000000000726,"[60, 60]","[18.250000000000124, 0]","[0, 0]",26
62,"[2, 1]",153.20000000000059,"[61, -999]","[20.05000000000015, 0]","[0, 0]",26
63,"[0, 3]",146.79999999999913,"[57, 41]","[0, 0]","[0, 0]",26
64,"[2, 3]",186.15000000000808,"[62, 61]","[23.750000000000203, 0]","[0, 0]",26
65,"[2, 1]",158.30000000000175,"[64, 62]","[27.10000000000025, 0]","[0, 0]",26
66,"[2, 1]",161.10000000000238,"[65, 65]","[29.30000000000028, 0]","[0, 0]",26
67,"[2, 1]",162.5500000000027,"[66, 66]","[30.750000000000302, 0]","[0, 0]",26
68,"[2, 3]",194.95000000001008,"[67, 64]","[32.05000000000032, 0]","[0, 0]",26
69,"[0, 3]",148.14999999999944,"[63, 63]","[0, 0]","[0, 0]",26
70,"[0, 1]",120.14999999999532,"[69, 44]","[0, 0]","[0, 0]",26
71,"[2, 1]",167.00000000000372,"[68, 67]","[33.300000000000246, 0]","[0, 0]",26
72,"[0, 1]",126.69999999999494,"[70, 48]","[2.1000000000000005, 0]","[2.1000000000000005, 0]",26
73,"[2, 3]",199.15000000001103,"[71, 68]","[33.25000000000025, 0]","[0, 0]",26
74,"[0, 3]",155.15000000000103,"[72, 69]","[0, 0]","[0, 0]",26
75,"[0, 1]",127.04999999999492,"[74, 50]","[0, 0]","[0, 0]",26
76,"[2, 1]",165.00000000000327,"[73, 71]","[36.05000000000009, 0]","[0, 0]",26
77,"[0, 1]",128.1999999999949,"[75, 75]","[0, 0]","[0, 0]",26
78,"[2, 3]",198.00000000001077,"[76, 73]","[37.550000000000004, 0]","[0, 0]",26
79,"[2, 1]",169.30000000000425,"[78, 76]","[38.399999999999956, 0]","[0, 0]",26
0,"[2, 3]",67.7499999999983,"[-999, -999]","[0, 0]","[0, 0]",27
1,"[2, 1]",37.15000000000003,"[0, -999]","[0, 0]","[0, 0]",27
2,"[2, 1]",38.84999999999993,"[1, 1]","[0, 0]","[0, 0]",27
3,"[2, 3]",70.79999999999812,"[2, 0]","[0, 0]","[0, 0]",27
4,"[2, 1]",38.749999999999936,"[3, 2]","[0, 0]","[0, 0]",27
5,"[0, 1]",76.24999999999781,"[-999, 14]","[0, 0]","[3.1999999999999966, 0]",27
6,"[2, 1]",40.99999999999981,"[4, 4]","[0, 0]","[0, 0]",27
7,"[0, 1]",80.79999999999755,"[5, 15]","[2.3, 0]","[2.3, 0]",27
8,"[0, 1]",81.24999999999753,"[7, 7]","[0, 0]","[0, 0]",27
9,"[2, 3]",72.14999999999804,"[6, 3]","[0, 0]","[0, 0]",27
10,"[2, 1]",40.09999999999986,"[9, 6]","[0, 0]","[0, 0]",27
11,"[2, 1]",42.34999999999973,"[10, 10]","[0, 0]","[0, 0]",27
12,"[0, 1]",87.0999999999972,"[8, 16]","[2.549999999999999, 0]","[2.549999999999999, 0]",27
13,"[0, 1]",87.39999999999718,"[12, 12]","[0, 0]","[0, 0]",27
14,"[2, 1]",43.44999999999967,"[11, 11]","[0, 0]","[0, 0]",27
15,"[2, 1]",50.34999999999928,"[14, 5]","[1.1500000000000004, 0]","[1.1500000000000004, 0]",27
16,"[2, 1]",60.84999999999868,"[15, 8]","[9.600000000000001, 0]","[9.600000000000001, 0]",27
17,"[2, 3]",89.94999999999703,"[16, 9]","[13.800000000000061, 0]","[2.3, 0]",27
18,"[2, 1]",66.84999999999835,"[17, 13]","[15.15000000000008, 0]","[0.15000000000000002, 0]",27
19,"[0, 1]",92.79999999999687,"[13, 18]","[2.549999999999999, 0]","[2.549999999999999, 0]",27
20,"[2, 1]",72.19999999999804,"[18, 19]","[15.10000000000008, 0]","[0, 0]",27
21,"[2, 3]",104.5999999999962,"[20, 29]","[24.750000000000217, 0]","[0, 0]",27
22,"[2, 1]",80.74999999999756,"[21, 32]","[22.400000000000183, 0]","[0, 0]",27
23,"[2, 3]",113.2999999999957,"[22, 37]","[20.65000000000016, 0]","[0, 0]",27
24,"[2, 1]",89.14999999999708,"[23, 42]","[19.100000000000136, 0]","[0, 0]",27
25,"[2, 3]",121.94999999999521,"[24, 43]","[17.600000000000115, 0]","[0, 0]",27
26,"[2, 3]",124.34999999999508,"[25, 25]","[16.150000000000095, 0]","[0, 0]",27
27,"[2, 1]",95.09999999999674,"[26, 45]","[14.700000000000074, 0]","[0, 0]",27
28,"[2, 1]",97.4499999999966,"[27, 27]","[13.250000000000053, 0]","[0, 0]",27
29,"[0, 3]",121.89999999999522,"[19, 17]","[0, 0]","[0, 0]",27
30,"[0, 1]",94.49999999999677,"[29, 20]","[0, 0]","[0, 0]",27
31,"[2, 3]",134.8499999999964,"[28, 53]","[12.450000000000042, 0]","[0, 0]",27
32,"[0, 1]",95.39999999999672,"[30, 30]","[0, 0]","[0, 0]",27
33,"[2, 1]",104.94999999999618,"[31, 54]","[12.650000000000045, 0]","[0, 0]",27
34,"[2, 3]",138.7499999999973,"[33, 56]","[12.050000000000036, 0]","[0, 0]",27
35,"[2, 3]",151.70000000000024,"[34, 60]","[17.700000000000117, 0]","[6.549999999999985, 0]",27
36,"[2, 3]",158.1500000000017,"[35, 64]","[10.050000000000008, 0]","[0, 0]",27
37,"[0, 3]",126.59999999999495,"[32, 21]","[0, 0]","[0, 0]",27
38,"[0, 1]",98.34999999999656,"[37, 22]","[0, 0]","[0, 0]",27
39,"[2, 3]",159.450000000002,"[36, 36]","[8.74999999999999, 0]","[0, 0]",27
40,"[2, 1]",129.74999999999525,"[39, 67]","[7.4499999999999815, 0]","[0, 0]",27
41,"[2, 1]",138.2499999999972,"[40, 70]","[6.849999999999984, 0]","[0, 0]",27
42,"[0, 1]",99.2499999999965,"[38, 38]","[0, 0]","[0, 0]",27
43,"[0, 3]",130.4499999999954,"[42, 23]","[0, 0]","[0, 0]",27
44,"[0, 1]",102.14999999999634,"[43, 24]","[0, 0]","[0, 0]",27
45,"[0, 1]",103.09999999999629,"[44, 44]","[0, 0]","[0, 0]",27
46,"[2, 3]",176.05000000000578,"[41, 72]","[10.85000000000002, 0]","[3.1999999999999966, 0]",27
47,"[0, 3]",136.5499999999968,"[45, 26]","[0, 0]","[0, 0]",27
48,"[2, 1]",152.55000000000044,"[46, 76]","[8.09999999999998, 0]","[0, 0]",27
49,"[2, 1]",152.45000000000041,"[48, 48]","[8.79999999999999, 0]","[0, 0]",27
50,"[2, 3]",186.7500000000082,"[49, 79]","[9.349999999999998, 0]","[0, 0]",27
51,"[0, 3]",137.8999999999971,"[47, 47]","[0, 0]","[0, 0]",27
52,"[2, 3]",188.9000000000087,"[50, 50]","[10.000000000000007, 0]","[0, 0]",27
53,"[0, 3]",139.09999999999738,"[51, 51]","[0, 0]","[0, 0]",27
54,"[0, 1]",109.19999999999594,"[53, 28]","[0, 0]","[0, 0]",27
55,"[2, 3]",191.25000000000924,"[52, 52]","[12.000000000000036, 0]","[0, 0]",27
56,"[0, 3]",141.4499999999979,"[54, 31]","[0, 0]","[0, 0]",27
57,"[0, 1]",112.39999999999576,"[56, 33]","[0, 0]","[0, 0]",27
58,"[0, 3]",144.99999999999872,"[57, 34]","[0, 0]","[0, 0]",27
59,"[2, 1]",161.95000000000258,"[55, -999]","[16.4500000000001, 0]","[0, 0]",27
60,"[0, 3]",146.29999999999902,"[58, 58]","[0, 0]","[0, 0]",27
61,"[2, 3]",195.35000000001017,"[59, 55]","[18.00000000000012, 0]","[0, 0]",27
62,"[0, 1]",116.9999999999955,"[60, 57]","[0, 0]","[0, 0]",27
63,"[2, 1]",167.25000000000378,"[61, 59]","[18.950000000000134, 0]","[0, 0]",27
64,"[0, 3]",148.8999999999996,"[62, 35]","[0, 0]","[0, 0]",27
65,"[0, 1]",119.09999999999538,"[64, 62]","[0, 0]","[0, 0]",27
66,"[2, 3]",200.55000000001135,"[63, 61]","[21.35000000000017, 0]","[0, 0]",27
67,"[0, 1]",120.14999999999532,"[65, 65]","[0, 0]","[0, 0]",27
68,"[0, 3]",152.0000000000003,"[67, 39]","[0, 0]","[0, 0]",27
69,"[2, 1]",172.35000000000494,"[66, 63]","[25.850000000000232, 0]","[0, 0]",27
70,"[0, 1]",123.44999999999513,"[68, 40]","[0, 0]","[0, 0]",27
71,"[0, 3]",154.05000000000078,"[70, 68]","[0, 0]","[0, 0]",27
72,"[0, 3]",156.20000000000127,"[71, 71]","[0, 0]","[0, 0]",27
73,"[2, 1]",174.55000000000544,"[69, 69]","[28.300000000000267, 0]","[0, 0]",27
74,"[0, 1]",127.4999999999949,"[72, 41]","[0, 0]","[0, 0]",27
75,"[2, 1]",170.75000000000458,"[73, 73]","[29.050000000000278, 0]","[0, 0]",27
76,"[0, 1]",128.49999999999497,"[74, 74]","[0, 0]","[0, 0]",27
77,"[2, 1]",172.1500000000049,"[75, 75]","[30.400000000000297, 0]","[0, 0]",27
78,"[0, 3]",159.55000000000203,"[76, 46]","[0, 0]","[0, 0]",27
79,"[0, 3]",161.40000000000245,"[78, 78]","[0, 0]","[0, 0]",27
0,"[0, 1]",78.89999999999766,"[-999, 12]","[0, 0]","[5.699999999999988, 0]",28
1,"[2, 1]",36.40000000000007,"[-999, -999]","[0, 0]","[0, 0]",28
2,"[2, 3]",68.49999999999825,"[1, -999]","[0, 0]","[0, 0]",28
3,"[2, 1]",37.30000000000002,"[2, 1]","[0, 0]","[0, 0]",28
4,"[0, 3]",107.24999999999605,"[0, 7]","[0, 0]","[0, 0]",28
5,"[2, 1]",39.04999999999992,"[3, 3]","[0, 0]","[0, 0]",28
6,"[2, 1]",40.94999999999981,"[5, 5]","[0, 0]","[0, 0]",28
7,"[2, 3]",72.19999999999804,"[6, 2]","[0, 0]","[0, 0]",28
8,"[2, 1]",40.199999999999854,"[7, 6]","[0, 0]","[0, 0]",28
9,"[0, 3]",108.44999999999598,"[4, 4]","[0, 0]","[0, 0]",28
10,"[2, 1]",42.54999999999972,"[8, 8]","[0, 0]","[0, 0]",28
11,"[0, 1]",80.59999999999756,"[9, 13]","[0, 0]","[0, 0]",28
12,"[2, 1]",43.54999999999966,"[10, 10]","[0, 0]","[0, 0]",28
13,"[2, 1]",50.44999999999927,"[12, 0]","[1.2000000000000004, 0]","[1.2000000000000004, 0]",28
14,"[0, 3]",112.74999999999574,"[11, 16]","[0, 0]","[0, 0]",28
15,"[0, 1]",83.84999999999738,"[14, 17]","[0, 0]","[0, 0]",28
16,"[2, 3]",87.14999999999719,"[13, 9]","[6.349999999999985, 0]","[6.349999999999985, 0]",28
17,"[2, 1]",59.49999999999876,"[16, 11]","[9.149999999999995, 0]","[3.2999999999999963, 0]",28
18,"[0, 3]",114.89999999999561,"[15, 14]","[0, 0]","[0, 0]",28
19,"[0, 1]",86.59999999999722,"[18, 20]","[0, 0]","[0, 0]",28
20,"[2, 1]",66.49999999999837,"[17, 15]","[6.299999999999986, 0]","[0, 0]",28
21,"[2, 3]",98.69999999999654,"[20, 18]","[19.40000000000014, 0]","[0.05, 0]",28
22,"[2, 1]",74.84999999999789,"[21, 26]","[21.40000000000017, 0]","[0, 0]",28
23,"[2, 3]",105.74999999999613,"[22, 21]","[28.800000000000274, 0]","[0.05, 0]",28
24,"[2, 1]",77.89999999999772,"[23, 31]","[26.40000000000024, 0]","[0, 0]",28
25,"[2, 1]",80.39999999999758,"[24, 24]","[24.700000000000216, 0]","[0, 0]",28
26,"[0, 1]",87.64999999999716,"[19, 19]","[0, 0]","[0, 0]",28
27,"[2, 1]",88.44999999999712,"[25, 41]","[23.150000000000194, 0]","[0, 0]",28
28,"[2, 1]",93.84999999999681,"[27, 43]","[21.600000000000172, 0]","[0, 0]",28
29,"[2, 1]",94.19999999999679,"[28, 28]","[20.15000000000015, 0]","[0, 0]",28
30,"[2, 3]",132.94999999999598,"[29, 49]","[18.70000000000013, 0]","[0, 0]",28
31,"[0, 1]",93.19999999999685,"[26, 22]","[2.3999999999999995, 0]","[2.3999999999999995, 0]",28
32,"[2, 1]",109.9499999999959,"[30, 53]","[20.350000000000154, 0]","[3.149999999999997, 0]",28
33,"[0, 3]",126.14999999999498,"[31, 23]","[2.7499999999999982, 0]","[2.7499999999999982, 0]",28
34,"[2, 1]",127.69999999999489,"[32, 58]","[25.550000000000228, 0]","[9.800000000000004, 0]",28
35,"[2, 1]",132.6499999999959,"[34, 61]","[14.300000000000068, 0]","[0, 0]",28
36,"[2, 1]",139.99999999999758,"[35, 65]","[16.5000000000001, 0]","[2.499999999999999, 0]",28
37,"[2, 3]",171.65000000000478,"[36, 66]","[14.700000000000074, 0]","[0, 0]",28
38,"[2, 3]",179.6000000000066,"[37, 70]","[17.750000000000117, 0]","[3.1999999999999966, 0]",28
39,"[2, 1]",156.10000000000124,"[38, 72]","[13.900000000000063, 0]","[0, 0]",28
40,"[0, 3]",127.74999999999488,"[33, 33]","[0, 0]","[0, 0]",28
41,"[0, 1]",99.79999999999647,"[40, 25]","[0, 0]","[0, 0]",28
42,"[2, 3]",186.45000000000815,"[39, 38]","[12.950000000000049, 0]","[0, 0]",28
43,"[0, 1]",106.59999999999609,"[41, 27]","[1.900000000000001, 0]","[1.900000000000001, 0]",28
44,"[0, 3]",135.04999999999646,"[43, 40]","[0, 0]","[0, 0]",28
45,"[0, 3]",137.399999999997,"[44, 44]","[0, 0]","[0, 0]",28
46,"[2, 1]",158.70000000000184,"[42, 74]","[11.950000000000035, 0]","[0, 0]",28
47,"[2, 1]",161.05000000000237,"[46, 46]","[12.30000000000004, 0]","[0, 0]",28
48,"[2, 1]",169.1500000000042,"[47, 78]","[15.600000000000087, 0]","[0, 0]",28
49,"[0, 3]",139.04999999999737,"[45, 45]","[0, 0]","[0, 0]",28
50,"[0, 1]",109.7999999999959,"[49, 29]","[0, 0]","[0, 0]",28
51,"[2, 3]",199.70000000001116,"[48, 76]","[19.500000000000142, 0]","[0, 0]",28
52,"[2, 3]",202.9000000000119,"[51, 51]","[24.150000000000208, 0]","[0, 0]",28
53,"[0, 1]",110.89999999999584,"[50, 50]","[0, 0]","[0, 0]",28
54,"[2, 1]",173.85000000000528,"[52, 79]","[33.80000000000022, 0]","[0, 0]",28
55,"[0, 3]",142.2499999999981,"[53, 30]","[0, 0]","[0, 0]",28
56,"[0, 1]",113.84999999999567,"[55, 32]","[0, 0]","[0, 0]",28
57,"[0, 1]",114.94999999999561,"[56, 56]","[0, 0]","[0, 0]",28
58,"[0, 1]",116.04999999999555,"[57, 57]","[0, 0]","[0, 0]",28
59,"[2, 1]",176.30000000000584,"[54, 54]","[38.44999999999995, 0]","[0, 0]",28
60,"[2, 1]",178.50000000000634,"[59, 59]","[40.549999999999834, 0]","[0, 0]",28
61,"[0, 1]",122.04999999999521,"[58, 34]","[2.549999999999999, 0]","[2.549999999999999, 0]",28
62,"[2, 1]",180.70000000000684,"[60, 60]","[41.89999999999976, 0]","[0, 0]",28
63,"[0, 3]",151.85000000000028,"[61, 55]","[0, 0]","[0, 0]",28
64,"[2, 3]",212.6000000000141,"[62, 52]","[43.04999999999969, 0]","[0, 0]",28
65,"[0, 1]",123.44999999999513,"[63, 35]","[0, 0]","[0, 0]",28
66,"[0, 3]",154.65000000000092,"[65, 63]","[0, 0]","[0, 0]",28
67,"[2, 1]",184.5000000000077,"[64, 62]","[43.64999999999966, 0]","[0, 0]",28
68,"[2, 3]",217.60000000001523,"[67, 64]","[44.24999999999962, 0]","[0, 0]",28
69,"[0, 1]",126.64999999999495,"[66, 36]","[0, 0]","[0, 0]",28
70,"[0, 3]",158.80000000000186,"[69, 37]","[0, 0]","[0, 0]",28
71,"[0, 1]",129.79999999999526,"[70, 69]","[0.3, 0]","[0, 0]",28
72,"[0, 1]",130.94999999999553,"[71, 71]","[0.9000000000000002, 0]","[0, 0]",28
73,"[2, 3]",220.45000000001588,"[68, 68]","[45.449999999999555, 0]","[0, 0]",28
74,"[0, 1]",138.2499999999972,"[72, 39]","[3.2999999999999963, 0]","[2.0500000000000007, 0]",28
75,"[0, 3]",169.25000000000423,"[74, 42]","[1.5000000000000007, 0]","[0, 0]",28
76,"[0, 3]",170.75000000000458,"[75, 75]","[1.6000000000000008, 0]","[0, 0]",28
77,"[2, 3]",222.45000000001633,"[73, 73]","[47.399999999999444, 0]","[0, 0]",28
78,"[0, 1]",143.04999999999828,"[76, 47]","[1.950000000000001, 0]","[0, 0]",28
79,"[0, 1]",149.64999999999978,"[78, 48]","[5.04999999999999, 0]","[2.1000000000000005, 0]",28
0,"[2, 1]",36.40000000000007,"[-999, -999]","[0, 0]","[0, 0]",29
1,"[2, 1]",38.09999999999997,"[0, 0]","[0, 0]","[0, 0]",29
2,"[0, 1]",75.64999999999785,"[-999, 9]","[0, 0]","[3.099999999999997, 0]",29
3,"[2, 3]",68.64999999999824,"[1, -999]","[0, 0]","[0, 0]",29
4,"[2, 3]",71.34999999999809,"[3, 3]","[0, 0]","[0, 0]",29
5,"[2, 3]",73.29999999999798,"[4, 4]","[0, 0]","[0, 0]",29
6,"[2, 3]",74.84999999999789,"[5, 5]","[0, 0]","[0, 0]",29
7,"[2, 1]",40.199999999999854,"[6, -999]","[0, 0]","[0, 0]",29
8,"[2, 1]",42.49999999999972,"[7, 7]","[0, 0]","[0, 0]",29
9,"[2, 1]",43.499999999999666,"[8, 8]","[0, 0]","[0, 0]",29
10,"[2, 3]",73.44999999999797,"[9, 6]","[0, 0]","[0, 0]",29
11,"[2, 1]",46.24999999999951,"[10, 2]","[0, 0]","[0, 0]",29
12,"[0, 1]",78.84999999999766,"[2, 13]","[5.749999999999988, 0]","[5.749999999999988, 0]",29
13,"[2, 1]",46.89999999999947,"[11, 11]","[0, 0]","[0, 0]",29
14,"[2, 1]",52.849999999999135,"[13, 12]","[2.3999999999999995, 0]","[2.3999999999999995, 0]",29
15,"[2, 3]",82.74999999999744,"[14, 10]","[4.849999999999991, 0]","[2.849999999999998, 0]",29
16,"[0, 1]",83.99999999999737,"[12, 14]","[1.2000000000000004, 0]","[1.2000000000000004, 0]",29
17,"[0, 1]",83.89999999999738,"[16, 16]","[0, 0]","[0, 0]",29
18,"[0, 1]",88.89999999999709,"[17, 19]","[2.3999999999999995, 0]","[2.3999999999999995, 0]",29
19,"[2, 1]",58.94999999999879,"[15, 17]","[6.999999999999983, 0]","[0.05, 0]",29
20,"[2, 1]",64.1499999999985,"[19, 18]","[7.049999999999983, 0]","[0, 0]",29
21,"[0, 1]",93.79999999999681,"[18, 20]","[2.549999999999999, 0]","[2.549999999999999, 0]",29
22,"[2, 3]",94.0499999999968,"[20, 15]","[17.400000000000112, 0]","[0.05, 0]",29
23,"[0, 1]",94.19999999999679,"[21, 21]","[0, 0]","[0, 0]",29
24,"[2, 1]",70.14999999999816,"[22, 23]","[17.050000000000107, 0]","[0, 0]",29
25,"[0, 3]",124.69999999999506,"[23, 22]","[0, 0]","[0, 0]",29
26,"[2, 1]",70.59999999999813,"[24, 24]","[14.700000000000074, 0]","[0, 0]",29
27,"[2, 3]",120.19999999999531,"[26, 37]","[22.600000000000186, 0]","[9.600000000000001, 0]",29
28,"[0, 3]",126.74999999999494,"[25, 25]","[0, 0]","[0, 0]",29
29,"[2, 3]",121.69999999999523,"[27, 27]","[11.450000000000028, 0]","[0, 0]",29
30,"[0, 3]",128.29999999999492,"[28, 28]","[0.7500000000000001, 0]","[0, 0]",29
31,"[2, 1]",91.44999999999695,"[29, 40]","[9.950000000000006, 0]","[0, 0]",29
32,"[2, 3]",125.699999999995,"[31, 42]","[8.499999999999986, 0]","[0, 0]",29
33,"[2, 1]",96.44999999999666,"[32, 44]","[6.999999999999983, 0]","[0, 0]",29
34,"[2, 1]",98.89999999999652,"[33, 33]","[5.549999999999988, 0]","[0, 0]",29
35,"[0, 3]",129.64999999999523,"[30, 30]","[1.0500000000000003, 0]","[0, 0]",29
36,"[2, 1]",106.94999999999607,"[34, 54]","[4.099999999999993, 0]","[0, 0]",29
37,"[0, 3]",130.8499999999955,"[35, 35]","[1.2500000000000004, 0]","[0, 0]",29
38,"[2, 3]",137.54999999999703,"[36, 52]","[3.599999999999995, 0]","[0, 0]",29
39,"[2, 3]",140.59999999999772,"[38, 38]","[3.899999999999994, 0]","[0, 0]",29
40,"[0, 1]",101.54999999999637,"[37, -999]","[1.6500000000000008, 0]","[0, 0]",29
41,"[2, 1]",111.49999999999581,"[39, 58]","[5.09999999999999, 0]","[0, 0]",29
42,"[0, 3]",138.7499999999973,"[40, 29]","[5.649999999999988, 0]","[3.2999999999999963, 0]",29
43,"[2, 3]",149.6999999999998,"[41, 63]","[6.449999999999985, 0]","[0, 0]",29
44,"[0, 1]",109.59999999999592,"[42, 31]","[2.499999999999999, 0]","[0, 0]",29
45,"[2, 3]",151.25000000000014,"[43, 43]","[7.049999999999983, 0]","[0, 0]",29
46,"[2, 1]",121.44999999999524,"[45, 65]","[14.45000000000007, 0]","[0, 0]",29
47,"[2, 1]",123.79999999999511,"[46, 46]","[15.80000000000009, 0]","[0, 0]",29
48,"[2, 1]",126.04999999999498,"[47, 47]","[16.950000000000106, 0]","[0, 0]",29
49,"[0, 3]",142.14999999999807,"[44, 32]","[2.1500000000000004, 0]","[0, 0]",29
50,"[2, 3]",159.15000000000194,"[48, 75]","[17.20000000000011, 0]","[0, 0]",29
51,"[2, 1]",134.89999999999642,"[50, 78]","[16.250000000000096, 0]","[0, 0]",29
52,"[0, 3]",143.39999999999836,"[49, 49]","[1.6500000000000008, 0]","[0, 0]",29
53,"[2, 3]",165.70000000000343,"[51, 50]","[16.4500000000001, 0]","[0, 0]",29
54,"[0, 1]",115.54999999999558,"[52, 34]","[1.0000000000000002, 0]","[0, 0]",29
55,"[0, 1]",121.99999999999521,"[54, 36]","[2.499999999999999, 0]","[2.25, 0]",29
56,"[2, 3]",168.45000000000405,"[53, 53]","[17.600000000000115, 0]","[0, 0]",29
57,"[2, 3]",170.8500000000046,"[56, 56]","[17.800000000000118, 0]","[0, 0]",29
58,"[0, 1]",121.34999999999525,"[55, 55]","[0, 0]","[0, 0]",29
59,"[2, 3]",173.0500000000051,"[57, 57]","[17.500000000000114, 0]","[0, 0]",29
60,"[2, 3]",175.35000000000562,"[59, 59]","[17.15000000000011, 0]","[0, 0]",29
61,"[0, 3]",155.15000000000103,"[58, 39]","[0, 0]","[0, 0]",29
62,"[2, 3]",177.70000000000616,"[60, 60]","[16.850000000000104, 0]","[0, 0]",29
63,"[0, 3]",156.50000000000134,"[61, 61]","[0, 0]","[0, 0]",29
64,"[0, 1]",126.89999999999493,"[63, 41]","[0, 0]","[0, 0]",29
65,"[0, 1]",128.04999999999487,"[64, 64]","[0, 0]","[0, 0]",29
66,"[2, 3]",180.00000000000668,"[62, 62]","[17.050000000000107, 0]","[0, 0]",29
67,"[2, 1]",150.65,"[66, -999]","[16.6000000000001, 0]","[0, 0]",29
68,"[2, 1]",153.3000000000006,"[67, 67]","[16.100000000000094, 0]","[0, 0]",29
69,"[0, 3]",160.05000000000214,"[65, 45]","[0, 0]","[0, 0]",29
70,"[2, 1]",154.75000000000094,"[68, 68]","[15.950000000000092, 0]","[0, 0]",29
71,"[0, 3]",161.40000000000245,"[69, 69]","[0, 0]","[0, 0]",29
72,"[2, 3]",177.8500000000062,"[70, 66]","[13.650000000000059, 0]","[0, 0]",29
73,"[2, 3]",175.05000000000555,"[72, 72]","[13.800000000000061, 0]","[0, 0]",29
74,"[2, 3]",176.6000000000059,"[73, 73]","[14.600000000000072, 0]","[0, 0]",29
75,"[0, 3]",162.5000000000027,"[71, 71]","[0, 0]","[0, 0]",29
76,"[0, 1]",134.99999999999645,"[75, 48]","[0, 0]","[0, 0]",29
77,"[2, 3]",178.70000000000638,"[74, 74]","[16.050000000000093, 0]","[0, 0]",29
78,"[0, 1]",135.39999999999654,"[76, 76]","[0, 0]","[0, 0]",29
79,"[0, 1]",140.79999999999777,"[78, 51]","[2.4499999999999993, 0]","[2.4499999999999993, 0]",29
0,"[2, 1]",36.40000000000007,"[-999, -999]","[0, 0]","[0, 0]",30
1,"[0, 3]",96.69999999999665,"[-999, 5]","[0, 0]","[0, 0]",30
2,"[2, 3]",68.49999999999825,"[0, -999]","[0, 0]","[0, 0]",30
3,"[2, 1]",38.64999999999994,"[2, 0]","[0, 0]","[0, 0]",30
4,"[0, 1]",80.49999999999757,"[1, 14]","[4.94999999999999, 0]","[4.94999999999999, 0]",30
5,"[2, 3]",69.64999999999819,"[3, 2]","[0, 0]","[0, 0]",30
6,"[0, 1]",79.9999999999976,"[4, 4]","[0, 0]","[0, 0]",30
7,"[2, 1]",39.89999999999987,"[5, 3]","[0, 0]","[0, 0]",30
8,"[2, 1]",41.89999999999976,"[7, 7]","[0, 0]","[0, 0]",30
9,"[2, 1]",43.59999999999966,"[8, 8]","[0, 0]","[0, 0]",30
10,"[0, 3]",110.39999999999587,"[6, 1]","[0, 0]","[0, 0]",30
11,"[2, 1]",45.14999999999957,"[9, 9]","[0, 0]","[0, 0]",30
12,"[2, 1]",46.4499999999995,"[11, 11]","[0, 0]","[0, 0]",30
13,"[0, 1]",82.04999999999748,"[10, 15]","[0, 0]","[0, 0]",30
14,"[2, 1]",47.44999999999944,"[12, 12]","[0, 0]","[0, 0]",30
15,"[2, 1]",58.54999999999881,"[14, 6]","[6.749999999999984, 0]","[6.749999999999984, 0]",30
16,"[2, 1]",65.34999999999843,"[15, 13]","[13.300000000000054, 0]","[5.849999999999987, 0]",30
17,"[2, 1]",66.24999999999838,"[16, 16]","[12.050000000000036, 0]","[0, 0]",30
18,"[0, 3]",113.24999999999571,"[13, 10]","[0, 0]","[0, 0]",30
19,"[2, 1]",74.6499999999979,"[17, 22]","[22.95000000000019, 0]","[3.2999999999999963, 0]",30
20,"[2, 1]",92.2499999999969,"[19, 28]","[31.750000000000316, 0]","[9.900000000000006, 0]",30
21,"[0, 3]",115.44999999999558,"[18, 18]","[0, 0]","[0, 0]",30
22,"[0, 1]",86.9499999999972,"[21, 17]","[0, 0]","[0, 0]",30
23,"[2, 3]",121.34999999999525,"[20, 24]","[19.500000000000142, 0]","[0, 0]",30
24,"[0, 3]",117.79999999999545,"[22, 21]","[0, 0]","[0, 0]",30
25,"[0, 1]",89.59999999999705,"[24, 19]","[0, 0]","[0, 0]",30
26,"[2, 1]",98.14999999999657,"[23, 32]","[17.750000000000117, 0]","[0, 0]",30
27,"[0, 1]",90.649999999997,"[25, 25]","[0, 0]","[0, 0]",30
28,"[0, 1]",91.64999999999694,"[27, 27]","[0, 0]","[0, 0]",30
29,"[0, 1]",97.6499999999966,"[28, 20]","[2.3999999999999995, 0]","[2.3999999999999995, 0]",30
30,"[2, 3]",135.99999999999667,"[26, 37]","[19.550000000000143, 0]","[3.2999999999999963, 0]",30
31,"[2, 3]",148.64999999999955,"[30, 43]","[21.45000000000017, 0]","[6.649999999999984, 0]",30
32,"[0, 1]",97.99999999999658,"[29, 29]","[0, 0]","[0, 0]",30
33,"[2, 1]",119.04999999999538,"[31, 44]","[13.400000000000055, 0]","[0, 0]",30
34,"[0, 3]",128.39999999999495,"[32, 23]","[0, 0]","[0, 0]",30
35,"[2, 1]",138.14999999999716,"[33, 50]","[23.700000000000202, 0]","[9.700000000000003, 0]",30
36,"[2, 1]",137.99999999999713,"[35, 35]","[14.100000000000065, 0]","[0, 0]",30
37,"[0, 3]",130.54999999999544,"[34, 34]","[0, 0]","[0, 0]",30
38,"[2, 3]",171.80000000000481,"[36, 54]","[14.250000000000068, 0]","[0, 0]",30
39,"[0, 1]",101.94999999999635,"[37, 26]","[0, 0]","[0, 0]",30
40,"[0, 3]",133.99999999999622,"[39, 30]","[0, 0]","[0, 0]",30
41,"[2, 3]",174.00000000000531,"[38, 38]","[21.100000000000165, 0]","[0, 0]",30
42,"[2, 3]",176.30000000000584,"[41, 41]","[20.85000000000016, 0]","[0, 0]",30
43,"[0, 3]",135.29999999999652,"[40, 40]","[0, 0]","[0, 0]",30
44,"[0, 1]",106.09999999999611,"[43, 39]","[0, 0]","[0, 0]",30
45,"[0, 3]",138.19999999999717,"[44, 31]","[0, 0]","[0, 0]",30
46,"[0, 1]",109.39999999999593,"[45, 33]","[0, 0]","[0, 0]",30
47,"[2, 1]",149.99999999999986,"[42, 61]","[20.70000000000016, 0]","[0, 0]",30
48,"[0, 1]",110.19999999999588,"[46, 46]","[0, 0]","[0, 0]",30
49,"[2, 1]",150.39999999999995,"[47, 47]","[22.700000000000188, 0]","[0, 0]",30
50,"[0, 1]",111.24999999999582,"[48, 48]","[0, 0]","[0, 0]",30
51,"[0, 3]",142.2999999999981,"[50, 45]","[0, 0]","[0, 0]",30
52,"[2, 1]",152.25000000000037,"[49, 49]","[24.000000000000206, 0]","[0, 0]",30
53,"[2, 3]",190.7000000000091,"[52, 65]","[28.50000000000027, 0]","[0, 0]",30
54,"[0, 3]",144.59999999999863,"[51, 51]","[0, 0]","[0, 0]",30
55,"[2, 1]",161.10000000000238,"[53, 67]","[29.90000000000029, 0]","[0, 0]",30
56,"[0, 1]",115.0999999999956,"[54, 36]","[0, 0]","[0, 0]",30
57,"[0, 1]",116.29999999999553,"[56, 56]","[0, 0]","[0, 0]",30
58,"[2, 1]",163.25000000000287,"[55, 55]","[32.70000000000028, 0]","[0, 0]",30
59,"[0, 1]",117.29999999999548,"[57, 57]","[0, 0]","[0, 0]",30
60,"[2, 3]",201.05000000001147,"[58, 72]","[35.35000000000013, 0]","[0, 0]",30
61,"[0, 1]",118.34999999999542,"[59, 59]","[0, 0]","[0, 0]",30
62,"[0, 3]",149.09999999999965,"[61, 42]","[0, 0]","[0, 0]",30
63,"[0, 3]",151.00000000000009,"[62, 62]","[0, 0]","[0, 0]",30
64,"[0, 3]",152.45000000000041,"[63, 63]","[0, 0]","[0, 0]",30
65,"[0, 3]",153.6500000000007,"[64, 64]","[0, 0]","[0, 0]",30
66,"[2, 3]",202.45000000001178,"[60, 60]","[37.699999999999996, 0]","[0, 0]",30
67,"[0, 1]",124.19999999999509,"[65, 52]","[0, 0]","[0, 0]",30
68,"[2, 1]",184.60000000000773,"[66, 77]","[45.19999999999957, 0]","[6.699999999999984, 0]",30
69,"[2, 1]",185.25000000000787,"[68, 68]","[40.39999999999984, 0]","[0, 0]",30
70,"[0, 3]",156.3000000000013,"[67, 53]","[0, 0]","[0, 0]",30
71,"[0, 3]",157.6000000000016,"[70, 70]","[0, 0]","[0, 0]",30
72,"[0, 3]",158.80000000000186,"[71, 71]","[0, 0]","[0, 0]",30
73,"[2, 3]",217.9500000000153,"[69, 79]","[44.09999999999963, 0]","[0, 0]",30
74,"[0, 1]",129.19999999999513,"[72, 58]","[0, 0]","[0, 0]",30
75,"[0, 1]",130.04999999999532,"[74, 74]","[0, 0]","[0, 0]",30
76,"[0, 1]",130.64999999999546,"[75, 75]","[0, 0]","[0, 0]",30
77,"[0, 1]",127.5499999999949,"[76, 76]","[0, 0]","[0, 0]",30
78,"[2, 3]",220.950000000016,"[73, 73]","[50.24999999999928, 0]","[0, 0]",30
79,"[0, 3]",157.2000000000015,"[77, 66]","[0.8500000000000002, 0]","[0, 0]",30
0,"[2, 1]",36.40000000000007,"[-999, -999]","[0, 0]","[0, 0]",31
1,"[2, 1]",38.09999999999997,"[0, 0]","[0, 0]","[0, 0]",31
2,"[2, 1]",39.89999999999987,"[1, 1]","[0, 0]","[0, 0]",31
3,"[2, 1]",41.79999999999976,"[2, 2]","[0, 0]","[0, 0]",31
4,"[0, 1]",67.49999999999831,"[-999, 11]","[0, 0]","[0, 0]",31
5,"[0, 1]",87.29999999999718,"[4, 17]","[8.79999999999999, 0]","[8.79999999999999, 0]",31
6,"[2, 1]",43.54999999999966,"[3, 3]","[0, 0]","[0, 0]",31
7,"[2, 3]",71.1499999999981,"[6, -999]","[0, 0]","[0, 0]",31
8,"[0, 1]",86.79999999999721,"[5, 5]","[0, 0]","[0, 0]",31
9,"[2, 3]",73.69999999999796,"[7, 7]","[0, 0]","[0, 0]",31
10,"[0, 3]",119.34999999999536,"[8, 19]","[0, 0]","[0, 0]",31
11,"[2, 1]",39.449999999999896,"[9, 6]","[0, 0]","[0, 0]",31
12,"[0, 3]",120.69999999999528,"[10, 10]","[0, 0]","[0, 0]",31
13,"[2, 3]",72.69999999999801,"[11, 9]","[0, 0]","[0, 0]",31
14,"[2, 1]",44.6499999999996,"[13, 4]","[0, 0]","[0, 0]",31
15,"[2, 1]",45.59999999999955,"[14, 14]","[0, 0]","[0, 0]",31
16,"[2, 1]",46.349999999999504,"[15, 15]","[0, 0]","[0, 0]",31
17,"[2, 1]",46.89999999999947,"[16, 16]","[0, 0]","[0, 0]",31
18,"[2, 3]",76.3499999999978,"[17, 13]","[0, 0]","[0, 0]",31
19,"[2, 3]",79.29999999999764,"[18, 18]","[0, 0]","[0, 0]",31
20,"[2, 1]",50.84999999999925,"[19, 8]","[0, 0]","[0, 0]",31
21,"[2, 1]",52.849999999999135,"[20, 20]","[0, 0]","[0, 0]",31
22,"[0, 3]",121.84999999999522,"[12, 12]","[0, 0]","[0, 0]",31
23,"[2, 1]",54.799999999999024,"[21, 21]","[5.699999999999988, 0]","[0, 0]",31
24,"[0, 1]",95.24999999999673,"[22, 23]","[0.15000000000000002, 0]","[0, 0]",31
25,"[0, 3]",126.74999999999494,"[24, 26]","[0, 0]","[0, 0]",31
26,"[2, 3]",87.89999999999715,"[23, 22]","[6.499999999999985, 0]","[0, 0]",31
27,"[2, 1]",59.44999999999876,"[26, 24]","[4.199999999999993, 0]","[0, 0]",31
28,"[2, 3]",93.19999999999685,"[27, 25]","[2.499999999999999, 0]","[0, 0]",31
29,"[2, 1]",68.44999999999825,"[28, 31]","[1.0000000000000002, 0]","[0, 0]",31
30,"[0, 1]",98.74999999999653,"[25, 27]","[0, 0]","[0, 0]",31
31,"[0, 1]",99.14999999999651,"[30, 30]","[0, 0]","[0, 0]",31
32,"[0, 1]",104.5499999999962,"[31, 29]","[2.4499999999999993, 0]","[2.4499999999999993, 0]",31
33,"[2, 3]",98.79999999999653,"[29, 28]","[0, 0]","[0, 0]",31
34,"[2, 1]",75.04999999999788,"[33, 36]","[0, 0]","[0, 0]",31
35,"[2, 1]",75.44999999999786,"[34, 34]","[0, 0]","[0, 0]",31
36,"[0, 1]",104.99999999999618,"[32, 32]","[0, 0]","[0, 0]",31
37,"[0, 3]",135.59999999999658,"[36, 33]","[0, 0]","[0, 0]",31
38,"[0, 3]",137.74999999999707,"[37, 37]","[0, 0]","[0, 0]",31
39,"[2, 3]",114.89999999999561,"[35, 40]","[3.349999999999996, 0]","[3.349999999999996, 0]",31
40,"[0, 3]",139.29999999999742,"[38, 38]","[0, 0]","[0, 0]",31
41,"[0, 1]",109.9999999999959,"[40, 35]","[0, 0]","[0, 0]",31
42,"[0, 1]",111.09999999999583,"[41, 41]","[0, 0]","[0, 0]",31
43,"[2, 1]",91.29999999999696,"[39, 42]","[0, 0]","[0, 0]",31
44,"[0, 1]",118.44999999999541,"[42, 43]","[1.800000000000001, 0]","[1.800000000000001, 0]",31
45,"[2, 3]",122.34999999999519,"[43, 39]","[0, 0]","[0, 0]",31
46,"[2, 1]",97.09999999999663,"[45, 53]","[0, 0]","[0, 0]",31
47,"[2, 1]",105.09999999999617,"[46, 58]","[3.2499999999999964, 0]","[3.2499999999999964, 0]",31
48,"[2, 1]",112.49999999999575,"[47, 62]","[3.2999999999999963, 0]","[3.2999999999999963, 0]",31
49,"[2, 3]",150.1999999999999,"[48, 64]","[4.149999999999993, 0]","[3.149999999999997, 0]",31
50,"[2, 1]",126.99999999999493,"[49, 66]","[5.649999999999988, 0]","[3.149999999999997, 0]",31
51,"[2, 1]",134.54999999999634,"[50, 68]","[6.8999999999999835, 0]","[3.399999999999996, 0]",31
52,"[2, 3]",172.1500000000049,"[51, 74]","[8.399999999999984, 0]","[3.1999999999999966, 0]",31
53,"[0, 1]",117.89999999999544,"[44, 44]","[0, 0]","[0, 0]",31
54,"[2, 1]",142.54999999999816,"[52, 75]","[6.149999999999986, 0]","[0, 0]",31
55,"[0, 3]",147.9499999999994,"[53, 45]","[0, 0]","[0, 0]",31
56,"[2, 1]",161.70000000000252,"[54, 79]","[18.00000000000012, 0]","[9.750000000000004, 0]",31
57,"[2, 1]",161.50000000000247,"[56, 56]","[11.450000000000028, 0]","[0, 0]",31
58,"[0, 1]",119.49999999999535,"[55, 46]","[0, 0]","[0, 0]",31
59,"[2, 1]",163.15000000000285,"[57, 57]","[15.350000000000083, 0]","[0, 0]",31
60,"[2, 1]",165.2000000000033,"[59, 59]","[25.300000000000225, 0]","[0, 0]",31
61,"[0, 3]",150.6,"[58, 55]","[0, 0]","[0, 0]",31
62,"[0, 1]",122.44999999999519,"[61, 47]","[0, 0]","[0, 0]",31
63,"[0, 3]",153.60000000000068,"[62, 61]","[0, 0]","[0, 0]",31
64,"[0, 3]",155.80000000000118,"[63, 63]","[0, 0]","[0, 0]",31
65,"[0, 1]",127.14999999999492,"[64, 48]","[0, 0]","[0, 0]",31
66,"[0, 1]",128.1999999999949,"[65, 65]","[0, 0]","[0, 0]",31
67,"[0, 3]",159.450000000002,"[66, 49]","[0, 0]","[0, 0]",31
68,"[0, 1]",131.2499999999956,"[67, 50]","[0, 0]","[0, 0]",31
69,"[0, 3]",162.40000000000268,"[68, 67]","[0, 0]","[0, 0]",31
70,"[2, 1]",167.4000000000038,"[60, 60]","[27.950000000000262, 0]","[0, 0]",31
71,"[2, 3]",199.95000000001122,"[70, -999]","[29.20000000000028, 0]","[0, 0]",31
72,"[2, 3]",203.20000000001195,"[71, 71]","[37.350000000000016, 0]","[0, 0]",31
73,"[2, 3]",205.75000000001253,"[72, 72]","[40.899999999999814, 0]","[0, 0]",31
74,"[0, 3]",164.60000000000318,"[69, 69]","[0, 0]","[0, 0]",31
75,"[0, 1]",135.94999999999666,"[74, 51]","[0, 0]","[0, 0]",31
76,"[0, 3]",168.05000000000396,"[75, 52]","[0, 0]","[0, 0]",31
77,"[0, 1]",139.09999999999738,"[76, 54]","[0, 0]","[0, 0]",31
78,"[0, 1]",139.84999999999755,"[77, 77]","[0, 0]","[0, 0]",31
79,"[0, 1]",140.69999999999774,"[78, 78]","[0, 0]","[0, 0]",31
0,"[2, 3]",67.7499999999983,"[-999, -999]","[0, 0]","[0, 0]",32
1,"[0, 1]",67.5999999999983,"[-999, 11]","[0, 0]","[0, 0]",32
2,"[0, 1]",74.14999999999793,"[1, 13]","[0, 0]","[0, 0]",32
3,"[2, 1]",37.15000000000003,"[0, -999]","[0, 0]","[0, 0]",32
4,"[2, 3]",69.99999999999817,"[3, 0]","[0, 0]","[0, 0]",32
5,"[2, 3]",72.39999999999803,"[4, 4]","[0, 0]","[0, 0]",32
6,"[0, 3]",104.5499999999962,"[2, 5]","[0, 0]","[0, 0]",32
7,"[0, 1]",82.49999999999746,"[6, 18]","[3.2999999999999963, 0]","[3.2999999999999963, 0]",32
8,"[2, 1]",38.34999999999996,"[5, 3]","[0, 0]","[0, 0]",32
9,"[0, 1]",81.99999999999748,"[7, 7]","[0, 0]","[0, 0]",32
10,"[2, 1]",40.59999999999983,"[8, 8]","[0, 0]","[0, 0]",32
11,"[2, 1]",42.39999999999973,"[10, 10]","[0, 0]","[0, 0]",32
12,"[0, 1]",87.64999999999716,"[9, 20]","[2.499999999999999, 0]","[2.499999999999999, 0]",32
13,"[2, 1]",50.399999999999274,"[11, 1]","[2.4499999999999993, 0]","[2.4499999999999993, 0]",32
14,"[0, 1]",93.44999999999683,"[12, 22]","[2.7499999999999982, 0]","[2.7499999999999982, 0]",32
15,"[0, 1]",93.34999999999684,"[14, 14]","[0, 0]","[0, 0]",32
16,"[2, 1]",55.94999999999896,"[13, 2]","[6.5999999999999845, 0]","[6.5999999999999845, 0]",32
17,"[0, 3]",123.9999999999951,"[15, 6]","[0, 0]","[0, 0]",32
18,"[2, 1]",56.14999999999895,"[16, 16]","[9.049999999999994, 0]","[2.5999999999999988, 0]",32
19,"[0, 1]",96.24999999999667,"[17, 23]","[0, 0]","[0, 0]",32
20,"[2, 1]",68.64999999999824,"[18, 9]","[12.30000000000004, 0]","[2.8999999999999977, 0]",32
21,"[0, 3]",128.54999999999498,"[19, 24]","[0.65, 0]","[0, 0]",32
22,"[2, 1]",73.54999999999797,"[20, 12]","[16.000000000000092, 0]","[0, 0]",32
23,"[2, 1]",84.84999999999732,"[22, 15]","[23.700000000000202, 0]","[2.6999999999999984, 0]",32
24,"[2, 3]",116.54999999999552,"[23, 17]","[18.65000000000013, 0]","[0, 0]",32
25,"[0, 3]",129.9999999999953,"[21, 21]","[1.1000000000000003, 0]","[0, 0]",32
26,"[2, 3]",134.8499999999964,"[24, 28]","[26.550000000000242, 0]","[9.600000000000001, 0]",32
27,"[2, 3]",136.4999999999968,"[26, 26]","[15.450000000000085, 0]","[0, 0]",32
28,"[0, 3]",131.34999999999562,"[25, 25]","[1.800000000000001, 0]","[0, 0]",32
29,"[2, 3]",138.14999999999716,"[27, 27]","[14.100000000000065, 0]","[0, 0]",32
30,"[0, 1]",101.94999999999635,"[28, -999]","[2.2, 0]","[0, 0]",32
31,"[2, 1]",108.44999999999598,"[29, 34]","[13.150000000000052, 0]","[0, 0]",32
32,"[2, 1]",127.59999999999489,"[31, 44]","[23.5000000000002, 0]","[9.800000000000004, 0]",32
33,"[0, 1]",103.04999999999629,"[30, 30]","[1.900000000000001, 0]","[0, 0]",32
34,"[0, 1]",104.09999999999623,"[33, 33]","[1.4000000000000006, 0]","[0, 0]",32
35,"[0, 3]",136.4999999999968,"[34, 29]","[0.8000000000000002, 0]","[0, 0]",32
36,"[2, 1]",132.49999999999588,"[32, 46]","[13.800000000000061, 0]","[0, 0]",32
37,"[2, 3]",162.40000000000268,"[36, 35]","[14.550000000000072, 0]","[0, 0]",32
38,"[0, 1]",107.89999999999601,"[35, 31]","[0, 0]","[0, 0]",32
39,"[2, 3]",171.3000000000047,"[37, 53]","[14.300000000000068, 0]","[0, 0]",32
40,"[0, 1]",108.44999999999598,"[38, 38]","[0, 0]","[0, 0]",32
41,"[2, 1]",158.35000000000176,"[39, 61]","[22.75000000000019, 0]","[9.600000000000001, 0]",32
42,"[2, 3]",190.150000000009,"[41, 62]","[11.900000000000034, 0]","[0, 0]",32
43,"[2, 1]",166.4000000000036,"[42, 65]","[10.450000000000014, 0]","[0, 0]",32
44,"[0, 1]",109.49999999999592,"[40, 40]","[0, 0]","[0, 0]",32
45,"[2, 1]",172.05000000000487,"[43, 69]","[8.999999999999993, 0]","[0, 0]",32
46,"[0, 1]",115.44999999999558,"[44, 32]","[2.4499999999999993, 0]","[2.4499999999999993, 0]",32
47,"[2, 3]",202.20000000001173,"[45, 42]","[7.599999999999981, 0]","[0, 0]",32
48,"[2, 3]",210.8500000000137,"[47, 72]","[8.599999999999987, 0]","[0, 0]",32
49,"[2, 3]",212.6500000000141,"[48, 48]","[15.80000000000009, 0]","[0, 0]",32
50,"[0, 1]",120.5499999999953,"[46, 36]","[2.5999999999999988, 0]","[2.5999999999999988, 0]",32
51,"[2, 3]",214.75000000001458,"[49, 49]","[22.05000000000018, 0]","[0, 0]",32
52,"[2, 1]",185.25000000000787,"[51, 78]","[28.850000000000275, 0]","[0, 0]",32
53,"[0, 3]",152.45000000000041,"[50, 37]","[0, 0]","[0, 0]",32
54,"[0, 1]",123.34999999999513,"[53, 50]","[0, 0]","[0, 0]",32
55,"[0, 1]",124.44999999999507,"[54, 54]","[0, 0]","[0, 0]",32
56,"[2, 1]",187.70000000000843,"[52, 52]","[43.699999999999655, 0]","[0, 0]",32
57,"[2, 1]",189.8000000000089,"[56, 56]","[57.14999999999889, 0]","[0, 0]",32
58,"[0, 1]",125.54999999999501,"[55, 55]","[0, 0]","[0, 0]",32
59,"[2, 3]",222.7000000000164,"[57, 79]","[65.29999999999843, 0]","[0, 0]",32
60,"[2, 3]",225.70000000001707,"[59, 59]","[67.19999999999833, 0]","[0, 0]",32
61,"[0, 1]",126.59999999999495,"[58, 58]","[0, 0]","[0, 0]",32
62,"[0, 3]",157.7000000000016,"[61, 39]","[0, 0]","[0, 0]",32
63,"[2, 1]",196.30000000001039,"[60, -999]","[68.44999999999825, 0]","[0, 0]",32
64,"[0, 1]",129.8999999999953,"[62, 41]","[0, 0]","[0, 0]",32
65,"[0, 1]",130.8499999999955,"[64, 64]","[0, 0]","[0, 0]",32
66,"[2, 3]",229.15000000001785,"[63, 60]","[69.4999999999982, 0]","[0, 0]",32
67,"[2, 1]",200.90000000001143,"[66, 63]","[69.99999999999817, 0]","[0, 0]",32
68,"[2, 1]",197.40000000001064,"[67, 67]","[71.44999999999808, 0]","[0, 0]",32
69,"[0, 1]",136.29999999999674,"[65, 43]","[3.149999999999997, 0]","[2.3999999999999995, 0]",32
70,"[0, 1]",142.79999999999822,"[69, 45]","[3.599999999999995, 0]","[2.3999999999999995, 0]",32
71,"[2, 3]",228.4500000000177,"[68, 66]","[72.64999999999802, 0]","[0, 0]",32
72,"[0, 3]",173.80000000000527,"[70, 47]","[1.4500000000000006, 0]","[0, 0]",32
73,"[2, 3]",231.25000000001833,"[71, 71]","[72.999999999998, 0]","[0, 0]",32
74,"[2, 1]",181.8500000000071,"[73, -999]","[58.999999999998785, 0]","[0, 0]",32
75,"[0, 1]",144.4999999999986,"[72, 70]","[1.7000000000000008, 0]","[0, 0]",32
76,"[2, 1]",184.20000000000763,"[74, 74]","[60.14999999999872, 0]","[0, 0]",32
77,"[0, 1]",145.3499999999988,"[75, 75]","[1.900000000000001, 0]","[0, 0]",32
78,"[0, 1]",146.249999999999,"[77, 77]","[2.849999999999998, 0]","[0, 0]",32
79,"[0, 3]",179.1500000000065,"[78, 51]","[4.149999999999993, 0]","[0, 0]",32
0,"[0, 1]",68.54999999999825,"[-999, 8]","[0, 0]","[0, 0]",33
1,"[2, 3]",67.7499999999983,"[-999, -999]","[0, 0]","[0, 0]",33
2,"[2, 3]",70.84999999999812,"[1, 1]","[0, 0]","[0, 0]",33
3,"[2, 3]",72.69999999999801,"[2, 2]","[0, 0]","[0, 0]",33
4,"[2, 1]",38.249999999999964,"[3, -999]","[0, 0]","[0, 0]",33
5,"[0, 1]",73.34999999999798,"[0, 10]","[2.25, 0]","[2.25, 0]",33
6,"[2, 1]",40.44999999999984,"[4, 4]","[0, 0]","[0, 0]",33
7,"[2, 3]",72.04999999999805,"[6, 3]","[0, 0]","[0, 0]",33
8,"[2, 1]",39.84999999999987,"[7, 6]","[0, 0]","[0, 0]",33
9,"[2, 3]",72.54999999999802,"[8, 7]","[0, 0]","[0, 0]",33
10,"[2, 1]",43.89999999999964,"[9, 0]","[0, 0]","[0, 0]",33
11,"[2, 3]",74.54999999999791,"[10, 9]","[0, 0]","[0, 0]",33
12,"[2, 1]",47.049999999999464,"[11, 5]","[0, 0]","[0, 0]",33
13,"[2, 3]",76.4499999999978,"[12, 11]","[0, 0]","[0, 0]",33
14,"[2, 1]",51.04999999999924,"[13, 20]","[2.5999999999999988, 0]","[2.5999999999999988, 0]",33
15,"[2, 1]",61.69999999999863,"[14, 23]","[9.750000000000004, 0]","[9.750000000000004, 0]",33
16,"[2, 1]",61.84999999999862,"[15, 15]","[14.500000000000071, 0]","[2.4499999999999993, 0]",33
17,"[2, 1]",79.79999999999761,"[16, 39]","[21.600000000000172, 0]","[6.5999999999999845, 0]",33
18,"[2, 1]",79.59999999999762,"[17, 17]","[17.30000000000011, 0]","[0, 0]",33
19,"[2, 3]",111.6499999999958,"[18, 40]","[28.900000000000276, 0]","[0, 0]",33
20,"[0, 1]",67.89999999999829,"[5, 12]","[0, 0]","[0, 0]",33
21,"[0, 1]",74.54999999999791,"[20, 14]","[0.9500000000000003, 0]","[0.9500000000000003, 0]",33
22,"[2, 1]",83.64999999999739,"[19, 46]","[26.600000000000243, 0]","[0, 0]",33
23,"[0, 1]",75.19999999999787,"[21, 21]","[0, 0]","[0, 0]",33
24,"[2, 1]",97.5999999999966,"[22, 50]","[28.100000000000264, 0]","[3.149999999999997, 0]",33
25,"[2, 3]",126.39999999999496,"[24, 47]","[23.4500000000002, 0]","[0, 0]",33
26,"[2, 1]",98.64999999999654,"[25, 52]","[22.000000000000178, 0]","[0, 0]",33
27,"[2, 1]",107.24999999999605,"[26, 56]","[20.600000000000158, 0]","[0, 0]",33
28,"[2, 1]",108.24999999999599,"[27, 27]","[19.25000000000014, 0]","[0, 0]",33
29,"[2, 1]",110.24999999999588,"[28, 28]","[17.800000000000118, 0]","[0, 0]",33
30,"[2, 1]",118.39999999999542,"[29, 65]","[16.400000000000098, 0]","[0, 0]",33
31,"[0, 3]",106.19999999999611,"[23, 13]","[0, 0]","[0, 0]",33
32,"[2, 1]",135.59999999999658,"[30, 75]","[24.700000000000216, 0]","[9.700000000000003, 0]",33
33,"[2, 3]",167.3500000000038,"[32, 76]","[14.850000000000076, 0]","[0, 0]",33
34,"[2, 1]",138.3499999999972,"[33, 79]","[15.10000000000008, 0]","[0, 0]",33
35,"[2, 1]",140.74999999999775,"[34, 34]","[15.000000000000078, 0]","[0, 0]",33
36,"[0, 1]",82.19999999999747,"[31, 16]","[3.049999999999997, 0]","[3.049999999999997, 0]",33
37,"[0, 1]",82.94999999999743,"[36, 36]","[0, 0]","[0, 0]",33
38,"[2, 1]",142.7499999999982,"[35, 35]","[14.850000000000076, 0]","[0, 0]",33
39,"[0, 1]",83.84999999999738,"[37, 37]","[0, 0]","[0, 0]",33
40,"[0, 3]",114.74999999999562,"[39, 31]","[0, 0]","[0, 0]",33
41,"[2, 3]",175.7000000000057,"[38, 33]","[14.700000000000074, 0]","[0, 0]",33
42,"[2, 1]",147.79999999999936,"[41, 38]","[14.200000000000067, 0]","[0, 0]",33
43,"[2, 1]",150.54999999999998,"[42, 42]","[13.400000000000055, 0]","[0, 0]",33
44,"[2, 1]",152.45000000000041,"[43, 43]","[16.350000000000097, 0]","[0, 0]",33
45,"[2, 3]",185.00000000000782,"[44, 41]","[19.800000000000146, 0]","[0, 0]",33
46,"[0, 1]",92.2499999999969,"[40, 18]","[3.149999999999997, 0]","[3.149999999999997, 0]",33
47,"[0, 3]",123.49999999999513,"[46, 19]","[0, 0]","[0, 0]",33
48,"[2, 1]",157.6500000000016,"[45, 44]","[21.100000000000165, 0]","[0, 0]",33
49,"[0, 1]",95.64999999999671,"[47, 22]","[0, 0]","[0, 0]",33
50,"[0, 1]",96.04999999999669,"[49, 49]","[0, 0]","[0, 0]",33
51,"[2, 3]",190.95000000000917,"[48, 45]","[25.900000000000233, 0]","[0, 0]",33
52,"[0, 1]",101.99999999999635,"[50, 24]","[2.499999999999999, 0]","[2.499999999999999, 0]",33
53,"[2, 1]",162.9000000000028,"[51, 48]","[27.85000000000026, 0]","[0, 0]",33
54,"[0, 3]",133.24999999999605,"[52, 25]","[0, 0]","[0, 0]",33
55,"[2, 3]",196.3500000000104,"[53, 51]","[30.00000000000029, 0]","[0, 0]",33
56,"[0, 1]",105.39999999999615,"[54, 26]","[0, 0]","[0, 0]",33
57,"[2, 3]",199.10000000001102,"[55, 55]","[33.05000000000026, 0]","[0, 0]",33
58,"[2, 3]",201.1500000000115,"[57, 57]","[35.050000000000146, 0]","[0, 0]",33
59,"[0, 3]",135.79999999999663,"[56, 54]","[0, 0]","[0, 0]",33
60,"[0, 3]",137.94999999999712,"[59, 59]","[0, 0]","[0, 0]",33
61,"[2, 3]",202.80000000001186,"[58, 58]","[36.650000000000055, 0]","[0, 0]",33
62,"[0, 3]",139.54999999999748,"[60, 60]","[0, 0]","[0, 0]",33
63,"[2, 3]",204.20000000001218,"[61, 61]","[38.44999999999995, 0]","[0, 0]",33
64,"[2, 1]",174.25000000000537,"[63, -999]","[40.14999999999986, 0]","[0, 0]",33
65,"[0, 1]",111.7499999999958,"[62, 29]","[0, 0]","[0, 0]",33
66,"[2, 1]",175.80000000000572,"[64, 64]","[41.64999999999977, 0]","[0, 0]",33
67,"[2, 3]",192.05000000000942,"[66, 63]","[33.850000000000215, 0]","[0, 0]",33
68,"[2, 3]",195.0000000000101,"[67, 67]","[34.75000000000016, 0]","[0, 0]",33
69,"[0, 3]",141.99999999999804,"[65, 62]","[0, 0]","[0, 0]",33
70,"[2, 1]",165.80000000000345,"[68, -999]","[35.20000000000014, 0]","[0, 0]",33
71,"[2, 3]",188.80000000000868,"[70, 68]","[33.150000000000254, 0]","[0, 0]",33
72,"[0, 1]",113.14999999999571,"[69, 30]","[0, 0]","[0, 0]",33
73,"[2, 1]",160.3000000000022,"[71, 70]","[34.200000000000195, 0]","[0, 0]",33
74,"[0, 1]",114.09999999999566,"[72, 72]","[0, 0]","[0, 0]",33
75,"[0, 1]",115.1999999999956,"[74, 74]","[0, 0]","[0, 0]",33
76,"[0, 3]",146.249999999999,"[75, 69]","[0, 0]","[0, 0]",33
77,"[2, 1]",162.65000000000273,"[73, 73]","[34.40000000000018, 0]","[0, 0]",33
78,"[2, 3]",185.65000000000796,"[77, 71]","[31.35000000000031, 0]","[0, 0]",33
79,"[0, 1]",118.44999999999541,"[76, 32]","[0, 0]","[0, 0]",33
0,"[2, 1]",36.40000000000007,"[-999, -999]","[0, 0]","[0, 0]",34
1,"[2, 1]",38.09999999999997,"[0, 0]","[0, 0]","[0, 0]",34
2,"[2, 3]",68.64999999999824,"[1, -999]","[0, 0]","[0, 0]",34
3,"[2, 1]",37.40000000000001,"[2, 1]","[0, 0]","[0, 0]",34
4,"[0, 1]",67.49999999999831,"[-999, 10]","[0, 0]","[0, 0]",34
5,"[2, 1]",39.19999999999991,"[3, 3]","[0, 0]","[0, 0]",34
6,"[2, 1]",41.0999999999998,"[5, 5]","[0, 0]","[0, 0]",34
7,"[0, 1]",74.5999999999979,"[4, 14]","[2.3999999999999995, 0]","[2.3999999999999995, 0]",34
8,"[0, 3]",105.89999999999613,"[7, 15]","[0, 0]","[0, 0]",34
9,"[0, 1]",76.3999999999978,"[8, 16]","[0, 0]","[0, 0]",34
10,"[2, 1]",42.9499999999997,"[6, 6]","[0, 0]","[0, 0]",34
11,"[0, 1]",77.49999999999774,"[9, 9]","[0, 0]","[0, 0]",34
12,"[2, 3]",73.49999999999797,"[10, 2]","[0, 0]","[0, 0]",34
13,"[2, 3]",76.09999999999782,"[12, 12]","[0, 0]","[0, 0]",34
14,"[2, 1]",44.749999999999595,"[13, 4]","[0, 0]","[0, 0]",34
15,"[2, 3]",75.94999999999783,"[14, 13]","[0, 0]","[0, 0]",34
16,"[2, 1]",48.1499999999994,"[15, 7]","[0, 0]","[0, 0]",34
17,"[2, 3]",80.19999999999759,"[16, 8]","[0, 0]","[0, 0]",34
18,"[0, 1]",78.54999999999768,"[11, 11]","[0, 0]","[0, 0]",34
19,"[0, 1]",84.49999999999734,"[18, 20]","[2.499999999999999, 0]","[2.499999999999999, 0]",34
20,"[2, 1]",61.89999999999862,"[17, 18]","[6.5999999999999845, 0]","[6.5999999999999845, 0]",34
21,"[2, 3]",91.19999999999696,"[20, 17]","[0, 0]","[0, 0]",34
22,"[0, 3]",116.19999999999554,"[19, 21]","[0, 0]","[0, 0]",34
23,"[2, 1]",63.59999999999852,"[21, 19]","[0, 0]","[0, 0]",34
24,"[0, 3]",117.69999999999546,"[22, 22]","[0, 0]","[0, 0]",34
25,"[0, 1]",90.34999999999701,"[24, 28]","[0, 0]","[0, 0]",34
26,"[0, 1]",94.99999999999675,"[25, 29]","[2.3999999999999995, 0]","[2.3999999999999995, 0]",34
27,"[0, 1]",95.44999999999672,"[26, 26]","[0, 0]","[0, 0]",34
28,"[2, 1]",65.7999999999984,"[23, 23]","[16.800000000000104, 0]","[0, 0]",34
29,"[2, 1]",73.74999999999795,"[28, 25]","[19.30000000000014, 0]","[0, 0]",34
30,"[0, 3]",126.14999999999498,"[27, 31]","[0, 0]","[0, 0]",34
31,"[2, 3]",103.29999999999627,"[29, 24]","[16.900000000000105, 0]","[0, 0]",34
32,"[2, 1]",79.9499999999976,"[31, 27]","[15.200000000000081, 0]","[0, 0]",34
33,"[0, 3]",128.2499999999949,"[30, 30]","[0, 0]","[0, 0]",34
34,"[2, 1]",80.0499999999976,"[32, 32]","[13.70000000000006, 0]","[0, 0]",34
35,"[2, 1]",87.64999999999716,"[34, 36]","[12.150000000000038, 0]","[0, 0]",34
36,"[0, 1]",97.74999999999659,"[33, 34]","[0, 0]","[0, 0]",34
37,"[0, 1]",103.39999999999627,"[36, 35]","[2.499999999999999, 0]","[2.499999999999999, 0]",34
38,"[0, 1]",108.29999999999599,"[37, 40]","[2.499999999999999, 0]","[2.499999999999999, 0]",34
39,"[0, 1]",108.69999999999597,"[38, 38]","[0, 0]","[0, 0]",34
40,"[2, 1]",93.04999999999686,"[35, 37]","[10.650000000000016, 0]","[0, 0]",34
41,"[2, 3]",122.69999999999517,"[40, 33]","[9.199999999999996, 0]","[0, 0]",34
42,"[0, 3]",142.39999999999813,"[39, 43]","[0, 0]","[0, 0]",34
43,"[2, 3]",126.04999999999498,"[41, 41]","[8.199999999999982, 0]","[0, 0]",34
44,"[0, 3]",143.79999999999845,"[42, 42]","[0, 0]","[0, 0]",34
45,"[2, 3]",139.1499999999974,"[43, 44]","[10.700000000000017, 0]","[3.399999999999996, 0]",34
46,"[0, 1]",114.34999999999565,"[44, 39]","[0, 0]","[0, 0]",34
47,"[0, 3]",146.54999999999907,"[46, 45]","[0, 0]","[0, 0]",34
48,"[0, 1]",117.44999999999547,"[47, 56]","[0, 0]","[0, 0]",34
49,"[0, 1]",123.19999999999514,"[48, 58]","[2.799999999999998, 0]","[2.549999999999999, 0]",34
50,"[0, 1]",123.49999999999513,"[49, 49]","[1.0000000000000002, 0]","[0, 0]",34
51,"[0, 3]",154.2000000000008,"[50, 47]","[1.4500000000000006, 0]","[0, 0]",34
52,"[0, 1]",126.39999999999496,"[51, 61]","[1.7500000000000009, 0]","[0, 0]",34
53,"[0, 1]",127.3999999999949,"[52, 52]","[2.000000000000001, 0]","[0, 0]",34
54,"[0, 1]",132.89999999999597,"[53, 63]","[4.749999999999991, 0]","[2.4499999999999993, 0]",34
55,"[0, 1]",133.34999999999607,"[54, 54]","[2.499999999999999, 0]","[0, 0]",34
56,"[2, 1]",109.39999999999593,"[45, 46]","[5.999999999999987, 0]","[0, 0]",34
57,"[0, 3]",164.15000000000308,"[55, 62]","[2.6999999999999984, 0]","[0, 0]",34
58,"[2, 1]",117.59999999999546,"[56, 48]","[4.6499999999999915, 0]","[0, 0]",34
59,"[0, 3]",166.55000000000362,"[57, 57]","[2.8999999999999977, 0]","[0, 0]",34
60,"[0, 1]",138.04999999999714,"[59, 65]","[3.049999999999997, 0]","[0, 0]",34
61,"[2, 1]",128.74999999999503,"[58, 50]","[7.399999999999982, 0]","[2.5999999999999988, 0]",34
62,"[2, 3]",160.40000000000222,"[61, 51]","[6.149999999999986, 0]","[0, 0]",34
63,"[2, 1]",136.69999999999683,"[62, 53]","[7.299999999999982, 0]","[0, 0]",34
64,"[0, 1]",139.09999999999738,"[60, 60]","[4.149999999999993, 0]","[0, 0]",34
65,"[2, 1]",147.89999999999938,"[63, 55]","[11.050000000000022, 0]","[2.6499999999999986, 0]",34
66,"[2, 3]",185.20000000000786,"[65, 59]","[12.700000000000045, 0]","[3.4999999999999956, 0]",34
67,"[0, 1]",140.14999999999762,"[64, 64]","[5.299999999999989, 0]","[0, 0]",34
68,"[0, 1]",146.09999999999897,"[67, 71]","[7.79999999999998, 0]","[2.4499999999999993, 0]",34
69,"[0, 1]",152.3500000000004,"[68, 72]","[7.84999999999998, 0]","[2.1500000000000004, 0]",34
70,"[0, 1]",157.45000000000155,"[69, 78]","[8.14999999999998, 0]","[2.2, 0]",34
71,"[2, 1]",167.60000000000386,"[66, 67]","[15.000000000000078, 0]","[3.099999999999997, 0]",34
72,"[2, 1]",172.50000000000497,"[71, 68]","[13.800000000000061, 0]","[0, 0]",34
73,"[0, 3]",185.4000000000079,"[70, 66]","[6.099999999999986, 0]","[0, 0]",34
74,"[0, 1]",154.85000000000096,"[73, 70]","[6.649999999999984, 0]","[0, 0]",34
75,"[0, 1]",155.4500000000011,"[74, 74]","[7.249999999999982, 0]","[0, 0]",34
76,"[0, 1]",156.4000000000013,"[75, 75]","[8.999999999999993, 0]","[0, 0]",34
77,"[0, 3]",187.05000000000828,"[76, 73]","[10.100000000000009, 0]","[0, 0]",34
78,"[2, 1]",177.65000000000614,"[72, 69]","[14.40000000000007, 0]","[0, 0]",34
79,"[0, 3]",181.9000000000071,"[77, 77]","[9.5, 0]","[0, 0]",34
0,"[0, 1]",73.89999999999795,"[-999, 9]","[0, 0]","[2.3499999999999996, 0]",35
1,"[2, 1]",36.40000000000007,"[-999, -999]","[0, 0]","[0, 0]",35
2,"[2, 1]",38.09999999999997,"[1, 1]","[0, 0]","[0, 0]",35
3,"[0, 1]",73.99999999999794,"[0, 0]","[0, 0]","[0, 0]",35
4,"[2, 1]",39.89999999999987,"[2, 2]","[0, 0]","[0, 0]",35
5,"[2, 1]",41.79999999999976,"[4, 4]","[0, 0]","[0, 0]",35
6,"[2, 1]",43.54999999999966,"[5, 5]","[0, 0]","[0, 0]",35
7,"[2, 1]",45.04999999999958,"[6, 6]","[0, 0]","[0, 0]",35
8,"[0, 3]",103.84999999999624,"[3, 10]","[0, 0]","[0, 0]",35
9,"[2, 1]",46.349999999999504,"[7, 7]","[0, 0]","[0, 0]",35
10,"[2, 3]",72.74999999999801,"[9, -999]","[0, 0]","[0, 0]",35
11,"[2, 1]",53.899999999999075,"[10, 3]","[3.349999999999996, 0]","[3.349999999999996, 0]",35
12,"[0, 1]",74.7499999999979,"[8, 11]","[0, 0]","[0, 0]",35
13,"[0, 3]",106.2999999999961,"[12, 8]","[0, 0]","[0, 0]",35
14,"[2, 1]",59.84999999999874,"[11, 12]","[0, 0]","[0, 0]",35
15,"[2, 1]",60.19999999999872,"[14, 14]","[0, 0]","[0, 0]",35
16,"[0, 1]",84.14999999999736,"[13, 15]","[3.149999999999997, 0]","[3.149999999999997, 0]",35
17,"[2, 1]",73.29999999999798,"[15, 20]","[16.250000000000096, 0]","[2.9499999999999975, 0]",35
18,"[2, 3]",105.04999999999617,"[17, 21]","[25.05000000000022, 0]","[0, 0]",35
19,"[2, 1]",76.04999999999782,"[18, 22]","[22.650000000000187, 0]","[0, 0]",35
20,"[0, 1]",83.5999999999974,"[16, 16]","[0, 0]","[0, 0]",35
21,"[0, 3]",114.09999999999566,"[20, 13]","[0, 0]","[0, 0]",35
22,"[0, 1]",86.34999999999724,"[21, 17]","[0, 0]","[0, 0]",35
23,"[0, 3]",118.5999999999954,"[22, 18]","[0, 0]","[0, 0]",35
24,"[2, 1]",84.54999999999734,"[19, 29]","[20.950000000000163, 0]","[0, 0]",35
25,"[2, 3]",116.69999999999551,"[24, 31]","[19.40000000000014, 0]","[0, 0]",35
26,"[2, 3]",119.09999999999538,"[25, 25]","[17.85000000000012, 0]","[0, 0]",35
27,"[2, 1]",89.84999999999704,"[26, 36]","[16.400000000000098, 0]","[0, 0]",35
28,"[2, 1]",92.09999999999691,"[27, 27]","[14.950000000000077, 0]","[0, 0]",35
29,"[0, 1]",90.09999999999702,"[23, 19]","[0, 0]","[0, 0]",35
30,"[2, 3]",125.54999999999501,"[28, 40]","[13.500000000000057, 0]","[0, 0]",35
31,"[0, 3]",120.69999999999528,"[29, 23]","[0, 0]","[0, 0]",35
32,"[0, 1]",92.3499999999969,"[31, 24]","[0, 0]","[0, 0]",35
33,"[2, 1]",96.69999999999665,"[30, 41]","[12.050000000000036, 0]","[0, 0]",35
34,"[2, 1]",110.69999999999585,"[33, 47]","[14.350000000000069, 0]","[3.349999999999996, 0]",35
35,"[2, 3]",142.44999999999814,"[34, 48]","[11.100000000000023, 0]","[0, 0]",35
36,"[0, 1]",93.44999999999683,"[32, 32]","[0, 0]","[0, 0]",35
37,"[2, 3]",150.1499999999999,"[35, 50]","[10.550000000000015, 0]","[0, 0]",35
38,"[2, 1]",119.69999999999534,"[37, 49]","[9.800000000000004, 0]","[0, 0]",35
39,"[0, 3]",126.99999999999493,"[36, 26]","[0, 0]","[0, 0]",35
40,"[0, 3]",128.2499999999949,"[39, 39]","[0, 0]","[0, 0]",35
41,"[0, 1]",100.14999999999645,"[40, 28]","[0, 0]","[0, 0]",35
42,"[2, 1]",122.34999999999519,"[38, 38]","[8.74999999999999, 0]","[0, 0]",35
43,"[2, 3]",155.70000000000115,"[42, 56]","[7.649999999999981, 0]","[0, 0]",35
44,"[2, 3]",158.1000000000017,"[43, 43]","[6.449999999999985, 0]","[0, 0]",35
45,"[0, 3]",132.29999999999583,"[41, 30]","[0, 0]","[0, 0]",35
46,"[0, 1]",104.09999999999623,"[45, 33]","[0, 0]","[0, 0]",35
47,"[0, 1]",104.5999999999962,"[46, 46]","[0, 0]","[0, 0]",35
48,"[0, 3]",135.54999999999657,"[47, 45]","[0, 0]","[0, 0]",35
49,"[0, 1]",107.49999999999604,"[48, 34]","[0, 0]","[0, 0]",35
50,"[0, 3]",139.94999999999757,"[49, 35]","[0, 0]","[0, 0]",35
51,"[2, 1]",128.89999999999506,"[44, 58]","[7.149999999999983, 0]","[0, 0]",35
52,"[2, 1]",131.2499999999956,"[51, 51]","[7.79999999999998, 0]","[0, 0]",35
53,"[2, 3]",168.45000000000405,"[52, 62]","[10.350000000000012, 0]","[0, 0]",35
54,"[2, 3]",174.65000000000546,"[53, 63]","[12.400000000000041, 0]","[0, 0]",35
55,"[0, 3]",146.79999999999913,"[50, 37]","[1.900000000000001, 0]","[1.900000000000001, 0]",35
56,"[0, 3]",147.84999999999937,"[55, 55]","[0, 0]","[0, 0]",35
57,"[0, 1]",120.04999999999532,"[56, 42]","[0, 0]","[0, 0]",35
58,"[0, 1]",120.14999999999532,"[57, 57]","[0, 0]","[0, 0]",35
59,"[0, 3]",153.45000000000064,"[58, 44]","[0, 0]","[0, 0]",35
60,"[0, 3]",154.70000000000093,"[59, 59]","[0, 0]","[0, 0]",35
61,"[2, 3]",176.05000000000578,"[54, 54]","[14.600000000000072, 0]","[0, 0]",35
62,"[0, 3]",155.9000000000012,"[60, 60]","[0, 0]","[0, 0]",35
63,"[0, 3]",161.80000000000254,"[62, 53]","[2.3499999999999996, 0]","[2.3499999999999996, 0]",35
64,"[0, 1]",131.14999999999557,"[63, -999]","[0, 0]","[0, 0]",35
65,"[0, 1]",132.34999999999584,"[64, 64]","[0, 0]","[0, 0]",35
66,"[2, 1]",146.199999999999,"[61, 65]","[17.15000000000011, 0]","[0, 0]",35
67,"[0, 3]",165.00000000000327,"[65, 61]","[0, 0]","[0, 0]",35
68,"[2, 3]",180.0500000000067,"[66, 67]","[20.70000000000016, 0]","[0, 0]",35
69,"[2, 1]",155.60000000000113,"[68, 76]","[22.400000000000183, 0]","[0, 0]",35
70,"[0, 1]",136.39999999999677,"[67, 66]","[0, 0]","[0, 0]",35
71,"[2, 3]",188.20000000000854,"[69, 78]","[23.300000000000196, 0]","[0, 0]",35
72,"[2, 1]",159.20000000000195,"[71, 79]","[23.700000000000202, 0]","[0, 0]",35
73,"[2, 1]",161.40000000000245,"[72, 72]","[23.850000000000204, 0]","[0, 0]",35
74,"[2, 3]",193.60000000000977,"[73, 71]","[23.900000000000205, 0]","[0, 0]",35
75,"[2, 1]",159.60000000000204,"[74, 73]","[25.350000000000225, 0]","[0, 0]",35
76,"[0, 1]",136.9499999999969,"[70, 70]","[0, 0]","[0, 0]",35
77,"[2, 3]",192.55000000000953,"[75, 74]","[25.850000000000232, 0]","[0, 0]",35
78,"[0, 3]",167.85000000000392,"[76, 68]","[0, 0]","[0, 0]",35
79,"[0, 1]",139.39999999999745,"[78, 69]","[0, 0]","[0, 0]",35
0,"[0, 1]",68.64999999999824,"[-999, 13]","[0, 0]","[0, 0]",36
1,"[2, 1]",36.40000000000007,"[-999, -999]","[0, 0]","[0, 0]",36
2,"[2, 1]",38.09999999999997,"[1, 1]","[0, 0]","[0, 0]",36
3,"[0, 1]",76.3999999999978,"[0, 15]","[3.149999999999997, 0]","[3.149999999999997, 0]",36
4,"[0, 1]",80.24999999999758,"[3, 16]","[2.0500000000000007, 0]","[2.0500000000000007, 0]",36
5,"[0, 1]",80.69999999999756,"[4, 4]","[0, 0]","[0, 0]",36
6,"[2, 1]",39.89999999999987,"[2, 2]","[0, 0]","[0, 0]",36
7,"[2, 1]",41.79999999999976,"[6, 6]","[0, 0]","[0, 0]",36
8,"[0, 1]",86.49999999999723,"[5, 17]","[2.4499999999999993, 0]","[2.4499999999999993, 0]",36
9,"[0, 3]",118.19999999999543,"[8, 18]","[0, 0]","[0, 0]",36
10,"[2, 3]",70.24999999999815,"[7, -999]","[0, 0]","[0, 0]",36
11,"[2, 1]",38.69999999999994,"[10, 7]","[0, 0]","[0, 0]",36
12,"[0, 3]",119.69999999999534,"[9, 9]","[0, 0]","[0, 0]",36
13,"[2, 1]",40.64999999999983,"[11, 11]","[0, 0]","[0, 0]",36
14,"[2, 3]",72.09999999999805,"[13, 10]","[0, 0]","[0, 0]",36
15,"[2, 1]",43.99999999999964,"[14, 0]","[0, 0]","[0, 0]",36
16,"[2, 1]",51.14999999999923,"[15, 3]","[1.2500000000000004, 0]","[1.2500000000000004, 0]",36
17,"[2, 1]",61.59999999999864,"[16, 5]","[9.700000000000003, 0]","[9.700000000000003, 0]",36
18,"[2, 3]",90.79999999999698,"[17, 14]","[14.500000000000071, 0]","[2.3, 0]",36
19,"[2, 3]",104.5999999999962,"[18, 12]","[17.35000000000011, 0]","[2.5999999999999988, 0]",36
20,"[0, 1]",90.549999999997,"[12, 8]","[0, 0]","[0, 0]",36
21,"[2, 3]",106.19999999999611,"[19, 19]","[17.000000000000107, 0]","[0, 0]",36
22,"[2, 1]",76.5499999999978,"[21, 24]","[23.750000000000203, 0]","[0, 0]",36
23,"[2, 1]",78.74999999999767,"[22, 22]","[21.45000000000017, 0]","[0, 0]",36
24,"[0, 1]",91.69999999999693,"[20, 20]","[0, 0]","[0, 0]",36
25,"[0, 3]",123.59999999999512,"[24, 21]","[0, 0]","[0, 0]",36
26,"[2, 1]",80.94999999999754,"[23, 23]","[19.750000000000146, 0]","[0, 0]",36
27,"[2, 3]",114.19999999999565,"[26, 30]","[18.300000000000125, 0]","[0, 0]",36
28,"[2, 1]",85.49999999999729,"[27, 32]","[16.800000000000104, 0]","[0, 0]",36
29,"[0, 3]",124.84999999999505,"[25, 25]","[0, 0]","[0, 0]",36
30,"[0, 3]",125.99999999999498,"[29, 29]","[0, 0]","[0, 0]",36
31,"[2, 1]",87.79999999999715,"[28, 28]","[15.400000000000084, 0]","[0, 0]",36
32,"[0, 1]",98.99999999999652,"[30, 26]","[0, 0]","[0, 0]",36
33,"[0, 3]",130.59999999999545,"[32, 27]","[0, 0]","[0, 0]",36
34,"[0, 3]",131.99999999999577,"[33, 33]","[0, 0]","[0, 0]",36
35,"[0, 3]",133.24999999999605,"[34, 34]","[0, 0]","[0, 0]",36
36,"[2, 3]",125.14999999999503,"[31, 35]","[14.000000000000064, 0]","[0, 0]",36
37,"[0, 1]",103.39999999999627,"[35, 31]","[0, 0]","[0, 0]",36
38,"[2, 1]",101.39999999999638,"[36, 41]","[12.550000000000043, 0]","[0, 0]",36
39,"[2, 3]",133.79999999999617,"[38, 43]","[11.150000000000023, 0]","[0, 0]",36
40,"[2, 3]",141.799999999998,"[39, 47]","[12.950000000000049, 0]","[3.1999999999999966, 0]",36
41,"[0, 1]",104.44999999999621,"[37, 37]","[0, 0]","[0, 0]",36
42,"[2, 3]",143.84999999999846,"[40, 40]","[8.299999999999983, 0]","[0, 0]",36
43,"[0, 3]",135.79999999999663,"[41, 36]","[0, 0]","[0, 0]",36
44,"[2, 1]",119.34999999999536,"[42, 50]","[6.8999999999999835, 0]","[0, 0]",36
45,"[2, 1]",119.29999999999536,"[44, 44]","[6.799999999999984, 0]","[0, 0]",36
46,"[0, 1]",107.44999999999604,"[43, 38]","[0, 0]","[0, 0]",36
47,"[0, 3]",140.0999999999976,"[46, 39]","[0, 0]","[0, 0]",36
48,"[0, 1]",110.94999999999584,"[47, 46]","[0, 0]","[0, 0]",36
49,"[0, 1]",112.04999999999578,"[48, 48]","[0, 0]","[0, 0]",36
50,"[0, 1]",113.19999999999571,"[49, 49]","[0, 0]","[0, 0]",36
51,"[0, 3]",144.24999999999855,"[50, 42]","[0, 0]","[0, 0]",36
52,"[0, 1]",120.3499999999953,"[51, 45]","[2.499999999999999, 0]","[2.499999999999999, 0]",36
53,"[0, 3]",150.65,"[52, 51]","[0, 0]","[0, 0]",36
54,"[2, 1]",127.14999999999492,"[45, 52]","[6.0499999999999865, 0]","[0, 0]",36
55,"[0, 3]",153.00000000000054,"[53, 53]","[0, 0]","[0, 0]",36
56,"[2, 1]",127.4999999999949,"[54, 54]","[6.549999999999985, 0]","[0, 0]",36
57,"[0, 3]",154.5500000000009,"[55, 55]","[0, 0]","[0, 0]",36
58,"[2, 1]",129.64999999999523,"[56, 56]","[7.149999999999983, 0]","[0, 0]",36
59,"[2, 1]",137.8499999999971,"[58, 60]","[7.349999999999982, 0]","[0, 0]",36
60,"[0, 1]",125.94999999999499,"[57, 58]","[0, 0]","[0, 0]",36
61,"[0, 1]",131.04999999999555,"[60, 59]","[2.499999999999999, 0]","[2.499999999999999, 0]",36
62,"[2, 1]",143.24999999999832,"[59, 61]","[8.79999999999999, 0]","[0, 0]",36
63,"[0, 1]",137.49999999999702,"[61, 62]","[2.4499999999999993, 0]","[2.4499999999999993, 0]",36
64,"[2, 1]",148.4499999999995,"[62, 63]","[10.350000000000012, 0]","[0, 0]",36
65,"[0, 1]",142.59999999999818,"[63, 64]","[2.3499999999999996, 0]","[2.3499999999999996, 0]",36
66,"[0, 1]",141.94999999999803,"[65, 65]","[0, 0]","[0, 0]",36
67,"[2, 3]",179.55000000000658,"[64, 57]","[11.700000000000031, 0]","[0, 0]",36
68,"[0, 1]",142.59999999999818,"[66, 66]","[0, 0]","[0, 0]",36
69,"[0, 1]",147.9999999999994,"[68, 71]","[2.4499999999999993, 0]","[2.4499999999999993, 0]",36
70,"[2, 3]",182.45000000000724,"[67, 67]","[14.250000000000068, 0]","[0, 0]",36
71,"[2, 1]",156.7500000000014,"[70, 68]","[15.600000000000087, 0]","[0, 0]",36
72,"[2, 3]",186.60000000000818,"[71, 70]","[15.450000000000085, 0]","[0, 0]",36
73,"[2, 1]",162.9000000000028,"[72, 74]","[18.100000000000122, 0]","[0, 0]",36
74,"[0, 1]",148.4499999999995,"[69, 69]","[0, 0]","[0, 0]",36
75,"[0, 1]",153.7000000000007,"[74, 73]","[2.3999999999999995, 0]","[2.3999999999999995, 0]",36
76,"[0, 1]",154.2000000000008,"[75, 75]","[0, 0]","[0, 0]",36
77,"[0, 1]",154.95000000000098,"[76, 76]","[0, 0]","[0, 0]",36
78,"[0, 1]",155.5000000000011,"[77, 77]","[0, 0]","[0, 0]",36
79,"[0, 1]",155.75000000000117,"[78, 78]","[0.25, 0]","[0, 0]",36
0,"[2, 3]",67.7499999999983,"[-999, -999]","[0, 0]","[0, 0]",37
1,"[2, 1]",37.15000000000003,"[0, -999]","[0, 0]","[0, 0]",37
2,"[0, 3]",96.89999999999664,"[-999, 7]","[0, 0]","[0, 0]",37
3,"[2, 3]",69.4499999999982,"[1, 0]","[0, 0]","[0, 0]",37
4,"[2, 1]",39.49999999999989,"[3, 1]","[0, 0]","[0, 0]",37
5,"[0, 3]",100.39999999999644,"[2, 2]","[0, 0]","[0, 0]",37
6,"[2, 1]",41.54999999999978,"[4, 4]","[0, 0]","[0, 0]",37
7,"[2, 3]",69.94999999999817,"[6, 3]","[0, 0]","[0, 0]",37
8,"[2, 1]",41.049999999999805,"[7, 6]","[0, 0]","[0, 0]",37
9,"[0, 1]",78.2999999999977,"[5, 15]","[2.9499999999999975, 0]","[2.9499999999999975, 0]",37
10,"[0, 3]",107.64999999999603,"[9, 5]","[0, 0]","[0, 0]",37
11,"[2, 1]",42.8999999999997,"[8, 8]","[0, 0]","[0, 0]",37
12,"[2, 1]",44.399999999999615,"[11, 11]","[0, 0]","[0, 0]",37
13,"[2, 1]",45.84999999999953,"[12, 12]","[0, 0]","[0, 0]",37
14,"[0, 1]",79.8499999999976,"[10, 16]","[0, 0]","[0, 0]",37
15,"[2, 1]",46.99999999999947,"[13, 13]","[0, 0]","[0, 0]",37
16,"[2, 1]",53.4499999999991,"[15, 9]","[1.7000000000000008, 0]","[1.7000000000000008, 0]",37
17,"[2, 3]",85.04999999999731,"[16, 10]","[3.349999999999996, 0]","[3.349999999999996, 0]",37
18,"[0, 3]",111.99999999999578,"[14, 17]","[0, 0]","[0, 0]",37
19,"[2, 1]",56.39999999999893,"[17, 14]","[0, 0]","[0, 0]",37
20,"[2, 1]",69.64999999999819,"[19, 28]","[3.2499999999999964, 0]","[3.2499999999999964, 0]",37
21,"[2, 3]",107.04999999999606,"[20, 33]","[24.500000000000213, 0]","[3.2499999999999964, 0]",37
22,"[2, 3]",114.64999999999563,"[21, 35]","[22.80000000000019, 0]","[3.399999999999996, 0]",37
23,"[2, 1]",84.89999999999732,"[22, 36]","[17.700000000000117, 0]","[0, 0]",37
24,"[0, 1]",83.4499999999974,"[18, 19]","[0, 0]","[0, 0]",37
25,"[2, 3]",118.6499999999954,"[23, 40]","[16.4500000000001, 0]","[0, 0]",37
26,"[2, 1]",89.59999999999705,"[25, 41]","[15.350000000000083, 0]","[0, 0]",37
27,"[2, 3]",127.59999999999489,"[26, 44]","[14.250000000000068, 0]","[0, 0]",37
28,"[0, 1]",83.99999999999737,"[24, 24]","[0, 0]","[0, 0]",37
29,"[2, 1]",104.19999999999622,"[27, 46]","[13.05000000000005, 0]","[0, 0]",37
30,"[2, 3]",136.5499999999968,"[29, 47]","[11.700000000000031, 0]","[0, 0]",37
31,"[0, 3]",114.94999999999561,"[28, 18]","[0, 0]","[0, 0]",37
32,"[2, 3]",144.54999999999862,"[30, 54]","[15.450000000000085, 0]","[2.8999999999999977, 0]",37
33,"[0, 3]",117.29999999999548,"[31, 31]","[0, 0]","[0, 0]",37
34,"[0, 1]",88.6999999999971,"[33, 20]","[0, 0]","[0, 0]",37
35,"[0, 3]",120.79999999999528,"[34, 21]","[0, 0]","[0, 0]",37
36,"[0, 1]",91.69999999999693,"[35, 34]","[0, 0]","[0, 0]",37
37,"[2, 1]",114.89999999999561,"[32, 55]","[12.600000000000044, 0]","[0, 0]",37
38,"[2, 1]",117.09999999999549,"[37, 37]","[12.35000000000004, 0]","[0, 0]",37
39,"[2, 3]",150.75000000000003,"[38, 58]","[11.60000000000003, 0]","[0, 0]",37
40,"[0, 3]",123.8499999999951,"[36, 22]","[0, 0]","[0, 0]",37
41,"[0, 1]",94.89999999999675,"[40, 23]","[0, 0]","[0, 0]",37
42,"[2, 3]",158.75000000000185,"[39, 60]","[13.800000000000061, 0]","[3.1999999999999966, 0]",37
43,"[0, 3]",127.3999999999949,"[41, 25]","[0, 0]","[0, 0]",37
44,"[0, 3]",128.74999999999503,"[43, 43]","[0, 0]","[0, 0]",37
45,"[0, 1]",99.09999999999651,"[44, 26]","[0, 0]","[0, 0]",37
46,"[0, 1]",100.24999999999645,"[45, 45]","[0, 0]","[0, 0]",37
47,"[0, 3]",131.49999999999565,"[46, 27]","[0, 0]","[0, 0]",37
48,"[2, 1]",128.99999999999508,"[42, 61]","[9.45, 0]","[0, 0]",37
49,"[0, 1]",103.19999999999628,"[47, 29]","[0, 0]","[0, 0]",37
50,"[2, 3]",162.85000000000278,"[48, 62]","[9.099999999999994, 0]","[0, 0]",37
51,"[2, 3]",165.1000000000033,"[50, 50]","[8.249999999999982, 0]","[0, 0]",37
52,"[2, 1]",139.74999999999753,"[51, 65]","[9.199999999999996, 0]","[0, 0]",37
53,"[2, 1]",139.89999999999756,"[52, 52]","[11.000000000000021, 0]","[0, 0]",37
54,"[0, 3]",135.79999999999663,"[49, 30]","[0, 0]","[0, 0]",37
55,"[0, 1]",106.64999999999608,"[54, 49]","[0, 0]","[0, 0]",37
56,"[2, 1]",153.00000000000054,"[53, 70]","[15.10000000000008, 0]","[2.6499999999999986, 0]",37
57,"[0, 3]",139.09999999999738,"[55, 32]","[0, 0]","[0, 0]",37
58,"[0, 3]",140.39999999999768,"[57, 57]","[0, 0]","[0, 0]",37
59,"[0, 1]",112.24999999999577,"[58, 38]","[0, 0]","[0, 0]",37
60,"[0, 3]",144.34999999999857,"[59, 39]","[0, 0]","[0, 0]",37
61,"[0, 1]",115.2499999999956,"[60, 59]","[0, 0]","[0, 0]",37
62,"[0, 3]",147.5999999999993,"[61, 42]","[0, 0]","[0, 0]",37
63,"[0, 1]",118.5499999999954,"[62, 48]","[0, 0]","[0, 0]",37
64,"[0, 1]",119.39999999999536,"[63, 63]","[0, 0]","[0, 0]",37
65,"[0, 1]",120.4499999999953,"[64, 64]","[0, 0]","[0, 0]",37
66,"[0, 3]",151.40000000000018,"[65, 51]","[0, 0]","[0, 0]",37
67,"[2, 1]",163.60000000000295,"[56, 74]","[19.40000000000014, 0]","[3.2999999999999963, 0]",37
68,"[0, 1]",128.649999999995,"[66, 53]","[3.149999999999997, 0]","[3.149999999999997, 0]",37
69,"[2, 1]",163.60000000000295,"[67, 67]","[19.500000000000142, 0]","[0, 0]",37
70,"[0, 1]",128.09999999999488,"[68, 68]","[0, 0]","[0, 0]",37
71,"[0, 1]",133.69999999999615,"[70, 56]","[2.549999999999999, 0]","[2.549999999999999, 0]",37
72,"[2, 1]",165.45000000000337,"[69, 69]","[20.950000000000163, 0]","[0, 0]",37
73,"[2, 3]",199.000000000011,"[72, 76]","[21.650000000000173, 0]","[0, 0]",37
74,"[0, 1]",133.99999999999622,"[71, 71]","[0, 0]","[0, 0]",37
75,"[0, 3]",164.80000000000322,"[74, 66]","[0, 0]","[0, 0]",37
76,"[0, 3]",167.15000000000376,"[75, 75]","[0, 0]","[0, 0]",37
77,"[2, 3]",201.7000000000116,"[73, 73]","[22.000000000000178, 0]","[0, 0]",37
78,"[2, 3]",203.9000000000121,"[77, 77]","[22.350000000000183, 0]","[0, 0]",37
79,"[2, 1]",174.45000000000542,"[78, -999]","[22.300000000000182, 0]","[0, 0]",37
0,"[0, 1]",77.49999999999774,"[-999, 13]","[0, 0]","[5.09999999999999, 0]",38
1,"[0, 1]",82.04999999999748,"[0, 14]","[2.3499999999999996, 0]","[2.3499999999999996, 0]",38
2,"[2, 1]",36.40000000000007,"[-999, -999]","[0, 0]","[0, 0]",38
3,"[2, 1]",38.09999999999997,"[2, 2]","[0, 0]","[0, 0]",38
4,"[0, 1]",82.44999999999746,"[1, 1]","[0, 0]","[0, 0]",38
5,"[2, 3]",68.64999999999824,"[3, -999]","[0, 0]","[0, 0]",38
6,"[0, 3]",113.24999999999571,"[4, 5]","[0, 0]","[0, 0]",38
7,"[2, 1]",37.40000000000001,"[5, 3]","[0, 0]","[0, 0]",38
8,"[0, 3]",115.59999999999557,"[6, 6]","[0, 0]","[0, 0]",38
9,"[2, 1]",39.19999999999991,"[7, 7]","[0, 0]","[0, 0]",38
10,"[2, 1]",41.0999999999998,"[9, 9]","[0, 0]","[0, 0]",38
11,"[2, 1]",42.9499999999997,"[10, 10]","[0, 0]","[0, 0]",38
12,"[0, 3]",117.19999999999548,"[8, 8]","[0, 0]","[0, 0]",38
13,"[2, 1]",44.549999999999606,"[11, 11]","[0, 0]","[0, 0]",38
14,"[2, 1]",51.54999999999921,"[13, 0]","[1.1000000000000003, 0]","[1.1000000000000003, 0]",38
15,"[2, 1]",61.94999999999862,"[14, 4]","[9.650000000000002, 0]","[9.650000000000002, 0]",38
16,"[2, 1]",61.999999999998614,"[15, 15]","[14.700000000000074, 0]","[2.3499999999999996, 0]",38
17,"[2, 1]",63.69999999999852,"[16, 16]","[15.15000000000008, 0]","[0, 0]",38
18,"[2, 3]",97.29999999999661,"[17, 12]","[13.300000000000054, 0]","[0, 0]",38
19,"[2, 3]",99.54999999999649,"[18, 18]","[19.25000000000014, 0]","[0, 0]",38
20,"[2, 1]",70.29999999999815,"[19, 23]","[16.900000000000105, 0]","[0, 0]",38
21,"[0, 1]",87.79999999999715,"[12, 17]","[0, 0]","[0, 0]",38
22,"[2, 3]",108.39999999999598,"[20, 25]","[15.200000000000081, 0]","[0, 0]",38
23,"[0, 1]",88.7999999999971,"[21, 21]","[0, 0]","[0, 0]",38
24,"[0, 3]",122.39999999999519,"[23, 19]","[0, 0]","[0, 0]",38
25,"[0, 3]",123.69999999999511,"[24, 24]","[0, 0]","[0, 0]",38
26,"[2, 1]",77.14999999999776,"[22, 20]","[13.650000000000059, 0]","[0, 0]",38
27,"[0, 3]",129.64999999999523,"[25, 22]","[2.4499999999999993, 0]","[2.4499999999999993, 0]",38
28,"[2, 3]",115.64999999999557,"[26, 34]","[12.150000000000038, 0]","[0, 0]",38
29,"[2, 1]",83.74999999999739,"[28, 26]","[10.650000000000016, 0]","[0, 0]",38
30,"[2, 3]",118.34999999999542,"[29, 35]","[9.249999999999996, 0]","[0, 0]",38
31,"[2, 1]",88.7499999999971,"[30, 36]","[7.79999999999998, 0]","[0, 0]",38
32,"[2, 1]",107.94999999999601,"[31, 44]","[12.750000000000046, 0]","[6.449999999999985, 0]",38
33,"[2, 1]",107.69999999999602,"[32, 32]","[6.749999999999984, 0]","[0, 0]",38
34,"[0, 3]",130.3499999999954,"[27, 27]","[0, 0]","[0, 0]",38
35,"[0, 3]",135.89999999999665,"[34, 28]","[2.4499999999999993, 0]","[2.4499999999999993, 0]",38
36,"[0, 1]",105.84999999999613,"[35, 29]","[0, 0]","[0, 0]",38
37,"[0, 3]",138.44999999999723,"[36, 30]","[0, 0]","[0, 0]",38
38,"[2, 1]",125.94999999999499,"[33, 48]","[16.200000000000095, 0]","[9.900000000000006, 0]",38
39,"[2, 1]",133.09999999999602,"[38, 50]","[8.649999999999988, 0]","[2.9999999999999973, 0]",38
40,"[0, 1]",109.9999999999959,"[37, 31]","[0, 0]","[0, 0]",38
41,"[2, 1]",132.79999999999595,"[39, 39]","[5.899999999999987, 0]","[0, 0]",38
42,"[2, 3]",166.75000000000367,"[41, 58]","[6.199999999999986, 0]","[0, 0]",38
43,"[0, 1]",110.54999999999586,"[40, 40]","[0, 0]","[0, 0]",38
44,"[0, 1]",111.5499999999958,"[43, 43]","[0, 0]","[0, 0]",38
45,"[0, 3]",142.59999999999818,"[44, 37]","[0, 0]","[0, 0]",38
46,"[0, 1]",119.89999999999533,"[45, 33]","[3.049999999999997, 0]","[3.049999999999997, 0]",38
47,"[0, 1]",119.99999999999532,"[46, 46]","[0, 0]","[0, 0]",38
48,"[0, 1]",120.89999999999527,"[47, 47]","[0, 0]","[0, 0]",38
49,"[0, 3]",151.80000000000027,"[48, 45]","[0, 0]","[0, 0]",38
50,"[0, 1]",123.54999999999512,"[49, 38]","[0, 0]","[0, 0]",38
51,"[0, 3]",154.70000000000093,"[50, 49]","[0, 0]","[0, 0]",38
52,"[2, 1]",137.34999999999698,"[42, 59]","[6.849999999999984, 0]","[0, 0]",38
53,"[2, 1]",145.69999999999888,"[52, 61]","[7.4499999999999815, 0]","[0, 0]",38
54,"[2, 1]",151.0500000000001,"[53, 64]","[8.09999999999998, 0]","[0, 0]",38
55,"[2, 1]",156.55000000000135,"[54, 65]","[8.79999999999999, 0]","[0, 0]",38
56,"[2, 3]",187.65000000000842,"[55, 60]","[10.100000000000009, 0]","[0, 0]",38
57,"[2, 3]",196.45000000001042,"[56, 69]","[13.600000000000058, 0]","[2.1500000000000004, 0]",38
58,"[0, 3]",156.90000000000143,"[51, 51]","[0, 0]","[0, 0]",38
59,"[0, 1]",127.3999999999949,"[58, 41]","[0, 0]","[0, 0]",38
60,"[0, 3]",160.2500000000022,"[59, 42]","[0, 0]","[0, 0]",38
61,"[0, 1]",131.64999999999569,"[60, 52]","[0, 0]","[0, 0]",38
62,"[2, 3]",203.10000000001193,"[57, 71]","[12.200000000000038, 0]","[0, 0]",38
63,"[2, 3]",210.15000000001353,"[62, 75]","[18.300000000000125, 0]","[3.349999999999996, 0]",38
64,"[0, 1]",138.3499999999972,"[61, 53]","[2.25, 0]","[2.25, 0]",38
65,"[0, 1]",143.44999999999837,"[64, 54]","[2.25, 0]","[2.25, 0]",38
66,"[0, 1]",148.59999999999954,"[65, 55]","[2.4499999999999993, 0]","[2.4499999999999993, 0]",38
67,"[2, 1]",186.35000000000812,"[63, 79]","[20.300000000000153, 0]","[0, 0]",38
68,"[2, 1]",186.15000000000808,"[67, 67]","[22.95000000000019, 0]","[0, 0]",38
69,"[0, 3]",180.20000000000672,"[66, 56]","[3.649999999999995, 0]","[2.6499999999999986, 0]",38
70,"[2, 1]",187.9500000000085,"[68, 68]","[26.150000000000237, 0]","[0, 0]",38
71,"[0, 3]",187.1500000000083,"[69, 57]","[4.049999999999994, 0]","[2.4499999999999993, 0]",38
72,"[2, 3]",221.000000000016,"[70, 63]","[30.5000000000003, 0]","[0, 0]",38
73,"[2, 3]",223.70000000001662,"[72, 72]","[34.75000000000016, 0]","[0, 0]",38
74,"[0, 1]",156.55000000000135,"[71, -999]","[2.0500000000000007, 0]","[0, 0]",38
75,"[0, 3]",189.40000000000882,"[74, 62]","[3.099999999999997, 0]","[0, 0]",38
76,"[2, 3]",225.8500000000171,"[73, 73]","[38.399999999999956, 0]","[0, 0]",38
77,"[2, 1]",196.15000000001035,"[76, -999]","[42.099999999999746, 0]","[0, 0]",38
78,"[0, 1]",159.8500000000021,"[75, 74]","[3.949999999999994, 0]","[0, 0]",38
79,"[0, 1]",160.8000000000023,"[78, 78]","[4.6499999999999915, 0]","[0, 0]",38
0,"[0, 1]",73.34999999999798,"[-999, 13]","[0, 0]","[3.4499999999999957, 0]",39
1,"[2, 1]",36.40000000000007,"[-999, -999]","[0, 0]","[0, 0]",39
2,"[2, 1]",38.09999999999997,"[1, 1]","[0, 0]","[0, 0]",39
3,"[2, 1]",39.89999999999987,"[2, 2]","[0, 0]","[0, 0]",39
4,"[2, 1]",41.79999999999976,"[3, 3]","[0, 0]","[0, 0]",39
5,"[0, 1]",82.14999999999748,"[0, 16]","[6.149999999999986, 0]","[6.149999999999986, 0]",39
6,"[0, 3]",111.19999999999582,"[5, 14]","[0, 0]","[0, 0]",39
7,"[0, 1]",87.89999999999715,"[6, 19]","[2.3, 0]","[2.3, 0]",39
8,"[2, 1]",43.54999999999966,"[4, 4]","[0, 0]","[0, 0]",39
9,"[2, 3]",71.1499999999981,"[8, -999]","[0, 0]","[0, 0]",39
10,"[0, 1]",88.54999999999711,"[7, 7]","[0, 0]","[0, 0]",39
11,"[2, 3]",73.74999999999795,"[9, 9]","[0, 0]","[0, 0]",39
12,"[0, 3]",119.44999999999536,"[10, 6]","[0, 0]","[0, 0]",39
13,"[2, 1]",39.49999999999989,"[11, 8]","[0, 0]","[0, 0]",39
14,"[2, 3]",72.64999999999802,"[13, 11]","[0, 0]","[0, 0]",39
15,"[2, 1]",43.99999999999964,"[14, 0]","[0, 0]","[0, 0]",39
16,"[2, 1]",44.99999999999958,"[15, 15]","[0, 0]","[0, 0]",39
17,"[2, 1]",51.7499999999992,"[16, 5]","[1.0000000000000002, 0]","[1.0000000000000002, 0]",39
18,"[0, 1]",97.19999999999662,"[12, 21]","[3.349999999999996, 0]","[3.349999999999996, 0]",39
19,"[2, 1]",52.04999999999918,"[17, 17]","[3.4499999999999957, 0]","[3.4499999999999957, 0]",39
20,"[2, 1]",64.0499999999985,"[19, 10]","[9.399999999999999, 0]","[5.349999999999989, 0]",39
21,"[2, 1]",63.899999999998506,"[20, 20]","[16.900000000000105, 0]","[1.4000000000000006, 0]",39
22,"[0, 3]",126.29999999999497,"[18, 12]","[0, 0]","[0, 0]",39
23,"[2, 1]",71.69999999999807,"[21, 18]","[16.850000000000104, 0]","[0, 0]",39
24,"[0, 1]",98.64999999999654,"[22, 23]","[0, 0]","[0, 0]",39
25,"[0, 3]",131.09999999999556,"[24, 26]","[0, 0]","[0, 0]",39
26,"[2, 3]",103.69999999999625,"[23, 22]","[23.750000000000203, 0]","[0, 0]",39
27,"[0, 1]",102.69999999999631,"[25, 28]","[0, 0]","[0, 0]",39
28,"[2, 1]",74.84999999999789,"[26, 24]","[21.35000000000017, 0]","[0, 0]",39
29,"[2, 1]",83.24999999999741,"[28, 27]","[19.650000000000144, 0]","[0, 0]",39
30,"[0, 3]",133.24999999999605,"[27, 25]","[0, 0]","[0, 0]",39
31,"[2, 3]",115.49999999999558,"[29, 30]","[18.05000000000012, 0]","[0, 0]",39
32,"[2, 1]",91.29999999999696,"[31, 35]","[16.6000000000001, 0]","[0, 0]",39
33,"[0, 1]",104.84999999999619,"[30, 29]","[0.9000000000000002, 0]","[0, 0]",39
34,"[2, 1]",102.69999999999631,"[32, 38]","[18.00000000000012, 0]","[2.799999999999998, 0]",39
35,"[0, 1]",105.99999999999612,"[33, 33]","[1.4000000000000006, 0]","[0, 0]",39
36,"[0, 1]",111.44999999999581,"[35, 32]","[4.249999999999993, 0]","[2.4499999999999993, 0]",39
37,"[2, 1]",102.39999999999633,"[34, 34]","[13.70000000000006, 0]","[0, 0]",39
38,"[0, 1]",111.94999999999578,"[36, 36]","[2.2, 0]","[0, 0]",39
39,"[0, 3]",142.7499999999982,"[38, 31]","[2.549999999999999, 0]","[0, 0]",39
40,"[2, 1]",110.34999999999587,"[37, 41]","[15.500000000000085, 0]","[3.1999999999999966, 0]",39
41,"[0, 1]",120.14999999999532,"[39, 37]","[5.999999999999987, 0]","[3.149999999999997, 0]",39
42,"[0, 3]",149.7999999999998,"[41, 39]","[3.099999999999997, 0]","[0, 0]",39
43,"[0, 3]",152.10000000000034,"[42, 42]","[3.2999999999999963, 0]","[0, 0]",39
44,"[0, 1]",123.44999999999513,"[43, 40]","[3.4999999999999956, 0]","[0, 0]",39
45,"[0, 1]",124.54999999999507,"[44, 44]","[3.599999999999995, 0]","[0, 0]",39
46,"[0, 1]",125.649999999995,"[45, 45]","[3.8499999999999943, 0]","[0, 0]",39
47,"[0, 3]",156.7500000000014,"[46, 48]","[4.049999999999994, 0]","[0, 0]",39
48,"[2, 3]",147.44999999999928,"[40, 43]","[10.90000000000002, 0]","[0, 0]",39
49,"[2, 1]",129.9999999999953,"[48, 46]","[16.050000000000093, 0]","[6.5999999999999845, 0]",39
50,"[0, 1]",128.04999999999487,"[47, 49]","[4.249999999999993, 0]","[0, 0]",39
51,"[2, 1]",136.29999999999674,"[49, 50]","[8.04999999999998, 0]","[0, 0]",39
52,"[2, 1]",142.54999999999816,"[51, 54]","[6.5999999999999845, 0]","[0, 0]",39
53,"[0, 3]",159.20000000000195,"[50, 47]","[4.299999999999993, 0]","[0, 0]",39
54,"[0, 1]",130.04999999999532,"[53, 51]","[5.249999999999989, 0]","[0, 0]",39
55,"[0, 1]",135.6499999999966,"[54, 52]","[7.94999999999998, 0]","[2.499999999999999, 0]",39
56,"[2, 3]",172.2000000000049,"[52, 53]","[5.1999999999999895, 0]","[0, 0]",39
57,"[0, 1]",136.0499999999967,"[55, 55]","[5.299999999999989, 0]","[0, 0]",39
58,"[0, 3]",166.60000000000363,"[57, 56]","[6.099999999999986, 0]","[0, 0]",39
59,"[2, 1]",148.59999999999954,"[56, 57]","[5.449999999999989, 0]","[0, 0]",39
60,"[2, 1]",148.69999999999956,"[59, 59]","[8.399999999999984, 0]","[0, 0]",39
61,"[0, 3]",168.75000000000412,"[58, 58]","[6.999999999999983, 0]","[0, 0]",39
62,"[0, 3]",170.25000000000446,"[61, 61]","[7.4499999999999815, 0]","[0, 0]",39
63,"[0, 1]",140.4499999999977,"[62, 66]","[7.149999999999983, 0]","[0, 0]",39
64,"[0, 3]",172.70000000000502,"[63, 67]","[7.649999999999981, 0]","[0, 0]",39
65,"[0, 1]",138.39999999999722,"[64, 63]","[7.89999999999998, 0]","[0, 0]",39
66,"[2, 1]",150.70000000000002,"[60, 60]","[10.450000000000014, 0]","[0, 0]",39
67,"[2, 3]",184.80000000000777,"[66, 62]","[12.650000000000045, 0]","[0, 0]",39
68,"[2, 3]",192.4000000000095,"[67, 64]","[21.40000000000017, 0]","[3.1999999999999966, 0]",39
69,"[2, 1]",162.60000000000272,"[68, 65]","[21.900000000000176, 0]","[0, 0]",39
70,"[0, 3]",170.60000000000454,"[65, 68]","[7.4499999999999815, 0]","[0, 0]",39
71,"[0, 1]",141.3499999999979,"[70, 69]","[7.649999999999981, 0]","[0, 0]",39
72,"[2, 3]",196.4000000000104,"[69, 70]","[33.25000000000025, 0]","[0, 0]",39
73,"[0, 3]",173.60000000000522,"[71, 72]","[7.7499999999999805, 0]","[0, 0]",39
74,"[0, 1]",139.94999999999757,"[73, 71]","[7.7499999999999805, 0]","[0, 0]",39
75,"[0, 1]",140.59999999999772,"[74, 74]","[7.349999999999982, 0]","[0, 0]",39
76,"[0, 3]",171.55000000000476,"[75, 73]","[6.649999999999984, 0]","[0, 0]",39
77,"[0, 3]",166.4500000000036,"[76, 76]","[3.7999999999999945, 0]","[0, 0]",39
78,"[0, 3]",167.05000000000373,"[77, 77]","[3.4499999999999957, 0]","[0, 0]",39
79,"[0, 3]",168.10000000000397,"[78, 78]","[2.7499999999999982, 0]","[0, 0]",39
0,"[0, 1]",73.59999999999796,"[-999, 10]","[0, 0]","[2.499999999999999, 0]",40
1,"[2, 1]",36.40000000000007,"[-999, -999]","[0, 0]","[0, 0]",40
2,"[2, 3]",68.49999999999825,"[1, -999]","[0, 0]","[0, 0]",40
3,"[2, 1]",37.30000000000002,"[2, 1]","[0, 0]","[0, 0]",40
4,"[2, 1]",38.99999999999992,"[3, 3]","[0, 0]","[0, 0]",40
5,"[2, 1]",40.94999999999981,"[4, 4]","[0, 0]","[0, 0]",40
6,"[2, 3]",72.19999999999804,"[5, 2]","[0, 0]","[0, 0]",40
7,"[2, 1]",40.199999999999854,"[6, 5]","[0, 0]","[0, 0]",40
8,"[0, 1]",79.09999999999765,"[0, 14]","[5.699999999999988, 0]","[5.699999999999988, 0]",40
9,"[0, 1]",79.59999999999762,"[8, 8]","[0, 0]","[0, 0]",40
10,"[2, 1]",42.54999999999972,"[7, 7]","[0, 0]","[0, 0]",40
11,"[2, 3]",72.64999999999802,"[10, 6]","[0, 0]","[0, 0]",40
12,"[2, 1]",45.14999999999957,"[11, 0]","[0, 0]","[0, 0]",40
13,"[0, 1]",85.39999999999729,"[9, 20]","[2.499999999999999, 0]","[2.499999999999999, 0]",40
14,"[2, 1]",45.89999999999953,"[12, 12]","[0, 0]","[0, 0]",40
15,"[0, 1]",85.79999999999727,"[13, 13]","[0, 0]","[0, 0]",40
16,"[2, 3]",74.99999999999788,"[14, 11]","[0, 0]","[0, 0]",40
17,"[0, 1]",92.99999999999686,"[15, 21]","[1.1500000000000004, 0]","[1.1500000000000004, 0]",40
18,"[0, 1]",92.3499999999969,"[17, 17]","[0, 0]","[0, 0]",40
19,"[0, 1]",99.09999999999651,"[18, 25]","[2.3999999999999995, 0]","[2.3999999999999995, 0]",40
20,"[2, 1]",53.64999999999909,"[16, 9]","[2.8999999999999977, 0]","[2.8999999999999977, 0]",40
21,"[2, 1]",64.1499999999985,"[20, 15]","[6.799999999999984, 0]","[6.799999999999984, 0]",40
22,"[0, 1]",98.49999999999655,"[19, 19]","[0, 0]","[0, 0]",40
23,"[0, 3]",128.49999999999497,"[22, 27]","[0, 0]","[0, 0]",40
24,"[2, 3]",94.24999999999679,"[21, 16]","[0, 0]","[0, 0]",40
25,"[2, 1]",69.74999999999818,"[24, 18]","[18.60000000000013, 0]","[0.05, 0]",40
26,"[0, 3]",130.59999999999545,"[23, 23]","[0, 0]","[0, 0]",40
27,"[2, 3]",101.29999999999639,"[25, 24]","[24.450000000000212, 0]","[0.05, 0]",40
28,"[0, 1]",101.79999999999636,"[26, 29]","[0, 0]","[0, 0]",40
29,"[2, 1]",76.3999999999978,"[27, 22]","[24.20000000000021, 0]","[0, 0]",40
30,"[0, 1]",102.8499999999963,"[28, 28]","[0, 0]","[0, 0]",40
31,"[0, 3]",134.19999999999627,"[30, 32]","[0, 0]","[0, 0]",40
32,"[2, 3]",114.34999999999565,"[29, 26]","[21.850000000000176, 0]","[0, 0]",40
33,"[0, 3]",136.34999999999675,"[31, 31]","[0, 0]","[0, 0]",40
34,"[2, 1]",91.24999999999696,"[32, 30]","[20.15000000000015, 0]","[0, 0]",40
35,"[2, 1]",91.04999999999697,"[34, 34]","[18.70000000000013, 0]","[0, 0]",40
36,"[2, 3]",131.04999999999555,"[35, 37]","[20.65000000000016, 0]","[3.399999999999996, 0]",40
37,"[0, 3]",137.8999999999971,"[33, 33]","[0, 0]","[0, 0]",40
38,"[2, 1]",107.79999999999602,"[36, 40]","[19.050000000000136, 0]","[3.1999999999999966, 0]",40
39,"[0, 1]",108.74999999999596,"[37, 35]","[0, 0]","[0, 0]",40
40,"[0, 1]",109.9499999999959,"[39, 39]","[0, 0]","[0, 0]",40
41,"[0, 3]",141.19999999999786,"[40, 36]","[0, 0]","[0, 0]",40
42,"[0, 3]",143.29999999999833,"[41, 41]","[0, 0]","[0, 0]",40
43,"[0, 3]",150.44999999999996,"[42, 44]","[2.0500000000000007, 0]","[2.0500000000000007, 0]",40
44,"[2, 3]",145.24999999999878,"[38, 42]","[14.350000000000069, 0]","[0, 0]",40
45,"[2, 3]",152.15000000000035,"[44, 43]","[12.950000000000049, 0]","[0, 0]",40
46,"[0, 1]",119.54999999999535,"[43, -999]","[0, 0]","[0, 0]",40
47,"[2, 1]",121.29999999999525,"[45, 46]","[12.30000000000004, 0]","[0, 0]",40
48,"[0, 3]",152.30000000000038,"[46, 45]","[0, 0]","[0, 0]",40
49,"[0, 3]",153.20000000000059,"[48, 48]","[0, 0]","[0, 0]",40
50,"[2, 1]",123.54999999999512,"[47, 47]","[12.250000000000039, 0]","[0, 0]",40
51,"[2, 1]",131.84999999999573,"[50, 52]","[11.55000000000003, 0]","[0, 0]",40
52,"[0, 1]",124.89999999999505,"[49, 50]","[0, 0]","[0, 0]",40
53,"[2, 1]",132.39999999999586,"[51, 51]","[10.600000000000016, 0]","[0, 0]",40
54,"[0, 3]",155.25000000000105,"[52, 49]","[0, 0]","[0, 0]",40
55,"[2, 3]",166.10000000000352,"[53, 56]","[9.850000000000005, 0]","[0, 0]",40
56,"[0, 3]",157.40000000000154,"[54, 54]","[0, 0]","[0, 0]",40
57,"[0, 1]",128.44999999999496,"[56, 53]","[0, 0]","[0, 0]",40
58,"[0, 3]",161.10000000000238,"[57, 55]","[0, 0]","[0, 0]",40
59,"[2, 3]",173.80000000000527,"[55, 58]","[9.049999999999994, 0]","[0, 0]",40
60,"[0, 1]",131.84999999999573,"[58, 57]","[0, 0]","[0, 0]",40
61,"[0, 3]",164.00000000000304,"[60, 59]","[0, 0]","[0, 0]",40
62,"[0, 3]",165.25000000000333,"[61, 61]","[0, 0]","[0, 0]",40
63,"[2, 1]",143.9999999999985,"[59, 60]","[8.04999999999998, 0]","[0, 0]",40
64,"[0, 3]",166.4000000000036,"[62, 62]","[0, 0]","[0, 0]",40
65,"[0, 1]",136.5499999999968,"[64, 69]","[0, 0]","[0, 0]",40
66,"[0, 1]",137.49999999999702,"[65, 65]","[0, 0]","[0, 0]",40
67,"[0, 1]",138.2499999999972,"[66, 66]","[0, 0]","[0, 0]",40
68,"[0, 3]",168.7000000000041,"[67, 73]","[0, 0]","[0, 0]",40
69,"[2, 1]",146.14999999999898,"[63, 63]","[8.649999999999988, 0]","[0, 0]",40
70,"[0, 1]",138.7499999999973,"[68, 74]","[0.35, 0]","[0, 0]",40
71,"[0, 3]",166.5000000000036,"[70, 68]","[1.0000000000000002, 0]","[0, 0]",40
72,"[0, 1]",138.3499999999972,"[71, 70]","[1.4000000000000006, 0]","[0, 0]",40
73,"[2, 3]",183.85000000000755,"[69, 64]","[9.399999999999999, 0]","[0, 0]",40
74,"[2, 1]",165.70000000000343,"[73, 67]","[15.050000000000079, 0]","[2.7499999999999982, 0]",40
75,"[0, 3]",169.20000000000422,"[72, 71]","[1.6500000000000008, 0]","[0, 0]",40
76,"[0, 1]",141.09999999999783,"[75, 72]","[1.900000000000001, 0]","[0, 0]",40
77,"[0, 3]",171.20000000000468,"[76, 75]","[2.1000000000000005, 0]","[0, 0]",40
78,"[0, 1]",137.94999999999712,"[77, 76]","[2.3499999999999996, 0]","[0, 0]",40
79,"[0, 1]",138.59999999999727,"[78, 78]","[2.499999999999999, 0]","[0, 0]",40
0,"[2, 1]",36.40000000000007,"[-999, -999]","[0, 0]","[0, 0]",41
1,"[2, 1]",38.09999999999997,"[0, 0]","[0, 0]","[0, 0]",41
2,"[2, 3]",68.64999999999824,"[1, -999]","[0, 0]","[0, 0]",41
3,"[2, 3]",71.34999999999809,"[2, 2]","[0, 0]","[0, 0]",41
4,"[0, 1]",72.24999999999804,"[-999, 12]","[0, 0]","[0, 0]",41
5,"[0, 1]",78.49999999999768,"[4, 14]","[2.8999999999999977, 0]","[2.8999999999999977, 0]",41
6,"[2, 1]",37.84999999999999,"[3, 1]","[0, 0]","[0, 0]",41
7,"[0, 1]",82.34999999999746,"[5, 15]","[2.3499999999999996, 0]","[2.3499999999999996, 0]",41
8,"[2, 1]",39.84999999999987,"[6, 6]","[0, 0]","[0, 0]",41
9,"[2, 3]",71.59999999999808,"[8, 3]","[0, 0]","[0, 0]",41
10,"[0, 1]",82.69999999999744,"[7, 7]","[0, 0]","[0, 0]",41
11,"[2, 3]",74.14999999999793,"[9, 9]","[0, 0]","[0, 0]",41
12,"[2, 1]",40.29999999999985,"[11, 8]","[0, 0]","[0, 0]",41
13,"[2, 3]",73.34999999999798,"[12, 11]","[0, 0]","[0, 0]",41
14,"[2, 1]",44.34999999999962,"[13, 4]","[0, 0]","[0, 0]",41
15,"[2, 1]",51.29999999999922,"[14, 5]","[1.5500000000000007, 0]","[1.5500000000000007, 0]",41
16,"[2, 1]",61.59999999999864,"[15, 10]","[9.900000000000006, 0]","[9.900000000000006, 0]",41
17,"[2, 1]",66.14999999999839,"[16, 21]","[15.050000000000079, 0]","[2.2, 0]",41
18,"[2, 1]",72.14999999999804,"[17, 32]","[19.30000000000014, 0]","[0, 0]",41
19,"[2, 3]",110.54999999999586,"[18, 34]","[28.50000000000027, 0]","[3.1999999999999966, 0]",41
20,"[2, 3]",118.04999999999544,"[19, 38]","[26.200000000000237, 0]","[3.2999999999999963, 0]",41
21,"[0, 1]",87.54999999999717,"[10, 16]","[2.3999999999999995, 0]","[2.3999999999999995, 0]",41
22,"[2, 1]",100.04999999999646,"[20, 46]","[24.000000000000206, 0]","[2.799999999999998, 0]",41
23,"[0, 3]",116.44999999999553,"[21, 13]","[0, 0]","[0, 0]",41
24,"[2, 3]",137.59999999999704,"[22, 49]","[23.100000000000193, 0]","[3.1999999999999966, 0]",41
25,"[2, 1]",114.59999999999563,"[24, 59]","[22.10000000000018, 0]","[3.2999999999999963, 0]",41
26,"[2, 1]",115.29999999999559,"[25, 25]","[17.750000000000117, 0]","[0, 0]",41
27,"[2, 1]",123.49999999999513,"[26, 63]","[16.4500000000001, 0]","[0, 0]",41
28,"[2, 3]",153.00000000000054,"[27, 62]","[15.15000000000008, 0]","[0, 0]",41
29,"[2, 1]",129.64999999999523,"[28, 66]","[13.850000000000062, 0]","[0, 0]",41
30,"[2, 3]",167.45000000000383,"[29, 69]","[14.650000000000073, 0]","[0, 0]",41
31,"[2, 3]",174.8500000000055,"[30, 72]","[19.100000000000136, 0]","[1.850000000000001, 0]",41
32,"[0, 1]",84.14999999999736,"[23, 17]","[0, 0]","[0, 0]",41
33,"[0, 3]",116.04999999999555,"[32, 23]","[0, 0]","[0, 0]",41
34,"[0, 3]",118.29999999999542,"[33, 33]","[0, 0]","[0, 0]",41
35,"[0, 1]",89.74999999999704,"[34, 18]","[0, 0]","[0, 0]",41
36,"[2, 1]",143.69999999999843,"[31, 70]","[19.30000000000014, 0]","[0, 0]",41
37,"[2, 3]",182.40000000000722,"[36, 74]","[20.05000000000015, 0]","[0, 0]",41
38,"[0, 3]",121.69999999999523,"[35, 19]","[0, 0]","[0, 0]",41
39,"[2, 3]",183.5500000000075,"[37, 37]","[30.900000000000304, 0]","[0, 0]",41
40,"[0, 1]",92.59999999999688,"[38, 35]","[0, 0]","[0, 0]",41
41,"[2, 3]",185.15000000000785,"[39, 39]","[31.150000000000308, 0]","[0, 0]",41
42,"[2, 1]",155.60000000000113,"[41, 75]","[31.600000000000314, 0]","[0, 0]",41
43,"[2, 3]",189.10000000000875,"[42, 41]","[34.95000000000015, 0]","[0, 0]",41
44,"[2, 3]",192.05000000000942,"[43, 43]","[34.65000000000017, 0]","[0, 0]",41
45,"[0, 1]",93.64999999999682,"[40, 40]","[0, 0]","[0, 0]",41
46,"[0, 1]",94.69999999999676,"[45, 45]","[0, 0]","[0, 0]",41
47,"[0, 3]",125.89999999999499,"[46, 20]","[0, 0]","[0, 0]",41
48,"[2, 1]",162.9000000000028,"[44, -999]","[33.80000000000022, 0]","[0, 0]",41
49,"[0, 3]",128.1999999999949,"[47, 47]","[0, 0]","[0, 0]",41
50,"[2, 3]",196.30000000001039,"[48, 44]","[34.25000000000019, 0]","[0, 0]",41
51,"[2, 1]",168.10000000000397,"[50, 48]","[35.600000000000115, 0]","[0, 0]",41
52,"[2, 1]",171.00000000000463,"[51, 51]","[38.64999999999994, 0]","[0, 0]",41
53,"[2, 3]",202.9500000000119,"[52, 50]","[42.14999999999974, 0]","[0, 0]",41
54,"[0, 1]",99.69999999999648,"[49, 22]","[0, 0]","[0, 0]",41
55,"[2, 1]",174.95000000000553,"[53, 52]","[44.549999999999606, 0]","[0, 0]",41
56,"[2, 1]",177.4500000000061,"[55, 55]","[45.89999999999953, 0]","[0, 0]",41
57,"[2, 1]",179.6500000000066,"[56, 56]","[47.049999999999464, 0]","[0, 0]",41
58,"[2, 1]",181.55000000000703,"[57, 57]","[47.749999999999424, 0]","[0, 0]",41
59,"[0, 1]",100.74999999999642,"[54, 54]","[0, 0]","[0, 0]",41
60,"[2, 1]",162.5000000000027,"[58, 58]","[32.20000000000031, 0]","[0, 0]",41
61,"[0, 3]",131.94999999999575,"[59, 24]","[0, 0]","[0, 0]",41
62,"[0, 3]",134.14999999999625,"[61, 61]","[0, 0]","[0, 0]",41
63,"[0, 1]",105.39999999999615,"[62, 26]","[0, 0]","[0, 0]",41
64,"[2, 1]",163.75000000000298,"[60, 60]","[32.15000000000031, 0]","[0, 0]",41
65,"[0, 1]",110.79999999999585,"[63, 27]","[2.3999999999999995, 0]","[2.3999999999999995, 0]",41
66,"[0, 1]",111.24999999999582,"[65, 65]","[0, 0]","[0, 0]",41
67,"[0, 3]",141.89999999999802,"[66, 28]","[0, 0]","[0, 0]",41
68,"[2, 1]",165.6000000000034,"[64, 64]","[33.90000000000021, 0]","[0, 0]",41
69,"[0, 3]",144.0499999999985,"[67, 67]","[0, 0]","[0, 0]",41
70,"[0, 1]",115.44999999999558,"[69, 29]","[0, 0]","[0, 0]",41
71,"[2, 1]",152.45000000000041,"[68, 68]","[25.450000000000227, 0]","[0, 0]",41
72,"[0, 3]",147.0999999999992,"[70, 30]","[0, 0]","[0, 0]",41
73,"[0, 3]",153.7000000000007,"[72, 31]","[2.3999999999999995, 0]","[2.3999999999999995, 0]",41
74,"[0, 3]",154.6000000000009,"[73, 73]","[0, 0]","[0, 0]",41
75,"[0, 1]",124.0499999999951,"[74, 36]","[0, 0]","[0, 0]",41
76,"[2, 1]",152.95000000000053,"[71, 71]","[27.20000000000025, 0]","[0, 0]",41
77,"[2, 1]",154.85000000000096,"[76, 76]","[28.000000000000263, 0]","[0, 0]",41
78,"[2, 3]",179.6000000000066,"[77, -999]","[26.45000000000024, 0]","[0, 0]",41
79,"[2, 1]",149.94999999999985,"[78, 77]","[27.600000000000257, 0]","[0, 0]",41
0,"[2, 1]",36.40000000000007,"[-999, -999]","[0, 0]","[0, 0]",42
1,"[2, 1]",38.09999999999997,"[0, 0]","[0, 0]","[0, 0]",42
2,"[0, 3]",96.74999999999665,"[-999, 5]","[0, 0]","[0, 0]",42
3,"[2, 1]",39.89999999999987,"[1, 1]","[0, 0]","[0, 0]",42
4,"[2, 1]",41.79999999999976,"[3, 3]","[0, 0]","[0, 0]",42
5,"[2, 3]",69.79999999999818,"[4, -999]","[0, 0]","[0, 0]",42
6,"[0, 1]",72.44999999999803,"[2, 11]","[0, 0]","[0, 0]",42
7,"[2, 1]",41.1499999999998,"[5, 4]","[0, 0]","[0, 0]",42
8,"[0, 3]",104.24999999999622,"[6, 12]","[0, 0]","[0, 0]",42
9,"[2, 1]",42.9499999999997,"[7, 7]","[0, 0]","[0, 0]",42
10,"[2, 1]",44.549999999999606,"[9, 9]","[0, 0]","[0, 0]",42
11,"[2, 1]",45.94999999999953,"[10, 10]","[0, 0]","[0, 0]",42
12,"[2, 3]",76.04999999999782,"[11, 2]","[0, 0]","[0, 0]",42
13,"[0, 3]",105.89999999999613,"[8, 8]","[0, 0]","[0, 0]",42
14,"[2, 1]",48.799999999999365,"[12, 6]","[0, 0]","[0, 0]",42
15,"[0, 1]",75.64999999999785,"[13, 16]","[0, 0]","[0, 0]",42
16,"[2, 1]",49.54999999999932,"[14, 14]","[0, 0]","[0, 0]",42
17,"[0, 1]",76.79999999999778,"[15, 15]","[0, 0]","[0, 0]",42
18,"[0, 3]",107.94999999999601,"[17, 13]","[0, 0]","[0, 0]",42
19,"[0, 3]",110.24999999999588,"[18, 18]","[0, 0]","[0, 0]",42
20,"[2, 1]",62.149999999998606,"[16, 17]","[3.149999999999997, 0]","[3.149999999999997, 0]",42
21,"[0, 1]",79.74999999999761,"[19, 24]","[0, 0]","[0, 0]",42
22,"[0, 3]",111.14999999999583,"[21, 19]","[0, 0]","[0, 0]",42
23,"[0, 1]",87.69999999999716,"[22, 27]","[2.849999999999998, 0]","[2.849999999999998, 0]",42
24,"[2, 1]",61.89999999999862,"[20, 20]","[0, 0]","[0, 0]",42
25,"[0, 3]",119.44999999999536,"[23, 29]","[0, 0]","[0, 0]",42
26,"[2, 1]",69.3999999999982,"[24, 21]","[14.350000000000069, 0]","[0, 0]",42
27,"[2, 1]",69.14999999999822,"[26, 26]","[17.20000000000011, 0]","[0, 0]",42
28,"[0, 1]",90.34999999999701,"[25, 23]","[0, 0]","[0, 0]",42
29,"[2, 3]",101.79999999999636,"[27, 22]","[14.850000000000076, 0]","[0, 0]",42
30,"[2, 3]",110.04999999999589,"[29, 25]","[13.100000000000051, 0]","[0, 0]",42
31,"[0, 3]",122.39999999999519,"[28, 30]","[0, 0]","[0, 0]",42
32,"[0, 1]",93.39999999999684,"[31, 35]","[0, 0]","[0, 0]",42
33,"[0, 1]",94.39999999999678,"[32, 32]","[0, 0]","[0, 0]",42
34,"[0, 1]",99.79999999999647,"[33, 39]","[2.4499999999999993, 0]","[2.4499999999999993, 0]",42
35,"[2, 1]",80.44999999999757,"[30, 28]","[11.65000000000003, 0]","[0, 0]",42
36,"[0, 1]",106.49999999999609,"[34, 40]","[1.800000000000001, 0]","[1.800000000000001, 0]",42
37,"[2, 3]",114.14999999999566,"[35, 31]","[10.20000000000001, 0]","[0, 0]",42
38,"[0, 3]",134.89999999999642,"[36, 37]","[0, 0]","[0, 0]",42
39,"[2, 1]",89.99999999999703,"[37, 33]","[8.74999999999999, 0]","[0, 0]",42
40,"[2, 1]",95.59999999999671,"[39, 34]","[7.349999999999982, 0]","[0, 0]",42
41,"[0, 1]",106.09999999999611,"[38, 43]","[0, 0]","[0, 0]",42
42,"[0, 3]",137.24999999999696,"[41, 38]","[0, 0]","[0, 0]",42
43,"[2, 1]",100.9999999999964,"[40, 36]","[5.949999999999987, 0]","[0, 0]",42
44,"[0, 1]",113.3999999999957,"[42, 46]","[2.499999999999999, 0]","[2.499999999999999, 0]",42
45,"[2, 1]",106.89999999999607,"[43, 41]","[4.499999999999992, 0]","[0, 0]",42
46,"[2, 1]",106.84999999999607,"[45, 45]","[4.94999999999999, 0]","[0, 0]",42
47,"[0, 1]",113.94999999999567,"[44, 44]","[0, 0]","[0, 0]",42
48,"[0, 1]",119.29999999999536,"[47, 51]","[2.4499999999999993, 0]","[2.4499999999999993, 0]",42
49,"[0, 3]",151.70000000000024,"[48, 52]","[0, 0]","[0, 0]",42
50,"[2, 3]",139.34999999999744,"[46, 42]","[4.3499999999999925, 0]","[0, 0]",42
51,"[2, 1]",115.54999999999558,"[50, 47]","[3.5499999999999954, 0]","[0, 0]",42
52,"[2, 3]",146.09999999999897,"[51, 50]","[3.999999999999994, 0]","[0, 0]",42
53,"[0, 3]",153.15000000000057,"[49, 49]","[0, 0]","[0, 0]",42
54,"[2, 1]",118.14999999999543,"[52, 48]","[4.299999999999993, 0]","[0, 0]",42
55,"[0, 1]",125.29999999999502,"[53, 58]","[0, 0]","[0, 0]",42
56,"[0, 1]",125.749999999995,"[55, 55]","[0, 0]","[0, 0]",42
57,"[0, 3]",159.35000000000198,"[56, 60]","[0, 0]","[0, 0]",42
58,"[2, 1]",120.59999999999529,"[54, 54]","[4.549999999999992, 0]","[0, 0]",42
59,"[2, 3]",153.80000000000072,"[58, 53]","[5.349999999999989, 0]","[0, 0]",42
60,"[2, 3]",156.4000000000013,"[59, 59]","[5.899999999999987, 0]","[0, 0]",42
61,"[2, 1]",127.24999999999491,"[60, 56]","[6.149999999999986, 0]","[0, 0]",42
62,"[0, 1]",130.94999999999553,"[57, 61]","[0, 0]","[0, 0]",42
63,"[2, 1]",141.29999999999788,"[61, 65]","[10.700000000000017, 0]","[3.049999999999997, 0]",42
64,"[2, 3]",173.0500000000051,"[63, 68]","[10.20000000000001, 0]","[0, 0]",42
65,"[0, 1]",131.49999999999565,"[62, 62]","[0, 0]","[0, 0]",42
66,"[2, 1]",144.0499999999985,"[64, 70]","[12.400000000000041, 0]","[0, 0]",42
67,"[2, 3]",182.40000000000722,"[66, 73]","[14.45000000000007, 0]","[0, 0]",42
68,"[0, 3]",162.5000000000027,"[65, 57]","[0, 0]","[0, 0]",42
69,"[2, 1]",164.7000000000032,"[67, 77]","[19.30000000000014, 0]","[2.9999999999999973, 0]",42
70,"[0, 1]",134.64999999999637,"[68, 63]","[0, 0]","[0, 0]",42
71,"[0, 3]",166.9500000000037,"[70, 64]","[0, 0]","[0, 0]",42
72,"[2, 3]",196.50000000001043,"[69, 78]","[16.4500000000001, 0]","[0, 0]",42
73,"[0, 3]",168.40000000000404,"[71, 71]","[0.5499999999999999, 0]","[0, 0]",42
74,"[0, 1]",138.99999999999736,"[73, 66]","[2.1000000000000005, 0]","[0, 0]",42
75,"[0, 1]",140.0999999999976,"[74, 74]","[2.799999999999998, 0]","[0, 0]",42
76,"[2, 1]",167.60000000000386,"[72, 79]","[15.900000000000091, 0]","[0, 0]",42
77,"[0, 1]",141.24999999999787,"[75, 75]","[2.7499999999999982, 0]","[0, 0]",42
78,"[0, 3]",172.35000000000494,"[77, 67]","[2.3999999999999995, 0]","[0, 0]",42
79,"[0, 1]",144.59999999999863,"[78, 69]","[1.950000000000001, 0]","[0, 0]",42
0,"[2, 3]",67.7499999999983,"[-999, -999]","[0, 0]","[0, 0]",43
1,"[2, 1]",37.15000000000003,"[0, -999]","[0, 0]","[0, 0]",43
2,"[2, 3]",69.99999999999817,"[1, 0]","[0, 0]","[0, 0]",43
3,"[2, 1]",37.65,"[2, 1]","[0, 0]","[0, 0]",43
4,"[0, 1]",75.59999999999785,"[-999, 10]","[0, 0]","[2.8999999999999977, 0]",43
5,"[2, 1]",39.649999999999885,"[3, 3]","[0, 0]","[0, 0]",43
6,"[2, 1]",41.54999999999978,"[5, 5]","[0, 0]","[0, 0]",43
7,"[2, 1]",43.349999999999675,"[6, 6]","[0, 0]","[0, 0]",43
8,"[2, 1]",44.949999999999584,"[7, 7]","[0, 0]","[0, 0]",43
9,"[0, 1]",74.39999999999792,"[4, 4]","[0, 0]","[0, 0]",43
10,"[2, 1]",46.24999999999951,"[8, 8]","[0, 0]","[0, 0]",43
11,"[2, 3]",75.74999999999784,"[10, 2]","[0, 0]","[0, 0]",43
12,"[2, 1]",54.39999999999905,"[11, 9]","[2.6499999999999986, 0]","[2.6499999999999986, 0]",43
13,"[2, 1]",59.74999999999874,"[12, 14]","[3.4499999999999957, 0]","[3.4499999999999957, 0]",43
14,"[0, 1]",79.09999999999765,"[9, 12]","[2.3999999999999995, 0]","[2.3999999999999995, 0]",43
15,"[2, 3]",91.79999999999693,"[13, 17]","[0, 0]","[0, 0]",43
16,"[2, 1]",63.199999999998546,"[15, 20]","[0, 0]","[0, 0]",43
17,"[0, 3]",109.64999999999591,"[14, 11]","[0, 0]","[0, 0]",43
18,"[2, 1]",65.54999999999842,"[16, 16]","[16.750000000000103, 0]","[0, 0]",43
19,"[2, 1]",73.49999999999797,"[18, 27]","[18.900000000000134, 0]","[0, 0]",43
20,"[0, 1]",81.59999999999751,"[17, 13]","[0, 0]","[0, 0]",43
21,"[0, 3]",114.79999999999562,"[20, 15]","[0, 0]","[0, 0]",43
22,"[2, 1]",73.39999999999797,"[19, 19]","[16.5500000000001, 0]","[0, 0]",43
23,"[0, 3]",116.04999999999555,"[21, 21]","[0, 0]","[0, 0]",43
24,"[2, 3]",107.74999999999602,"[22, 29]","[14.850000000000076, 0]","[0, 0]",43
25,"[2, 3]",115.0999999999956,"[24, 33]","[13.300000000000054, 0]","[0, 0]",43
26,"[2, 1]",84.64999999999733,"[25, 31]","[11.800000000000033, 0]","[0, 0]",43
27,"[0, 1]",88.49999999999712,"[23, 18]","[0, 0]","[0, 0]",43
28,"[0, 3]",118.6499999999954,"[27, 23]","[0, 0]","[0, 0]",43
29,"[0, 3]",120.84999999999528,"[28, 28]","[0, 0]","[0, 0]",43
30,"[2, 1]",92.94999999999686,"[26, 36]","[10.25000000000001, 0]","[0, 0]",43
31,"[0, 1]",91.39999999999695,"[29, 22]","[0, 0]","[0, 0]",43
32,"[2, 3]",123.54999999999512,"[30, 35]","[8.79999999999999, 0]","[0, 0]",43
33,"[0, 3]",124.34999999999508,"[31, 24]","[0, 0]","[0, 0]",43
34,"[2, 3]",126.79999999999494,"[32, 32]","[7.349999999999982, 0]","[0, 0]",43
35,"[0, 3]",130.99999999999554,"[33, 25]","[2.000000000000001, 0]","[2.000000000000001, 0]",43
36,"[0, 1]",102.69999999999631,"[35, 26]","[0, 0]","[0, 0]",43
37,"[2, 3]",134.49999999999633,"[34, 40]","[7.4499999999999815, 0]","[0, 0]",43
38,"[0, 1]",108.49999999999598,"[36, 30]","[1.950000000000001, 0]","[1.950000000000001, 0]",43
39,"[0, 1]",107.94999999999601,"[38, 38]","[0, 0]","[0, 0]",43
40,"[0, 3]",141.64999999999796,"[39, 34]","[0, 0]","[0, 0]",43
41,"[0, 1]",112.29999999999576,"[40, 39]","[0, 0]","[0, 0]",43
42,"[2, 1]",121.79999999999522,"[37, 48]","[16.5500000000001, 0]","[9.750000000000004, 0]",43
43,"[2, 3]",150.80000000000004,"[42, 37]","[7.699999999999981, 0]","[0, 0]",43
44,"[0, 1]",113.4999999999957,"[41, 41]","[0, 0]","[0, 0]",43
45,"[2, 1]",127.74999999999488,"[43, 51]","[7.499999999999981, 0]","[0, 0]",43
46,"[0, 1]",114.59999999999563,"[44, 44]","[0, 0]","[0, 0]",43
47,"[2, 3]",157.6500000000016,"[45, 43]","[8.199999999999982, 0]","[0, 0]",43
48,"[0, 1]",115.64999999999557,"[46, 46]","[0, 0]","[0, 0]",43
49,"[2, 3]",166.10000000000352,"[47, 53]","[10.20000000000001, 0]","[0, 0]",43
50,"[0, 1]",121.59999999999523,"[48, 42]","[2.499999999999999, 0]","[2.499999999999999, 0]",43
51,"[0, 1]",121.99999999999521,"[50, 50]","[0, 0]","[0, 0]",43
52,"[0, 1]",127.3499999999949,"[51, 45]","[2.549999999999999, 0]","[2.549999999999999, 0]",43
53,"[0, 3]",159.10000000000193,"[52, 47]","[0, 0]","[0, 0]",43
54,"[2, 3]",167.95000000000394,"[49, 49]","[11.800000000000033, 0]","[0, 0]",43
55,"[0, 1]",130.14999999999534,"[53, 52]","[0, 0]","[0, 0]",43
56,"[0, 1]",131.2499999999956,"[55, 55]","[0, 0]","[0, 0]",43
57,"[0, 1]",132.34999999999584,"[56, 56]","[0.9500000000000003, 0]","[0, 0]",43
58,"[2, 3]",169.85000000000437,"[54, 54]","[14.700000000000074, 0]","[0, 0]",43
59,"[0, 3]",165.2000000000033,"[57, 58]","[2.1500000000000004, 0]","[0, 0]",43
60,"[0, 3]",171.55000000000476,"[59, 62]","[5.699999999999988, 0]","[2.6999999999999984, 0]",43
61,"[0, 1]",141.99999999999804,"[60, 68]","[3.5499999999999954, 0]","[0, 0]",43
62,"[2, 3]",177.15000000000603,"[58, 59]","[18.150000000000123, 0]","[0, 0]",43
63,"[0, 1]",142.54999999999816,"[61, 61]","[3.649999999999995, 0]","[0, 0]",43
64,"[0, 1]",147.9499999999994,"[63, 70]","[6.499999999999985, 0]","[2.499999999999999, 0]",43
65,"[0, 3]",178.15000000000626,"[64, 69]","[4.199999999999993, 0]","[0, 0]",43
66,"[0, 1]",149.2999999999997,"[65, 71]","[4.849999999999991, 0]","[0, 0]",43
67,"[0, 1]",154.85000000000096,"[66, 72]","[7.94999999999998, 0]","[2.499999999999999, 0]",43
68,"[2, 1]",146.04999999999896,"[62, 57]","[21.150000000000166, 0]","[0, 0]",43
69,"[2, 3]",180.45000000000678,"[68, 60]","[22.000000000000178, 0]","[0, 0]",43
70,"[2, 1]",155.5000000000011,"[69, 63]","[31.500000000000313, 0]","[0, 0]",43
71,"[2, 1]",161.35000000000244,"[70, 64]","[32.70000000000028, 0]","[0, 0]",43
72,"[2, 1]",167.45000000000383,"[71, 66]","[32.00000000000032, 0]","[0, 0]",43
73,"[2, 1]",172.90000000000506,"[72, 67]","[32.450000000000294, 0]","[0, 0]",43
74,"[0, 1]",159.75000000000207,"[67, 73]","[8.499999999999986, 0]","[2.549999999999999, 0]",43
75,"[0, 3]",191.70000000000934,"[74, 77]","[6.349999999999985, 0]","[0, 0]",43
76,"[0, 3]",192.3500000000095,"[75, 75]","[6.699999999999984, 0]","[0, 0]",43
77,"[2, 3]",202.60000000001182,"[73, 65]","[34.80000000000016, 0]","[0, 0]",43
78,"[0, 3]",191.90000000000938,"[76, 76]","[6.799999999999984, 0]","[0, 0]",43
79,"[0, 1]",162.0000000000026,"[78, -999]","[6.549999999999985, 0]","[0, 0]",43
0,"[2, 3]",67.7499999999983,"[-999, -999]","[0, 0]","[0, 0]",44
1,"[2, 1]",37.15000000000003,"[0, -999]","[0, 0]","[0, 0]",44
2,"[2, 1]",38.89999999999993,"[1, 1]","[0, 0]","[0, 0]",44
3,"[2, 3]",70.79999999999812,"[2, 0]","[0, 0]","[0, 0]",44
4,"[0, 1]",67.44999999999831,"[-999, 9]","[0, 0]","[0, 0]",44
5,"[2, 3]",73.49999999999797,"[3, 3]","[0, 0]","[0, 0]",44
6,"[2, 1]",39.49999999999989,"[5, 2]","[0, 0]","[0, 0]",44
7,"[0, 1]",73.74999999999795,"[4, 11]","[0, 0]","[0, 0]",44
8,"[2, 3]",72.54999999999802,"[6, 5]","[0, 0]","[0, 0]",44
9,"[2, 1]",39.49999999999989,"[8, 6]","[0, 0]","[0, 0]",44
10,"[2, 3]",72.34999999999803,"[9, 8]","[0, 0]","[0, 0]",44
11,"[2, 1]",44.549999999999606,"[10, 4]","[0, 0]","[0, 0]",44
12,"[2, 3]",74.54999999999791,"[11, 10]","[0, 0]","[0, 0]",44
13,"[2, 3]",76.64999999999779,"[12, 12]","[0, 0]","[0, 0]",44
14,"[0, 1]",71.2999999999981,"[7, 7]","[0, 0]","[0, 0]",44
15,"[2, 1]",54.19999999999906,"[13, 17]","[6.749999999999984, 0]","[6.749999999999984, 0]",44
16,"[2, 1]",69.84999999999818,"[15, 23]","[6.449999999999985, 0]","[6.449999999999985, 0]",44
17,"[0, 1]",72.79999999999801,"[14, 14]","[0, 0]","[0, 0]",44
18,"[2, 1]",74.7499999999979,"[16, 25]","[22.400000000000183, 0]","[1.5500000000000007, 0]",44
19,"[0, 1]",80.29999999999758,"[17, 15]","[0.9500000000000003, 0]","[0.9500000000000003, 0]",44
20,"[2, 1]",91.94999999999692,"[18, 36]","[32.600000000000286, 0]","[9.850000000000005, 0]",44
21,"[0, 1]",79.69999999999762,"[19, 19]","[0, 0]","[0, 0]",44
22,"[2, 3]",123.79999999999511,"[20, 37]","[25.00000000000022, 0]","[0, 0]",44
23,"[0, 1]",80.34999999999758,"[21, 21]","[0, 0]","[0, 0]",44
24,"[2, 3]",131.89999999999574,"[22, 43]","[26.000000000000234, 0]","[3.2499999999999964, 0]",44
25,"[0, 1]",86.14999999999725,"[23, 16]","[2.4499999999999993, 0]","[2.4499999999999993, 0]",44
26,"[0, 3]",116.09999999999555,"[25, 13]","[0, 0]","[0, 0]",44
27,"[2, 1]",108.34999999999599,"[24, 46]","[21.35000000000017, 0]","[0, 0]",44
28,"[2, 1]",113.84999999999567,"[27, 49]","[20.10000000000015, 0]","[0, 0]",44
29,"[2, 3]",151.65000000000023,"[28, 54]","[22.15000000000018, 0]","[3.1999999999999966, 0]",44
30,"[2, 3]",153.7500000000007,"[29, 29]","[18.55000000000013, 0]","[0, 0]",44
31,"[2, 3]",161.10000000000238,"[30, 58]","[19.050000000000136, 0]","[0, 0]",44
32,"[0, 1]",87.64999999999716,"[26, 18]","[0, 0]","[0, 0]",44
33,"[2, 3]",162.80000000000277,"[31, 31]","[19.35000000000014, 0]","[0, 0]",44
34,"[2, 1]",133.09999999999602,"[33, 61]","[20.85000000000016, 0]","[0, 0]",44
35,"[0, 1]",88.49999999999712,"[32, 32]","[0, 0]","[0, 0]",44
36,"[0, 1]",89.59999999999705,"[35, 35]","[0, 0]","[0, 0]",44
37,"[0, 3]",120.69999999999528,"[36, 26]","[0, 0]","[0, 0]",44
38,"[2, 1]",147.19999999999922,"[34, 66]","[23.050000000000193, 0]","[2.6499999999999986, 0]",44
39,"[0, 1]",92.94999999999686,"[37, 20]","[0, 0]","[0, 0]",44
40,"[2, 1]",152.15000000000035,"[38, 67]","[20.450000000000156, 0]","[0, 0]",44
41,"[2, 3]",182.20000000000718,"[40, 63]","[20.85000000000016, 0]","[0, 0]",44
42,"[2, 3]",196.10000000001034,"[41, 72]","[25.75000000000023, 0]","[2.549999999999999, 0]",44
43,"[0, 3]",125.19999999999503,"[39, 22]","[0, 0]","[0, 0]",44
44,"[0, 1]",96.24999999999667,"[43, 39]","[0, 0]","[0, 0]",44
45,"[2, 1]",178.3500000000063,"[42, 77]","[31.550000000000313, 0]","[6.749999999999984, 0]",44
46,"[0, 1]",97.34999999999661,"[44, 44]","[0, 0]","[0, 0]",44
47,"[2, 3]",208.35000000001313,"[45, 42]","[25.550000000000228, 0]","[0, 0]",44
48,"[2, 3]",211.50000000001384,"[47, 47]","[31.800000000000317, 0]","[0, 0]",44
49,"[0, 1]",104.6999999999962,"[46, 27]","[2.000000000000001, 0]","[2.000000000000001, 0]",44
50,"[2, 3]",213.9500000000144,"[48, 48]","[33.500000000000234, 0]","[0, 0]",44
51,"[2, 1]",184.65000000000774,"[50, 78]","[33.95000000000021, 0]","[0, 0]",44
52,"[2, 1]",187.25000000000833,"[51, 51]","[34.1500000000002, 0]","[0, 0]",44
53,"[0, 3]",133.19999999999604,"[49, 24]","[0, 0]","[0, 0]",44
54,"[0, 3]",135.54999999999657,"[53, 53]","[0, 0]","[0, 0]",44
55,"[2, 3]",219.75000000001572,"[52, 50]","[37.50000000000001, 0]","[0, 0]",44
56,"[0, 1]",106.94999999999607,"[54, 28]","[0, 0]","[0, 0]",44
57,"[0, 1]",107.999999999996,"[56, 56]","[0, 0]","[0, 0]",44
58,"[0, 3]",140.84999999999778,"[57, 30]","[0, 0]","[0, 0]",44
59,"[0, 1]",111.49999999999581,"[58, 57]","[0, 0]","[0, 0]",44
60,"[2, 3]",223.00000000001646,"[55, 55]","[43.04999999999969, 0]","[0, 0]",44
61,"[0, 1]",112.54999999999575,"[59, 59]","[0, 0]","[0, 0]",44
62,"[2, 3]",225.55000000001704,"[60, 60]","[46.09999999999952, 0]","[0, 0]",44
63,"[0, 3]",144.9499999999987,"[61, 33]","[0, 0]","[0, 0]",44
64,"[0, 1]",116.14999999999554,"[63, 34]","[0, 0]","[0, 0]",44
65,"[2, 1]",196.25000000001037,"[62, -999]","[46.59999999999949, 0]","[0, 0]",44
66,"[0, 1]",116.8999999999955,"[64, 64]","[0, 0]","[0, 0]",44
67,"[0, 1]",122.79999999999517,"[66, 38]","[2.4499999999999993, 0]","[2.4499999999999993, 0]",44
68,"[0, 1]",128.99999999999508,"[67, 40]","[2.3999999999999995, 0]","[2.3999999999999995, 0]",44
69,"[0, 3]",160.10000000000215,"[68, 41]","[0, 0]","[0, 0]",44
70,"[2, 1]",198.950000000011,"[65, 65]","[62.74999999999857, 0]","[0, 0]",44
71,"[2, 1]",200.8000000000114,"[70, 70]","[65.39999999999843, 0]","[0, 0]",44
72,"[0, 3]",161.6000000000025,"[69, 69]","[0.8000000000000002, 0]","[0, 0]",44
73,"[0, 1]",132.1999999999958,"[72, 68]","[1.3000000000000005, 0]","[0, 0]",44
74,"[2, 3]",231.9500000000185,"[71, 62]","[65.39999999999843, 0]","[0, 0]",44
75,"[0, 1]",133.29999999999606,"[73, 73]","[1.7500000000000009, 0]","[0, 0]",44
76,"[2, 3]",223.2000000000165,"[74, 74]","[59.899999999998734, 0]","[0, 0]",44
77,"[0, 1]",134.3999999999963,"[75, 75]","[1.900000000000001, 0]","[0, 0]",44
78,"[0, 1]",141.64999999999796,"[77, 45]","[3.149999999999997, 0]","[1.5000000000000007, 0]",44
79,"[2, 1]",184.20000000000763,"[76, -999]","[56.09999999999895, 0]","[0, 0]",44
0,"[0, 3]",96.74999999999665,"[-999, 5]","[0, 0]","[0, 0]",45
1,"[2, 1]",36.40000000000007,"[-999, -999]","[0, 0]","[0, 0]",45
2,"[2, 1]",38.09999999999997,"[1, 1]","[0, 0]","[0, 0]",45
3,"[2, 3]",68.64999999999824,"[2, -999]","[0, 0]","[0, 0]",45
4,"[0, 1]",72.04999999999805,"[0, 11]","[0, 0]","[0, 0]",45
5,"[2, 3]",71.34999999999809,"[3, 3]","[0, 0]","[0, 0]",45
6,"[2, 1]",41.29999999999979,"[5, 2]","[0, 0]","[0, 0]",45
7,"[2, 1]",43.29999999999968,"[6, 6]","[0, 0]","[0, 0]",45
8,"[0, 1]",72.74999999999801,"[4, 4]","[0, 0]","[0, 0]",45
9,"[0, 3]",105.04999999999617,"[8, 17]","[0, 0]","[0, 0]",45
10,"[2, 1]",44.84999999999959,"[7, 7]","[0, 0]","[0, 0]",45
11,"[2, 1]",46.19999999999951,"[10, 10]","[0, 0]","[0, 0]",45
12,"[0, 3]",106.3499999999961,"[9, 9]","[0, 0]","[0, 0]",45
13,"[0, 3]",112.89999999999573,"[12, 18]","[1.850000000000001, 0]","[1.850000000000001, 0]",45
14,"[0, 1]",83.99999999999737,"[13, 20]","[0, 0]","[0, 0]",45
15,"[2, 3]",76.24999999999781,"[11, 0]","[0, 0]","[0, 0]",45
16,"[0, 3]",116.49999999999552,"[14, 21]","[0, 0]","[0, 0]",45
17,"[2, 3]",78.74999999999767,"[15, 15]","[0, 0]","[0, 0]",45
18,"[2, 3]",91.09999999999697,"[17, 12]","[6.799999999999984, 0]","[6.799999999999984, 0]",45
19,"[0, 1]",88.14999999999714,"[16, 23]","[0, 0]","[0, 0]",45
20,"[2, 1]",61.19999999999866,"[18, -999]","[0, 0]","[0, 0]",45
21,"[2, 3]",94.94999999999675,"[20, 13]","[0, 0]","[0, 0]",45
22,"[0, 1]",88.59999999999711,"[19, 19]","[0, 0]","[0, 0]",45
23,"[2, 1]",65.7999999999984,"[21, 14]","[16.750000000000103, 0]","[0, 0]",45
24,"[0, 1]",89.54999999999706,"[22, 22]","[0, 0]","[0, 0]",45
25,"[2, 3]",99.74999999999648,"[23, 16]","[19.25000000000014, 0]","[0, 0]",45
26,"[0, 3]",120.4999999999953,"[24, 30]","[0, 0]","[0, 0]",45
27,"[0, 3]",122.44999999999519,"[26, 26]","[0, 0]","[0, 0]",45
28,"[0, 3]",123.9499999999951,"[27, 27]","[0, 0]","[0, 0]",45
29,"[0, 3]",130.4499999999954,"[28, 32]","[2.4499999999999993, 0]","[2.4499999999999993, 0]",45
30,"[2, 3]",102.04999999999634,"[25, 25]","[16.850000000000104, 0]","[0, 0]",45
31,"[2, 1]",76.4999999999978,"[30, 24]","[15.200000000000081, 0]","[0, 0]",45
32,"[2, 3]",119.64999999999534,"[31, 28]","[16.250000000000096, 0]","[2.6499999999999986, 0]",45
33,"[2, 3]",125.99999999999498,"[32, 29]","[12.100000000000037, 0]","[0, 0]",45
34,"[0, 1]",99.89999999999647,"[29, -999]","[0, 0]","[0, 0]",45
35,"[2, 3]",127.5499999999949,"[33, 33]","[10.650000000000016, 0]","[0, 0]",45
36,"[0, 1]",101.0999999999964,"[34, 34]","[0, 0]","[0, 0]",45
37,"[0, 1]",102.24999999999633,"[36, 36]","[0, 0]","[0, 0]",45
38,"[0, 1]",103.24999999999628,"[37, 37]","[0, 0]","[0, 0]",45
39,"[2, 3]",129.4999999999952,"[35, 35]","[9.199999999999996, 0]","[0, 0]",45
40,"[2, 1]",104.5999999999962,"[39, 38]","[7.7499999999999805, 0]","[0, 0]",45
41,"[0, 1]",108.74999999999596,"[38, 40]","[2.4499999999999993, 0]","[2.4499999999999993, 0]",45
42,"[2, 1]",110.04999999999589,"[40, 41]","[6.299999999999986, 0]","[0, 0]",45
43,"[0, 1]",115.39999999999559,"[41, 42]","[1.7500000000000009, 0]","[1.7500000000000009, 0]",45
44,"[2, 1]",115.34999999999559,"[42, 43]","[4.849999999999991, 0]","[0, 0]",45
45,"[2, 1]",120.89999999999527,"[44, 46]","[4.849999999999991, 0]","[0, 0]",45
46,"[0, 1]",120.4999999999953,"[43, 44]","[2.25, 0]","[2.25, 0]",45
47,"[0, 1]",125.54999999999501,"[46, 45]","[2.3, 0]","[2.3, 0]",45
48,"[2, 1]",126.29999999999497,"[45, 47]","[4.99999999999999, 0]","[0, 0]",45
49,"[2, 3]",158.6000000000018,"[48, 50]","[6.199999999999986, 0]","[0, 0]",45
50,"[0, 3]",153.95000000000076,"[47, 39]","[0, 0]","[0, 0]",45
51,"[0, 1]",125.89999999999499,"[50, 48]","[0.7000000000000001, 0]","[0, 0]",45
52,"[2, 3]",166.65000000000364,"[49, 53]","[11.150000000000023, 0]","[3.1999999999999966, 0]",45
53,"[0, 3]",158.65000000000182,"[51, 49]","[1.2500000000000004, 0]","[0, 0]",45
54,"[0, 1]",129.4999999999952,"[53, 51]","[1.4500000000000006, 0]","[0, 0]",45
55,"[0, 1]",130.59999999999545,"[54, 54]","[1.6000000000000008, 0]","[0, 0]",45
56,"[2, 3]",168.6500000000041,"[52, 52]","[9.099999999999994, 0]","[0, 0]",45
57,"[2, 1]",143.9999999999985,"[56, 58]","[9.900000000000006, 0]","[0, 0]",45
58,"[0, 1]",131.6999999999957,"[55, 55]","[1.6500000000000008, 0]","[0, 0]",45
59,"[2, 3]",187.50000000000838,"[57, 64]","[21.950000000000177, 0]","[6.499999999999985, 0]",45
60,"[2, 1]",164.3000000000031,"[59, 67]","[21.900000000000176, 0]","[3.1999999999999966, 0]",45
61,"[0, 3]",162.85000000000278,"[58, 56]","[1.7500000000000009, 0]","[0, 0]",45
62,"[0, 3]",164.95000000000326,"[61, 61]","[1.900000000000001, 0]","[0, 0]",45
63,"[2, 3]",201.75000000001162,"[60, 70]","[21.35000000000017, 0]","[0, 0]",45
64,"[0, 3]",166.4500000000036,"[62, 62]","[1.950000000000001, 0]","[0, 0]",45
65,"[0, 1]",137.399999999997,"[64, 57]","[2.000000000000001, 0]","[0, 0]",45
66,"[2, 3]",208.45000000001315,"[63, 72]","[22.15000000000018, 0]","[0, 0]",45
67,"[0, 1]",138.44999999999723,"[65, 65]","[2.1500000000000004, 0]","[0, 0]",45
68,"[2, 1]",177.60000000000613,"[66, 74]","[22.450000000000184, 0]","[0, 0]",45
69,"[0, 3]",169.75000000000435,"[67, 59]","[2.25, 0]","[0, 0]",45
70,"[0, 3]",171.90000000000484,"[69, 69]","[2.3499999999999996, 0]","[0, 0]",45
71,"[2, 1]",179.75000000000662,"[68, 68]","[21.750000000000174, 0]","[0, 0]",45
72,"[0, 3]",178.8000000000064,"[70, 63]","[4.899999999999991, 0]","[2.4499999999999993, 0]",45
73,"[2, 3]",213.45000000001428,"[71, 76]","[22.600000000000186, 0]","[0, 0]",45
74,"[0, 1]",147.89999999999938,"[72, -999]","[2.549999999999999, 0]","[0, 0]",45
75,"[0, 3]",180.70000000000684,"[74, 66]","[2.6499999999999986, 0]","[0, 0]",45
76,"[0, 3]",181.55000000000703,"[75, 75]","[2.6999999999999984, 0]","[0, 0]",45
77,"[2, 1]",184.4500000000077,"[73, 78]","[24.90000000000022, 0]","[0, 0]",45
78,"[0, 1]",152.70000000000047,"[76, 71]","[2.799999999999998, 0]","[0, 0]",45
79,"[2, 3]",217.70000000001525,"[77, 73]","[27.85000000000026, 0]","[0, 0]",45
0,"[2, 3]",67.7499999999983,"[-999, -999]","[0, 0]","[0, 0]",46
1,"[2, 1]",37.15000000000003,"[0, -999]","[0, 0]","[0, 0]",46
2,"[2, 3]",69.99999999999817,"[1, 0]","[0, 0]","[0, 0]",46
3,"[2, 1]",37.65,"[2, 1]","[0, 0]","[0, 0]",46
4,"[2, 1]",39.649999999999885,"[3, 3]","[0, 0]","[0, 0]",46
5,"[2, 3]",71.39999999999809,"[4, 2]","[0, 0]","[0, 0]",46
6,"[2, 1]",39.299999999999905,"[5, 4]","[0, 0]","[0, 0]",46
7,"[2, 1]",41.64999999999977,"[6, 6]","[0, 0]","[0, 0]",46
8,"[0, 1]",73.99999999999794,"[-999, 11]","[0, 0]","[2.25, 0]",46
9,"[0, 1]",78.44999999999769,"[8, 14]","[2.0500000000000007, 0]","[2.0500000000000007, 0]",46
10,"[2, 1]",42.799999999999706,"[7, 7]","[0, 0]","[0, 0]",46
11,"[2, 1]",44.14999999999963,"[10, 10]","[0, 0]","[0, 0]",46
12,"[0, 1]",78.99999999999766,"[9, 9]","[0, 0]","[0, 0]",46
13,"[0, 1]",84.79999999999733,"[12, 15]","[2.4499999999999993, 0]","[2.4499999999999993, 0]",46
14,"[2, 1]",51.19999999999923,"[11, 8]","[1.1000000000000003, 0]","[1.1000000000000003, 0]",46
15,"[2, 1]",61.649999999998634,"[14, 12]","[9.650000000000002, 0]","[9.650000000000002, 0]",46
16,"[2, 1]",72.19999999999804,"[15, 22]","[17.85000000000012, 0]","[5.699999999999988, 0]",46
17,"[2, 1]",77.94999999999771,"[16, 25]","[26.050000000000235, 0]","[1.3500000000000005, 0]",46
18,"[2, 1]",83.34999999999741,"[17, 26]","[25.950000000000234, 0]","[0, 0]",46
19,"[2, 3]",113.4999999999957,"[18, 24]","[36.75000000000005, 0]","[0.05, 0]",46
20,"[2, 1]",89.54999999999706,"[19, 29]","[34.350000000000186, 0]","[0, 0]",46
21,"[2, 3]",121.64999999999523,"[20, 33]","[32.65000000000028, 0]","[0, 0]",46
22,"[0, 1]",85.2499999999973,"[13, 13]","[0, 0]","[0, 0]",46
23,"[2, 3]",124.0499999999951,"[21, 21]","[31.050000000000306, 0]","[0, 0]",46
24,"[0, 3]",115.99999999999555,"[22, -999]","[0, 0]","[0, 0]",46
25,"[0, 1]",87.34999999999718,"[24, 16]","[0, 0]","[0, 0]",46
26,"[0, 1]",92.84999999999687,"[25, 17]","[2.549999999999999, 0]","[2.549999999999999, 0]",46
27,"[0, 1]",97.79999999999659,"[26, 18]","[2.4499999999999993, 0]","[2.4499999999999993, 0]",46
28,"[2, 1]",98.59999999999654,"[23, 40]","[29.550000000000285, 0]","[0, 0]",46
29,"[0, 1]",98.19999999999656,"[27, 27]","[0, 0]","[0, 0]",46
30,"[2, 1]",110.29999999999588,"[28, 44]","[30.7000000000003, 0]","[2.5999999999999988, 0]",46
31,"[2, 3]",139.1999999999974,"[30, 23]","[26.600000000000243, 0]","[0, 0]",46
32,"[2, 1]",116.34999999999553,"[31, 46]","[25.150000000000222, 0]","[0, 0]",46
33,"[0, 3]",128.49999999999497,"[29, 19]","[0, 0]","[0, 0]",46
34,"[2, 3]",146.94999999999916,"[32, 31]","[23.700000000000202, 0]","[0, 0]",46
35,"[2, 1]",119.14999999999537,"[34, 47]","[23.5000000000002, 0]","[0, 0]",46
36,"[0, 1]",100.04999999999646,"[33, 20]","[0, 0]","[0, 0]",46
37,"[2, 1]",121.49999999999524,"[35, 35]","[23.000000000000192, 0]","[0, 0]",46
38,"[0, 1]",101.1499999999964,"[36, 36]","[0, 0]","[0, 0]",46
39,"[2, 1]",123.54999999999512,"[37, 37]","[22.000000000000178, 0]","[0, 0]",46
40,"[0, 1]",102.14999999999634,"[38, 38]","[0, 0]","[0, 0]",46
41,"[0, 1]",107.54999999999603,"[40, 28]","[2.4499999999999993, 0]","[2.4499999999999993, 0]",46
42,"[2, 1]",125.799999999995,"[39, 39]","[20.900000000000162, 0]","[0, 0]",46
43,"[2, 1]",128.04999999999487,"[42, 42]","[21.000000000000163, 0]","[0, 0]",46
44,"[0, 1]",108.099999999996,"[41, 41]","[0.5499999999999999, 0]","[0, 0]",46
45,"[0, 1]",113.94999999999567,"[44, 30]","[3.599999999999995, 0]","[2.4499999999999993, 0]",46
46,"[0, 1]",114.29999999999565,"[45, 45]","[1.6000000000000008, 0]","[0, 0]",46
47,"[0, 1]",119.64999999999534,"[46, 32]","[4.449999999999992, 0]","[2.4499999999999993, 0]",46
48,"[2, 3]",168.75000000000412,"[43, 60]","[25.550000000000228, 0]","[2.8999999999999977, 0]",46
49,"[0, 3]",152.3500000000004,"[47, 34]","[4.799999999999991, 0]","[2.4499999999999993, 0]",46
50,"[0, 3]",153.90000000000074,"[49, 49]","[2.6999999999999984, 0]","[0, 0]",46
51,"[0, 3]",155.15000000000103,"[50, 50]","[2.9999999999999973, 0]","[0, 0]",46
52,"[0, 3]",156.3500000000013,"[51, 51]","[3.099999999999997, 0]","[0, 0]",46
53,"[2, 1]",138.94999999999735,"[48, 61]","[23.350000000000197, 0]","[0, 0]",46
54,"[0, 3]",157.55000000000157,"[52, 52]","[2.849999999999998, 0]","[0, 0]",46
55,"[2, 1]",140.9999999999978,"[53, 53]","[22.85000000000019, 0]","[0, 0]",46
56,"[2, 1]",149.2999999999997,"[55, 66]","[22.000000000000178, 0]","[0, 0]",46
57,"[0, 3]",158.65000000000182,"[54, 54]","[2.3, 0]","[0, 0]",46
58,"[2, 3]",179.2500000000065,"[56, 64]","[25.65000000000023, 0]","[0, 0]",46
59,"[2, 1]",156.05000000000123,"[58, 70]","[26.850000000000247, 0]","[0, 0]",46
60,"[0, 3]",159.75000000000207,"[57, 57]","[1.7500000000000009, 0]","[0, 0]",46
61,"[0, 1]",130.19999999999536,"[60, 43]","[1.1500000000000004, 0]","[0, 0]",46
62,"[2, 3]",186.50000000000816,"[59, 58]","[26.900000000000247, 0]","[0, 0]",46
63,"[0, 3]",162.5500000000027,"[61, 48]","[0.44999999999999996, 0]","[0, 0]",46
64,"[0, 3]",163.850000000003,"[63, 63]","[0, 0]","[0, 0]",46
65,"[2, 1]",162.75000000000276,"[62, 74]","[26.600000000000243, 0]","[0, 0]",46
66,"[0, 1]",135.29999999999652,"[64, 55]","[0, 0]","[0, 0]",46
67,"[2, 3]",192.60000000000954,"[65, 62]","[25.850000000000232, 0]","[0, 0]",46
68,"[2, 1]",169.30000000000425,"[67, 76]","[25.05000000000022, 0]","[0, 0]",46
69,"[0, 1]",141.29999999999788,"[66, 56]","[2.799999999999998, 0]","[2.799999999999998, 0]",46
70,"[0, 1]",141.3999999999979,"[69, 69]","[0, 0]","[0, 0]",46
71,"[0, 1]",146.59999999999908,"[70, 59]","[2.4499999999999993, 0]","[2.4499999999999993, 0]",46
72,"[2, 1]",174.75000000000549,"[68, 77]","[26.250000000000238, 0]","[0, 0]",46
73,"[2, 1]",171.80000000000481,"[72, 79]","[25.65000000000023, 0]","[0, 0]",46
74,"[0, 1]",147.0499999999992,"[71, 71]","[0, 0]","[0, 0]",46
75,"[0, 1]",152.25000000000037,"[74, 65]","[2.549999999999999, 0]","[2.549999999999999, 0]",46
76,"[0, 1]",152.25000000000037,"[75, 75]","[0, 0]","[0, 0]",46
77,"[0, 1]",157.10000000000147,"[76, 68]","[2.4499999999999993, 0]","[2.4499999999999993, 0]",46
78,"[2, 3]",201.75000000001162,"[73, 67]","[27.15000000000025, 0]","[0, 0]",46
79,"[0, 1]",163.3500000000029,"[77, 72]","[2.6499999999999986, 0]","[2.1500000000000004, 0]",46
0,"[0, 1]",68.64999999999824,"[-999, 8]","[0, 0]","[0, 0]",47
1,"[2, 1]",36.40000000000007,"[-999, -999]","[0, 0]","[0, 0]",47
2,"[0, 1]",76.3999999999978,"[0, 10]","[2.9999999999999973, 0]","[2.9999999999999973, 0]",47
3,"[2, 1]",38.09999999999997,"[1, 1]","[0, 0]","[0, 0]",47
4,"[2, 1]",39.89999999999987,"[3, 3]","[0, 0]","[0, 0]",47
5,"[2, 1]",41.79999999999976,"[4, 4]","[0, 0]","[0, 0]",47
6,"[2, 3]",70.24999999999815,"[5, -999]","[0, 0]","[0, 0]",47
7,"[2, 1]",38.69999999999994,"[6, 5]","[0, 0]","[0, 0]",47
8,"[2, 1]",40.64999999999983,"[7, 7]","[0, 0]","[0, 0]",47
9,"[2, 3]",72.09999999999805,"[8, 6]","[0, 0]","[0, 0]",47
10,"[2, 1]",43.99999999999964,"[9, 0]","[0, 0]","[0, 0]",47
11,"[2, 1]",51.19999999999923,"[10, 2]","[1.1500000000000004, 0]","[1.1500000000000004, 0]",47
12,"[2, 1]",61.649999999998634,"[11, 18]","[9.700000000000003, 0]","[9.700000000000003, 0]",47
13,"[2, 1]",72.24999999999804,"[12, 21]","[17.750000000000117, 0]","[5.4999999999999885, 0]",47
14,"[0, 1]",73.09999999999799,"[2, 11]","[1.6000000000000008, 0]","[1.6000000000000008, 0]",47
15,"[2, 1]",71.99999999999805,"[13, 13]","[25.05000000000022, 0]","[1.3000000000000005, 0]",47
16,"[2, 1]",79.24999999999764,"[15, 25]","[24.95000000000022, 0]","[0, 0]",47
17,"[2, 3]",111.19999999999582,"[16, 26]","[31.40000000000031, 0]","[0, 0]",47
18,"[0, 1]",73.54999999999797,"[14, 14]","[0, 0]","[0, 0]",47
19,"[0, 1]",79.8499999999976,"[18, 12]","[2.3999999999999995, 0]","[2.3999999999999995, 0]",47
20,"[2, 1]",87.19999999999719,"[17, 32]","[29.000000000000277, 0]","[0, 0]",47
21,"[0, 1]",80.29999999999758,"[19, 19]","[0, 0]","[0, 0]",47
22,"[2, 1]",98.34999999999656,"[20, 34]","[30.00000000000029, 0]","[2.6999999999999984, 0]",47
23,"[0, 3]",111.09999999999583,"[21, 9]","[0, 0]","[0, 0]",47
24,"[2, 3]",127.09999999999492,"[22, 17]","[25.75000000000023, 0]","[0, 0]",47
25,"[0, 1]",88.94999999999709,"[23, 15]","[3.399999999999996, 0]","[3.399999999999996, 0]",47
26,"[0, 3]",117.54999999999546,"[25, 23]","[0, 0]","[0, 0]",47
27,"[2, 3]",130.4499999999954,"[24, 24]","[24.25000000000021, 0]","[0, 0]",47
28,"[2, 3]",133.049999999996,"[27, 27]","[22.80000000000019, 0]","[0, 0]",47
29,"[0, 1]",89.34999999999707,"[26, 16]","[0, 0]","[0, 0]",47
30,"[2, 1]",106.84999999999607,"[28, 48]","[21.300000000000168, 0]","[0, 0]",47
31,"[2, 3]",137.64999999999705,"[30, 28]","[19.900000000000148, 0]","[0, 0]",47
32,"[0, 1]",90.39999999999701,"[29, 29]","[0, 0]","[0, 0]",47
33,"[0, 1]",95.94999999999669,"[32, 20]","[2.549999999999999, 0]","[2.549999999999999, 0]",47
34,"[0, 1]",96.39999999999667,"[33, 33]","[0, 0]","[0, 0]",47
35,"[2, 1]",109.69999999999591,"[31, 50]","[18.450000000000127, 0]","[0, 0]",47
36,"[0, 1]",102.24999999999633,"[34, 22]","[2.499999999999999, 0]","[2.499999999999999, 0]",47
37,"[0, 1]",102.59999999999631,"[36, 36]","[0, 0]","[0, 0]",47
38,"[2, 3]",147.64999999999932,"[35, 53]","[17.050000000000107, 0]","[0, 0]",47
39,"[2, 1]",116.14999999999554,"[38, 35]","[15.600000000000087, 0]","[0, 0]",47
40,"[2, 1]",118.7499999999954,"[39, 39]","[15.10000000000008, 0]","[0, 0]",47
41,"[2, 3]",156.4000000000013,"[40, 63]","[15.500000000000085, 0]","[0, 0]",47
42,"[2, 3]",162.85000000000278,"[41, 68]","[19.750000000000146, 0]","[3.2499999999999964, 0]",47
43,"[2, 3]",169.25000000000423,"[42, 70]","[15.80000000000009, 0]","[0, 0]",47
44,"[0, 1]",103.54999999999626,"[37, 37]","[0, 0]","[0, 0]",47
45,"[2, 1]",144.54999999999862,"[43, 72]","[15.15000000000008, 0]","[0, 0]",47
46,"[2, 1]",149.94999999999985,"[45, 73]","[18.75000000000013, 0]","[0, 0]",47
47,"[2, 3]",180.25000000000674,"[46, 43]","[20.300000000000153, 0]","[0, 0]",47
48,"[0, 1]",104.5499999999962,"[44, 44]","[0, 0]","[0, 0]",47
49,"[2, 3]",183.5500000000075,"[47, 47]","[22.20000000000018, 0]","[0, 0]",47
50,"[0, 1]",110.94999999999584,"[48, 30]","[2.849999999999998, 0]","[2.849999999999998, 0]",47
51,"[0, 3]",142.34999999999812,"[50, 31]","[0.25, 0]","[0, 0]",47
52,"[2, 1]",157.50000000000156,"[49, 77]","[22.80000000000019, 0]","[0, 0]",47
53,"[0, 3]",143.89999999999847,"[51, 51]","[0, 0]","[0, 0]",47
54,"[0, 3]",150.04999999999987,"[53, 38]","[2.3499999999999996, 0]","[2.3499999999999996, 0]",47
55,"[0, 3]",150.80000000000004,"[54, 54]","[0, 0]","[0, 0]",47
56,"[2, 3]",189.95000000000894,"[52, 79]","[23.000000000000192, 0]","[0, 0]",47
57,"[2, 1]",161.00000000000236,"[56, 52]","[23.700000000000202, 0]","[0, 0]",47
58,"[2, 1]",163.75000000000298,"[57, 57]","[26.550000000000242, 0]","[0, 0]",47
59,"[2, 1]",165.5500000000034,"[58, 58]","[29.700000000000287, 0]","[0, 0]",47
60,"[2, 3]",197.7000000000107,"[59, 56]","[33.650000000000226, 0]","[0, 0]",47
61,"[2, 1]",167.8000000000039,"[60, 59]","[36.05000000000009, 0]","[0, 0]",47
62,"[2, 3]",199.8500000000112,"[61, 60]","[37.15000000000003, 0]","[0, 0]",47
63,"[0, 3]",151.65000000000023,"[55, 55]","[0, 0]","[0, 0]",47
64,"[2, 1]",171.45000000000474,"[62, 61]","[45.04999999999958, 0]","[0, 0]",47
65,"[0, 1]",121.24999999999525,"[63, 40]","[0, 0]","[0, 0]",47
66,"[2, 3]",203.75000000001208,"[64, 62]","[46.59999999999949, 0]","[0, 0]",47
67,"[2, 3]",191.25000000000924,"[66, 66]","[38.99999999999992, 0]","[0, 0]",47
68,"[0, 3]",153.45000000000064,"[65, 41]","[0, 0]","[0, 0]",47
69,"[2, 1]",161.75000000000253,"[67, -999]","[39.649999999999885, 0]","[0, 0]",47
70,"[0, 3]",159.8000000000021,"[68, 42]","[1.6000000000000008, 0]","[1.6000000000000008, 0]",47
71,"[0, 1]",128.74999999999503,"[70, -999]","[0, 0]","[0, 0]",47
72,"[0, 1]",129.8999999999953,"[71, 71]","[0, 0]","[0, 0]",47
73,"[0, 1]",135.49999999999656,"[72, 45]","[2.3999999999999995, 0]","[2.3999999999999995, 0]",47
74,"[2, 3]",194.45000000000996,"[69, 67]","[41.599999999999774, 0]","[0, 0]",47
75,"[0, 1]",142.09999999999806,"[73, 46]","[1.900000000000001, 0]","[1.900000000000001, 0]",47
76,"[0, 1]",141.49999999999793,"[75, 75]","[0, 0]","[0, 0]",47
77,"[0, 1]",142.04999999999805,"[76, 76]","[0, 0]","[0, 0]",47
78,"[2, 3]",189.55000000000885,"[74, 74]","[39.59999999999989, 0]","[0, 0]",47
79,"[0, 3]",172.70000000000502,"[77, 49]","[0, 0]","[0, 0]",47
0,"[0, 1]",68.09999999999827,"[-999, 9]","[0, 0]","[0, 0]",48
1,"[2, 1]",36.40000000000007,"[-999, -999]","[0, 0]","[0, 0]",48
2,"[0, 3]",100.64999999999642,"[0, 8]","[0, 0]","[0, 0]",48
3,"[2, 1]",38.09999999999997,"[1, 1]","[0, 0]","[0, 0]",48
4,"[2, 1]",39.89999999999987,"[3, 3]","[0, 0]","[0, 0]",48
5,"[2, 1]",41.79999999999976,"[4, 4]","[0, 0]","[0, 0]",48
6,"[0, 1]",76.4999999999978,"[2, 11]","[0, 0]","[0, 0]",48
7,"[2, 1]",43.54999999999966,"[5, 5]","[0, 0]","[0, 0]",48
8,"[2, 3]",71.1499999999981,"[7, -999]","[0, 0]","[0, 0]",48
9,"[2, 1]",39.89999999999987,"[8, 7]","[0, 0]","[0, 0]",48
10,"[2, 1]",48.949999999999356,"[9, 0]","[2.849999999999998, 0]","[2.849999999999998, 0]",48
11,"[2, 1]",49.34999999999933,"[10, 10]","[3.2499999999999964, 0]","[3.2499999999999964, 0]",48
12,"[2, 3]",80.89999999999755,"[11, 2]","[0, 0]","[0, 0]",48
13,"[0, 3]",106.69999999999608,"[6, 12]","[0, 0]","[0, 0]",48
14,"[2, 1]",53.09999999999912,"[12, 6]","[6.799999999999984, 0]","[1.1000000000000003, 0]",48
15,"[2, 3]",86.54999999999723,"[14, 13]","[6.849999999999984, 0]","[0, 0]",48
16,"[2, 1]",57.749999999998856,"[15, 21]","[8.949999999999992, 0]","[0, 0]",48
17,"[2, 3]",91.54999999999694,"[16, 23]","[6.5999999999999845, 0]","[0, 0]",48
18,"[2, 1]",67.04999999999833,"[17, 28]","[4.899999999999991, 0]","[0, 0]",48
19,"[2, 1]",72.849999999998,"[18, 29]","[3.399999999999996, 0]","[0, 0]",48
20,"[2, 1]",73.14999999999799,"[19, 19]","[1.950000000000001, 0]","[0, 0]",48
21,"[0, 1]",75.09999999999788,"[13, 14]","[0, 0]","[0, 0]",48
22,"[2, 3]",107.04999999999606,"[20, 32]","[0.3, 0]","[0, 0]",48
23,"[0, 3]",107.79999999999602,"[21, 15]","[0, 0]","[0, 0]",48
24,"[0, 1]",79.74999999999761,"[23, 16]","[0, 0]","[0, 0]",48
25,"[2, 3]",109.24999999999594,"[22, 22]","[0, 0]","[0, 0]",48
26,"[2, 1]",79.8999999999976,"[25, 34]","[0, 0]","[0, 0]",48
27,"[2, 3]",113.69999999999568,"[26, 35]","[0, 0]","[0, 0]",48
28,"[0, 1]",80.29999999999758,"[24, 24]","[0, 0]","[0, 0]",48
29,"[0, 1]",85.64999999999728,"[28, 18]","[2.3499999999999996, 0]","[2.3499999999999996, 0]",48
30,"[2, 1]",84.64999999999733,"[27, 38]","[0, 0]","[0, 0]",48
31,"[0, 3]",115.84999999999556,"[29, 17]","[0, 0]","[0, 0]",48
32,"[0, 3]",118.24999999999542,"[31, 31]","[0, 0]","[0, 0]",48
33,"[0, 1]",88.89999999999709,"[32, 20]","[0, 0]","[0, 0]",48
34,"[0, 1]",89.99999999999703,"[33, 33]","[0, 0]","[0, 0]",48
35,"[0, 3]",123.54999999999512,"[34, 25]","[0, 0]","[0, 0]",48
36,"[2, 1]",103.79999999999625,"[30, 47]","[9.650000000000002, 0]","[9.650000000000002, 0]",48
37,"[2, 1]",110.89999999999584,"[36, 52]","[4.6499999999999915, 0]","[2.849999999999998, 0]",48
38,"[0, 1]",94.89999999999675,"[35, 26]","[0, 0]","[0, 0]",48
39,"[2, 3]",142.49999999999815,"[37, 53]","[2.5999999999999988, 0]","[0, 0]",48
40,"[2, 1]",113.3499999999957,"[39, 55]","[3.049999999999997, 0]","[0, 0]",48
41,"[2, 1]",127.3499999999949,"[40, 58]","[10.100000000000009, 0]","[6.649999999999984, 0]",48
42,"[0, 3]",127.29999999999491,"[38, 27]","[0, 0]","[0, 0]",48
43,"[0, 1]",99.09999999999651,"[42, 30]","[0, 0]","[0, 0]",48
44,"[2, 1]",132.84999999999596,"[41, 64]","[4.799999999999991, 0]","[0, 0]",48
45,"[2, 3]",162.85000000000278,"[44, 61]","[5.299999999999989, 0]","[0, 0]",48
46,"[0, 1]",99.59999999999648,"[43, 43]","[0, 0]","[0, 0]",48
47,"[0, 1]",100.59999999999643,"[46, 46]","[0, 0]","[0, 0]",48
48,"[2, 1]",139.29999999999742,"[45, 67]","[4.549999999999992, 0]","[0, 0]",48
49,"[2, 3]",169.5000000000043,"[48, 45]","[5.299999999999989, 0]","[0, 0]",48
50,"[2, 1]",141.64999999999796,"[49, 70]","[5.849999999999987, 0]","[0, 0]",48
51,"[0, 3]",131.59999999999567,"[47, 42]","[0, 0]","[0, 0]",48
52,"[0, 1]",103.34999999999627,"[51, 36]","[0, 0]","[0, 0]",48
53,"[0, 3]",134.44999999999632,"[52, 51]","[0, 0]","[0, 0]",48
54,"[2, 1]",150.34999999999994,"[50, 73]","[10.15000000000001, 0]","[3.1999999999999966, 0]",48
55,"[0, 1]",106.4499999999961,"[53, 37]","[0, 0]","[0, 0]",48
56,"[0, 3]",138.59999999999727,"[55, 39]","[0, 0]","[0, 0]",48
57,"[0, 1]",110.14999999999588,"[56, 40]","[0, 0]","[0, 0]",48
58,"[0, 1]",110.74999999999585,"[57, 57]","[0, 0]","[0, 0]",48
59,"[2, 3]",187.9500000000085,"[54, 75]","[11.700000000000031, 0]","[3.1999999999999966, 0]",48
60,"[2, 1]",158.45000000000178,"[59, 76]","[10.400000000000013, 0]","[0, 0]",48
61,"[0, 3]",141.74999999999798,"[58, 56]","[0, 0]","[0, 0]",48
62,"[2, 3]",196.70000000001048,"[60, 78]","[15.050000000000079, 0]","[0, 0]",48
63,"[2, 3]",198.1500000000108,"[62, 62]","[18.200000000000124, 0]","[0, 0]",48
64,"[0, 1]",112.74999999999574,"[61, 41]","[0, 0]","[0, 0]",48
65,"[0, 1]",118.24999999999542,"[64, 44]","[2.499999999999999, 0]","[2.499999999999999, 0]",48
66,"[2, 1]",167.85000000000392,"[63, 79]","[21.650000000000173, 0]","[0, 0]",48
67,"[0, 1]",118.6999999999954,"[65, 65]","[0, 0]","[0, 0]",48
68,"[2, 3]",201.05000000001147,"[66, 63]","[25.70000000000023, 0]","[0, 0]",48
69,"[2, 1]",173.30000000000516,"[68, 66]","[29.500000000000284, 0]","[0, 0]",48
70,"[0, 1]",123.9999999999951,"[67, 48]","[2.499999999999999, 0]","[2.499999999999999, 0]",48
71,"[2, 1]",176.1500000000058,"[69, 69]","[32.450000000000294, 0]","[0, 0]",48
72,"[0, 3]",155.9500000000012,"[70, 49]","[0, 0]","[0, 0]",48
73,"[0, 1]",128.09999999999488,"[72, 50]","[0, 0]","[0, 0]",48
74,"[0, 3]",158.45000000000178,"[73, 72]","[0, 0]","[0, 0]",48
75,"[0, 3]",160.65000000000228,"[74, 74]","[0, 0]","[0, 0]",48
76,"[0, 1]",131.99999999999577,"[75, 54]","[0, 0]","[0, 0]",48
77,"[0, 3]",164.2000000000031,"[76, 59]","[0, 0]","[0, 0]",48
78,"[0, 3]",165.45000000000337,"[77, 77]","[0, 0]","[0, 0]",48
79,"[0, 1]",135.94999999999666,"[78, 60]","[0, 0]","[0, 0]",48
0,"[0, 1]",77.59999999999773,"[-999, 10]","[0, 0]","[6.249999999999986, 0]",49
1,"[2, 1]",36.40000000000007,"[-999, -999]","[0, 0]","[0, 0]",49
2,"[2, 1]",38.09999999999997,"[1, 1]","[0, 0]","[0, 0]",49
3,"[0, 1]",83.34999999999741,"[0, 13]","[2.9999999999999973, 0]","[2.9999999999999973, 0]",49
4,"[2, 3]",68.64999999999824,"[2, -999]","[0, 0]","[0, 0]",49
5,"[2, 3]",71.39999999999809,"[4, 4]","[0, 0]","[0, 0]",49
6,"[2, 1]",37.84999999999999,"[5, 2]","[0, 0]","[0, 0]",49
7,"[2, 3]",71.04999999999811,"[6, 5]","[0, 0]","[0, 0]",49
8,"[2, 3]",73.19999999999798,"[7, 7]","[0, 0]","[0, 0]",49
9,"[2, 1]",38.949999999999925,"[8, 6]","[0, 0]","[0, 0]",49
10,"[2, 1]",41.249999999999794,"[9, 9]","[0, 0]","[0, 0]",49
11,"[2, 3]",72.34999999999803,"[10, 8]","[0, 0]","[0, 0]",49
12,"[0, 3]",106.89999999999607,"[3, 11]","[0, 0]","[0, 0]",49
13,"[2, 1]",44.29999999999962,"[11, 0]","[0, 0]","[0, 0]",49
14,"[2, 1]",50.94999999999924,"[13, 3]","[1.5500000000000007, 0]","[1.5500000000000007, 0]",49
15,"[2, 1]",51.19999999999923,"[14, 14]","[3.1999999999999966, 0]","[3.1999999999999966, 0]",49
16,"[2, 1]",57.44999999999887,"[15, 23]","[6.199999999999986, 0]","[2.2, 0]",49
17,"[2, 3]",87.44999999999717,"[16, 21]","[10.95000000000002, 0]","[1.0500000000000003, 0]",49
18,"[2, 3]",101.29999999999639,"[17, 29]","[13.850000000000062, 0]","[2.9499999999999975, 0]",49
19,"[2, 1]",70.14999999999816,"[18, -999]","[24.000000000000206, 0]","[0.05, 0]",49
20,"[2, 1]",79.8499999999976,"[19, 33]","[23.700000000000202, 0]","[2.0500000000000007, 0]",49
21,"[0, 3]",104.19999999999622,"[12, 12]","[0, 0]","[0, 0]",49
22,"[2, 1]",79.54999999999762,"[20, 20]","[19.95000000000015, 0]","[0, 0]",49
23,"[0, 1]",74.49999999999791,"[21, 15]","[0, 0]","[0, 0]",49
24,"[0, 1]",80.14999999999759,"[23, 16]","[2.4499999999999993, 0]","[2.4499999999999993, 0]",49
25,"[2, 1]",97.84999999999658,"[22, 41]","[27.950000000000262, 0]","[9.600000000000001, 0]",49
26,"[0, 3]",112.34999999999576,"[24, 17]","[0, 0]","[0, 0]",49
27,"[2, 1]",97.6499999999966,"[25, 25]","[16.850000000000104, 0]","[0, 0]",49
28,"[2, 3]",129.64999999999523,"[27, 43]","[15.350000000000083, 0]","[0, 0]",49
29,"[0, 3]",113.79999999999568,"[26, 26]","[0, 0]","[0, 0]",49
30,"[2, 1]",106.04999999999612,"[28, 46]","[13.850000000000062, 0]","[0, 0]",49
31,"[0, 3]",120.24999999999531,"[29, 18]","[2.4499999999999993, 0]","[2.4499999999999993, 0]",49
32,"[2, 1]",111.89999999999579,"[30, 47]","[12.400000000000041, 0]","[0, 0]",49
33,"[0, 1]",90.94999999999698,"[31, 19]","[1.7000000000000008, 0]","[1.7000000000000008, 0]",49
34,"[0, 3]",121.69999999999523,"[33, 31]","[0, 0]","[0, 0]",49
35,"[0, 3]",123.8999999999951,"[34, 34]","[0, 0]","[0, 0]",49
36,"[2, 3]",142.09999999999806,"[32, 28]","[12.750000000000046, 0]","[0, 0]",49
37,"[0, 1]",93.59999999999683,"[35, 22]","[0, 0]","[0, 0]",49
38,"[0, 1]",94.74999999999676,"[37, 37]","[0, 0]","[0, 0]",49
39,"[2, 1]",124.29999999999508,"[36, 55]","[14.700000000000074, 0]","[2.1000000000000005, 0]",49
40,"[2, 1]",134.89999999999642,"[39, 58]","[16.100000000000094, 0]","[2.5999999999999988, 0]",49
41,"[0, 1]",95.8999999999967,"[38, 38]","[0, 0]","[0, 0]",49
42,"[2, 3]",163.65000000000296,"[40, 36]","[14.500000000000071, 0]","[0, 0]",49
43,"[0, 3]",126.94999999999493,"[41, 35]","[0, 0]","[0, 0]",49
44,"[2, 1]",140.79999999999777,"[42, 61]","[15.000000000000078, 0]","[0, 0]",49
45,"[0, 1]",104.39999999999621,"[43, 27]","[3.1999999999999966, 0]","[3.1999999999999966, 0]",49
46,"[0, 1]",104.29999999999622,"[45, 45]","[0, 0]","[0, 0]",49
47,"[0, 1]",109.54999999999592,"[46, 30]","[2.3999999999999995, 0]","[2.3999999999999995, 0]",49
48,"[2, 1]",152.15000000000035,"[44, 65]","[17.550000000000114, 0]","[2.7499999999999982, 0]",49
49,"[2, 1]",157.05000000000146,"[48, 66]","[15.350000000000083, 0]","[0, 0]",49
50,"[0, 1]",116.09999999999555,"[47, 32]","[2.0500000000000007, 0]","[2.0500000000000007, 0]",49
51,"[2, 3]",187.40000000000836,"[49, 42]","[15.650000000000087, 0]","[0, 0]",49
52,"[2, 3]",190.55000000000908,"[51, 51]","[16.700000000000102, 0]","[0, 0]",49
53,"[0, 1]",115.44999999999558,"[50, 50]","[0, 0]","[0, 0]",49
54,"[2, 3]",193.10000000000966,"[52, 52]","[18.400000000000126, 0]","[0, 0]",49
55,"[0, 1]",116.04999999999555,"[53, 53]","[0, 0]","[0, 0]",49
56,"[0, 1]",121.89999999999522,"[55, 39]","[3.899999999999994, 0]","[2.4499999999999993, 0]",49
57,"[2, 3]",195.40000000001018,"[54, 54]","[21.35000000000017, 0]","[0, 0]",49
58,"[0, 1]",122.2499999999952,"[56, 56]","[1.6500000000000008, 0]","[0, 0]",49
59,"[0, 1]",127.99999999999487,"[58, 40]","[3.7499999999999947, 0]","[2.3999999999999995, 0]",49
60,"[2, 3]",197.75000000001071,"[57, 57]","[25.250000000000224, 0]","[0, 0]",49
61,"[0, 1]",128.39999999999495,"[59, 59]","[0.7500000000000001, 0]","[0, 0]",49
62,"[2, 1]",168.6500000000041,"[60, 74]","[27.75000000000026, 0]","[0, 0]",49
63,"[2, 3]",207.00000000001282,"[62, 77]","[30.850000000000303, 0]","[0, 0]",49
64,"[0, 1]",133.69999999999615,"[61, 44]","[2.3999999999999995, 0]","[2.3999999999999995, 0]",49
65,"[0, 1]",134.24999999999628,"[64, 64]","[0, 0]","[0, 0]",49
66,"[0, 1]",140.0999999999976,"[65, 48]","[2.499999999999999, 0]","[2.499999999999999, 0]",49
67,"[0, 1]",146.29999999999902,"[66, 49]","[2.6999999999999984, 0]","[2.6999999999999984, 0]",49
68,"[0, 1]",145.69999999999888,"[67, 67]","[0, 0]","[0, 0]",49
69,"[0, 1]",146.34999999999903,"[68, 68]","[0, 0]","[0, 0]",49
70,"[2, 1]",183.95000000000758,"[63, 79]","[42.54999999999972, 0]","[3.2499999999999964, 0]",49
71,"[2, 1]",184.9000000000078,"[70, 70]","[41.749999999999766, 0]","[0, 0]",49
72,"[0, 1]",147.34999999999926,"[69, 69]","[0, 0]","[0, 0]",49
73,"[0, 1]",148.49999999999952,"[72, 72]","[0, 0]","[0, 0]",49
74,"[0, 1]",149.54999999999976,"[73, 73]","[0, 0]","[0, 0]",49
75,"[0, 3]",181.30000000000697,"[74, 60]","[0, 0]","[0, 0]",49
76,"[2, 1]",186.90000000000825,"[71, 71]","[42.799999999999706, 0]","[0, 0]",49
77,"[0, 3]",182.7000000000073,"[75, 75]","[0, 0]","[0, 0]",49
78,"[0, 1]",153.2500000000006,"[77, 62]","[0, 0]","[0, 0]",49
79,"[0, 1]",154.35000000000085,"[78, 78]","[0, 0]","[0, 0]",49
0,"[0, 1]",67.39999999999831,"[-999, 8]","[0, 0]","[0, 0]",50
1,"[0, 1]",73.79999999999795,"[0, 13]","[0, 0]","[0, 0]",50
2,"[0, 3]",104.79999999999619,"[1, 14]","[0, 0]","[0, 0]",50
3,"[2, 3]",67.7499999999983,"[-999, -999]","[0, 0]","[0, 0]",50
4,"[2, 1]",37.15000000000003,"[3, -999]","[0, 0]","[0, 0]",50
5,"[0, 1]",80.84999999999755,"[2, 16]","[2.1000000000000005, 0]","[2.1000000000000005, 0]",50
6,"[2, 1]",38.89999999999993,"[4, 4]","[0, 0]","[0, 0]",50
7,"[2, 3]",70.79999999999812,"[6, 3]","[0, 0]","[0, 0]",50
8,"[2, 1]",38.749999999999936,"[7, 6]","[0, 0]","[0, 0]",50
9,"[0, 1]",80.34999999999758,"[5, 5]","[0, 0]","[0, 0]",50
10,"[2, 3]",71.49999999999808,"[8, 7]","[0, 0]","[0, 0]",50
11,"[2, 3]",73.84999999999795,"[10, 10]","[0, 0]","[0, 0]",50
12,"[0, 3]",110.94999999999584,"[9, 17]","[0, 0]","[0, 0]",50
13,"[2, 1]",44.549999999999606,"[11, 0]","[0, 0]","[0, 0]",50
14,"[2, 3]",74.49999999999791,"[13, 11]","[0, 0]","[0, 0]",50
15,"[2, 1]",47.199999999999456,"[14, 1]","[0, 0]","[0, 0]",50
16,"[2, 1]",47.749999999999424,"[15, 15]","[0, 0]","[0, 0]",50
17,"[2, 3]",78.64999999999768,"[16, 2]","[0, 0]","[0, 0]",50
18,"[2, 1]",55.39999999999899,"[17, 9]","[3.349999999999996, 0]","[3.349999999999996, 0]",50
19,"[2, 3]",87.44999999999717,"[18, 12]","[0, 0]","[0, 0]",50
20,"[2, 1]",63.749999999998515,"[19, 24]","[0, 0]","[0, 0]",50
21,"[2, 1]",69.19999999999821,"[20, 25]","[11.200000000000024, 0]","[0, 0]",50
22,"[2, 3]",112.24999999999577,"[21, 34]","[15.400000000000084, 0]","[6.549999999999985, 0]",50
23,"[0, 1]",82.69999999999744,"[12, 18]","[0, 0]","[0, 0]",50
24,"[0, 1]",83.94999999999737,"[23, 23]","[0, 0]","[0, 0]",50
25,"[0, 1]",89.49999999999706,"[24, 20]","[2.499999999999999, 0]","[2.499999999999999, 0]",50
26,"[2, 1]",82.74999999999744,"[22, 39]","[7.149999999999983, 0]","[0, 0]",50
27,"[2, 1]",84.89999999999732,"[26, 26]","[5.599999999999988, 0]","[0, 0]",50
28,"[2, 1]",87.0999999999972,"[27, 27]","[4.149999999999993, 0]","[0, 0]",50
29,"[2, 3]",120.3999999999953,"[28, 45]","[2.6499999999999986, 0]","[0, 0]",50
30,"[2, 3]",122.99999999999515,"[29, 29]","[2.799999999999998, 0]","[0, 0]",50
31,"[0, 3]",119.54999999999535,"[25, 19]","[0, 0]","[0, 0]",50
32,"[2, 1]",97.34999999999661,"[30, 48]","[3.099999999999997, 0]","[0, 0]",50
33,"[0, 3]",121.89999999999522,"[31, 31]","[0, 0]","[0, 0]",50
34,"[0, 3]",123.49999999999513,"[33, 33]","[0, 0]","[0, 0]",50
35,"[2, 3]",130.04999999999532,"[32, 51]","[4.549999999999992, 0]","[0, 0]",50
36,"[2, 1]",100.9999999999964,"[35, 53]","[10.800000000000018, 0]","[0, 0]",50
37,"[2, 1]",120.14999999999532,"[36, 64]","[24.800000000000217, 0]","[9.800000000000004, 0]",50
38,"[2, 1]",125.04999999999504,"[37, 65]","[16.200000000000095, 0]","[0, 0]",50
39,"[0, 1]",94.59999999999677,"[34, 21]","[0, 0]","[0, 0]",50
40,"[0, 3]",126.64999999999495,"[39, 22]","[0, 0]","[0, 0]",50
41,"[2, 1]",130.49999999999542,"[38, 66]","[15.550000000000086, 0]","[0, 0]",50
42,"[0, 3]",127.89999999999488,"[40, 40]","[0, 0]","[0, 0]",50
43,"[2, 1]",130.8499999999955,"[41, 41]","[14.300000000000068, 0]","[0, 0]",50
44,"[2, 1]",149.99999999999986,"[43, 79]","[24.050000000000207, 0]","[9.850000000000005, 0]",50
45,"[0, 3]",129.19999999999513,"[42, 42]","[0, 0]","[0, 0]",50
46,"[0, 1]",101.74999999999636,"[45, 28]","[0, 0]","[0, 0]",50
47,"[0, 1]",101.99999999999635,"[46, 46]","[0, 0]","[0, 0]",50
48,"[0, 1]",102.9499999999963,"[47, 47]","[0, 0]","[0, 0]",50
49,"[2, 3]",178.7500000000064,"[44, 74]","[13.550000000000058, 0]","[0, 0]",50
50,"[2, 1]",151.4500000000002,"[49, 44]","[12.550000000000043, 0]","[0, 0]",50
51,"[0, 3]",133.8499999999962,"[48, 30]","[0, 0]","[0, 0]",50
52,"[2, 3]",184.70000000000775,"[50, 49]","[11.750000000000032, 0]","[0, 0]",50
53,"[0, 1]",105.24999999999616,"[51, 32]","[0, 0]","[0, 0]",50
54,"[2, 1]",156.70000000000138,"[52, 50]","[10.95000000000002, 0]","[0, 0]",50
55,"[2, 1]",159.30000000000197,"[54, 54]","[9.900000000000006, 0]","[0, 0]",50
56,"[2, 1]",161.40000000000245,"[55, 55]","[9.45, 0]","[0, 0]",50
57,"[0, 3]",137.94999999999712,"[53, 35]","[0, 0]","[0, 0]",50
58,"[2, 1]",163.60000000000295,"[56, 56]","[13.600000000000058, 0]","[0, 0]",50
59,"[0, 1]",109.54999999999592,"[57, 36]","[0, 0]","[0, 0]",50
60,"[2, 3]",196.3500000000104,"[58, 52]","[16.850000000000104, 0]","[0, 0]",50
61,"[2, 1]",168.50000000000406,"[60, 58]","[18.200000000000124, 0]","[0, 0]",50
62,"[2, 1]",171.20000000000468,"[61, 61]","[24.850000000000218, 0]","[0, 0]",50
63,"[0, 1]",110.19999999999588,"[59, 59]","[0, 0]","[0, 0]",50
64,"[0, 1]",111.19999999999582,"[63, 63]","[0, 0]","[0, 0]",50
65,"[0, 1]",117.09999999999549,"[64, 37]","[2.3999999999999995, 0]","[2.3999999999999995, 0]",50
66,"[0, 1]",123.29999999999514,"[65, 38]","[2.9499999999999975, 0]","[2.9499999999999975, 0]",50
67,"[2, 3]",203.15000000001194,"[62, 60]","[26.250000000000238, 0]","[0, 0]",50
68,"[2, 3]",205.6500000000125,"[67, 67]","[32.20000000000031, 0]","[0, 0]",50
69,"[0, 3]",152.05000000000032,"[66, 57]","[0, 0]","[0, 0]",50
70,"[2, 1]",172.650000000005,"[68, -999]","[33.10000000000026, 0]","[0, 0]",50
71,"[2, 3]",205.75000000001253,"[70, 68]","[33.650000000000226, 0]","[0, 0]",50
72,"[2, 1]",177.25000000000605,"[71, 70]","[34.30000000000019, 0]","[0, 0]",50
73,"[2, 1]",175.7500000000057,"[72, 72]","[35.15000000000014, 0]","[0, 0]",50
74,"[0, 3]",154.40000000000086,"[69, 69]","[0, 0]","[0, 0]",50
75,"[2, 1]",177.20000000000604,"[73, 73]","[35.9000000000001, 0]","[0, 0]",50
76,"[0, 1]",125.24999999999503,"[74, 43]","[0, 0]","[0, 0]",50
77,"[2, 1]",178.70000000000638,"[75, 75]","[36.500000000000064, 0]","[0, 0]",50
78,"[0, 1]",126.39999999999496,"[76, 76]","[0, 0]","[0, 0]",50
79,"[0, 1]",127.4499999999949,"[78, 78]","[0, 0]","[0, 0]",50
0,"[0, 3]",100.39999999999644,"[-999, 14]","[0, 0]","[0, 0]",51
1,"[0, 1]",71.1499999999981,"[0, 15]","[0, 0]","[0, 0]",51
2,"[2, 3]",67.7499999999983,"[-999, -999]","[0, 0]","[0, 0]",51
3,"[2, 1]",37.15000000000003,"[2, -999]","[0, 0]","[0, 0]",51
4,"[0, 1]",77.89999999999772,"[1, 16]","[0.9000000000000002, 0]","[0.9000000000000002, 0]",51
5,"[2, 3]",69.4499999999982,"[3, 2]","[0, 0]","[0, 0]",51
6,"[2, 1]",39.49999999999989,"[5, 3]","[0, 0]","[0, 0]",51
7,"[0, 3]",106.2999999999961,"[4, 0]","[0, 0]","[0, 0]",51
8,"[0, 1]",78.0999999999977,"[7, 19]","[0, 0]","[0, 0]",51
9,"[2, 1]",41.54999999999978,"[6, 6]","[0, 0]","[0, 0]",51
10,"[2, 1]",43.349999999999675,"[9, 9]","[0, 0]","[0, 0]",51
11,"[0, 1]",79.14999999999765,"[8, 8]","[0, 0]","[0, 0]",51
12,"[0, 3]",110.19999999999588,"[11, 7]","[0, 0]","[0, 0]",51
13,"[0, 1]",82.34999999999746,"[12, 20]","[0, 0]","[0, 0]",51
14,"[2, 3]",70.69999999999813,"[10, 5]","[0, 0]","[0, 0]",51
15,"[2, 1]",42.49999999999972,"[14, 10]","[0, 0]","[0, 0]",51
16,"[2, 1]",50.549999999999265,"[15, 1]","[2.4499999999999993, 0]","[2.4499999999999993, 0]",51
17,"[0, 1]",83.24999999999741,"[13, 13]","[0, 0]","[0, 0]",51
18,"[0, 3]",116.34999999999553,"[17, 25]","[0, 0]","[0, 0]",51
19,"[2, 1]",55.249999999999,"[16, 4]","[6.8999999999999835, 0]","[6.8999999999999835, 0]",51
20,"[2, 1]",67.04999999999833,"[19, 11]","[12.550000000000043, 0]","[5.599999999999988, 0]",51
21,"[0, 1]",87.94999999999715,"[18, 26]","[0, 0]","[0, 0]",51
22,"[2, 3]",98.69999999999654,"[20, 12]","[18.450000000000127, 0]","[0.05, 0]",51
23,"[0, 1]",94.74999999999676,"[21, 27]","[1.900000000000001, 0]","[1.900000000000001, 0]",51
24,"[0, 1]",94.1499999999968,"[23, 23]","[0, 0]","[0, 0]",51
25,"[2, 3]",101.0499999999964,"[22, 22]","[16.150000000000095, 0]","[0, 0]",51
26,"[2, 1]",71.79999999999806,"[25, 17]","[23.100000000000193, 0]","[0, 0]",51
27,"[2, 1]",80.34999999999758,"[26, 21]","[20.70000000000016, 0]","[0, 0]",51
28,"[0, 3]",127.89999999999488,"[24, 31]","[0, 0]","[0, 0]",51
29,"[2, 3]",110.69999999999585,"[27, 18]","[19.050000000000136, 0]","[0, 0]",51
30,"[0, 3]",129.29999999999515,"[28, 28]","[0, 0]","[0, 0]",51
31,"[2, 3]",114.04999999999566,"[29, 29]","[17.500000000000114, 0]","[0, 0]",51
32,"[2, 1]",85.09999999999731,"[31, 24]","[16.200000000000095, 0]","[0, 0]",51
33,"[2, 1]",87.29999999999718,"[32, 32]","[14.800000000000075, 0]","[0, 0]",51
34,"[2, 1]",95.39999999999672,"[33, 35]","[13.500000000000057, 0]","[0, 0]",51
35,"[0, 1]",101.0999999999964,"[30, 33]","[0, 0]","[0, 0]",51
36,"[2, 1]",100.94999999999641,"[34, 37]","[12.150000000000038, 0]","[0, 0]",51
37,"[0, 1]",106.3999999999961,"[35, 34]","[2.549999999999999, 0]","[2.549999999999999, 0]",51
38,"[0, 1]",112.74999999999574,"[37, 36]","[2.0500000000000007, 0]","[2.0500000000000007, 0]",51
39,"[0, 3]",143.89999999999847,"[38, 41]","[0, 0]","[0, 0]",51
40,"[0, 1]",114.59999999999563,"[39, 38]","[0, 0]","[0, 0]",51
41,"[2, 3]",131.19999999999558,"[36, 30]","[10.800000000000018, 0]","[0, 0]",51
42,"[2, 3]",139.89999999999756,"[41, 39]","[11.250000000000025, 0]","[0, 0]",51
43,"[2, 1]",110.09999999999589,"[42, 40]","[10.800000000000018, 0]","[0, 0]",51
44,"[0, 3]",146.74999999999912,"[40, 42]","[0, 0]","[0, 0]",51
45,"[0, 3]",147.9499999999994,"[44, 44]","[0, 0]","[0, 0]",51
46,"[0, 1]",118.39999999999542,"[45, 43]","[0, 0]","[0, 0]",51
47,"[2, 3]",148.34999999999948,"[43, 45]","[9.900000000000006, 0]","[0, 0]",51
48,"[0, 1]",119.54999999999535,"[46, 46]","[0, 0]","[0, 0]",51
49,"[0, 3]",151.40000000000018,"[48, 52]","[0, 0]","[0, 0]",51
50,"[0, 1]",122.54999999999518,"[49, 53]","[0, 0]","[0, 0]",51
51,"[0, 1]",123.39999999999513,"[50, 50]","[0, 0]","[0, 0]",51
52,"[2, 3]",149.7499999999998,"[47, 47]","[9.049999999999994, 0]","[0, 0]",51
53,"[2, 1]",120.14999999999532,"[52, 48]","[8.999999999999993, 0]","[0, 0]",51
54,"[2, 1]",134.14999999999625,"[53, 51]","[11.050000000000022, 0]","[2.8999999999999977, 0]",51
55,"[2, 1]",139.09999999999738,"[54, 59]","[7.099999999999983, 0]","[0, 0]",51
56,"[2, 1]",139.74999999999753,"[55, 55]","[9.850000000000005, 0]","[0, 0]",51
57,"[2, 1]",141.74999999999798,"[56, 56]","[12.700000000000045, 0]","[0, 0]",51
58,"[2, 1]",155.75000000000117,"[57, 72]","[17.750000000000117, 0]","[2.7499999999999982, 0]",51
59,"[0, 1]",129.29999999999515,"[51, 54]","[2.4499999999999993, 0]","[2.4499999999999993, 0]",51
60,"[2, 1]",160.65000000000228,"[58, 73]","[16.800000000000104, 0]","[0, 0]",51
61,"[2, 1]",165.80000000000345,"[60, 74]","[18.60000000000013, 0]","[0, 0]",51
62,"[2, 3]",197.00000000001054,"[61, 67]","[19.500000000000142, 0]","[0, 0]",51
63,"[2, 3]",205.90000000001257,"[62, 76]","[23.5000000000002, 0]","[2.000000000000001, 0]",51
64,"[2, 1]",183.05000000000737,"[63, 79]","[26.850000000000247, 0]","[2.9499999999999975, 0]",51
65,"[0, 3]",159.15000000000194,"[59, 49]","[0, 0]","[0, 0]",51
66,"[0, 3]",161.55000000000248,"[65, 65]","[0, 0]","[0, 0]",51
67,"[0, 3]",163.15000000000285,"[66, 66]","[0, 0]","[0, 0]",51
68,"[2, 1]",182.80000000000732,"[64, 64]","[25.400000000000226, 0]","[0, 0]",51
69,"[0, 1]",134.7499999999964,"[67, 57]","[0, 0]","[0, 0]",51
70,"[2, 1]",184.35000000000767,"[68, 68]","[27.15000000000025, 0]","[0, 0]",51
71,"[2, 3]",217.65000000001524,"[70, 63]","[32.65000000000028, 0]","[0, 0]",51
72,"[0, 1]",135.39999999999654,"[69, 69]","[0, 0]","[0, 0]",51
73,"[0, 1]",141.29999999999788,"[72, 58]","[2.499999999999999, 0]","[2.499999999999999, 0]",51
74,"[0, 1]",147.5999999999993,"[73, 60]","[2.3499999999999996, 0]","[2.3499999999999996, 0]",51
75,"[0, 1]",152.70000000000047,"[74, 61]","[2.8999999999999977, 0]","[2.1500000000000004, 0]",51
76,"[0, 3]",184.40000000000768,"[75, 62]","[4.799999999999991, 0]","[2.6499999999999986, 0]",51
77,"[0, 1]",155.5000000000011,"[76, 75]","[3.099999999999997, 0]","[0, 0]",51
78,"[2, 1]",189.40000000000882,"[71, 70]","[35.70000000000011, 0]","[0, 0]",51
79,"[0, 1]",156.60000000000136,"[77, 77]","[4.049999999999994, 0]","[0, 0]",51
0,"[0, 1]",68.09999999999827,"[-999, 7]","[0, 0]","[0, 0]",52
1,"[2, 1]",36.40000000000007,"[-999, -999]","[0, 0]","[0, 0]",52
2,"[2, 1]",38.09999999999997,"[1, 1]","[0, 0]","[0, 0]",52
3,"[2, 1]",39.89999999999987,"[2, 2]","[0, 0]","[0, 0]",52
4,"[2, 3]",69.24999999999821,"[3, -999]","[0, 0]","[0, 0]",52
5,"[2, 3]",71.94999999999806,"[4, 4]","[0, 0]","[0, 0]",52
6,"[2, 1]",38.09999999999997,"[5, 3]","[0, 0]","[0, 0]",52
7,"[2, 1]",40.24999999999985,"[6, 6]","[0, 0]","[0, 0]",52
8,"[0, 3]",110.69999999999585,"[0, 14]","[6.0499999999999865, 0]","[6.0499999999999865, 0]",52
9,"[0, 3]",112.19999999999577,"[8, 8]","[0, 0]","[0, 0]",52
10,"[0, 1]",81.49999999999751,"[9, 15]","[0, 0]","[0, 0]",52
11,"[2, 3]",71.89999999999806,"[7, 5]","[0, 0]","[0, 0]",52
12,"[2, 3]",74.39999999999792,"[11, 11]","[0, 0]","[0, 0]",52
13,"[2, 3]",76.19999999999781,"[12, 12]","[0, 0]","[0, 0]",52
14,"[2, 3]",77.59999999999773,"[13, 13]","[0, 0]","[0, 0]",52
15,"[2, 1]",47.29999999999945,"[14, -999]","[0, 0]","[0, 0]",52
16,"[2, 3]",84.94999999999732,"[15, 9]","[2.499999999999999, 0]","[2.499999999999999, 0]",52
17,"[0, 3]",114.14999999999566,"[10, 16]","[0, 0]","[0, 0]",52
18,"[0, 1]",84.84999999999732,"[17, 19]","[0, 0]","[0, 0]",52
19,"[2, 1]",55.94999999999896,"[16, 10]","[3.099999999999997, 0]","[3.099999999999997, 0]",52
20,"[2, 1]",62.99999999999856,"[19, 18]","[0, 0]","[0, 0]",52
21,"[2, 1]",68.44999999999825,"[20, 22]","[0, 0]","[0, 0]",52
22,"[0, 1]",90.69999999999699,"[18, 20]","[2.5999999999999988, 0]","[2.5999999999999988, 0]",52
23,"[0, 1]",95.39999999999672,"[22, 21]","[2.499999999999999, 0]","[2.499999999999999, 0]",52
24,"[0, 3]",127.69999999999489,"[23, 25]","[0, 0]","[0, 0]",52
25,"[2, 3]",98.39999999999655,"[21, 17]","[21.35000000000017, 0]","[0.05, 0]",52
26,"[0, 1]",99.84999999999647,"[24, 27]","[0, 0]","[0, 0]",52
27,"[2, 1]",70.64999999999813,"[25, 23]","[21.200000000000166, 0]","[0, 0]",52
28,"[2, 1]",84.49999999999734,"[27, 30]","[25.500000000000227, 0]","[6.5999999999999845, 0]",52
29,"[2, 3]",116.39999999999553,"[28, 34]","[17.20000000000011, 0]","[0, 0]",52
30,"[0, 1]",100.14999999999645,"[26, 26]","[0, 0]","[0, 0]",52
31,"[2, 3]",124.09999999999509,"[29, 40]","[15.650000000000087, 0]","[0, 0]",52
32,"[2, 3]",131.19999999999558,"[31, 42]","[17.500000000000114, 0]","[3.349999999999996, 0]",52
33,"[2, 3]",133.14999999999603,"[32, 32]","[12.700000000000045, 0]","[0, 0]",52
34,"[0, 3]",131.09999999999556,"[30, 24]","[0, 0]","[0, 0]",52
35,"[2, 1]",108.64999999999597,"[33, 46]","[11.200000000000024, 0]","[0, 0]",52
36,"[2, 1]",119.84999999999533,"[35, 49]","[12.500000000000043, 0]","[2.7499999999999982, 0]",52
37,"[0, 1]",102.9499999999963,"[34, 28]","[0, 0]","[0, 0]",52
38,"[2, 1]",124.69999999999506,"[36, 51]","[8.599999999999987, 0]","[0, 0]",52
39,"[2, 3]",155.000000000001,"[38, 33]","[8.84999999999999, 0]","[0, 0]",52
40,"[0, 3]",135.59999999999658,"[37, 29]","[0, 0]","[0, 0]",52
41,"[0, 1]",106.4499999999961,"[40, 37]","[0, 0]","[0, 0]",52
42,"[0, 3]",138.19999999999717,"[41, 31]","[0, 0]","[0, 0]",52
43,"[2, 1]",127.29999999999491,"[39, 52]","[8.449999999999985, 0]","[0, 0]",52
44,"[0, 1]",108.84999999999596,"[42, 41]","[0, 0]","[0, 0]",52
45,"[0, 1]",109.9499999999959,"[44, 44]","[0, 0]","[0, 0]",52
46,"[0, 1]",111.04999999999583,"[45, 45]","[0, 0]","[0, 0]",52
47,"[2, 1]",135.89999999999665,"[43, 54]","[11.60000000000003, 0]","[2.849999999999998, 0]",52
48,"[0, 1]",116.54999999999552,"[46, 35]","[2.499999999999999, 0]","[2.499999999999999, 0]",52
49,"[0, 1]",117.04999999999549,"[48, 48]","[0, 0]","[0, 0]",52
50,"[2, 3]",173.60000000000522,"[47, 60]","[13.250000000000053, 0]","[3.2499999999999964, 0]",52
51,"[0, 1]",122.79999999999517,"[49, 36]","[2.4499999999999993, 0]","[2.4499999999999993, 0]",52
52,"[0, 1]",128.84999999999505,"[51, 38]","[2.8999999999999977, 0]","[2.8999999999999977, 0]",52
53,"[0, 3]",160.15000000000217,"[52, 39]","[0, 0]","[0, 0]",52
54,"[0, 1]",132.34999999999584,"[53, 43]","[0, 0]","[0, 0]",52
55,"[2, 1]",143.9999999999985,"[50, 62]","[11.100000000000023, 0]","[0, 0]",52
56,"[0, 3]",162.75000000000276,"[54, 53]","[0, 0]","[0, 0]",52
57,"[2, 3]",177.75000000000617,"[55, 63]","[11.950000000000035, 0]","[0, 0]",52
58,"[2, 1]",153.85000000000073,"[57, 66]","[15.200000000000081, 0]","[0, 0]",52
59,"[2, 1]",159.25000000000196,"[58, 69]","[19.500000000000142, 0]","[0, 0]",52
60,"[0, 3]",164.90000000000325,"[56, 56]","[0, 0]","[0, 0]",52
61,"[2, 1]",164.3000000000031,"[59, 71]","[23.050000000000193, 0]","[0, 0]",52
62,"[0, 1]",136.24999999999673,"[60, 47]","[0, 0]","[0, 0]",52
63,"[0, 3]",168.40000000000404,"[62, 50]","[0, 0]","[0, 0]",52
64,"[2, 1]",170.20000000000445,"[61, 74]","[25.80000000000023, 0]","[0, 0]",52
65,"[0, 1]",139.5999999999975,"[63, 55]","[0, 0]","[0, 0]",52
66,"[0, 1]",140.39999999999768,"[65, 65]","[0, 0]","[0, 0]",52
67,"[2, 3]",200.40000000001132,"[64, 72]","[27.650000000000258, 0]","[0, 0]",52
68,"[2, 1]",172.50000000000497,"[67, 75]","[34.350000000000186, 0]","[0, 0]",52
69,"[0, 1]",145.89999999999893,"[66, 58]","[2.499999999999999, 0]","[2.499999999999999, 0]",52
70,"[2, 1]",181.10000000000693,"[68, 77]","[38.99999999999992, 0]","[3.149999999999997, 0]",52
71,"[0, 1]",152.25000000000037,"[69, 59]","[2.5999999999999988, 0]","[2.5999999999999988, 0]",52
72,"[0, 3]",180.60000000000682,"[71, 57]","[0, 0]","[0, 0]",52
73,"[2, 1]",182.00000000000713,"[70, 70]","[37.50000000000001, 0]","[0, 0]",52
74,"[0, 1]",151.75000000000026,"[72, 61]","[0.3, 0]","[0, 0]",52
75,"[0, 1]",157.00000000000145,"[74, 64]","[3.599999999999995, 0]","[2.5999999999999988, 0]",52
76,"[0, 3]",186.00000000000804,"[75, 67]","[1.4000000000000006, 0]","[0, 0]",52
77,"[0, 1]",156.3500000000013,"[76, 68]","[1.7000000000000008, 0]","[0, 0]",52
78,"[2, 3]",214.90000000001461,"[73, 79]","[40.39999999999984, 0]","[0, 0]",52
79,"[0, 3]",186.15000000000808,"[77, 76]","[2.9999999999999973, 0]","[0, 0]",52
0,"[0, 3]",100.64999999999642,"[-999, 13]","[0, 0]","[0, 0]",53
1,"[2, 1]",36.40000000000007,"[-999, -999]","[0, 0]","[0, 0]",53
2,"[0, 3]",102.49999999999632,"[0, 0]","[0, 0]","[0, 0]",53
3,"[0, 1]",77.74999999999773,"[2, 17]","[2.799999999999998, 0]","[2.799999999999998, 0]",53
4,"[0, 1]",81.54999999999751,"[3, 19]","[2.1500000000000004, 0]","[2.1500000000000004, 0]",53
5,"[2, 3]",68.04999999999828,"[1, -999]","[0, 0]","[0, 0]",53
6,"[2, 1]",38.44999999999995,"[5, 1]","[0, 0]","[0, 0]",53
7,"[0, 3]",111.5499999999958,"[4, 2]","[0, 0]","[0, 0]",53
8,"[2, 3]",69.59999999999819,"[6, 5]","[0, 0]","[0, 0]",53
9,"[0, 3]",113.89999999999567,"[7, 7]","[0, 0]","[0, 0]",53
10,"[2, 1]",39.799999999999876,"[8, 6]","[0, 0]","[0, 0]",53
11,"[0, 1]",84.99999999999731,"[9, 23]","[0, 0]","[0, 0]",53
12,"[2, 3]",70.14999999999816,"[10, 8]","[0, 0]","[0, 0]",53
13,"[2, 3]",72.39999999999803,"[12, 12]","[0, 0]","[0, 0]",53
14,"[2, 1]",42.49999999999972,"[13, 10]","[0, 0]","[0, 0]",53
15,"[0, 1]",85.99999999999726,"[11, 11]","[0, 0]","[0, 0]",53
16,"[2, 1]",44.14999999999963,"[14, 14]","[0, 0]","[0, 0]",53
17,"[2, 1]",45.649999999999544,"[16, 16]","[0, 0]","[0, 0]",53
18,"[0, 1]",91.44999999999695,"[15, 27]","[2.549999999999999, 0]","[2.549999999999999, 0]",53
19,"[2, 1]",52.09999999999918,"[17, 3]","[0.9500000000000003, 0]","[0.9500000000000003, 0]",53
20,"[2, 1]",57.599999999998865,"[19, 4]","[6.649999999999984, 0]","[6.649999999999984, 0]",53
21,"[0, 1]",91.94999999999692,"[18, 18]","[0, 0]","[0, 0]",53
22,"[0, 3]",122.2999999999952,"[21, 28]","[0, 0]","[0, 0]",53
23,"[2, 1]",58.19999999999883,"[20, 20]","[10.700000000000017, 0]","[2.4499999999999993, 0]",53
24,"[2, 3]",91.29999999999696,"[23, 9]","[13.75000000000006, 0]","[1.3500000000000005, 0]",53
25,"[0, 1]",93.89999999999681,"[22, 30]","[0, 0]","[0, 0]",53
26,"[0, 3]",126.44999999999496,"[25, 33]","[0, 0]","[0, 0]",53
27,"[2, 1]",66.64999999999836,"[24, 15]","[13.800000000000061, 0]","[0, 0]",53
28,"[2, 3]",97.39999999999661,"[27, 24]","[20.550000000000157, 0]","[0.05, 0]",53
29,"[0, 3]",127.79999999999488,"[26, 26]","[0, 0]","[0, 0]",53
30,"[2, 1]",73.29999999999798,"[28, 21]","[18.200000000000124, 0]","[0, 0]",53
31,"[0, 1]",98.24999999999656,"[29, 34]","[0, 0]","[0, 0]",53
32,"[0, 3]",135.2499999999965,"[31, 36]","[3.149999999999997, 0]","[3.149999999999997, 0]",53
33,"[2, 3]",105.49999999999615,"[30, 22]","[16.4500000000001, 0]","[0, 0]",53
34,"[2, 1]",76.3999999999978,"[33, 25]","[14.900000000000077, 0]","[0, 0]",53
35,"[2, 3]",114.64999999999563,"[34, 29]","[13.350000000000055, 0]","[0, 0]",53
36,"[2, 3]",116.04999999999555,"[35, 35]","[11.900000000000034, 0]","[0, 0]",53
37,"[2, 3]",123.04999999999515,"[36, 32]","[13.550000000000058, 0]","[3.099999999999997, 0]",53
38,"[0, 1]",105.09999999999617,"[32, 31]","[0, 0]","[0, 0]",53
39,"[2, 3]",130.14999999999534,"[37, 44]","[12.450000000000042, 0]","[3.4999999999999956, 0]",53
40,"[2, 1]",100.44999999999644,"[39, 46]","[8.74999999999999, 0]","[0, 0]",53
41,"[2, 3]",134.19999999999627,"[40, 49]","[8.199999999999982, 0]","[0, 0]",53
42,"[2, 1]",110.14999999999588,"[41, 53]","[7.399999999999982, 0]","[0, 0]",53
43,"[2, 1]",110.09999999999589,"[42, 42]","[6.449999999999985, 0]","[0, 0]",53
44,"[0, 3]",137.79999999999708,"[38, 37]","[0, 0]","[0, 0]",53
45,"[2, 1]",117.74999999999545,"[43, 60]","[5.299999999999989, 0]","[0, 0]",53
46,"[0, 1]",108.49999999999598,"[44, 38]","[0, 0]","[0, 0]",53
47,"[2, 3]",147.64999999999932,"[45, 59]","[4.899999999999991, 0]","[0, 0]",53
48,"[2, 3]",150.80000000000004,"[47, 47]","[7.79999999999998, 0]","[0, 0]",53
49,"[0, 3]",140.69999999999774,"[46, 39]","[0, 0]","[0, 0]",53
50,"[0, 1]",111.89999999999579,"[49, 40]","[0, 0]","[0, 0]",53
51,"[2, 1]",125.54999999999501,"[48, 63]","[10.450000000000014, 0]","[0, 0]",53
52,"[2, 3]",155.60000000000113,"[51, 48]","[12.650000000000045, 0]","[0, 0]",53
53,"[0, 1]",112.64999999999574,"[50, 50]","[0.7500000000000001, 0]","[0, 0]",53
54,"[0, 3]",143.6499999999984,"[53, 41]","[1.1500000000000004, 0]","[0, 0]",53
55,"[2, 1]",132.0999999999958,"[52, 68]","[14.300000000000068, 0]","[0, 0]",53
56,"[2, 1]",137.94999999999712,"[55, 70]","[19.95000000000015, 0]","[0, 0]",53
57,"[2, 1]",143.1999999999983,"[56, 71]","[21.950000000000177, 0]","[0, 0]",53
58,"[2, 1]",149.3499999999997,"[57, 75]","[21.800000000000175, 0]","[0, 0]",53
59,"[0, 3]",145.7999999999989,"[54, 54]","[1.4500000000000006, 0]","[0, 0]",53
60,"[0, 1]",115.1999999999956,"[59, 43]","[1.7500000000000009, 0]","[0, 0]",53
61,"[0, 1]",120.89999999999527,"[60, 45]","[4.549999999999992, 0]","[2.549999999999999, 0]",53
62,"[0, 1]",121.34999999999525,"[61, 61]","[2.25, 0]","[0, 0]",53
63,"[0, 1]",122.34999999999519,"[62, 62]","[2.499999999999999, 0]","[0, 0]",53
64,"[2, 1]",149.19999999999968,"[58, 58]","[21.600000000000172, 0]","[0, 0]",53
65,"[0, 1]",127.74999999999488,"[63, 51]","[5.09999999999999, 0]","[2.3999999999999995, 0]",53
66,"[2, 1]",167.85000000000392,"[64, 79]","[30.850000000000303, 0]","[9.750000000000004, 0]",53
67,"[2, 1]",167.8000000000039,"[66, 66]","[22.25000000000018, 0]","[0, 0]",53
68,"[0, 1]",128.2499999999949,"[65, 65]","[2.9499999999999975, 0]","[0, 0]",53
69,"[2, 3]",199.75000000001117,"[67, 76]","[23.800000000000203, 0]","[0, 0]",53
70,"[0, 1]",133.59999999999613,"[68, 55]","[5.699999999999988, 0]","[2.499999999999999, 0]",53
71,"[0, 1]",140.14999999999762,"[70, 56]","[5.599999999999988, 0]","[2.1500000000000004, 0]",53
72,"[2, 3]",203.10000000001193,"[69, 69]","[24.850000000000218, 0]","[0, 0]",53
73,"[2, 3]",205.6000000000125,"[72, 72]","[27.600000000000257, 0]","[0, 0]",53
74,"[0, 3]",168.55000000000408,"[71, 52]","[3.649999999999995, 0]","[0, 0]",53
75,"[0, 1]",139.74999999999753,"[74, 57]","[3.949999999999994, 0]","[0, 0]",53
76,"[0, 3]",170.95000000000462,"[75, 74]","[4.149999999999993, 0]","[0, 0]",53
77,"[0, 1]",146.99999999999918,"[76, 64]","[6.649999999999984, 0]","[2.2, 0]",53
78,"[0, 1]",147.69999999999933,"[77, 77]","[4.699999999999991, 0]","[0, 0]",53
79,"[0, 1]",148.69999999999956,"[78, 78]","[4.94999999999999, 0]","[0, 0]",53
0,"[0, 1]",69.19999999999821,"[-999, 11]","[0, 0]","[0, 0]",54
1,"[0, 3]",103.39999999999627,"[0, 13]","[0, 0]","[0, 0]",54
2,"[2, 1]",36.40000000000007,"[-999, -999]","[0, 0]","[0, 0]",54
3,"[2, 1]",38.09999999999997,"[2, 2]","[0, 0]","[0, 0]",54
4,"[2, 1]",39.89999999999987,"[3, 3]","[0, 0]","[0, 0]",54
5,"[0, 1]",78.54999999999768,"[1, 18]","[2.25, 0]","[2.25, 0]",54
6,"[2, 1]",41.79999999999976,"[4, 4]","[0, 0]","[0, 0]",54
7,"[2, 1]",43.54999999999966,"[6, 6]","[0, 0]","[0, 0]",54
8,"[0, 3]",107.24999999999605,"[5, 1]","[0, 0]","[0, 0]",54
9,"[0, 1]",79.34999999999764,"[8, 20]","[0, 0]","[0, 0]",54
10,"[0, 1]",80.24999999999758,"[9, 9]","[0, 0]","[0, 0]",54
11,"[2, 1]",45.04999999999958,"[7, 7]","[0, 0]","[0, 0]",54
12,"[2, 3]",71.94999999999806,"[11, -999]","[0, 0]","[0, 0]",54
13,"[2, 3]",74.5999999999979,"[12, 12]","[0, 0]","[0, 0]",54
14,"[2, 1]",45.04999999999958,"[13, 0]","[0, 0]","[0, 0]",54
15,"[0, 1]",81.34999999999752,"[10, 10]","[0, 0]","[0, 0]",54
16,"[0, 1]",87.24999999999719,"[15, 23]","[2.4499999999999993, 0]","[2.4499999999999993, 0]",54
17,"[0, 3]",117.19999999999548,"[16, 21]","[0, 0]","[0, 0]",54
18,"[2, 1]",46.3999999999995,"[14, 14]","[0, 0]","[0, 0]",54
19,"[0, 3]",119.54999999999535,"[17, 17]","[0, 0]","[0, 0]",54
20,"[2, 1]",52.54999999999915,"[18, 5]","[1.4000000000000006, 0]","[1.4000000000000006, 0]",54
21,"[2, 3]",84.14999999999736,"[20, 8]","[3.399999999999996, 0]","[3.399999999999996, 0]",54
22,"[0, 3]",121.14999999999526,"[19, 19]","[0, 0]","[0, 0]",54
23,"[2, 1]",66.09999999999839,"[21, 15]","[2.799999999999998, 0]","[2.799999999999998, 0]",54
24,"[2, 1]",70.94999999999811,"[23, 16]","[0, 0]","[0, 0]",54
25,"[0, 3]",122.49999999999518,"[22, 22]","[0, 0]","[0, 0]",54
26,"[2, 3]",119.09999999999538,"[24, 25]","[33.20000000000025, 0]","[9.5, 0]",54
27,"[2, 3]",125.39999999999502,"[26, 28]","[21.45000000000017, 0]","[0, 0]",54
28,"[0, 3]",128.94999999999507,"[25, 26]","[2.4499999999999993, 0]","[2.4499999999999993, 0]",54
29,"[0, 1]",98.29999999999656,"[28, -999]","[0, 0]","[0, 0]",54
30,"[2, 1]",101.24999999999639,"[27, 31]","[19.850000000000147, 0]","[0, 0]",54
31,"[0, 1]",99.44999999999649,"[29, 29]","[0, 0]","[0, 0]",54
32,"[2, 3]",132.04999999999578,"[30, 27]","[19.000000000000135, 0]","[0, 0]",54
33,"[2, 1]",107.29999999999605,"[32, 37]","[18.250000000000124, 0]","[0, 0]",54
34,"[0, 1]",105.44999999999615,"[31, 30]","[2.549999999999999, 0]","[2.549999999999999, 0]",54
35,"[2, 3]",137.74999999999707,"[33, 32]","[17.15000000000011, 0]","[0, 0]",54
36,"[2, 1]",114.49999999999564,"[35, 40]","[15.80000000000009, 0]","[0, 0]",54
37,"[0, 1]",105.84999999999613,"[34, 34]","[0, 0]","[0, 0]",54
38,"[0, 1]",111.19999999999582,"[37, 33]","[2.499999999999999, 0]","[2.499999999999999, 0]",54
39,"[2, 3]",145.14999999999876,"[36, 35]","[15.450000000000085, 0]","[0, 0]",54
40,"[0, 1]",111.6999999999958,"[38, 38]","[0, 0]","[0, 0]",54
41,"[0, 1]",117.14999999999549,"[40, 36]","[2.549999999999999, 0]","[2.549999999999999, 0]",54
42,"[0, 1]",117.64999999999546,"[41, 41]","[0, 0]","[0, 0]",54
43,"[0, 1]",118.5999999999954,"[42, 42]","[0, 0]","[0, 0]",54
44,"[2, 3]",147.89999999999938,"[39, 39]","[15.700000000000088, 0]","[0, 0]",54
45,"[2, 1]",128.599999999995,"[44, 46]","[20.10000000000015, 0]","[3.349999999999996, 0]",54
46,"[0, 1]",119.64999999999534,"[43, 43]","[0, 0]","[0, 0]",54
47,"[0, 3]",150.75000000000003,"[46, 44]","[0, 0]","[0, 0]",54
48,"[0, 1]",122.54999999999518,"[47, 45]","[0, 0]","[0, 0]",54
49,"[0, 3]",155.25000000000105,"[48, 50]","[0, 0]","[0, 0]",54
50,"[2, 3]",160.7000000000023,"[45, 47]","[17.20000000000011, 0]","[0, 0]",54
51,"[2, 1]",131.7499999999957,"[50, 48]","[31.40000000000031, 0]","[0, 0]",54
52,"[0, 3]",156.65000000000137,"[49, 49]","[0, 0]","[0, 0]",54
53,"[2, 3]",169.90000000000438,"[51, 52]","[30.7000000000003, 0]","[0, 0]",54
54,"[2, 3]",171.3000000000047,"[53, 53]","[30.5500000000003, 0]","[0, 0]",54
55,"[0, 1]",127.09999999999492,"[52, 51]","[0, 0]","[0, 0]",54
56,"[2, 1]",148.14999999999944,"[54, 58]","[33.500000000000234, 0]","[3.2999999999999963, 0]",54
57,"[0, 1]",128.1999999999949,"[55, 55]","[0, 0]","[0, 0]",54
58,"[0, 1]",129.29999999999515,"[57, 57]","[0.15000000000000002, 0]","[0, 0]",54
59,"[0, 3]",160.40000000000222,"[58, 54]","[0, 0]","[0, 0]",54
60,"[0, 1]",132.1499999999958,"[59, 56]","[0, 0]","[0, 0]",54
61,"[2, 3]",180.1500000000067,"[56, 59]","[29.400000000000283, 0]","[0, 0]",54
62,"[2, 3]",182.65000000000728,"[61, 61]","[28.250000000000266, 0]","[0, 0]",54
63,"[0, 1]",133.24999999999605,"[60, 60]","[0, 0]","[0, 0]",54
64,"[0, 3]",166.65000000000364,"[63, 62]","[0, 0]","[0, 0]",54
65,"[0, 1]",138.09999999999715,"[64, 74]","[0, 0]","[0, 0]",54
66,"[0, 3]",168.7000000000041,"[65, 64]","[0, 0]","[0, 0]",54
67,"[0, 3]",170.8500000000046,"[66, 66]","[0, 0]","[0, 0]",54
68,"[0, 1]",141.94999999999803,"[67, 79]","[0.15000000000000002, 0]","[0, 0]",54
69,"[0, 3]",172.70000000000502,"[68, 67]","[0.7500000000000001, 0]","[0, 0]",54
70,"[0, 1]",144.4999999999986,"[69, 68]","[1.0000000000000002, 0]","[0, 0]",54
71,"[0, 1]",143.34999999999835,"[70, 70]","[1.5500000000000007, 0]","[0, 0]",54
72,"[0, 3]",173.15000000000512,"[71, 69]","[1.900000000000001, 0]","[0, 0]",54
73,"[0, 3]",175.05000000000555,"[72, 72]","[1.3500000000000005, 0]","[0, 0]",54
74,"[2, 1]",153.50000000000065,"[62, 63]","[28.700000000000273, 0]","[0, 0]",54
75,"[0, 1]",141.3999999999979,"[73, 71]","[0.8500000000000002, 0]","[0, 0]",54
76,"[2, 1]",161.90000000000256,"[74, 65]","[30.850000000000303, 0]","[0, 0]",54
77,"[0, 3]",171.7500000000048,"[75, 73]","[0.9500000000000003, 0]","[0, 0]",54
78,"[0, 1]",139.54999999999748,"[77, 75]","[0.9000000000000002, 0]","[0, 0]",54
79,"[2, 1]",162.60000000000272,"[76, 76]","[33.35000000000024, 0]","[0, 0]",54
0,"[2, 1]",36.40000000000007,"[-999, -999]","[0, 0]","[0, 0]",55
1,"[0, 1]",72.19999999999804,"[-999, 11]","[0, 0]","[0, 0]",55
2,"[2, 1]",38.09999999999997,"[0, 0]","[0, 0]","[0, 0]",55
3,"[2, 1]",39.89999999999987,"[2, 2]","[0, 0]","[0, 0]",55
4,"[2, 1]",41.79999999999976,"[3, 3]","[0, 0]","[0, 0]",55
5,"[2, 1]",43.54999999999966,"[4, 4]","[0, 0]","[0, 0]",55
6,"[0, 1]",75.79999999999784,"[1, 12]","[2.549999999999999, 0]","[2.549999999999999, 0]",55
7,"[0, 3]",107.79999999999602,"[6, 13]","[0, 0]","[0, 0]",55
8,"[2, 1]",45.04999999999958,"[5, 5]","[0, 0]","[0, 0]",55
9,"[0, 1]",80.24999999999758,"[7, 15]","[0, 0]","[0, 0]",55
10,"[2, 3]",71.94999999999806,"[8, -999]","[0, 0]","[0, 0]",55
11,"[2, 1]",41.44999999999978,"[10, 8]","[0, 0]","[0, 0]",55
12,"[2, 1]",50.199999999999285,"[11, 1]","[2.549999999999999, 0]","[2.549999999999999, 0]",55
13,"[2, 3]",79.24999999999764,"[12, 10]","[0, 0]","[0, 0]",55
14,"[0, 1]",80.59999999999756,"[9, 9]","[0, 0]","[0, 0]",55
15,"[2, 1]",51.99999999999918,"[13, 6]","[5.04999999999999, 0]","[2.0500000000000007, 0]",55
16,"[2, 1]",65.29999999999843,"[15, 14]","[8.79999999999999, 0]","[3.2499999999999964, 0]",55
17,"[2, 1]",70.19999999999816,"[16, 21]","[7.79999999999998, 0]","[0, 0]",55
18,"[2, 1]",75.64999999999785,"[17, 23]","[18.450000000000127, 0]","[0, 0]",55
19,"[2, 3]",106.54999999999609,"[18, 7]","[16.050000000000093, 0]","[0, 0]",55
20,"[2, 1]",81.6499999999975,"[19, 27]","[14.40000000000007, 0]","[0, 0]",55
21,"[0, 1]",87.84999999999715,"[14, 16]","[1.1000000000000003, 0]","[1.1000000000000003, 0]",55
22,"[2, 3]",113.04999999999572,"[20, 19]","[12.950000000000049, 0]","[0, 0]",55
23,"[0, 1]",92.99999999999686,"[21, 17]","[2.25, 0]","[2.25, 0]",55
24,"[0, 1]",98.04999999999657,"[23, 18]","[2.4499999999999993, 0]","[2.4499999999999993, 0]",55
25,"[2, 3]",116.29999999999553,"[22, 22]","[11.55000000000003, 0]","[0, 0]",55
26,"[2, 3]",118.7499999999954,"[25, 25]","[10.15000000000001, 0]","[0, 0]",55
27,"[0, 1]",97.4499999999966,"[24, 24]","[0, 0]","[0, 0]",55
28,"[2, 1]",91.29999999999696,"[26, 36]","[10.300000000000011, 0]","[0, 0]",55
29,"[0, 1]",104.04999999999623,"[27, 20]","[3.049999999999997, 0]","[3.049999999999997, 0]",55
30,"[2, 3]",124.44999999999507,"[28, 40]","[9.850000000000005, 0]","[0, 0]",55
31,"[2, 1]",95.39999999999672,"[30, 42]","[8.79999999999999, 0]","[0, 0]",55
32,"[2, 1]",97.84999999999658,"[31, 31]","[7.549999999999981, 0]","[0, 0]",55
33,"[2, 3]",131.04999999999555,"[32, 45]","[7.149999999999983, 0]","[0, 0]",55
34,"[0, 1]",103.44999999999627,"[29, 29]","[0, 0]","[0, 0]",55
35,"[0, 1]",104.04999999999623,"[34, 34]","[0, 0]","[0, 0]",55
36,"[0, 1]",105.04999999999617,"[35, 35]","[0, 0]","[0, 0]",55
37,"[2, 1]",102.24999999999633,"[33, 46]","[6.349999999999985, 0]","[0, 0]",55
38,"[2, 1]",110.59999999999586,"[37, 49]","[4.99999999999999, 0]","[0, 0]",55
39,"[2, 1]",117.44999999999547,"[38, 51]","[8.349999999999984, 0]","[3.2999999999999963, 0]",55
40,"[0, 3]",136.0499999999967,"[36, 26]","[0, 0]","[0, 0]",55
41,"[2, 1]",124.49999999999507,"[39, 54]","[5.14999999999999, 0]","[0, 0]",55
42,"[0, 1]",107.39999999999604,"[40, 28]","[0, 0]","[0, 0]",55
43,"[0, 3]",140.0499999999976,"[42, 30]","[0, 0]","[0, 0]",55
44,"[2, 1]",130.99999999999554,"[41, 57]","[5.549999999999988, 0]","[0, 0]",55
45,"[0, 3]",141.3999999999979,"[43, 43]","[0, 0]","[0, 0]",55
46,"[0, 1]",113.4999999999957,"[45, 32]","[0, 0]","[0, 0]",55
47,"[2, 1]",136.1499999999967,"[44, 60]","[6.499999999999985, 0]","[0, 0]",55
48,"[0, 3]",145.54999999999885,"[46, 33]","[0, 0]","[0, 0]",55
49,"[0, 1]",117.34999999999548,"[48, 37]","[0, 0]","[0, 0]",55
50,"[0, 3]",147.79999999999936,"[49, 48]","[0, 0]","[0, 0]",55
51,"[0, 1]",118.89999999999539,"[50, 38]","[0, 0]","[0, 0]",55
52,"[2, 1]",136.5499999999968,"[47, 47]","[8.04999999999998, 0]","[0, 0]",55
53,"[0, 3]",150.09999999999988,"[51, 50]","[0, 0]","[0, 0]",55
54,"[0, 1]",121.59999999999523,"[53, 39]","[0, 0]","[0, 0]",55
55,"[2, 1]",145.2999999999988,"[52, 65]","[11.400000000000027, 0]","[3.2499999999999964, 0]",55
56,"[0, 3]",152.8500000000005,"[54, 53]","[0, 0]","[0, 0]",55
57,"[0, 1]",123.8999999999951,"[56, 41]","[0, 0]","[0, 0]",55
58,"[2, 1]",152.70000000000047,"[55, 68]","[10.85000000000002, 0]","[3.2999999999999963, 0]",55
59,"[2, 3]",184.70000000000775,"[58, 70]","[7.349999999999982, 0]","[0, 0]",55
60,"[0, 1]",130.99999999999554,"[57, 44]","[3.149999999999997, 0]","[2.4499999999999993, 0]",55
61,"[2, 1]",155.75000000000117,"[59, 71]","[8.349999999999984, 0]","[0, 0]",55
62,"[2, 1]",174.90000000000552,"[61, 75]","[22.25000000000018, 0]","[9.600000000000001, 0]",55
63,"[0, 3]",159.60000000000204,"[60, 56]","[1.0500000000000003, 0]","[0, 0]",55
64,"[0, 3]",161.95000000000258,"[63, 63]","[1.2500000000000004, 0]","[0, 0]",55
65,"[0, 1]",132.69999999999592,"[64, 52]","[1.4500000000000006, 0]","[0, 0]",55
66,"[2, 1]",174.65000000000546,"[62, 62]","[15.80000000000009, 0]","[0, 0]",55
67,"[0, 3]",163.90000000000302,"[65, 64]","[1.6000000000000008, 0]","[0, 0]",55
68,"[0, 1]",135.6999999999966,"[67, 55]","[1.7500000000000009, 0]","[0, 0]",55
69,"[2, 1]",182.05000000000715,"[66, 79]","[19.200000000000138, 0]","[0, 0]",55
70,"[0, 3]",166.9000000000037,"[68, 67]","[1.850000000000001, 0]","[0, 0]",55
71,"[0, 1]",138.54999999999725,"[70, 58]","[1.950000000000001, 0]","[0, 0]",55
72,"[0, 3]",171.15000000000467,"[71, 59]","[2.2, 0]","[0, 0]",55
73,"[0, 1]",142.6499999999982,"[72, 61]","[2.6999999999999984, 0]","[0, 0]",55
74,"[0, 1]",142.6499999999982,"[73, 73]","[2.3499999999999996, 0]","[0, 0]",55
75,"[0, 1]",135.89999999999665,"[74, 74]","[0, 0]","[0, 0]",55
76,"[2, 3]",211.55000000001385,"[69, 78]","[21.950000000000177, 0]","[0, 0]",55
77,"[0, 3]",166.30000000000356,"[75, 72]","[0, 0]","[0, 0]",55
78,"[0, 3]",168.45000000000405,"[77, 77]","[0, 0]","[0, 0]",55
79,"[0, 1]",137.94999999999712,"[78, 66]","[0, 0]","[0, 0]",55
0,"[2, 3]",67.7499999999983,"[-999, -999]","[0, 0]","[0, 0]",56
1,"[2, 1]",37.15000000000003,"[0, -999]","[0, 0]","[0, 0]",56
2,"[2, 1]",38.89999999999993,"[1, 1]","[0, 0]","[0, 0]",56
3,"[2, 3]",70.79999999999812,"[2, 0]","[0, 0]","[0, 0]",56
4,"[0, 1]",67.49999999999831,"[-999, 7]","[0, 0]","[0, 0]",56
5,"[2, 3]",73.44999999999797,"[3, 3]","[0, 0]","[0, 0]",56
6,"[2, 1]",39.49999999999989,"[5, 2]","[0, 0]","[0, 0]",56
7,"[2, 1]",41.79999999999976,"[6, 6]","[0, 0]","[0, 0]",56
8,"[2, 3]",72.34999999999803,"[7, 5]","[0, 0]","[0, 0]",56
9,"[2, 3]",74.6999999999979,"[8, 8]","[0, 0]","[0, 0]",56
10,"[0, 1]",80.44999999999757,"[4, 15]","[5.599999999999988, 0]","[5.599999999999988, 0]",56
11,"[2, 1]",44.949999999999584,"[9, 4]","[0, 0]","[0, 0]",56
12,"[0, 3]",109.64999999999591,"[10, 9]","[0, 0]","[0, 0]",56
13,"[2, 1]",45.54999999999955,"[11, 11]","[0, 0]","[0, 0]",56
14,"[0, 1]",81.94999999999749,"[12, 16]","[0, 0]","[0, 0]",56
15,"[2, 1]",46.499999999999496,"[13, 13]","[0, 0]","[0, 0]",56
16,"[2, 1]",52.499999999999154,"[15, 10]","[1.4500000000000006, 0]","[1.4500000000000006, 0]",56
17,"[0, 3]",114.24999999999565,"[14, 18]","[0, 0]","[0, 0]",56
18,"[2, 3]",83.94999999999737,"[16, 12]","[3.4499999999999957, 0]","[3.4499999999999957, 0]",56
19,"[2, 1]",55.59999999999898,"[18, 14]","[0, 0]","[0, 0]",56
20,"[2, 1]",68.74999999999824,"[19, 22]","[2.799999999999998, 0]","[2.799999999999998, 0]",56
21,"[0, 1]",85.89999999999726,"[17, 19]","[0, 0]","[0, 0]",56
22,"[0, 1]",86.39999999999723,"[21, 21]","[0, 0]","[0, 0]",56
23,"[0, 1]",92.3499999999969,"[22, 20]","[2.5999999999999988, 0]","[2.5999999999999988, 0]",56
24,"[2, 1]",73.69999999999796,"[20, 23]","[11.150000000000023, 0]","[0, 0]",56
25,"[2, 1]",84.59999999999734,"[24, 30]","[23.350000000000197, 0]","[2.3499999999999996, 0]",56
26,"[2, 3]",113.4499999999957,"[25, 17]","[18.65000000000013, 0]","[0, 0]",56
27,"[2, 1]",90.649999999997,"[26, 34]","[16.950000000000106, 0]","[0, 0]",56
28,"[2, 1]",101.84999999999636,"[27, 40]","[18.250000000000124, 0]","[2.849999999999998, 0]",56
29,"[0, 1]",98.54999999999654,"[23, 24]","[2.3, 0]","[2.3, 0]",56
30,"[0, 1]",97.94999999999658,"[29, 29]","[0, 0]","[0, 0]",56
31,"[2, 3]",144.29999999999856,"[28, 44]","[20.600000000000158, 0]","[6.699999999999984, 0]",56
32,"[0, 1]",103.34999999999627,"[30, 25]","[2.5999999999999988, 0]","[2.5999999999999988, 0]",56
33,"[2, 3]",145.94999999999894,"[31, 31]","[12.450000000000042, 0]","[0, 0]",56
34,"[0, 1]",103.69999999999625,"[32, 32]","[0, 0]","[0, 0]",56
35,"[2, 3]",152.8000000000005,"[33, 54]","[16.200000000000095, 0]","[3.2499999999999964, 0]",56
36,"[2, 1]",139.74999999999753,"[35, 59]","[22.95000000000019, 0]","[9.950000000000006, 0]",56
37,"[2, 1]",139.49999999999747,"[36, 36]","[13.300000000000054, 0]","[0, 0]",56
38,"[0, 1]",109.04999999999595,"[34, 27]","[2.499999999999999, 0]","[2.499999999999999, 0]",56
39,"[2, 3]",171.60000000000477,"[37, 60]","[14.950000000000077, 0]","[0, 0]",56
40,"[0, 1]",109.54999999999592,"[38, 38]","[0, 0]","[0, 0]",56
41,"[0, 3]",140.29999999999765,"[40, 26]","[0, 0]","[0, 0]",56
42,"[2, 3]",174.70000000000547,"[39, 39]","[14.000000000000064, 0]","[0, 0]",56
43,"[0, 3]",142.6999999999982,"[41, 41]","[0, 0]","[0, 0]",56
44,"[0, 3]",144.29999999999856,"[43, 43]","[0, 0]","[0, 0]",56
45,"[2, 1]",149.39999999999972,"[42, 65]","[14.300000000000068, 0]","[0, 0]",56
46,"[0, 1]",115.29999999999559,"[44, 28]","[0, 0]","[0, 0]",56
47,"[2, 3]",179.7000000000066,"[45, 42]","[16.100000000000094, 0]","[0, 0]",56
48,"[2, 3]",182.85000000000733,"[47, 47]","[18.70000000000013, 0]","[0, 0]",56
49,"[2, 3]",185.4000000000079,"[48, 48]","[21.950000000000177, 0]","[0, 0]",56
50,"[2, 1]",158.80000000000186,"[49, 70]","[25.05000000000022, 0]","[0, 0]",56
51,"[2, 1]",159.95000000000212,"[50, 50]","[39.649999999999885, 0]","[0, 0]",56
52,"[0, 1]",116.39999999999553,"[46, 46]","[0, 0]","[0, 0]",56
53,"[2, 1]",162.1000000000026,"[51, 51]","[50.44999999999927, 0]","[0, 0]",56
54,"[0, 3]",148.09999999999943,"[52, 33]","[0, 0]","[0, 0]",56
55,"[2, 3]",195.55000000001021,"[53, 73]","[52.59999999999915, 0]","[0, 0]",56
56,"[0, 1]",118.5999999999954,"[54, 52]","[0, 0]","[0, 0]",56
57,"[0, 1]",119.64999999999534,"[56, 56]","[0, 0]","[0, 0]",56
58,"[0, 1]",120.69999999999528,"[57, 57]","[0, 0]","[0, 0]",56
59,"[0, 1]",121.74999999999523,"[58, 58]","[0, 0]","[0, 0]",56
60,"[0, 3]",152.8000000000005,"[59, 35]","[0, 0]","[0, 0]",56
61,"[0, 1]",130.14999999999534,"[60, 37]","[3.149999999999997, 0]","[3.149999999999997, 0]",56
62,"[0, 1]",130.29999999999538,"[61, 61]","[0, 0]","[0, 0]",56
63,"[2, 3]",203.50000000001202,"[55, 75]","[53.699999999999086, 0]","[0, 0]",56
64,"[2, 1]",173.65000000000524,"[63, 76]","[53.549999999999095, 0]","[0, 0]",56
65,"[0, 1]",131.19999999999558,"[62, 62]","[0, 0]","[0, 0]",56
66,"[0, 1]",136.5999999999968,"[65, 45]","[2.499999999999999, 0]","[2.499999999999999, 0]",56
67,"[2, 1]",181.9000000000071,"[64, 79]","[52.999999999999126, 0]","[0, 0]",56
68,"[0, 1]",137.0499999999969,"[66, 66]","[0, 0]","[0, 0]",56
69,"[0, 1]",138.04999999999714,"[68, 68]","[1.4500000000000006, 0]","[0, 0]",56
70,"[0, 1]",139.1499999999974,"[69, 69]","[2.499999999999999, 0]","[0, 0]",56
71,"[0, 3]",169.90000000000438,"[70, 49]","[3.099999999999997, 0]","[0, 0]",56
72,"[0, 3]",171.7500000000048,"[71, 71]","[3.349999999999996, 0]","[0, 0]",56
73,"[0, 3]",173.20000000000513,"[72, 72]","[3.649999999999995, 0]","[0, 0]",56
74,"[0, 1]",144.8499999999987,"[73, 53]","[3.7499999999999947, 0]","[0, 0]",56
75,"[0, 3]",176.70000000000593,"[74, 55]","[4.099999999999993, 0]","[0, 0]",56
76,"[0, 1]",146.29999999999902,"[75, 74]","[3.8499999999999943, 0]","[0, 0]",56
77,"[0, 3]",171.45000000000474,"[76, 63]","[2.1500000000000004, 0]","[0, 0]",56
78,"[2, 1]",181.9000000000071,"[67, 67]","[52.299999999999166, 0]","[0, 0]",56
79,"[0, 1]",134.99999999999645,"[77, 64]","[0, 0]","[0, 0]",56
0,"[2, 3]",67.7499999999983,"[-999, -999]","[0, 0]","[0, 0]",57
1,"[2, 1]",37.15000000000003,"[0, -999]","[0, 0]","[0, 0]",57
2,"[2, 1]",38.89999999999993,"[1, 1]","[0, 0]","[0, 0]",57
3,"[2, 1]",40.74999999999982,"[2, 2]","[0, 0]","[0, 0]",57
4,"[0, 1]",67.39999999999831,"[-999, 5]","[0, 0]","[0, 0]",57
5,"[2, 1]",42.54999999999972,"[3, 3]","[0, 0]","[0, 0]",57
6,"[2, 3]",73.14999999999799,"[5, 0]","[0, 0]","[0, 0]",57
7,"[2, 3]",75.74999999999784,"[6, 6]","[0, 0]","[0, 0]",57
8,"[2, 3]",77.49999999999774,"[7, 7]","[0, 0]","[0, 0]",57
9,"[2, 1]",49.64999999999932,"[8, 4]","[3.4499999999999957, 0]","[3.4499999999999957, 0]",57
10,"[0, 3]",98.74999999999653,"[4, 8]","[0, 0]","[0, 0]",57
11,"[2, 1]",51.39999999999922,"[9, 9]","[4.699999999999991, 0]","[2.499999999999999, 0]",57
12,"[2, 1]",53.24999999999911,"[11, 11]","[4.899999999999991, 0]","[0, 0]",57
13,"[0, 3]",101.39999999999638,"[10, 10]","[0, 0]","[0, 0]",57
14,"[2, 1]",60.399999999998705,"[12, 18]","[7.099999999999983, 0]","[0, 0]",57
15,"[2, 3]",90.94999999999698,"[14, 17]","[14.100000000000065, 0]","[0.05, 0]",57
16,"[2, 1]",65.8999999999984,"[15, 21]","[11.700000000000031, 0]","[0, 0]",57
17,"[0, 3]",102.8499999999963,"[13, 13]","[0, 0]","[0, 0]",57
18,"[0, 1]",72.54999999999802,"[17, 12]","[0, 0]","[0, 0]",57
19,"[0, 1]",79.04999999999765,"[18, 14]","[1.950000000000001, 0]","[1.950000000000001, 0]",57
20,"[2, 1]",73.74999999999795,"[16, 24]","[13.200000000000053, 0]","[3.1999999999999966, 0]",57
21,"[0, 1]",78.49999999999768,"[19, 19]","[0, 0]","[0, 0]",57
22,"[0, 3]",108.59999999999597,"[21, 15]","[0, 0]","[0, 0]",57
23,"[2, 1]",86.29999999999724,"[20, 33]","[14.850000000000076, 0]","[6.449999999999985, 0]",57
24,"[0, 1]",80.0499999999976,"[22, 16]","[0, 0]","[0, 0]",57
25,"[2, 1]",87.0499999999972,"[23, 23]","[6.8999999999999835, 0]","[0, 0]",57
26,"[2, 3]",125.39999999999502,"[25, 45]","[5.399999999999989, 0]","[0, 0]",57
27,"[2, 3]",126.99999999999493,"[26, 26]","[3.949999999999994, 0]","[0, 0]",57
28,"[2, 3]",139.49999999999747,"[27, 50]","[9.249999999999996, 0]","[6.699999999999984, 0]",57
29,"[2, 1]",121.54999999999524,"[28, 58]","[7.649999999999981, 0]","[6.549999999999985, 0]",57
30,"[2, 1]",122.54999999999518,"[29, 29]","[0.7500000000000001, 0]","[0, 0]",57
31,"[0, 3]",111.19999999999582,"[24, 22]","[0, 0]","[0, 0]",57
32,"[0, 1]",82.94999999999743,"[31, 20]","[0, 0]","[0, 0]",57
33,"[0, 1]",84.09999999999737,"[32, 32]","[0, 0]","[0, 0]",57
34,"[0, 3]",115.2499999999956,"[33, 31]","[0, 0]","[0, 0]",57
35,"[2, 1]",136.1499999999967,"[30, 66]","[10.15000000000001, 0]","[6.699999999999984, 0]",57
36,"[2, 1]",136.89999999999688,"[35, 35]","[5.249999999999989, 0]","[0, 0]",57
37,"[0, 3]",117.59999999999546,"[34, 34]","[0, 0]","[0, 0]",57
38,"[2, 3]",170.30000000000447,"[36, 71]","[6.849999999999984, 0]","[0, 0]",57
39,"[2, 1]",141.19999999999786,"[38, 72]","[9.700000000000003, 0]","[0, 0]",57
40,"[2, 3]",175.10000000000556,"[39, 73]","[14.200000000000067, 0]","[0, 0]",57
41,"[2, 1]",150.65,"[40, 75]","[16.800000000000104, 0]","[0, 0]",57
42,"[2, 1]",156.3500000000013,"[41, 76]","[16.850000000000104, 0]","[0, 0]",57
43,"[2, 3]",186.45000000000815,"[42, 40]","[16.5500000000001, 0]","[0, 0]",57
44,"[2, 1]",161.95000000000258,"[43, 79]","[24.800000000000217, 0]","[0, 0]",57
45,"[0, 3]",119.14999999999537,"[37, 37]","[0, 0]","[0, 0]",57
46,"[0, 1]",89.94999999999703,"[45, 25]","[0, 0]","[0, 0]",57
47,"[0, 1]",91.14999999999696,"[46, 46]","[0, 0]","[0, 0]",57
48,"[0, 3]",123.19999999999514,"[47, 27]","[0, 0]","[0, 0]",57
49,"[2, 3]",193.90000000000984,"[44, 43]","[27.350000000000254, 0]","[0, 0]",57
50,"[0, 3]",124.44999999999507,"[48, 48]","[0, 0]","[0, 0]",57
51,"[2, 1]",165.95000000000348,"[49, 44]","[28.900000000000276, 0]","[0, 0]",57
52,"[2, 1]",168.80000000000413,"[51, 51]","[31.150000000000308, 0]","[0, 0]",57
53,"[2, 3]",200.60000000001136,"[52, 49]","[35.40000000000013, 0]","[0, 0]",57
54,"[2, 3]",203.8000000000121,"[53, 53]","[37.50000000000001, 0]","[0, 0]",57
55,"[2, 1]",175.2000000000056,"[54, -999]","[40.29999999999985, 0]","[0, 0]",57
56,"[0, 1]",95.19999999999673,"[50, 47]","[0, 0]","[0, 0]",57
57,"[0, 1]",96.34999999999667,"[56, 56]","[0, 0]","[0, 0]",57
58,"[0, 1]",97.39999999999661,"[57, 57]","[0, 0]","[0, 0]",57
59,"[0, 3]",128.44999999999496,"[58, 28]","[0, 0]","[0, 0]",57
60,"[2, 1]",177.9500000000062,"[55, 55]","[43.89999999999964, 0]","[0, 0]",57
61,"[2, 3]",209.40000000001336,"[60, 54]","[45.59999999999955, 0]","[0, 0]",57
62,"[2, 1]",181.30000000000697,"[61, 60]","[46.349999999999504, 0]","[0, 0]",57
63,"[2, 3]",214.4000000000145,"[62, 61]","[47.09999999999946, 0]","[0, 0]",57
64,"[0, 3]",130.69999999999547,"[59, 59]","[0, 0]","[0, 0]",57
65,"[0, 1]",102.44999999999632,"[64, 30]","[0, 0]","[0, 0]",57
66,"[0, 1]",103.24999999999628,"[65, 65]","[0, 0]","[0, 0]",57
67,"[2, 3]",216.600000000015,"[63, 63]","[47.199999999999456, 0]","[0, 0]",57
68,"[2, 1]",180.0500000000067,"[67, -999]","[48.799999999999365, 0]","[0, 0]",57
69,"[0, 3]",134.24999999999628,"[66, 64]","[0, 0]","[0, 0]",57
70,"[2, 3]",212.6500000000141,"[68, 67]","[50.24999999999928, 0]","[0, 0]",57
71,"[0, 3]",136.5499999999968,"[69, 69]","[0, 0]","[0, 0]",57
72,"[0, 1]",107.94999999999601,"[71, 36]","[0, 0]","[0, 0]",57
73,"[0, 3]",140.39999999999768,"[72, 38]","[0, 0]","[0, 0]",57
74,"[0, 1]",112.19999999999577,"[73, 39]","[0, 0]","[0, 0]",57
75,"[0, 1]",112.69999999999574,"[74, 74]","[0, 0]","[0, 0]",57
76,"[0, 1]",118.04999999999544,"[75, 41]","[2.4499999999999993, 0]","[2.4499999999999993, 0]",57
77,"[0, 1]",124.49999999999507,"[76, 42]","[2.3499999999999996, 0]","[2.3499999999999996, 0]",57
78,"[2, 1]",184.25000000000765,"[70, 68]","[50.64999999999926, 0]","[0, 0]",57
79,"[0, 1]",123.8499999999951,"[77, 77]","[0, 0]","[0, 0]",57
0,"[2, 3]",67.7499999999983,"[-999, -999]","[0, 0]","[0, 0]",58
1,"[2, 1]",37.15000000000003,"[0, -999]","[0, 0]","[0, 0]",58
2,"[0, 3]",96.69999999999665,"[-999, 5]","[0, 0]","[0, 0]",58
3,"[0, 1]",73.69999999999796,"[2, 10]","[0, 0]","[0, 0]",58
4,"[2, 1]",38.84999999999993,"[1, 1]","[0, 0]","[0, 0]",58
5,"[2, 3]",69.19999999999821,"[4, 0]","[0, 0]","[0, 0]",58
6,"[2, 1]",39.69999999999988,"[5, 4]","[0, 0]","[0, 0]",58
7,"[2, 1]",41.599999999999774,"[6, 6]","[0, 0]","[0, 0]",58
8,"[2, 1]",43.44999999999967,"[7, 7]","[0, 0]","[0, 0]",58
9,"[2, 1]",44.99999999999958,"[8, 8]","[0, 0]","[0, 0]",58
10,"[2, 1]",46.29999999999951,"[9, 9]","[0, 0]","[0, 0]",58
11,"[2, 3]",76.24999999999781,"[10, 2]","[0, 0]","[0, 0]",58
12,"[2, 3]",78.79999999999767,"[11, 11]","[0, 0]","[0, 0]",58
13,"[2, 3]",95.8999999999967,"[12, 23]","[10.000000000000007, 0]","[10.000000000000007, 0]",58
14,"[2, 1]",73.09999999999799,"[13, 27]","[2.6499999999999986, 0]","[2.6499999999999986, 0]",58
15,"[2, 1]",77.99999999999771,"[14, 30]","[0, 0]","[0, 0]",58
16,"[2, 1]",85.09999999999731,"[15, 37]","[28.800000000000274, 0]","[3.399999999999996, 0]",58
17,"[2, 1]",97.04999999999663,"[16, 40]","[33.95000000000021, 0]","[2.7499999999999982, 0]",58
18,"[0, 3]",101.29999999999639,"[3, 12]","[0, 0]","[0, 0]",58
19,"[0, 3]",103.14999999999628,"[18, 18]","[0, 0]","[0, 0]",58
20,"[2, 1]",96.79999999999664,"[17, 17]","[28.850000000000275, 0]","[0, 0]",58
21,"[2, 1]",104.19999999999622,"[20, 46]","[27.20000000000025, 0]","[0, 0]",58
22,"[2, 1]",109.44999999999592,"[21, 50]","[25.60000000000023, 0]","[0, 0]",58
23,"[0, 3]",104.24999999999622,"[19, 19]","[0, 0]","[0, 0]",58
24,"[2, 1]",109.29999999999593,"[22, 22]","[24.100000000000207, 0]","[0, 0]",58
25,"[2, 3]",141.69999999999797,"[24, 51]","[22.600000000000186, 0]","[0, 0]",58
26,"[0, 1]",74.7999999999979,"[23, -999]","[0, 0]","[0, 0]",58
27,"[0, 1]",75.94999999999783,"[26, 26]","[0, 0]","[0, 0]",58
28,"[2, 3]",155.40000000000109,"[25, 56]","[24.40000000000021, 0]","[2.6999999999999984, 0]",58
29,"[2, 3]",156.95000000000144,"[28, 28]","[21.900000000000176, 0]","[0, 0]",58
30,"[0, 1]",81.89999999999749,"[27, 14]","[2.4499999999999993, 0]","[2.4499999999999993, 0]",58
31,"[2, 3]",158.5500000000018,"[29, 29]","[22.550000000000185, 0]","[0, 0]",58
32,"[2, 3]",160.7000000000023,"[31, 31]","[22.600000000000186, 0]","[0, 0]",58
33,"[0, 3]",111.89999999999579,"[30, 13]","[0, 0]","[0, 0]",58
34,"[2, 1]",136.34999999999675,"[32, 65]","[26.950000000000248, 0]","[0, 0]",58
35,"[2, 1]",147.5999999999993,"[34, 73]","[30.6000000000003, 0]","[2.9999999999999973, 0]",58
36,"[2, 1]",147.19999999999922,"[35, 35]","[26.600000000000243, 0]","[0, 0]",58
37,"[0, 1]",83.34999999999741,"[33, 15]","[0, 0]","[0, 0]",58
38,"[0, 3]",114.54999999999563,"[37, 33]","[0, 0]","[0, 0]",58
39,"[0, 1]",85.69999999999727,"[38, 16]","[0, 0]","[0, 0]",58
40,"[0, 1]",86.79999999999721,"[39, 39]","[0, 0]","[0, 0]",58
41,"[2, 3]",179.30000000000652,"[36, 74]","[25.400000000000226, 0]","[0, 0]",58
42,"[0, 3]",117.89999999999544,"[40, 38]","[0, 0]","[0, 0]",58
43,"[2, 1]",155.8500000000012,"[41, 76]","[24.550000000000214, 0]","[0, 0]",58
44,"[0, 3]",120.14999999999532,"[42, 42]","[0, 0]","[0, 0]",58
45,"[2, 1]",161.50000000000247,"[43, 77]","[23.850000000000204, 0]","[0, 0]",58
46,"[0, 1]",89.69999999999705,"[44, 20]","[0, 0]","[0, 0]",58
47,"[2, 3]",191.5000000000093,"[45, 41]","[24.30000000000021, 0]","[0, 0]",58
48,"[2, 3]",194.80000000001004,"[47, 47]","[25.10000000000022, 0]","[0, 0]",58
49,"[2, 1]",165.95000000000348,"[48, 45]","[25.250000000000224, 0]","[0, 0]",58
50,"[0, 1]",95.44999999999672,"[46, 21]","[2.5999999999999988, 0]","[2.5999999999999988, 0]",58
51,"[0, 3]",125.44999999999501,"[50, 44]","[0, 0]","[0, 0]",58
52,"[0, 1]",102.09999999999634,"[51, 24]","[2.6499999999999986, 0]","[2.6499999999999986, 0]",58
53,"[2, 1]",168.55000000000408,"[49, 49]","[26.950000000000248, 0]","[0, 0]",58
54,"[2, 1]",170.70000000000456,"[53, 53]","[29.050000000000278, 0]","[0, 0]",58
55,"[0, 3]",134.09999999999624,"[52, 25]","[0, 0]","[0, 0]",58
56,"[0, 3]",135.59999999999658,"[55, 55]","[0, 0]","[0, 0]",58
57,"[2, 1]",172.85000000000505,"[54, 54]","[30.750000000000302, 0]","[0, 0]",58
58,"[0, 1]",106.3499999999961,"[56, 52]","[0, 0]","[0, 0]",58
59,"[0, 1]",107.49999999999604,"[58, 58]","[0, 0]","[0, 0]",58
60,"[2, 1]",175.10000000000556,"[57, 57]","[31.650000000000315, 0]","[0, 0]",58
61,"[0, 1]",108.64999999999597,"[59, 59]","[0, 0]","[0, 0]",58
62,"[0, 1]",109.64999999999591,"[61, 61]","[0, 0]","[0, 0]",58
63,"[2, 3]",207.50000000001293,"[60, 48]","[34.45000000000018, 0]","[0, 0]",58
64,"[2, 1]",179.2500000000065,"[63, 60]","[36.300000000000075, 0]","[0, 0]",58
65,"[0, 1]",110.69999999999585,"[62, 62]","[0, 0]","[0, 0]",58
66,"[2, 1]",178.55000000000635,"[64, 64]","[37.30000000000002, 0]","[0, 0]",58
67,"[2, 1]",179.45000000000655,"[66, 66]","[37.350000000000016, 0]","[0, 0]",58
68,"[0, 1]",117.29999999999548,"[65, 34]","[2.7499999999999982, 0]","[2.7499999999999982, 0]",58
69,"[2, 3]",210.0000000000135,"[67, 63]","[35.50000000000012, 0]","[0, 0]",58
70,"[2, 1]",165.00000000000327,"[69, 67]","[24.750000000000217, 0]","[0, 0]",58
71,"[2, 1]",167.05000000000373,"[70, 70]","[24.650000000000215, 0]","[0, 0]",58
72,"[2, 3]",193.35000000000971,"[71, 69]","[26.200000000000237, 0]","[0, 0]",58
73,"[0, 1]",117.14999999999549,"[68, 68]","[0, 0]","[0, 0]",58
74,"[0, 3]",147.79999999999936,"[73, 32]","[0, 0]","[0, 0]",58
75,"[0, 1]",125.04999999999504,"[74, 36]","[2.9999999999999973, 0]","[2.9999999999999973, 0]",58
76,"[0, 1]",125.24999999999503,"[75, 75]","[0, 0]","[0, 0]",58
77,"[0, 1]",130.4499999999954,"[76, 43]","[2.4499999999999993, 0]","[2.4499999999999993, 0]",58
78,"[2, 3]",195.9000000000103,"[72, 72]","[29.700000000000287, 0]","[0, 0]",58
79,"[2, 1]",164.3000000000031,"[78, -999]","[31.30000000000031, 0]","[0, 0]",58
0,"[2, 3]",67.7499999999983,"[-999, -999]","[0, 0]","[0, 0]",59
1,"[2, 3]",70.84999999999812,"[0, 0]","[0, 0]","[0, 0]",59
2,"[0, 1]",67.5499999999983,"[-999, 10]","[0, 0]","[0, 0]",59
3,"[2, 3]",72.69999999999801,"[1, 1]","[0, 0]","[0, 0]",59
4,"[0, 1]",70.14999999999816,"[2, 2]","[0, 0]","[0, 0]",59
5,"[0, 3]",101.94999999999635,"[4, 12]","[0, 0]","[0, 0]",59
6,"[2, 3]",74.29999999999792,"[3, 3]","[0, 0]","[0, 0]",59
7,"[0, 3]",104.14999999999623,"[5, 5]","[0, 0]","[0, 0]",59
8,"[2, 3]",75.69999999999784,"[6, 6]","[0, 0]","[0, 0]",59
9,"[2, 1]",41.049999999999805,"[8, -999]","[0, 0]","[0, 0]",59
10,"[2, 1]",43.19999999999968,"[9, 9]","[0, 0]","[0, 0]",59
11,"[0, 1]",74.19999999999793,"[7, 14]","[0, 0]","[0, 0]",59
12,"[2, 3]",73.34999999999798,"[10, 8]","[0, 0]","[0, 0]",59
13,"[2, 1]",53.699999999999086,"[12, 4]","[5.749999999999988, 0]","[5.749999999999988, 0]",59
14,"[2, 1]",53.84999999999908,"[13, 13]","[0, 0]","[0, 0]",59
15,"[2, 1]",66.99999999999834,"[14, 18]","[6.549999999999985, 0]","[6.549999999999985, 0]",59
16,"[2, 3]",95.99999999999669,"[15, 7]","[4.699999999999991, 0]","[0, 0]",59
17,"[2, 1]",73.049999999998,"[16, 24]","[19.40000000000014, 0]","[0, 0]",59
18,"[0, 1]",74.94999999999789,"[11, 11]","[0, 0]","[0, 0]",59
19,"[2, 1]",73.049999999998,"[17, 17]","[17.050000000000107, 0]","[0, 0]",59
20,"[2, 1]",80.79999999999755,"[19, 31]","[15.400000000000084, 0]","[0, 0]",59
21,"[0, 1]",80.94999999999754,"[18, 15]","[2.499999999999999, 0]","[2.499999999999999, 0]",59
22,"[2, 1]",80.59999999999756,"[20, 20]","[13.850000000000062, 0]","[0, 0]",59
23,"[2, 1]",99.2999999999965,"[22, 36]","[18.900000000000134, 0]","[6.449999999999985, 0]",59
24,"[0, 1]",81.29999999999752,"[21, 21]","[0, 0]","[0, 0]",59
25,"[2, 1]",104.14999999999623,"[23, 37]","[11.050000000000022, 0]","[0, 0]",59
26,"[2, 1]",104.39999999999621,"[25, 25]","[9.600000000000001, 0]","[0, 0]",59
27,"[0, 3]",111.94999999999578,"[24, 16]","[0, 0]","[0, 0]",59
28,"[0, 3]",114.04999999999566,"[27, 27]","[0, 0]","[0, 0]",59
29,"[2, 1]",123.39999999999513,"[26, 48]","[17.85000000000012, 0]","[9.650000000000002, 0]",59
30,"[2, 1]",123.34999999999513,"[29, 29]","[7.7499999999999805, 0]","[0, 0]",59
31,"[0, 1]",83.69999999999739,"[28, 19]","[0, 0]","[0, 0]",59
32,"[2, 1]",131.14999999999557,"[30, 51]","[10.550000000000015, 0]","[3.2499999999999964, 0]",59
33,"[0, 3]",115.0999999999956,"[31, 28]","[0, 0]","[0, 0]",59
34,"[0, 1]",91.44999999999695,"[33, 22]","[2.6999999999999984, 0]","[2.6999999999999984, 0]",59
35,"[0, 1]",91.94999999999692,"[34, 34]","[0, 0]","[0, 0]",59
36,"[0, 1]",92.89999999999687,"[35, 35]","[0, 0]","[0, 0]",59
37,"[0, 1]",98.74999999999653,"[36, 23]","[2.3999999999999995, 0]","[2.3999999999999995, 0]",59
38,"[2, 1]",138.59999999999727,"[32, 54]","[9.800000000000004, 0]","[3.4499999999999957, 0]",59
39,"[2, 3]",170.55000000000453,"[38, 55]","[5.14999999999999, 0]","[0, 0]",59
40,"[2, 1]",146.34999999999903,"[39, 60]","[3.7499999999999947, 0]","[0, 0]",59
41,"[2, 3]",184.70000000000775,"[40, 65]","[6.299999999999986, 0]","[3.4499999999999957, 0]",59
42,"[2, 1]",161.35000000000244,"[41, 72]","[6.249999999999986, 0]","[0, 0]",59
43,"[0, 3]",128.649999999995,"[37, 33]","[0, 0]","[0, 0]",59
44,"[0, 3]",131.04999999999555,"[43, 43]","[0, 0]","[0, 0]",59
45,"[0, 1]",101.64999999999637,"[44, 26]","[0, 0]","[0, 0]",59
46,"[0, 1]",102.7999999999963,"[45, 45]","[0, 0]","[0, 0]",59
47,"[2, 1]",172.45000000000496,"[42, 76]","[12.450000000000042, 0]","[2.799999999999998, 0]",59
48,"[0, 1]",103.79999999999625,"[46, 46]","[0, 0]","[0, 0]",59
49,"[0, 3]",134.7999999999964,"[48, 44]","[0, 0]","[0, 0]",59
50,"[2, 1]",172.1500000000049,"[47, 47]","[14.750000000000075, 0]","[0, 0]",59
51,"[0, 1]",111.99999999999578,"[49, 30]","[2.9999999999999973, 0]","[2.9999999999999973, 0]",59
52,"[2, 3]",204.2500000000122,"[50, 78]","[20.950000000000163, 0]","[0, 0]",59
53,"[0, 3]",141.74999999999798,"[51, 49]","[0, 0]","[0, 0]",59
54,"[0, 1]",114.04999999999566,"[53, 32]","[0, 0]","[0, 0]",59
55,"[0, 3]",145.09999999999874,"[54, 53]","[0, 0]","[0, 0]",59
56,"[0, 1]",116.74999999999551,"[55, 38]","[0, 0]","[0, 0]",59
57,"[2, 1]",176.25000000000583,"[52, 79]","[30.5500000000003, 0]","[0, 0]",59
58,"[2, 3]",209.5500000000134,"[57, 52]","[34.200000000000195, 0]","[0, 0]",59
59,"[2, 3]",212.250000000014,"[58, 58]","[41.29999999999979, 0]","[0, 0]",59
60,"[0, 1]",117.84999999999545,"[56, 56]","[0.2, 0]","[0, 0]",59
61,"[2, 1]",182.7500000000073,"[59, -999]","[44.5999999999996, 0]","[0, 0]",59
62,"[0, 3]",148.94999999999962,"[60, 39]","[1.0000000000000002, 0]","[0, 0]",59
63,"[2, 1]",185.10000000000784,"[61, 61]","[47.14999999999946, 0]","[0, 0]",59
64,"[2, 3]",217.85000000001529,"[63, 59]","[51.099999999999234, 0]","[0, 0]",59
65,"[0, 3]",151.0500000000001,"[62, 62]","[1.5500000000000007, 0]","[0, 0]",59
66,"[2, 1]",190.10000000000898,"[64, 63]","[53.899999999999075, 0]","[0, 0]",59
67,"[2, 1]",192.8500000000096,"[66, 66]","[56.14999999999895, 0]","[0, 0]",59
68,"[0, 1]",122.34999999999519,"[65, 40]","[1.950000000000001, 0]","[0, 0]",59
69,"[2, 1]",194.2000000000099,"[67, 67]","[57.99999999999884, 0]","[0, 0]",59
70,"[2, 1]",196.25000000001037,"[69, 69]","[59.59999999999875, 0]","[0, 0]",59
71,"[2, 1]",198.25000000001083,"[70, 70]","[61.39999999999865, 0]","[0, 0]",59
72,"[0, 1]",123.49999999999513,"[68, 68]","[2.3, 0]","[0, 0]",59
73,"[2, 1]",200.10000000001125,"[71, 71]","[63.899999999998506, 0]","[0, 0]",59
74,"[2, 1]",200.3500000000113,"[73, 73]","[66.54999999999836, 0]","[0, 0]",59
75,"[0, 1]",129.5499999999952,"[72, 42]","[5.1999999999999895, 0]","[2.5999999999999988, 0]",59
76,"[0, 1]",129.79999999999526,"[75, 75]","[2.8999999999999977, 0]","[0, 0]",59
77,"[2, 1]",178.3500000000063,"[74, 74]","[49.8999999999993, 0]","[0, 0]",59
78,"[0, 3]",160.65000000000228,"[76, 41]","[3.149999999999997, 0]","[0, 0]",59
79,"[0, 1]",138.19999999999717,"[78, 50]","[6.549999999999985, 0]","[3.2499999999999964, 0]",59
0,"[0, 3]",97.6499999999966,"[-999, 11]","[0, 0]","[0, 0]",60
1,"[2, 1]",36.40000000000007,"[-999, -999]","[0, 0]","[0, 0]",60
2,"[0, 1]",77.24999999999775,"[0, 16]","[2.5999999999999988, 0]","[2.5999999999999988, 0]",60
3,"[2, 1]",38.09999999999997,"[1, 1]","[0, 0]","[0, 0]",60
4,"[0, 3]",105.99999999999612,"[2, 0]","[0, 0]","[0, 0]",60
5,"[2, 1]",39.89999999999987,"[3, 3]","[0, 0]","[0, 0]",60
6,"[2, 1]",41.79999999999976,"[5, 5]","[0, 0]","[0, 0]",60
7,"[0, 3]",108.29999999999599,"[4, 4]","[0, 0]","[0, 0]",60
8,"[0, 1]",78.94999999999766,"[7, 20]","[0, 0]","[0, 0]",60
9,"[0, 3]",111.6499999999958,"[8, 21]","[0, 0]","[0, 0]",60
10,"[2, 3]",69.79999999999818,"[6, -999]","[0, 0]","[0, 0]",60
11,"[2, 3]",72.39999999999803,"[10, 10]","[0, 0]","[0, 0]",60
12,"[0, 1]",83.34999999999741,"[9, 22]","[0, 0]","[0, 0]",60
13,"[2, 1]",42.54999999999972,"[11, 6]","[0, 0]","[0, 0]",60
14,"[0, 1]",83.74999999999739,"[12, 12]","[0, 0]","[0, 0]",60
15,"[2, 1]",44.09999999999963,"[13, 13]","[0, 0]","[0, 0]",60
16,"[2, 1]",45.54999999999955,"[15, 15]","[0, 0]","[0, 0]",60
17,"[0, 3]",114.74999999999562,"[14, 9]","[0, 0]","[0, 0]",60
18,"[2, 1]",51.99999999999918,"[16, 2]","[0.9500000000000003, 0]","[0.9500000000000003, 0]",60
19,"[0, 1]",86.9499999999972,"[17, 24]","[0, 0]","[0, 0]",60
20,"[2, 1]",52.34999999999916,"[18, 18]","[3.4999999999999956, 0]","[3.4999999999999956, 0]",60
21,"[2, 3]",85.2999999999973,"[20, 7]","[4.149999999999993, 0]","[0.05, 0]",60
22,"[2, 1]",56.24999999999894,"[21, 8]","[9.850000000000005, 0]","[1.3500000000000005, 0]",60
23,"[0, 3]",119.19999999999537,"[19, 26]","[0, 0]","[0, 0]",60
24,"[2, 1]",69.89999999999817,"[22, 14]","[12.750000000000046, 0]","[2.8999999999999977, 0]",60
25,"[0, 1]",90.24999999999702,"[23, 19]","[0, 0]","[0, 0]",60
26,"[2, 3]",101.69999999999636,"[24, 17]","[21.800000000000175, 0]","[0, 0]",60
27,"[2, 3]",109.74999999999591,"[26, 23]","[22.700000000000188, 0]","[3.2999999999999963, 0]",60
28,"[2, 3]",117.24999999999548,"[27, 30]","[21.050000000000164, 0]","[3.349999999999996, 0]",60
29,"[2, 1]",93.59999999999683,"[28, 37]","[16.100000000000094, 0]","[0, 0]",60
30,"[0, 3]",122.54999999999518,"[25, 27]","[0, 0]","[0, 0]",60
31,"[2, 3]",125.94999999999499,"[29, 38]","[14.650000000000073, 0]","[0, 0]",60
32,"[2, 1]",102.09999999999634,"[31, 42]","[13.150000000000052, 0]","[0, 0]",60
33,"[2, 3]",131.89999999999574,"[32, 31]","[11.750000000000032, 0]","[0, 0]",60
34,"[0, 1]",93.29999999999684,"[30, 25]","[0, 0]","[0, 0]",60
35,"[2, 1]",108.39999999999598,"[33, 47]","[10.350000000000012, 0]","[0, 0]",60
36,"[2, 1]",108.69999999999597,"[35, 35]","[8.949999999999992, 0]","[0, 0]",60
37,"[0, 1]",94.34999999999678,"[34, 34]","[0, 0]","[0, 0]",60
38,"[0, 3]",125.599999999995,"[37, 28]","[0, 0]","[0, 0]",60
39,"[2, 1]",121.64999999999523,"[36, 52]","[10.25000000000001, 0]","[2.7499999999999982, 0]",60
40,"[2, 1]",126.69999999999494,"[39, 53]","[6.099999999999986, 0]","[0, 0]",60
41,"[0, 1]",97.29999999999661,"[38, 29]","[0, 0]","[0, 0]",60
42,"[0, 1]",98.29999999999656,"[41, 41]","[0, 0]","[0, 0]",60
43,"[2, 1]",132.5999999999959,"[40, 56]","[6.8999999999999835, 0]","[0, 0]",60
44,"[0, 1]",103.84999999999624,"[42, 32]","[2.3, 0]","[2.3, 0]",60
45,"[2, 1]",132.5999999999959,"[43, 43]","[6.849999999999984, 0]","[0, 0]",60
46,"[2, 1]",146.249999999999,"[45, 59]","[11.300000000000026, 0]","[3.2499999999999964, 0]",60
47,"[0, 1]",104.34999999999621,"[44, 44]","[0, 0]","[0, 0]",60
48,"[2, 1]",152.8000000000005,"[46, 61]","[12.400000000000041, 0]","[3.399999999999996, 0]",60
49,"[2, 3]",184.75000000000776,"[48, 64]","[11.950000000000035, 0]","[0, 0]",60
50,"[0, 3]",134.99999999999645,"[47, 33]","[0, 0]","[0, 0]",60
51,"[0, 1]",112.39999999999576,"[50, 36]","[3.2999999999999963, 0]","[3.2999999999999963, 0]",60
52,"[0, 1]",111.89999999999579,"[51, 51]","[0, 0]","[0, 0]",60
53,"[0, 1]",117.44999999999547,"[52, 39]","[2.549999999999999, 0]","[2.549999999999999, 0]",60
54,"[0, 3]",147.29999999999924,"[53, 50]","[0, 0]","[0, 0]",60
55,"[2, 3]",187.25000000000833,"[49, 49]","[15.300000000000082, 0]","[0, 0]",60
56,"[0, 1]",118.49999999999541,"[54, 40]","[0, 0]","[0, 0]",60
57,"[0, 3]",149.64999999999978,"[56, 54]","[0, 0]","[0, 0]",60
58,"[0, 1]",126.14999999999498,"[57, 45]","[2.7499999999999982, 0]","[2.7499999999999982, 0]",60
59,"[0, 1]",126.54999999999495,"[58, 58]","[0, 0]","[0, 0]",60
60,"[0, 3]",157.40000000000154,"[59, 57]","[0, 0]","[0, 0]",60
61,"[0, 1]",128.89999999999506,"[60, 46]","[0, 0]","[0, 0]",60
62,"[2, 3]",189.55000000000885,"[55, 55]","[18.850000000000133, 0]","[0, 0]",60
63,"[2, 3]",191.85000000000937,"[62, 62]","[24.550000000000214, 0]","[0, 0]",60
64,"[0, 3]",160.05000000000214,"[61, 60]","[0, 0]","[0, 0]",60
65,"[0, 1]",131.64999999999569,"[64, 48]","[0, 0]","[0, 0]",60
66,"[2, 3]",199.35000000001108,"[63, 72]","[28.000000000000263, 0]","[0, 0]",60
67,"[0, 1]",132.69999999999592,"[65, 65]","[0, 0]","[0, 0]",60
68,"[0, 1]",133.74999999999616,"[67, 67]","[0, 0]","[0, 0]",60
69,"[2, 1]",186.55000000000817,"[66, 78]","[39.099999999999916, 0]","[9.800000000000004, 0]",60
70,"[0, 1]",134.7499999999964,"[68, 68]","[0, 0]","[0, 0]",60
71,"[2, 1]",191.5000000000093,"[69, 79]","[29.25000000000028, 0]","[0, 0]",60
72,"[0, 3]",169.90000000000438,"[70, 63]","[1.800000000000001, 0]","[1.800000000000001, 0]",60
73,"[0, 1]",140.59999999999772,"[72, 70]","[0, 0]","[0, 0]",60
74,"[2, 1]",191.65000000000933,"[71, 71]","[28.750000000000274, 0]","[0, 0]",60
75,"[0, 1]",141.74999999999798,"[73, 73]","[0, 0]","[0, 0]",60
76,"[2, 1]",193.55000000000976,"[74, 74]","[30.250000000000295, 0]","[0, 0]",60
77,"[0, 1]",142.84999999999823,"[75, 75]","[0, 0]","[0, 0]",60
78,"[0, 1]",143.84999999999846,"[77, 77]","[0, 0]","[0, 0]",60
79,"[0, 1]",149.7999999999998,"[78, 69]","[2.4499999999999993, 0]","[2.4499999999999993, 0]",60
0,"[0, 1]",67.44999999999831,"[-999, 11]","[0, 0]","[0, 0]",61
1,"[2, 1]",36.40000000000007,"[-999, -999]","[0, 0]","[0, 0]",61
2,"[0, 1]",79.44999999999763,"[0, 16]","[2.8999999999999977, 0]","[2.8999999999999977, 0]",61
3,"[2, 1]",38.09999999999997,"[1, 1]","[0, 0]","[0, 0]",61
4,"[0, 3]",107.999999999996,"[2, 12]","[0, 0]","[0, 0]",61
5,"[0, 3]",110.39999999999587,"[4, 4]","[0, 0]","[0, 0]",61
6,"[0, 1]",80.0499999999976,"[5, 19]","[0, 0]","[0, 0]",61
7,"[2, 1]",39.89999999999987,"[3, 3]","[0, 0]","[0, 0]",61
8,"[2, 3]",69.24999999999821,"[7, -999]","[0, 0]","[0, 0]",61
9,"[2, 1]",37.74999999999999,"[8, 7]","[0, 0]","[0, 0]",61
10,"[2, 3]",70.49999999999814,"[9, 8]","[0, 0]","[0, 0]",61
11,"[2, 1]",37.99999999999998,"[10, 9]","[0, 0]","[0, 0]",61
12,"[2, 3]",70.99999999999811,"[11, 10]","[0, 0]","[0, 0]",61
13,"[0, 3]",111.39999999999581,"[6, 5]","[0, 0]","[0, 0]",61
14,"[0, 1]",83.04999999999742,"[13, 20]","[0, 0]","[0, 0]",61
15,"[2, 1]",42.54999999999972,"[12, 0]","[0, 0]","[0, 0]",61
16,"[2, 1]",43.499999999999666,"[15, 15]","[0, 0]","[0, 0]",61
17,"[0, 1]",83.94999999999737,"[14, 14]","[0, 0]","[0, 0]",61
18,"[2, 1]",50.59999999999926,"[16, 2]","[1.3500000000000005, 0]","[1.3500000000000005, 0]",61
19,"[2, 1]",50.899999999999245,"[18, 18]","[3.2499999999999964, 0]","[3.2499999999999964, 0]",61
20,"[2, 1]",57.14999999999889,"[19, 6]","[5.849999999999987, 0]","[2.25, 0]",61
21,"[2, 3]",89.54999999999706,"[20, 13]","[9.55, 0]","[0.05, 0]",61
22,"[2, 3]",91.89999999999692,"[21, 21]","[7.199999999999982, 0]","[0, 0]",61
23,"[0, 1]",85.04999999999731,"[17, 17]","[0, 0]","[0, 0]",61
24,"[0, 1]",90.449999999997,"[23, 25]","[2.3999999999999995, 0]","[2.3999999999999995, 0]",61
25,"[2, 1]",66.54999999999836,"[22, 23]","[13.600000000000058, 0]","[0, 0]",61
26,"[2, 1]",72.79999999999801,"[25, 24]","[11.250000000000025, 0]","[0, 0]",61
27,"[2, 3]",104.89999999999618,"[26, 28]","[9.55, 0]","[0, 0]",61
28,"[0, 3]",120.69999999999528,"[24, 22]","[0, 0]","[0, 0]",61
29,"[0, 1]",92.59999999999688,"[28, 26]","[0, 0]","[0, 0]",61
30,"[2, 1]",81.09999999999754,"[27, 31]","[7.99999999999998, 0]","[0, 0]",61
31,"[0, 1]",93.74999999999682,"[29, 29]","[0, 0]","[0, 0]",61
32,"[0, 1]",99.2499999999965,"[31, 30]","[2.499999999999999, 0]","[2.499999999999999, 0]",61
33,"[2, 3]",111.6499999999958,"[30, 27]","[6.499999999999985, 0]","[0, 0]",61
34,"[0, 3]",131.84999999999573,"[32, 33]","[2.1000000000000005, 0]","[2.1000000000000005, 0]",61
35,"[2, 1]",83.69999999999739,"[33, 32]","[5.09999999999999, 0]","[0, 0]",61
36,"[0, 1]",103.79999999999625,"[34, 35]","[0, 0]","[0, 0]",61
37,"[0, 1]",104.39999999999621,"[36, 36]","[0, 0]","[0, 0]",61
38,"[0, 3]",137.99999999999713,"[37, 45]","[0, 0]","[0, 0]",61
39,"[0, 3]",139.2499999999974,"[38, 38]","[0, 0]","[0, 0]",61
40,"[2, 3]",117.39999999999547,"[35, 34]","[3.649999999999995, 0]","[0, 0]",61
41,"[0, 3]",140.4499999999977,"[39, 39]","[0, 0]","[0, 0]",61
42,"[0, 1]",110.44999999999587,"[41, 50]","[0, 0]","[0, 0]",61
43,"[0, 1]",111.5499999999958,"[42, 42]","[0, 0]","[0, 0]",61
44,"[0, 1]",117.14999999999549,"[43, 57]","[2.3999999999999995, 0]","[2.3999999999999995, 0]",61
45,"[2, 3]",119.84999999999533,"[40, 40]","[2.2, 0]","[0, 0]",61
46,"[0, 1]",122.94999999999516,"[44, 64]","[2.6999999999999984, 0]","[2.6999999999999984, 0]",61
47,"[2, 1]",90.649999999997,"[45, 37]","[1.800000000000001, 0]","[0, 0]",61
48,"[0, 1]",122.94999999999516,"[46, 46]","[0, 0]","[0, 0]",61
49,"[0, 1]",128.1499999999949,"[48, 68]","[2.4499999999999993, 0]","[2.4499999999999993, 0]",61
50,"[2, 1]",92.99999999999686,"[47, 47]","[2.4499999999999993, 0]","[0, 0]",61
51,"[0, 1]",128.599999999995,"[49, 49]","[0, 0]","[0, 0]",61
52,"[0, 1]",134.54999999999634,"[51, 72]","[2.4499999999999993, 0]","[2.4499999999999993, 0]",61
53,"[0, 3]",165.90000000000347,"[52, 74]","[0, 0]","[0, 0]",61
54,"[0, 1]",138.04999999999714,"[53, 78]","[0, 0]","[0, 0]",61
55,"[2, 3]",130.24999999999537,"[50, 41]","[4.249999999999993, 0]","[0, 0]",61
56,"[0, 1]",138.44999999999723,"[54, 54]","[0.5499999999999999, 0]","[0, 0]",61
57,"[2, 1]",106.49999999999609,"[55, 43]","[5.599999999999988, 0]","[0, 0]",61
58,"[0, 3]",169.5000000000043,"[56, 53]","[1.0000000000000002, 0]","[0, 0]",61
59,"[0, 3]",171.7500000000048,"[58, 58]","[1.4000000000000006, 0]","[0, 0]",61
60,"[0, 3]",173.35000000000517,"[59, 59]","[1.7500000000000009, 0]","[0, 0]",61
61,"[0, 1]",144.34999999999857,"[60, -999]","[2.0500000000000007, 0]","[0, 0]",61
62,"[0, 3]",175.85000000000574,"[61, 60]","[2.3, 0]","[0, 0]",61
63,"[0, 1]",148.29999999999947,"[62, 61]","[2.549999999999999, 0]","[0, 0]",61
64,"[2, 1]",111.6999999999958,"[57, 44]","[6.949999999999983, 0]","[0, 0]",61
65,"[0, 1]",149.3499999999997,"[63, 63]","[2.7499999999999982, 0]","[0, 0]",61
66,"[0, 3]",180.5000000000068,"[65, 62]","[2.9999999999999973, 0]","[0, 0]",61
67,"[2, 3]",141.49999999999793,"[64, 55]","[8.299999999999983, 0]","[0, 0]",61
68,"[2, 1]",118.14999999999543,"[67, 48]","[9.600000000000001, 0]","[0, 0]",61
69,"[0, 1]",153.05000000000055,"[66, 65]","[3.149999999999997, 0]","[0, 0]",61
70,"[0, 3]",183.90000000000757,"[69, 66]","[3.2999999999999963, 0]","[0, 0]",61
71,"[0, 3]",184.85000000000778,"[70, 70]","[3.399999999999996, 0]","[0, 0]",61
72,"[2, 1]",129.59999999999522,"[68, 51]","[12.600000000000044, 0]","[2.849999999999998, 0]",61
73,"[0, 1]",154.85000000000096,"[71, 69]","[3.5499999999999954, 0]","[0, 0]",61
74,"[2, 3]",158.5500000000018,"[72, 67]","[8.999999999999993, 0]","[0, 0]",61
75,"[0, 3]",183.95000000000758,"[73, 71]","[3.649999999999995, 0]","[0, 0]",61
76,"[0, 1]",155.55000000000112,"[75, 73]","[4.449999999999992, 0]","[0, 0]",61
77,"[0, 3]",185.65000000000796,"[76, 75]","[5.09999999999999, 0]","[0, 0]",61
78,"[2, 1]",130.7999999999955,"[74, 52]","[7.94999999999998, 0]","[0, 0]",61
79,"[0, 3]",184.75000000000776,"[77, 77]","[5.4999999999999885, 0]","[0, 0]",61
0,"[2, 1]",36.40000000000007,"[-999, -999]","[0, 0]","[0, 0]",62
1,"[0, 1]",76.64999999999779,"[-999, 13]","[0, 0]","[3.349999999999996, 0]",62
2,"[0, 3]",105.99999999999612,"[1, 10]","[0, 0]","[0, 0]",62
3,"[2, 3]",68.49999999999825,"[0, -999]","[0, 0]","[0, 0]",62
4,"[2, 1]",37.30000000000002,"[3, 0]","[0, 0]","[0, 0]",62
5,"[2, 1]",39.04999999999992,"[4, 4]","[0, 0]","[0, 0]",62
6,"[2, 1]",40.94999999999981,"[5, 5]","[0, 0]","[0, 0]",62
7,"[0, 3]",108.39999999999598,"[2, 2]","[0, 0]","[0, 0]",62
8,"[2, 3]",72.19999999999804,"[6, 3]","[0, 0]","[0, 0]",62
9,"[0, 3]",110.04999999999589,"[7, 7]","[0, 0]","[0, 0]",62
10,"[2, 3]",74.7499999999979,"[8, 8]","[0, 0]","[0, 0]",62
11,"[2, 1]",41.049999999999805,"[10, 6]","[0, 0]","[0, 0]",62
12,"[0, 1]",79.8499999999976,"[9, 16]","[0, 0]","[0, 0]",62
13,"[2, 1]",43.19999999999968,"[11, 11]","[0, 0]","[0, 0]",62
14,"[2, 1]",50.199999999999285,"[13, 1]","[0.39999999999999997, 0]","[0.39999999999999997, 0]",62
15,"[2, 1]",50.64999999999926,"[14, 14]","[2.6499999999999986, 0]","[2.6499999999999986, 0]",62
16,"[2, 1]",51.6499999999992,"[15, 15]","[4.599999999999992, 0]","[2.849999999999998, 0]",62
17,"[0, 1]",80.94999999999754,"[12, 12]","[0, 0]","[0, 0]",62
18,"[0, 3]",112.04999999999578,"[17, 9]","[0, 0]","[0, 0]",62
19,"[0, 3]",114.24999999999565,"[18, 18]","[0, 0]","[0, 0]",62
20,"[2, 1]",64.59999999999847,"[16, 17]","[11.60000000000003, 0]","[6.649999999999984, 0]",62
21,"[2, 3]",102.19999999999634,"[20, 19]","[5.999999999999987, 0]","[3.2999999999999963, 0]",62
22,"[2, 1]",84.34999999999735,"[21, 31]","[27.400000000000254, 0]","[3.2499999999999964, 0]",62
23,"[2, 1]",84.04999999999737,"[22, 22]","[25.950000000000234, 0]","[0, 0]",62
24,"[2, 1]",102.39999999999633,"[23, 38]","[33.40000000000024, 0]","[9.800000000000004, 0]",62
25,"[2, 1]",107.29999999999605,"[24, 39]","[21.850000000000176, 0]","[0, 0]",62
26,"[2, 1]",112.44999999999575,"[25, 40]","[20.350000000000154, 0]","[0, 0]",62
27,"[0, 1]",85.64999999999728,"[19, 20]","[0, 0]","[0, 0]",62
28,"[2, 1]",117.89999999999544,"[26, 41]","[18.850000000000133, 0]","[0, 0]",62
29,"[0, 1]",86.69999999999722,"[27, 27]","[0, 0]","[0, 0]",62
30,"[2, 3]",150.09999999999988,"[28, 42]","[17.35000000000011, 0]","[0, 0]",62
31,"[0, 1]",87.74999999999716,"[29, 29]","[0, 0]","[0, 0]",62
32,"[2, 3]",168.35000000000403,"[30, 51]","[26.950000000000248, 0]","[9.5, 0]",62
33,"[2, 1]",136.69999999999683,"[32, -999]","[17.600000000000115, 0]","[0, 0]",62
34,"[0, 3]",118.84999999999539,"[31, 21]","[0, 0]","[0, 0]",62
35,"[2, 1]",139.2499999999974,"[33, 33]","[18.400000000000126, 0]","[0, 0]",62
36,"[0, 1]",95.6999999999967,"[34, 23]","[2.849999999999998, 0]","[2.849999999999998, 0]",62
37,"[0, 1]",96.09999999999668,"[36, 36]","[0, 0]","[0, 0]",62
38,"[0, 1]",97.04999999999663,"[37, 37]","[0, 0]","[0, 0]",62
39,"[0, 1]",102.9499999999963,"[38, 24]","[2.499999999999999, 0]","[2.499999999999999, 0]",62
40,"[0, 1]",109.19999999999594,"[39, 25]","[2.549999999999999, 0]","[2.549999999999999, 0]",62
41,"[0, 1]",114.29999999999565,"[40, 26]","[2.4499999999999993, 0]","[2.4499999999999993, 0]",62
42,"[0, 3]",142.6499999999982,"[41, -999]","[0, 0]","[0, 0]",62
43,"[2, 1]",153.15000000000057,"[35, 55]","[22.500000000000185, 0]","[2.7499999999999982, 0]",62
44,"[2, 1]",152.8500000000005,"[43, 43]","[21.35000000000017, 0]","[0, 0]",62
45,"[2, 1]",160.8000000000023,"[44, 57]","[25.850000000000232, 0]","[3.149999999999997, 0]",62
46,"[0, 1]",114.64999999999563,"[42, 28]","[0, 0]","[0, 0]",62
47,"[0, 3]",147.34999999999926,"[46, 30]","[0.44999999999999996, 0]","[0, 0]",62
48,"[2, 1]",161.70000000000252,"[45, 45]","[29.15000000000028, 0]","[0, 0]",62
49,"[0, 3]",148.74999999999957,"[47, 47]","[0.9000000000000002, 0]","[0, 0]",62
50,"[2, 1]",169.75000000000435,"[48, 62]","[29.600000000000286, 0]","[0, 0]",62
51,"[0, 3]",149.94999999999985,"[49, 49]","[1.3000000000000005, 0]","[0, 0]",62
52,"[0, 3]",156.4000000000013,"[51, 32]","[4.099999999999993, 0]","[2.3999999999999995, 0]",62
53,"[0, 3]",157.15000000000148,"[52, 52]","[2.1000000000000005, 0]","[0, 0]",62
54,"[0, 1]",128.1499999999949,"[53, 35]","[2.4499999999999993, 0]","[0, 0]",62
55,"[0, 1]",128.599999999995,"[54, 54]","[2.8999999999999977, 0]","[0, 0]",62
56,"[0, 3]",159.60000000000204,"[55, 53]","[3.2499999999999964, 0]","[0, 0]",62
57,"[0, 1]",136.5499999999968,"[56, 44]","[6.5999999999999845, 0]","[2.9499999999999975, 0]",62
58,"[0, 3]",166.4500000000036,"[57, 56]","[3.949999999999994, 0]","[0, 0]",62
59,"[2, 1]",174.95000000000553,"[50, 63]","[29.050000000000278, 0]","[0, 0]",62
60,"[2, 3]",205.25000000001242,"[59, 61]","[30.5000000000003, 0]","[0, 0]",62
61,"[0, 3]",168.75000000000412,"[58, 58]","[4.299999999999993, 0]","[0, 0]",62
62,"[0, 1]",140.5499999999977,"[61, 48]","[4.599999999999992, 0]","[0, 0]",62
63,"[0, 1]",147.19999999999922,"[62, 50]","[7.79999999999998, 0]","[2.8999999999999977, 0]",62
64,"[2, 3]",219.2500000000156,"[60, 68]","[35.65000000000011, 0]","[2.549999999999999, 0]",62
65,"[0, 1]",152.3500000000004,"[63, 59]","[7.4499999999999815, 0]","[2.25, 0]",62
66,"[0, 3]",183.30000000000743,"[65, 60]","[5.399999999999989, 0]","[0, 0]",62
67,"[2, 3]",220.80000000001596,"[64, 64]","[33.35000000000024, 0]","[0, 0]",62
68,"[0, 3]",184.85000000000778,"[66, 66]","[5.649999999999988, 0]","[0, 0]",62
69,"[0, 1]",155.55000000000112,"[68, 65]","[5.799999999999987, 0]","[0, 0]",62
70,"[0, 1]",156.65000000000137,"[69, 69]","[5.949999999999987, 0]","[0, 0]",62
71,"[0, 1]",157.7000000000016,"[70, 70]","[6.199999999999986, 0]","[0, 0]",62
72,"[2, 3]",222.50000000001634,"[67, 67]","[33.60000000000023, 0]","[0, 0]",62
73,"[2, 1]",198.45000000001087,"[72, 75]","[38.749999999999936, 0]","[0, 0]",62
74,"[2, 1]",204.05000000001215,"[73, 76]","[40.09999999999986, 0]","[0, 0]",62
75,"[0, 1]",158.75000000000185,"[71, 71]","[6.999999999999983, 0]","[0, 0]",62
76,"[0, 1]",164.10000000000306,"[75, 73]","[11.300000000000026, 0]","[2.4499999999999993, 0]",62
77,"[0, 3]",194.00000000000986,"[76, 72]","[9.55, 0]","[0, 0]",62
78,"[0, 1]",165.30000000000334,"[77, 74]","[9.099999999999994, 0]","[0, 0]",62
79,"[0, 3]",185.3500000000079,"[78, 77]","[4.6499999999999915, 0]","[0, 0]",62
0,"[2, 1]",36.40000000000007,"[-999, -999]","[0, 0]","[0, 0]",63
1,"[2, 1]",38.09999999999997,"[0, 0]","[0, 0]","[0, 0]",63
2,"[0, 1]",67.5499999999983,"[-999, 10]","[0, 0]","[0, 0]",63
3,"[2, 3]",68.64999999999824,"[1, -999]","[0, 0]","[0, 0]",63
4,"[0, 3]",100.44999999999644,"[2, 11]","[0, 0]","[0, 0]",63
5,"[2, 1]",37.40000000000001,"[3, 1]","[0, 0]","[0, 0]",63
6,"[2, 1]",39.19999999999991,"[5, 5]","[0, 0]","[0, 0]",63
7,"[2, 1]",41.0999999999998,"[6, 6]","[0, 0]","[0, 0]",63
8,"[0, 1]",74.6499999999979,"[4, 16]","[0, 0]","[0, 0]",63
9,"[0, 1]",75.54999999999785,"[8, 8]","[0, 0]","[0, 0]",63
10,"[2, 1]",42.9499999999997,"[7, 7]","[0, 0]","[0, 0]",63
11,"[2, 3]",73.49999999999797,"[10, 3]","[0, 0]","[0, 0]",63
12,"[2, 1]",46.64999999999949,"[11, 2]","[0, 0]","[0, 0]",63
13,"[0, 1]",76.64999999999779,"[9, 9]","[0, 0]","[0, 0]",63
14,"[0, 1]",82.14999999999748,"[13, 20]","[2.3999999999999995, 0]","[2.3999999999999995, 0]",63
15,"[0, 3]",112.29999999999576,"[14, 19]","[0, 0]","[0, 0]",63
16,"[2, 1]",47.69999999999943,"[12, 12]","[0, 0]","[0, 0]",63
17,"[2, 3]",78.39999999999769,"[16, 4]","[0, 0]","[0, 0]",63
18,"[0, 1]",84.34999999999735,"[15, 21]","[0, 0]","[0, 0]",63
19,"[2, 3]",81.29999999999752,"[17, 17]","[0, 0]","[0, 0]",63
20,"[2, 1]",56.64999999999892,"[19, 13]","[0, 0]","[0, 0]",63
21,"[2, 1]",61.94999999999862,"[20, 14]","[3.899999999999994, 0]","[0, 0]",63
22,"[0, 3]",116.8999999999955,"[18, 25]","[0, 0]","[0, 0]",63
23,"[0, 3]",118.34999999999542,"[22, 22]","[0, 0]","[0, 0]",63
24,"[0, 1]",89.19999999999708,"[23, 18]","[0, 0]","[0, 0]",63
25,"[2, 3]",94.39999999999678,"[21, 15]","[14.500000000000071, 0]","[0, 0]",63
26,"[0, 1]",90.29999999999701,"[24, 24]","[0, 0]","[0, 0]",63
27,"[0, 3]",121.59999999999523,"[26, 28]","[0, 0]","[0, 0]",63
28,"[2, 3]",107.59999999999603,"[25, 23]","[18.800000000000132, 0]","[6.649999999999984, 0]",63
29,"[2, 1]",84.49999999999734,"[28, 26]","[13.70000000000006, 0]","[3.2499999999999964, 0]",63
30,"[2, 1]",102.04999999999634,"[29, 33]","[18.70000000000013, 0]","[9.800000000000004, 0]",63
31,"[0, 1]",93.09999999999685,"[27, 29]","[0, 0]","[0, 0]",63
32,"[0, 1]",94.19999999999679,"[31, 31]","[0, 0]","[0, 0]",63
33,"[0, 1]",95.19999999999673,"[32, 32]","[0, 0]","[0, 0]",63
34,"[2, 1]",101.84999999999636,"[30, 30]","[7.399999999999982, 0]","[0, 0]",63
35,"[0, 3]",126.29999999999497,"[33, 27]","[0, 0]","[0, 0]",63
36,"[0, 1]",103.69999999999625,"[35, 34]","[3.2499999999999964, 0]","[3.2499999999999964, 0]",63
37,"[0, 3]",133.14999999999603,"[36, 35]","[0, 0]","[0, 0]",63
38,"[0, 3]",135.49999999999656,"[37, 37]","[0, 0]","[0, 0]",63
39,"[2, 1]",109.74999999999591,"[34, 36]","[9.049999999999994, 0]","[3.099999999999997, 0]",63
40,"[0, 1]",107.19999999999605,"[38, 41]","[0, 0]","[0, 0]",63
41,"[2, 1]",110.59999999999586,"[39, 39]","[4.499999999999992, 0]","[0, 0]",63
42,"[2, 3]",143.94999999999848,"[41, 38]","[3.099999999999997, 0]","[0, 0]",63
43,"[0, 1]",108.099999999996,"[40, 40]","[0, 0]","[0, 0]",63
44,"[0, 1]",113.4999999999957,"[43, 46]","[2.4499999999999993, 0]","[2.4499999999999993, 0]",63
45,"[0, 3]",145.3499999999988,"[44, 48]","[0, 0]","[0, 0]",63
46,"[2, 1]",119.84999999999533,"[42, 43]","[1.950000000000001, 0]","[0, 0]",63
47,"[0, 3]",146.89999999999915,"[45, 45]","[0, 0]","[0, 0]",63
48,"[2, 3]",149.7999999999998,"[46, 42]","[2.1500000000000004, 0]","[0, 0]",63
49,"[2, 1]",121.94999999999521,"[48, 44]","[4.249999999999993, 0]","[0, 0]",63
50,"[2, 3]",159.8500000000021,"[49, 47]","[6.999999999999983, 0]","[0, 0]",63
51,"[0, 1]",117.24999999999548,"[47, 49]","[0, 0]","[0, 0]",63
52,"[0, 3]",149.39999999999972,"[51, 50]","[0, 0]","[0, 0]",63
53,"[2, 1]",130.09999999999533,"[50, 51]","[10.450000000000014, 0]","[0, 0]",63
54,"[2, 3]",168.45000000000405,"[53, 57]","[14.300000000000068, 0]","[0, 0]",63
55,"[2, 3]",174.8000000000055,"[54, 58]","[22.350000000000183, 0]","[2.9499999999999975, 0]",63
56,"[2, 3]",181.8000000000071,"[55, 62]","[24.25000000000021, 0]","[3.349999999999996, 0]",63
57,"[0, 3]",150.70000000000002,"[52, 52]","[0, 0]","[0, 0]",63
58,"[0, 3]",156.85000000000142,"[57, 54]","[3.149999999999997, 0]","[2.499999999999999, 0]",63
59,"[2, 1]",158.1500000000017,"[56, 67]","[22.10000000000018, 0]","[0, 0]",63
60,"[2, 3]",189.50000000000884,"[59, 56]","[22.550000000000185, 0]","[0, 0]",63
61,"[0, 1]",126.29999999999497,"[58, -999]","[1.5000000000000007, 0]","[0, 0]",63
62,"[0, 3]",158.9500000000019,"[61, 55]","[1.950000000000001, 0]","[0, 0]",63
63,"[2, 1]",163.90000000000302,"[60, 70]","[22.600000000000186, 0]","[0, 0]",63
64,"[2, 1]",182.40000000000722,"[63, 76]","[32.4000000000003, 0]","[9.700000000000003, 0]",63
65,"[0, 1]",129.5499999999952,"[62, 61]","[2.3, 0]","[0, 0]",63
66,"[2, 1]",182.15000000000717,"[64, 64]","[24.40000000000021, 0]","[0, 0]",63
67,"[0, 1]",130.64999999999546,"[65, 65]","[2.5999999999999988, 0]","[0, 0]",63
68,"[2, 1]",190.150000000009,"[66, 79]","[28.200000000000266, 0]","[3.149999999999997, 0]",63
69,"[0, 1]",137.8999999999971,"[67, 59]","[4.99999999999999, 0]","[2.1500000000000004, 0]",63
70,"[0, 1]",137.29999999999697,"[69, 69]","[3.099999999999997, 0]","[0, 0]",63
71,"[0, 3]",167.4000000000038,"[70, 60]","[3.2499999999999964, 0]","[0, 0]",63
72,"[2, 3]",221.70000000001616,"[68, 78]","[27.550000000000257, 0]","[0, 0]",63
73,"[0, 1]",139.04999999999737,"[71, 63]","[3.999999999999994, 0]","[0, 0]",63
74,"[0, 1]",140.0999999999976,"[73, 73]","[4.899999999999991, 0]","[0, 0]",63
75,"[2, 1]",193.80000000000982,"[72, 68]","[31.30000000000031, 0]","[0, 0]",63
76,"[0, 1]",141.09999999999783,"[74, 74]","[5.349999999999989, 0]","[0, 0]",63
77,"[2, 3]",227.1000000000174,"[75, 72]","[34.45000000000018, 0]","[0, 0]",63
78,"[0, 3]",172.1500000000049,"[76, 71]","[5.749999999999988, 0]","[0, 0]",63
79,"[0, 1]",149.44999999999973,"[78, 66]","[9.299999999999997, 0]","[3.2499999999999964, 0]",63
