Vehicle_label,Road_order,Total_time,Leading_vehicles,Stopped_time,Stop_while_front,Round_number
0,"[0, 1]",72.59999999999802,"[-999, 10]","[0, 0]","[2.9499999999999975, 0]",1
1,"[0, 3]",104.14999999999623,"[0, 8]","[0, 0]","[0, 0]",1
2,"[0, 1]",83.64999999999739,"[1, 13]","[2.4499999999999993, 0]","[2.4499999999999993, 0]",1
3,"[2, 1]",36.45000000000007,"[-999, -999]","[0, 0]","[0, 0]",1
4,"[2, 3]",68.94999999999823,"[3, -999]","[0, 0]","[0, 0]",1
5,"[0, 3]",107.84999999999602,"[2, 1]","[0, 0]","[0, 0]",1
6,"[2, 3]",69.94999999999817,"[4, 4]","[0, 0]","[0, 0]",1
7,"[0, 3]",108.64999999999597,"[5, 5]","[0, 0]","[0, 0]",1
8,"[2, 3]",70.24999999999815,"[6, 6]","[0, 0]","[0, 0]",1
9,"[0, 1]",77.54999999999774,"[7, 19]","[0, 0]","[0, 0]",1
10,"[2, 1]",36.70000000000005,"[8, -999]","[0, 0]","[0, 0]",1
11,"[0, 1]",77.09999999999776,"[9, 9]","[0, 0]","[0, 0]",1
12,"[2, 1]",44.749999999999595,"[10, 0]","[2.9499999999999975, 0]","[2.9499999999999975, 0]",1
13,"[2, 1]",47.34999999999945,"[12, 12]","[0, 0]","[0, 0]",1
14,"[0, 3]",104.04999999999623,"[11, 7]","[0, 0]","[0, 0]",1
15,"[2, 1]",52.19999999999917,"[13, 2]","[1.7500000000000009, 0]","[1.7500000000000009, 0]",1
16,"[0, 3]",104.79999999999619,"[14, 14]","[0, 0]","[0, 0]",1
17,"[0, 1]",77.49999999999774,"[16, 25]","[0, 0]","[0, 0]",1
18,"[0, 1]",79.64999999999762,"[17, 17]","[0, 0]","[0, 0]",1
19,"[2, 1]",44.049999999999635,"[15, 15]","[0, 0]","[0, 0]",1
20,"[0, 1]",79.14999999999765,"[18, 18]","[0, 0]","[0, 0]",1
21,"[0, 1]",81.39999999999752,"[20, 20]","[0, 0]","[0, 0]",1
22,"[0, 1]",88.59999999999711,"[21, 34]","[2.549999999999999, 0]","[2.549999999999999, 0]",1
23,"[2, 1]",50.29999999999928,"[19, 11]","[6.549999999999985, 0]","[6.549999999999985, 0]",1
24,"[0, 1]",87.39999999999718,"[22, 22]","[0, 0]","[0, 0]",1
25,"[2, 1]",49.8999999999993,"[23, 23]","[0, 0]","[0, 0]",1
26,"[0, 3]",116.8499999999955,"[24, 35]","[0, 0]","[0, 0]",1
27,"[0, 1]",89.44999999999706,"[26, 36]","[0, 0]","[0, 0]",1
28,"[2, 3]",77.74999999999773,"[25, 16]","[0, 0]","[0, 0]",1
29,"[0, 3]",119.14999999999537,"[27, 26]","[0, 0]","[0, 0]",1
30,"[2, 3]",77.89999999999772,"[28, 28]","[0, 0]","[0, 0]",1
31,"[2, 3]",80.69999999999756,"[30, 30]","[0, 0]","[0, 0]",1
32,"[0, 3]",116.9999999999955,"[29, 29]","[0, 0]","[0, 0]",1
33,"[0, 1]",89.64999999999705,"[32, 37]","[0, 0]","[0, 0]",1
34,"[2, 1]",51.99999999999918,"[31, 21]","[2.25, 0]","[2.25, 0]",1
35,"[2, 3]",81.54999999999751,"[34, 31]","[0, 0]","[0, 0]",1
36,"[2, 1]",60.29999999999871,"[35, 24]","[3.4499999999999957, 0]","[3.4499999999999957, 0]",1
37,"[2, 1]",67.39999999999831,"[36, 27]","[0, 0]","[0, 0]",1
38,"[0, 1]",80.99999999999754,"[33, 33]","[0, 0]","[0, 0]",1
39,"[0, 3]",113.4999999999957,"[38, 43]","[0, 0]","[0, 0]",1
40,"[0, 3]",116.8999999999955,"[39, 39]","[0, 0]","[0, 0]",1
41,"[0, 1]",89.39999999999706,"[40, 44]","[0, 0]","[0, 0]",1
42,"[0, 3]",122.54999999999518,"[41, 46]","[0, 0]","[0, 0]",1
43,"[2, 3]",92.69999999999688,"[37, 32]","[10.450000000000014, 0]","[3.4499999999999957, 0]",1
44,"[2, 1]",70.34999999999815,"[43, 38]","[15.050000000000079, 0]","[0, 0]",1
45,"[0, 3]",119.64999999999534,"[42, 42]","[0, 0]","[0, 0]",1
46,"[2, 3]",105.99999999999612,"[44, 40]","[20.80000000000016, 0]","[0, 0]",1
47,"[2, 1]",77.54999999999774,"[46, 41]","[18.450000000000127, 0]","[0, 0]",1
48,"[0, 1]",86.04999999999725,"[45, 47]","[0, 0]","[0, 0]",1
49,"[2, 3]",113.89999999999567,"[47, 45]","[15.600000000000087, 0]","[0, 0]",1
50,"[0, 1]",85.59999999999728,"[48, 48]","[0, 0]","[0, 0]",1
51,"[2, 1]",88.39999999999712,"[49, 50]","[12.050000000000036, 0]","[0, 0]",1
52,"[2, 3]",118.84999999999539,"[51, 49]","[10.650000000000016, 0]","[0, 0]",1
53,"[2, 1]",91.79999999999693,"[52, 54]","[9.199999999999996, 0]","[0, 0]",1
54,"[0, 1]",84.14999999999736,"[50, 51]","[2.3999999999999995, 0]","[2.3999999999999995, 0]",1
55,"[0, 3]",117.09999999999549,"[54, 52]","[0, 0]","[0, 0]",1
56,"[0, 1]",90.449999999997,"[55, 53]","[0, 0]","[0, 0]",1
57,"[2, 3]",118.09999999999543,"[53, 55]","[2.3, 0]","[0, 0]",1
58,"[2, 3]",126.89999999999493,"[57, 62]","[5.949999999999987, 0]","[3.149999999999997, 0]",1
59,"[2, 3]",140.29999999999765,"[58, 66]","[10.450000000000014, 0]","[6.749999999999984, 0]",1
60,"[2, 3]",147.5999999999993,"[59, 67]","[5.449999999999989, 0]","[0, 0]",1
61,"[2, 3]",149.64999999999978,"[60, 60]","[10.350000000000012, 0]","[0, 0]",1
62,"[0, 3]",110.19999999999588,"[56, 57]","[0, 0]","[0, 0]",1
63,"[0, 1]",82.09999999999748,"[62, 56]","[0, 0]","[0, 0]",1
64,"[2, 1]",120.14999999999532,"[61, 71]","[12.100000000000037, 0]","[0, 0]",1
65,"[0, 3]",113.09999999999572,"[63, 58]","[0, 0]","[0, 0]",1
66,"[0, 3]",115.64999999999557,"[65, 65]","[0, 0]","[0, 0]",1
67,"[0, 3]",123.49999999999513,"[66, 59]","[2.1500000000000004, 0]","[2.1500000000000004, 0]",1
68,"[0, 1]",93.39999999999684,"[67, -999]","[0, 0]","[0, 0]",1
69,"[2, 3]",139.79999999999754,"[64, 61]","[2.000000000000001, 0]","[0, 0]",1
70,"[0, 1]",93.04999999999686,"[68, 68]","[0, 0]","[0, 0]",1
71,"[0, 1]",95.44999999999672,"[70, 70]","[0, 0]","[0, 0]",1
72,"[2, 1]",107.19999999999605,"[69, 73]","[2.3999999999999995, 0]","[0, 0]",1
73,"[0, 1]",99.44999999999649,"[71, 64]","[2.499999999999999, 0]","[2.499999999999999, 0]",1
74,"[0, 3]",132.44999999999587,"[73, 69]","[0, 0]","[0, 0]",1
75,"[0, 3]",135.2499999999965,"[74, 74]","[0, 0]","[0, 0]",1
76,"[2, 1]",102.14999999999634,"[72, 72]","[0, 0]","[0, 0]",1
77,"[0, 1]",105.99999999999612,"[75, 76]","[0, 0]","[0, 0]",1
78,"[2, 3]",133.34999999999607,"[76, 75]","[0.7500000000000001, 0]","[0, 0]",1
79,"[2, 3]",136.74999999999685,"[78, 78]","[2.3499999999999996, 0]","[0, 0]",1
0,"[2, 3]",67.79999999999829,"[-999, -999]","[0, 0]","[0, 0]",2
1,"[2, 1]",37.6,"[0, -999]","[0, 0]","[0, 0]",2
2,"[0, 3]",99.3999999999965,"[-999, 11]","[0, 0]","[0, 0]",2
3,"[0, 1]",72.49999999999802,"[2, -999]","[0, 0]","[0, 0]",2
4,"[0, 3]",105.84999999999613,"[3, 13]","[0, 0]","[0, 0]",2
5,"[0, 1]",77.89999999999772,"[4, 17]","[0, 0]","[0, 0]",2
6,"[2, 1]",36.500000000000064,"[1, 1]","[0, 0]","[0, 0]",2
7,"[2, 1]",38.69999999999994,"[6, 6]","[0, 0]","[0, 0]",2
8,"[0, 3]",106.19999999999611,"[5, 19]","[0, 0]","[0, 0]",2
9,"[2, 1]",37.25000000000002,"[7, 7]","[0, 0]","[0, 0]",2
10,"[0, 1]",75.64999999999785,"[8, 5]","[0, 0]","[0, 0]",2
11,"[2, 3]",68.04999999999828,"[9, 0]","[0, 0]","[0, 0]",2
12,"[0, 1]",75.19999999999787,"[10, 10]","[0, 0]","[0, 0]",2
13,"[2, 3]",74.7499999999979,"[11, 2]","[0, 0]","[0, 0]",2
14,"[0, 1]",74.7999999999979,"[12, 12]","[0, 0]","[0, 0]",2
15,"[0, 1]",83.24999999999741,"[14, 24]","[1.800000000000001, 0]","[1.800000000000001, 0]",2
16,"[0, 1]",83.79999999999738,"[15, 15]","[0, 0]","[0, 0]",2
17,"[2, 1]",37.65,"[13, 3]","[0, 0]","[0, 0]",2
18,"[0, 3]",116.29999999999553,"[16, 29]","[1.850000000000001, 0]","[1.850000000000001, 0]",2
19,"[2, 3]",70.39999999999814,"[17, 4]","[0, 0]","[0, 0]",2
20,"[0, 3]",116.09999999999555,"[18, 18]","[0, 0]","[0, 0]",2
21,"[2, 3]",76.19999999999781,"[19, 8]","[3.4499999999999957, 0]","[3.4499999999999957, 0]",2
22,"[2, 3]",78.99999999999766,"[21, 21]","[0, 0]","[0, 0]",2
23,"[0, 3]",118.29999999999542,"[20, 37]","[2.6499999999999986, 0]","[2.6499999999999986, 0]",2
24,"[2, 1]",53.59999999999909,"[22, 14]","[3.2999999999999963, 0]","[3.2999999999999963, 0]",2
25,"[0, 1]",85.84999999999727,"[23, 35]","[0, 0]","[0, 0]",2
26,"[0, 1]",88.24999999999713,"[25, 25]","[0, 0]","[0, 0]",2
27,"[2, 3]",78.74999999999767,"[24, 22]","[0, 0]","[0, 0]",2
28,"[0, 3]",118.14999999999543,"[26, 38]","[0, 0]","[0, 0]",2
29,"[2, 3]",80.14999999999759,"[27, 27]","[0, 0]","[0, 0]",2
30,"[2, 1]",52.499999999999154,"[29, 16]","[0, 0]","[0, 0]",2
31,"[0, 1]",85.44999999999729,"[28, 39]","[0, 0]","[0, 0]",2
32,"[0, 1]",87.74999999999716,"[31, 31]","[0, 0]","[0, 0]",2
33,"[0, 3]",122.59999999999518,"[32, 42]","[0, 0]","[0, 0]",2
34,"[0, 3]",125.19999999999503,"[33, 33]","[0, 0]","[0, 0]",2
35,"[2, 1]",44.549999999999606,"[30, 30]","[0, 0]","[0, 0]",2
36,"[0, 1]",94.24999999999679,"[34, 32]","[0, 0]","[0, 0]",2
37,"[2, 3]",74.44999999999791,"[35, 20]","[0, 0]","[0, 0]",2
38,"[2, 3]",81.99999999999748,"[37, 23]","[2.1500000000000004, 0]","[2.1500000000000004, 0]",2
39,"[2, 1]",58.799999999998796,"[38, 26]","[3.899999999999994, 0]","[3.349999999999996, 0]",2
40,"[0, 1]",88.34999999999712,"[36, 36]","[0, 0]","[0, 0]",2
41,"[2, 3]",88.7499999999971,"[39, 28]","[0, 0]","[0, 0]",2
42,"[2, 3]",92.14999999999691,"[41, 41]","[0, 0]","[0, 0]",2
43,"[0, 1]",89.69999999999705,"[40, 45]","[2.4499999999999993, 0]","[2.4499999999999993, 0]",2
44,"[2, 3]",103.04999999999629,"[42, 34]","[15.950000000000092, 0]","[3.349999999999996, 0]",2
45,"[2, 1]",80.34999999999758,"[44, 40]","[25.00000000000022, 0]","[0, 0]",2
46,"[0, 3]",115.54999999999558,"[43, 44]","[0, 0]","[0, 0]",2
47,"[0, 3]",119.14999999999537,"[46, 46]","[0, 0]","[0, 0]",2
48,"[2, 1]",80.94999999999754,"[45, 43]","[18.55000000000013, 0]","[0, 0]",2
49,"[0, 1]",88.19999999999713,"[47, 50]","[0, 0]","[0, 0]",2
50,"[2, 1]",79.24999999999764,"[48, 48]","[15.050000000000079, 0]","[0, 0]",2
51,"[0, 3]",119.59999999999535,"[49, 54]","[0, 0]","[0, 0]",2
52,"[0, 1]",91.54999999999694,"[51, 49]","[0, 0]","[0, 0]",2
53,"[0, 3]",124.94999999999504,"[52, 55]","[0, 0]","[0, 0]",2
54,"[2, 3]",105.74999999999613,"[50, 47]","[5.699999999999988, 0]","[0, 0]",2
55,"[2, 3]",114.09999999999566,"[54, 51]","[4.699999999999991, 0]","[0, 0]",2
56,"[0, 3]",121.94999999999521,"[53, 53]","[0, 0]","[0, 0]",2
57,"[0, 3]",124.29999999999508,"[56, 56]","[0, 0]","[0, 0]",2
58,"[2, 1]",79.69999999999762,"[55, 52]","[0, 0]","[0, 0]",2
59,"[2, 1]",82.59999999999745,"[58, 58]","[0, 0]","[0, 0]",2
60,"[0, 1]",92.44999999999689,"[57, 62]","[0, 0]","[0, 0]",2
61,"[0, 1]",94.0999999999968,"[60, 60]","[0, 0]","[0, 0]",2
62,"[2, 1]",80.14999999999759,"[59, 59]","[0, 0]","[0, 0]",2
63,"[0, 3]",126.09999999999498,"[61, 65]","[0, 0]","[0, 0]",2
64,"[2, 3]",111.49999999999581,"[62, 57]","[0, 0]","[0, 0]",2
65,"[2, 3]",114.89999999999561,"[64, 64]","[0, 0]","[0, 0]",2
66,"[2, 3]",122.99999999999515,"[65, 63]","[0, 0]","[0, 0]",2
67,"[2, 1]",94.34999999999678,"[66, 69]","[0.49999999999999994, 0]","[0, 0]",2
68,"[2, 1]",114.29999999999565,"[67, 78]","[8.09999999999998, 0]","[6.399999999999985, 0]",2
69,"[0, 1]",84.14999999999736,"[63, 61]","[0, 0]","[0, 0]",2
70,"[0, 3]",117.39999999999547,"[69, 66]","[0, 0]","[0, 0]",2
71,"[2, 3]",138.3499999999972,"[68, 70]","[2.3, 0]","[0, 0]",2
72,"[0, 1]",87.0499999999972,"[70, 67]","[0, 0]","[0, 0]",2
73,"[2, 1]",109.09999999999594,"[71, 68]","[2.6999999999999984, 0]","[0, 0]",2
74,"[2, 3]",143.1999999999983,"[73, 71]","[3.049999999999997, 0]","[0, 0]",2
75,"[2, 1]",115.99999999999555,"[74, 73]","[3.599999999999995, 0]","[0, 0]",2
76,"[0, 1]",80.94999999999754,"[72, 72]","[0, 0]","[0, 0]",2
77,"[2, 1]",116.69999999999551,"[75, 75]","[4.049999999999994, 0]","[0, 0]",2
78,"[0, 1]",80.44999999999757,"[76, 76]","[0, 0]","[0, 0]",2
79,"[2, 1]",116.8999999999955,"[77, 77]","[2.25, 0]","[0, 0]",2
0,"[2, 1]",36.45000000000007,"[-999, -999]","[0, 0]","[0, 0]",3
1,"[2, 3]",68.94999999999823,"[0, -999]","[0, 0]","[0, 0]",3
2,"[2, 1]",38.54999999999995,"[1, 0]","[0, 0]","[0, 0]",3
3,"[2, 3]",72.14999999999804,"[2, 1]","[0, 0]","[0, 0]",3
4,"[2, 1]",40.64999999999983,"[3, 2]","[0, 0]","[0, 0]",3
5,"[2, 1]",43.44999999999967,"[4, 4]","[0, 0]","[0, 0]",3
6,"[0, 1]",67.49999999999831,"[-999, 14]","[0, 0]","[0, 0]",3
7,"[0, 1]",70.64999999999813,"[6, 6]","[0, 0]","[0, 0]",3
8,"[2, 1]",40.24999999999985,"[5, 5]","[0, 0]","[0, 0]",3
9,"[0, 3]",108.49999999999598,"[7, 20]","[2.7499999999999982, 0]","[2.7499999999999982, 0]",3
10,"[2, 3]",69.3999999999982,"[8, 3]","[0, 0]","[0, 0]",3
11,"[2, 1]",38.29999999999996,"[10, 8]","[0, 0]","[0, 0]",3
12,"[0, 3]",110.14999999999588,"[9, 23]","[2.7499999999999982, 0]","[2.7499999999999982, 0]",3
13,"[0, 1]",79.9499999999976,"[12, 21]","[0, 0]","[0, 0]",3
14,"[2, 1]",36.70000000000005,"[11, 11]","[0, 0]","[0, 0]",3
15,"[2, 3]",69.74999999999818,"[14, 10]","[0, 0]","[0, 0]",3
16,"[2, 3]",73.14999999999799,"[15, 15]","[0, 0]","[0, 0]",3
17,"[0, 3]",105.94999999999612,"[13, 24]","[0, 0]","[0, 0]",3
18,"[2, 3]",73.14999999999799,"[16, 16]","[0, 0]","[0, 0]",3
19,"[0, 1]",74.34999999999792,"[17, 13]","[0, 0]","[0, 0]",3
20,"[2, 3]",72.74999999999801,"[18, 18]","[0, 0]","[0, 0]",3
21,"[2, 1]",43.24999999999968,"[20, 7]","[0, 0]","[0, 0]",3
22,"[0, 3]",102.39999999999633,"[19, 26]","[0, 0]","[0, 0]",3
23,"[2, 3]",74.89999999999789,"[21, 9]","[0, 0]","[0, 0]",3
24,"[2, 3]",81.99999999999748,"[23, 12]","[3.049999999999997, 0]","[3.049999999999997, 0]",3
25,"[0, 3]",104.14999999999623,"[22, 32]","[1.900000000000001, 0]","[1.900000000000001, 0]",3
26,"[2, 3]",86.29999999999724,"[24, 17]","[3.399999999999996, 0]","[3.399999999999996, 0]",3
27,"[0, 3]",103.54999999999626,"[25, 25]","[0, 0]","[0, 0]",3
28,"[0, 1]",75.09999999999788,"[27, 33]","[0, 0]","[0, 0]",3
29,"[0, 1]",77.34999999999775,"[28, 28]","[0, 0]","[0, 0]",3
30,"[0, 1]",84.39999999999735,"[29, 38]","[2.499999999999999, 0]","[2.499999999999999, 0]",3
31,"[2, 1]",46.849999999999476,"[26, 19]","[0, 0]","[0, 0]",3
32,"[2, 3]",79.9999999999976,"[31, 22]","[0, 0]","[0, 0]",3
33,"[2, 1]",50.899999999999245,"[32, 31]","[0, 0]","[0, 0]",3
34,"[2, 3]",89.54999999999706,"[33, 27]","[3.2999999999999963, 0]","[3.2999999999999963, 0]",3
35,"[0, 3]",106.64999999999608,"[30, 40]","[0, 0]","[0, 0]",3
36,"[0, 3]",109.39999999999593,"[35, 35]","[0, 0]","[0, 0]",3
37,"[0, 3]",111.84999999999579,"[36, 36]","[0, 0]","[0, 0]",3
38,"[2, 1]",58.34999999999882,"[34, 29]","[4.799999999999991, 0]","[2.3, 0]",3
39,"[0, 1]",80.39999999999758,"[37, 43]","[0, 0]","[0, 0]",3
40,"[2, 3]",86.34999999999724,"[38, 34]","[10.15000000000001, 0]","[1.1500000000000004, 0]",3
41,"[0, 3]",111.19999999999582,"[39, 45]","[0, 0]","[0, 0]",3
42,"[2, 1]",56.49999999999893,"[40, 30]","[8.249999999999982, 0]","[0, 0]",3
43,"[2, 1]",59.699999999998745,"[42, 42]","[10.500000000000014, 0]","[0, 0]",3
44,"[0, 1]",77.64999999999773,"[41, 46]","[0, 0]","[0, 0]",3
45,"[2, 3]",94.94999999999675,"[43, 37]","[6.949999999999983, 0]","[0, 0]",3
46,"[2, 1]",65.7999999999984,"[45, 39]","[5.299999999999989, 0]","[0, 0]",3
47,"[0, 1]",74.34999999999792,"[44, 44]","[0, 0]","[0, 0]",3
48,"[0, 3]",109.09999999999594,"[47, 53]","[0, 0]","[0, 0]",3
49,"[0, 3]",111.6499999999958,"[48, 48]","[0, 0]","[0, 0]",3
50,"[2, 3]",92.09999999999691,"[46, 41]","[0, 0]","[0, 0]",3
51,"[0, 1]",81.99999999999748,"[49, 55]","[0, 0]","[0, 0]",3
52,"[0, 3]",113.74999999999568,"[51, 49]","[0, 0]","[0, 0]",3
53,"[2, 3]",89.74999999999704,"[50, 50]","[0, 0]","[0, 0]",3
54,"[2, 1]",61.24999999999866,"[53, 47]","[0, 0]","[0, 0]",3
55,"[2, 1]",64.34999999999849,"[54, 54]","[0, 0]","[0, 0]",3
56,"[2, 1]",73.34999999999798,"[55, 51]","[0, 0]","[0, 0]",3
57,"[2, 1]",74.14999999999793,"[56, 56]","[0, 0]","[0, 0]",3
58,"[0, 3]",103.34999999999627,"[52, 52]","[0, 0]","[0, 0]",3
59,"[0, 1]",74.34999999999792,"[58, 57]","[0, 0]","[0, 0]",3
60,"[2, 1]",77.29999999999775,"[57, 59]","[0, 0]","[0, 0]",3
61,"[0, 3]",104.24999999999622,"[59, 58]","[0, 0]","[0, 0]",3
62,"[0, 1]",77.19999999999776,"[61, 60]","[0, 0]","[0, 0]",3
63,"[2, 3]",105.09999999999617,"[60, 61]","[0, 0]","[0, 0]",3
64,"[0, 1]",76.69999999999779,"[62, 62]","[0, 0]","[0, 0]",3
65,"[0, 1]",79.09999999999765,"[64, 64]","[0, 0]","[0, 0]",3
66,"[0, 1]",81.34999999999752,"[65, 65]","[0, 0]","[0, 0]",3
67,"[2, 3]",100.09999999999646,"[63, 63]","[0, 0]","[0, 0]",3
68,"[2, 3]",103.29999999999627,"[67, 67]","[0, 0]","[0, 0]",3
69,"[0, 3]",112.09999999999577,"[66, 70]","[0, 0]","[0, 0]",3
70,"[2, 3]",103.69999999999625,"[68, 68]","[0, 0]","[0, 0]",3
71,"[2, 1]",75.19999999999787,"[70, 66]","[0, 0]","[0, 0]",3
72,"[0, 3]",109.14999999999594,"[69, 69]","[0, 0]","[0, 0]",3
73,"[0, 3]",111.5499999999958,"[72, 72]","[0, 0]","[0, 0]",3
74,"[2, 1]",72.79999999999801,"[71, 71]","[0, 0]","[0, 0]",3
75,"[0, 1]",80.19999999999759,"[73, 74]","[0, 0]","[0, 0]",3
76,"[2, 3]",108.44999999999598,"[74, 73]","[0, 0]","[0, 0]",3
77,"[2, 3]",115.99999999999555,"[76, 79]","[1.900000000000001, 0]","[1.900000000000001, 0]",3
78,"[2, 1]",85.39999999999729,"[77, 75]","[0, 0]","[0, 0]",3
79,"[0, 3]",105.29999999999616,"[75, 76]","[0, 0]","[0, 0]",3
0,"[0, 3]",100.59999999999643,"[-999, 9]","[0, 0]","[0, 0]",4
1,"[0, 1]",70.89999999999812,"[0, -999]","[0, 0]","[0, 0]",4
2,"[2, 3]",67.79999999999829,"[-999, -999]","[0, 0]","[0, 0]",4
3,"[0, 3]",102.34999999999633,"[1, 12]","[0, 0]","[0, 0]",4
4,"[0, 1]",74.04999999999794,"[3, 1]","[0, 0]","[0, 0]",4
5,"[2, 3]",68.74999999999824,"[2, 2]","[0, 0]","[0, 0]",4
6,"[0, 3]",104.4999999999962,"[4, 14]","[0, 0]","[0, 0]",4
7,"[2, 3]",69.79999999999818,"[5, 5]","[0, 0]","[0, 0]",4
8,"[0, 1]",73.24999999999798,"[6, 16]","[0, 0]","[0, 0]",4
9,"[2, 3]",70.14999999999816,"[7, 7]","[0, 0]","[0, 0]",4
10,"[0, 3]",104.5499999999962,"[8, 17]","[0, 0]","[0, 0]",4
11,"[0, 3]",107.09999999999606,"[10, 10]","[0, 0]","[0, 0]",4
12,"[2, 3]",72.64999999999802,"[9, 0]","[0, 0]","[0, 0]",4
13,"[0, 3]",106.69999999999608,"[11, 11]","[0, 0]","[0, 0]",4
14,"[2, 3]",77.19999999999776,"[12, 3]","[3.599999999999995, 0]","[3.599999999999995, 0]",4
15,"[0, 3]",106.2999999999961,"[13, 13]","[0, 0]","[0, 0]",4
16,"[2, 1]",46.64999999999949,"[14, 4]","[0, 0]","[0, 0]",4
17,"[2, 3]",79.8999999999976,"[16, 6]","[3.349999999999996, 0]","[3.349999999999996, 0]",4
18,"[2, 1]",52.04999999999918,"[17, 8]","[0, 0]","[0, 0]",4
19,"[0, 3]",105.39999999999615,"[15, 25]","[2.2, 0]","[2.2, 0]",4
20,"[2, 1]",52.09999999999918,"[18, 18]","[3.7499999999999947, 0]","[0, 0]",4
21,"[0, 3]",104.6999999999962,"[19, 19]","[0, 0]","[0, 0]",4
22,"[2, 1]",52.09999999999918,"[20, 20]","[0, 0]","[0, 0]",4
23,"[0, 1]",74.7499999999979,"[21, 27]","[0, 0]","[0, 0]",4
24,"[0, 3]",106.4499999999961,"[23, 21]","[0, 0]","[0, 0]",4
25,"[2, 3]",83.84999999999738,"[22, 15]","[0, 0]","[0, 0]",4
26,"[2, 1]",53.64999999999909,"[25, 22]","[0, 0]","[0, 0]",4
27,"[2, 1]",56.9999999999989,"[26, 26]","[0, 0]","[0, 0]",4
28,"[2, 1]",65.9499999999984,"[27, 23]","[0, 0]","[0, 0]",4
29,"[2, 1]",66.89999999999834,"[28, 28]","[0, 0]","[0, 0]",4
30,"[0, 3]",97.79999999999659,"[24, 24]","[0, 0]","[0, 0]",4
31,"[0, 3]",101.29999999999639,"[30, 30]","[0, 0]","[0, 0]",4
32,"[2, 1]",64.2499999999985,"[29, 29]","[0, 0]","[0, 0]",4
33,"[2, 3]",101.39999999999638,"[32, 31]","[0, 0]","[0, 0]",4
34,"[0, 1]",69.4999999999982,"[31, 32]","[0, 0]","[0, 0]",4
35,"[0, 1]",71.49999999999808,"[34, 34]","[0, 0]","[0, 0]",4
36,"[2, 3]",98.29999999999656,"[33, 33]","[0, 0]","[0, 0]",4
37,"[0, 1]",70.79999999999812,"[35, 35]","[0, 0]","[0, 0]",4
38,"[0, 3]",103.59999999999626,"[37, 39]","[0, 0]","[0, 0]",4
39,"[2, 3]",95.39999999999672,"[36, 36]","[0, 0]","[0, 0]",4
40,"[2, 1]",67.04999999999833,"[39, 37]","[0, 0]","[0, 0]",4
41,"[2, 1]",77.44999999999774,"[40, 42]","[3.2999999999999963, 0]","[3.2999999999999963, 0]",4
42,"[0, 1]",68.29999999999826,"[38, 40]","[0, 0]","[0, 0]",4
43,"[0, 3]",101.44999999999638,"[42, 38]","[0, 0]","[0, 0]",4
44,"[0, 3]",104.5999999999962,"[43, 43]","[0, 0]","[0, 0]",4
45,"[0, 1]",77.19999999999776,"[44, 41]","[0, 0]","[0, 0]",4
46,"[0, 1]",79.49999999999763,"[45, 45]","[0, 0]","[0, 0]",4
47,"[2, 3]",101.79999999999636,"[41, 44]","[0, 0]","[0, 0]",4
48,"[2, 3]",104.39999999999621,"[47, 47]","[0, 0]","[0, 0]",4
49,"[2, 1]",75.79999999999784,"[48, 46]","[0, 0]","[0, 0]",4
50,"[0, 3]",104.14999999999623,"[46, 48]","[0, 0]","[0, 0]",4
51,"[2, 3]",107.59999999999603,"[49, 50]","[0, 0]","[0, 0]",4
52,"[2, 1]",79.54999999999762,"[51, 53]","[0, 0]","[0, 0]",4
53,"[0, 1]",71.2999999999981,"[50, 49]","[0, 0]","[0, 0]",4
54,"[0, 3]",105.19999999999617,"[53, 51]","[0, 0]","[0, 0]",4
55,"[0, 1]",78.04999999999771,"[54, 52]","[0, 0]","[0, 0]",4
56,"[2, 3]",105.89999999999613,"[52, 54]","[0, 0]","[0, 0]",4
57,"[0, 1]",77.24999999999775,"[55, 55]","[0, 0]","[0, 0]",4
58,"[0, 1]",83.89999999999738,"[57, 61]","[2.4499999999999993, 0]","[2.4499999999999993, 0]",4
59,"[0, 3]",117.14999999999549,"[58, 62]","[0, 0]","[0, 0]",4
60,"[0, 3]",119.89999999999533,"[59, 59]","[0, 0]","[0, 0]",4
61,"[2, 1]",71.49999999999808,"[56, 57]","[0, 0]","[0, 0]",4
62,"[2, 3]",102.34999999999633,"[61, 56]","[0, 0]","[0, 0]",4
63,"[2, 1]",75.34999999999786,"[62, 58]","[0, 0]","[0, 0]",4
64,"[0, 3]",114.14999999999566,"[60, 60]","[0, 0]","[0, 0]",4
65,"[2, 1]",75.84999999999783,"[63, 63]","[0, 0]","[0, 0]",4
66,"[2, 1]",78.64999999999768,"[65, 65]","[0, 0]","[0, 0]",4
67,"[0, 1]",83.14999999999742,"[64, 66]","[0, 0]","[0, 0]",4
68,"[0, 3]",114.14999999999566,"[67, 64]","[0, 0]","[0, 0]",4
69,"[2, 1]",82.19999999999747,"[66, 67]","[0, 0]","[0, 0]",4
70,"[2, 1]",83.4999999999974,"[69, 69]","[0, 0]","[0, 0]",4
71,"[0, 3]",112.09999999999577,"[68, 68]","[0, 0]","[0, 0]",4
72,"[2, 3]",115.2499999999956,"[70, 71]","[0, 0]","[0, 0]",4
73,"[2, 3]",123.54999999999512,"[72, 76]","[0.7500000000000001, 0]","[0, 0]",4
74,"[0, 1]",78.74999999999767,"[71, 70]","[0, 0]","[0, 0]",4
75,"[2, 3]",133.14999999999603,"[73, 78]","[3.599999999999995, 0]","[2.2, 0]",4
76,"[0, 3]",109.9499999999959,"[74, 72]","[0, 0]","[0, 0]",4
77,"[0, 3]",117.94999999999544,"[76, 73]","[1.950000000000001, 0]","[1.950000000000001, 0]",4
78,"[0, 3]",120.04999999999532,"[77, 77]","[0, 0]","[0, 0]",4
79,"[0, 1]",90.74999999999699,"[78, -999]","[0, 0]","[0, 0]",4
0,"[2, 3]",67.79999999999829,"[-999, -999]","[0, 0]","[0, 0]",5
1,"[2, 1]",37.6,"[0, -999]","[0, 0]","[0, 0]",5
2,"[0, 1]",73.84999999999795,"[-999, 10]","[0, 0]","[2.849999999999998, 0]",5
3,"[0, 1]",78.79999999999767,"[2, 11]","[2.1500000000000004, 0]","[2.1500000000000004, 0]",5
4,"[2, 3]",68.44999999999825,"[1, 0]","[0, 0]","[0, 0]",5
5,"[2, 1]",37.74999999999999,"[4, 1]","[0, 0]","[0, 0]",5
6,"[2, 1]",40.349999999999845,"[5, 5]","[0, 0]","[0, 0]",5
7,"[2, 1]",43.09999999999969,"[6, 6]","[0, 0]","[0, 0]",5
8,"[2, 1]",45.799999999999535,"[7, 7]","[0, 0]","[0, 0]",5
9,"[0, 3]",97.5499999999966,"[3, 4]","[0, 0]","[0, 0]",5
10,"[2, 1]",45.49999999999955,"[8, 8]","[0, 0]","[0, 0]",5
11,"[2, 1]",53.3999999999991,"[10, 2]","[1.0000000000000002, 0]","[1.0000000000000002, 0]",5
12,"[2, 1]",59.59999999999875,"[11, 3]","[6.699999999999984, 0]","[6.699999999999984, 0]",5
13,"[2, 3]",92.94999999999686,"[12, 9]","[8.299999999999983, 0]","[0.05, 0]",5
14,"[2, 1]",62.849999999998566,"[13, 12]","[12.200000000000038, 0]","[0.05, 0]",5
15,"[2, 3]",96.54999999999666,"[14, 13]","[14.45000000000007, 0]","[0.25, 0]",5
16,"[2, 3]",100.39999999999644,"[15, 15]","[14.40000000000007, 0]","[0, 0]",5
17,"[0, 1]",67.49999999999831,"[9, 14]","[0, 0]","[0, 0]",5
18,"[0, 1]",74.6499999999979,"[17, 20]","[1.3000000000000005, 0]","[1.3000000000000005, 0]",5
19,"[0, 3]",106.49999999999609,"[18, 16]","[0, 0]","[0, 0]",5
20,"[2, 1]",64.29999999999849,"[16, 17]","[10.90000000000002, 0]","[0, 0]",5
21,"[0, 1]",76.84999999999778,"[19, 22]","[0, 0]","[0, 0]",5
22,"[2, 1]",69.2999999999982,"[20, 18]","[10.500000000000014, 0]","[3.2999999999999963, 0]",5
23,"[0, 1]",82.69999999999744,"[21, 24]","[1.7500000000000009, 0]","[1.7500000000000009, 0]",5
24,"[2, 1]",74.34999999999792,"[22, 21]","[3.699999999999995, 0]","[0, 0]",5
25,"[0, 3]",112.34999999999576,"[23, 26]","[0, 0]","[0, 0]",5
26,"[2, 3]",102.8999999999963,"[24, 19]","[0, 0]","[0, 0]",5
27,"[2, 1]",76.04999999999782,"[26, 23]","[0, 0]","[0, 0]",5
28,"[2, 3]",110.69999999999585,"[27, 25]","[0, 0]","[0, 0]",5
29,"[0, 1]",77.49999999999774,"[25, 27]","[0, 0]","[0, 0]",5
30,"[2, 1]",79.9499999999976,"[28, 29]","[0, 0]","[0, 0]",5
31,"[0, 3]",108.34999999999599,"[29, 28]","[0, 0]","[0, 0]",5
32,"[2, 1]",80.39999999999758,"[30, 30]","[0, 0]","[0, 0]",5
33,"[2, 1]",89.34999999999707,"[32, 36]","[0.39999999999999997, 0]","[0, 0]",5
34,"[0, 3]",105.44999999999615,"[31, 31]","[0, 0]","[0, 0]",5
35,"[2, 1]",98.64999999999654,"[33, 39]","[2.549999999999999, 0]","[2.549999999999999, 0]",5
36,"[0, 1]",75.99999999999783,"[34, 32]","[0, 0]","[0, 0]",5
37,"[2, 3]",125.39999999999502,"[35, 34]","[5.449999999999989, 0]","[0, 0]",5
38,"[0, 1]",80.74999999999756,"[36, 33]","[2.849999999999998, 0]","[2.849999999999998, 0]",5
39,"[0, 1]",81.6499999999975,"[38, 38]","[0, 0]","[0, 0]",5
40,"[2, 1]",93.49999999999683,"[37, 35]","[2.849999999999998, 0]","[0, 0]",5
41,"[2, 3]",128.2499999999949,"[40, 50]","[2.3499999999999996, 0]","[0, 0]",5
42,"[2, 1]",100.04999999999646,"[41, 51]","[1.2000000000000004, 0]","[0, 0]",5
43,"[2, 1]",108.049999999996,"[42, 53]","[0, 0]","[0, 0]",5
44,"[2, 3]",138.84999999999732,"[43, 52]","[0, 0]","[0, 0]",5
45,"[2, 3]",142.94999999999825,"[44, 44]","[0, 0]","[0, 0]",5
46,"[2, 1]",114.84999999999562,"[45, 59]","[0, 0]","[0, 0]",5
47,"[2, 1]",117.94999999999544,"[46, 46]","[0, 0]","[0, 0]",5
48,"[2, 1]",126.79999999999494,"[47, 65]","[2.9999999999999973, 0]","[0, 0]",5
49,"[2, 1]",127.74999999999488,"[48, 48]","[6.399999999999985, 0]","[0, 0]",5
50,"[0, 3]",97.4999999999966,"[39, 37]","[0, 0]","[0, 0]",5
51,"[0, 1]",70.64999999999813,"[50, 40]","[0, 0]","[0, 0]",5
52,"[0, 3]",103.79999999999625,"[51, 41]","[0, 0]","[0, 0]",5
53,"[0, 1]",75.19999999999787,"[52, 42]","[0, 0]","[0, 0]",5
54,"[2, 3]",150.1499999999999,"[49, 66]","[10.100000000000009, 0]","[0, 0]",5
55,"[2, 3]",164.7500000000032,"[54, 71]","[15.350000000000083, 0]","[2.7499999999999982, 0]",5
56,"[2, 3]",167.15000000000376,"[55, 55]","[14.300000000000068, 0]","[0, 0]",5
57,"[2, 1]",144.64999999999864,"[56, 75]","[22.85000000000019, 0]","[3.1999999999999966, 0]",5
58,"[0, 1]",70.79999999999812,"[53, 43]","[0, 0]","[0, 0]",5
59,"[0, 1]",72.64999999999802,"[58, 58]","[0, 0]","[0, 0]",5
60,"[2, 3]",172.1500000000049,"[57, 76]","[23.5000000000002, 0]","[0, 0]",5
61,"[2, 1]",144.0499999999985,"[60, 78]","[24.95000000000022, 0]","[0, 0]",5
62,"[2, 3]",178.60000000000636,"[61, 79]","[25.00000000000022, 0]","[0, 0]",5
63,"[2, 1]",150.65,"[62, 61]","[24.650000000000215, 0]","[0, 0]",5
64,"[0, 3]",97.84999999999658,"[59, 45]","[0, 0]","[0, 0]",5
65,"[0, 1]",75.39999999999786,"[64, 47]","[0, 0]","[0, 0]",5
66,"[0, 3]",106.69999999999608,"[65, 64]","[0, 0]","[0, 0]",5
67,"[0, 1]",85.74999999999727,"[66, 49]","[3.2499999999999964, 0]","[3.2499999999999964, 0]",5
68,"[2, 1]",143.24999999999832,"[63, 63]","[16.100000000000094, 0]","[0, 0]",5
69,"[0, 3]",115.44999999999558,"[67, 54]","[0, 0]","[0, 0]",5
70,"[2, 1]",142.7499999999982,"[68, 68]","[13.600000000000058, 0]","[0, 0]",5
71,"[0, 3]",115.44999999999558,"[69, 69]","[0, 0]","[0, 0]",5
72,"[2, 1]",143.04999999999828,"[70, 70]","[14.600000000000072, 0]","[0, 0]",5
73,"[0, 1]",84.54999999999734,"[71, 67]","[0, 0]","[0, 0]",5
74,"[0, 1]",86.8999999999972,"[73, 73]","[0, 0]","[0, 0]",5
75,"[0, 1]",89.19999999999708,"[74, 74]","[0, 0]","[0, 0]",5
76,"[0, 3]",121.54999999999524,"[75, 56]","[0, 0]","[0, 0]",5
77,"[2, 3]",165.5500000000034,"[72, 62]","[14.600000000000072, 0]","[0, 0]",5
78,"[0, 1]",91.94999999999692,"[76, 57]","[0, 0]","[0, 0]",5
79,"[0, 3]",125.749999999995,"[78, 60]","[0, 0]","[0, 0]",5
0,"[0, 1]",69.4499999999982,"[-999, 7]","[0, 0]","[0, 0]",6
1,"[2, 3]",67.79999999999829,"[-999, -999]","[0, 0]","[0, 0]",6
2,"[2, 1]",37.6,"[1, -999]","[0, 0]","[0, 0]",6
3,"[2, 1]",40.14999999999986,"[2, 2]","[0, 0]","[0, 0]",6
4,"[2, 1]",42.8499999999997,"[3, 3]","[0, 0]","[0, 0]",6
5,"[0, 3]",97.04999999999663,"[0, 10]","[0, 0]","[0, 0]",6
6,"[2, 1]",42.69999999999971,"[4, 4]","[0, 0]","[0, 0]",6
7,"[2, 1]",45.099999999999575,"[6, 6]","[0, 0]","[0, 0]",6
8,"[0, 1]",74.39999999999792,"[5, 16]","[2.9499999999999975, 0]","[2.9499999999999975, 0]",6
9,"[0, 3]",111.04999999999583,"[8, 21]","[2.7499999999999982, 0]","[2.7499999999999982, 0]",6
10,"[2, 3]",70.44999999999814,"[7, 1]","[0, 0]","[0, 0]",6
11,"[2, 1]",43.54999999999966,"[10, 0]","[0, 0]","[0, 0]",6
12,"[2, 1]",45.84999999999953,"[11, 11]","[0, 0]","[0, 0]",6
13,"[2, 1]",48.099999999999405,"[12, 12]","[0, 0]","[0, 0]",6
14,"[0, 1]",77.54999999999774,"[9, 24]","[3.1999999999999966, 0]","[3.1999999999999966, 0]",6
15,"[2, 3]",76.74999999999778,"[13, 5]","[0, 0]","[0, 0]",6
16,"[2, 1]",45.39999999999956,"[15, 13]","[0, 0]","[0, 0]",6
17,"[2, 1]",53.94999999999907,"[16, 8]","[0.9000000000000002, 0]","[0.9000000000000002, 0]",6
18,"[0, 3]",99.54999999999649,"[14, 9]","[0, 0]","[0, 0]",6
19,"[0, 3]",102.8499999999963,"[18, 18]","[0, 0]","[0, 0]",6
20,"[0, 1]",75.14999999999787,"[19, 28]","[0, 0]","[0, 0]",6
21,"[2, 3]",71.1999999999981,"[17, 15]","[0, 0]","[0, 0]",6
22,"[2, 1]",44.14999999999963,"[21, 17]","[0, 0]","[0, 0]",6
23,"[0, 3]",102.24999999999633,"[20, 19]","[0, 0]","[0, 0]",6
24,"[2, 1]",43.39999999999967,"[22, 22]","[0, 0]","[0, 0]",6
25,"[0, 1]",72.44999999999803,"[23, 29]","[0, 0]","[0, 0]",6
26,"[0, 1]",74.7499999999979,"[25, 25]","[0, 0]","[0, 0]",6
27,"[2, 1]",45.69999999999954,"[24, 14]","[3.049999999999997, 0]","[3.049999999999997, 0]",6
28,"[2, 1]",48.1999999999994,"[27, 27]","[0, 0]","[0, 0]",6
29,"[2, 1]",56.49999999999893,"[28, 20]","[3.399999999999996, 0]","[3.399999999999996, 0]",6
30,"[0, 1]",73.39999999999797,"[26, 33]","[2.5999999999999988, 0]","[2.5999999999999988, 0]",6
31,"[0, 1]",79.39999999999763,"[30, 34]","[2.3999999999999995, 0]","[2.3999999999999995, 0]",6
32,"[2, 3]",84.19999999999736,"[29, 23]","[2.2, 0]","[0.05, 0]",6
33,"[2, 1]",61.04999999999867,"[32, 26]","[7.99999999999998, 0]","[0.35, 0]",6
34,"[2, 1]",67.19999999999833,"[33, 30]","[8.649999999999988, 0]","[0, 0]",6
35,"[2, 3]",98.14999999999657,"[34, 32]","[19.30000000000014, 0]","[0.05, 0]",6
36,"[0, 3]",101.99999999999635,"[31, 35]","[0, 0]","[0, 0]",6
37,"[2, 1]",68.44999999999825,"[35, 31]","[16.950000000000106, 0]","[0, 0]",6
38,"[2, 1]",77.04999999999777,"[37, 39]","[15.250000000000082, 0]","[0, 0]",6
39,"[0, 1]",68.69999999999824,"[36, 37]","[0, 0]","[0, 0]",6
40,"[2, 3]",104.74999999999619,"[38, 36]","[13.05000000000005, 0]","[0, 0]",6
41,"[2, 3]",108.29999999999599,"[40, 40]","[11.55000000000003, 0]","[0, 0]",6
42,"[2, 3]",116.64999999999552,"[41, 44]","[10.050000000000008, 0]","[0, 0]",6
43,"[2, 3]",123.44999999999513,"[42, 46]","[8.599999999999987, 0]","[0, 0]",6
44,"[0, 3]",106.04999999999612,"[39, 41]","[2.6499999999999986, 0]","[2.6499999999999986, 0]",6
45,"[0, 1]",76.79999999999778,"[44, -999]","[0, 0]","[0, 0]",6
46,"[0, 3]",110.39999999999587,"[45, 42]","[0, 0]","[0, 0]",6
47,"[0, 1]",81.49999999999751,"[46, 45]","[0, 0]","[0, 0]",6
48,"[0, 3]",114.89999999999561,"[47, 43]","[0, 0]","[0, 0]",6
49,"[0, 3]",117.44999999999547,"[48, 48]","[0, 0]","[0, 0]",6
50,"[0, 1]",90.449999999997,"[49, 58]","[0, 0]","[0, 0]",6
51,"[0, 1]",92.1999999999969,"[50, 50]","[0, 0]","[0, 0]",6
52,"[0, 1]",94.44999999999678,"[51, 51]","[0, 0]","[0, 0]",6
53,"[0, 3]",126.64999999999495,"[52, 49]","[0, 0]","[0, 0]",6
54,"[2, 1]",66.89999999999834,"[43, 47]","[0, 0]","[0, 0]",6
55,"[0, 3]",127.3999999999949,"[53, 53]","[0, 0]","[0, 0]",6
56,"[0, 3]",130.29999999999538,"[55, 55]","[0, 0]","[0, 0]",6
57,"[0, 1]",102.54999999999632,"[56, 59]","[0, 0]","[0, 0]",6
58,"[2, 1]",61.649999999998634,"[54, 54]","[0, 0]","[0, 0]",6
59,"[2, 1]",81.39999999999752,"[58, 52]","[9.750000000000004, 0]","[9.750000000000004, 0]",6
60,"[2, 3]",124.89999999999505,"[59, 56]","[6.5999999999999845, 0]","[6.5999999999999845, 0]",6
61,"[2, 3]",127.74999999999488,"[60, 60]","[0, 0]","[0, 0]",6
62,"[0, 1]",93.89999999999681,"[57, 57]","[0, 0]","[0, 0]",6
63,"[0, 1]",96.19999999999668,"[62, 62]","[0, 0]","[0, 0]",6
64,"[2, 3]",125.24999999999503,"[61, 61]","[0, 0]","[0, 0]",6
65,"[2, 1]",100.74999999999642,"[64, 66]","[0, 0]","[0, 0]",6
66,"[0, 1]",92.99999999999686,"[63, 63]","[0, 0]","[0, 0]",6
67,"[2, 3]",129.0999999999951,"[65, 64]","[0, 0]","[0, 0]",6
68,"[2, 3]",133.09999999999602,"[67, 67]","[0, 0]","[0, 0]",6
69,"[0, 1]",94.19999999999679,"[66, 65]","[2.499999999999999, 0]","[2.499999999999999, 0]",6
70,"[0, 1]",95.94999999999669,"[69, 69]","[0, 0]","[0, 0]",6
71,"[2, 3]",130.89999999999552,"[68, 68]","[0, 0]","[0, 0]",6
72,"[2, 1]",105.09999999999617,"[71, 75]","[1.0000000000000002, 0]","[0, 0]",6
73,"[0, 1]",92.64999999999688,"[70, 70]","[0, 0]","[0, 0]",6
74,"[2, 1]",110.59999999999586,"[72, 77]","[0, 0]","[0, 0]",6
75,"[0, 1]",92.14999999999691,"[73, 73]","[0, 0]","[0, 0]",6
76,"[0, 3]",124.24999999999508,"[75, 71]","[0, 0]","[0, 0]",6
77,"[0, 1]",96.54999999999666,"[76, 72]","[0, 0]","[0, 0]",6
78,"[0, 3]",128.94999999999507,"[77, 76]","[0, 0]","[0, 0]",6
79,"[0, 3]",132.34999999999584,"[78, 78]","[0, 0]","[0, 0]",6
0,"[0, 3]",96.79999999999664,"[-999, 5]","[0, 0]","[0, 0]",7
1,"[2, 3]",67.79999999999829,"[-999, -999]","[0, 0]","[0, 0]",7
2,"[0, 1]",76.69999999999779,"[0, 12]","[3.349999999999996, 0]","[3.349999999999996, 0]",7
3,"[0, 3]",106.49999999999609,"[2, 0]","[0, 0]","[0, 0]",7
4,"[0, 1]",79.69999999999762,"[3, 13]","[0, 0]","[0, 0]",7
5,"[2, 3]",68.49999999999825,"[1, 1]","[0, 0]","[0, 0]",7
6,"[0, 3]",109.14999999999594,"[4, 3]","[0, 0]","[0, 0]",7
7,"[0, 1]",82.19999999999747,"[6, 14]","[0, 0]","[0, 0]",7
8,"[0, 3]",114.59999999999563,"[7, 6]","[0, 0]","[0, 0]",7
9,"[0, 1]",93.59999999999683,"[8, 17]","[3.399999999999996, 0]","[3.399999999999996, 0]",7
10,"[2, 1]",36.45000000000007,"[5, -999]","[0, 0]","[0, 0]",7
11,"[2, 1]",38.599999999999945,"[10, 10]","[0, 0]","[0, 0]",7
12,"[2, 1]",41.249999999999794,"[11, 11]","[0, 0]","[0, 0]",7
13,"[2, 1]",50.549999999999265,"[12, 2]","[3.4499999999999957, 0]","[3.4499999999999957, 0]",7
14,"[2, 1]",58.099999999998836,"[13, 4]","[3.2999999999999963, 0]","[3.2999999999999963, 0]",7
15,"[2, 1]",65.8999999999984,"[14, 7]","[0, 0]","[0, 0]",7
16,"[0, 1]",77.69999999999773,"[9, 9]","[0, 0]","[0, 0]",7
17,"[2, 1]",64.1499999999985,"[15, 15]","[10.050000000000008, 0]","[0, 0]",7
18,"[0, 1]",76.89999999999777,"[16, 16]","[0, 0]","[0, 0]",7
19,"[2, 3]",94.74999999999676,"[17, 8]","[12.050000000000036, 0]","[0, 0]",7
20,"[2, 3]",98.74999999999653,"[19, 19]","[9.900000000000006, 0]","[0, 0]",7
21,"[2, 1]",73.59999999999796,"[20, 18]","[8.499999999999986, 0]","[0, 0]",7
22,"[2, 1]",74.84999999999789,"[21, 21]","[7.299999999999982, 0]","[0, 0]",7
23,"[2, 3]",104.24999999999622,"[22, 20]","[6.249999999999986, 0]","[0, 0]",7
24,"[2, 1]",77.34999999999775,"[23, 22]","[5.249999999999989, 0]","[0, 0]",7
25,"[2, 1]",87.44999999999717,"[24, 27]","[7.099999999999983, 0]","[2.9499999999999975, 0]",7
26,"[0, 3]",102.7499999999963,"[18, 23]","[3.149999999999997, 0]","[3.149999999999997, 0]",7
27,"[0, 1]",76.94999999999777,"[26, 24]","[0, 0]","[0, 0]",7
28,"[2, 1]",94.94999999999675,"[25, 35]","[9.5, 0]","[6.349999999999985, 0]",7
29,"[2, 3]",124.59999999999506,"[28, 30]","[2.1500000000000004, 0]","[0, 0]",7
30,"[0, 3]",102.54999999999632,"[27, 26]","[0, 0]","[0, 0]",7
31,"[2, 1]",99.94999999999646,"[29, 38]","[0.2, 0]","[0, 0]",7
32,"[2, 3]",133.34999999999607,"[31, 39]","[0, 0]","[0, 0]",7
33,"[0, 1]",69.84999999999818,"[30, 25]","[0, 0]","[0, 0]",7
34,"[2, 1]",106.59999999999609,"[32, 45]","[0.35, 0]","[0, 0]",7
35,"[0, 1]",69.24999999999821,"[33, 33]","[0, 0]","[0, 0]",7
36,"[2, 3]",135.04999999999646,"[34, 32]","[1.950000000000001, 0]","[0, 0]",7
37,"[0, 1]",73.64999999999796,"[35, 28]","[1.0500000000000003, 0]","[1.0500000000000003, 0]",7
38,"[0, 1]",75.39999999999786,"[37, 37]","[0, 0]","[0, 0]",7
39,"[0, 3]",107.64999999999603,"[38, 29]","[0, 0]","[0, 0]",7
40,"[2, 1]",104.29999999999622,"[36, 48]","[0.8500000000000002, 0]","[0, 0]",7
41,"[2, 1]",105.29999999999616,"[40, 40]","[2.549999999999999, 0]","[0, 0]",7
42,"[0, 1]",75.09999999999788,"[39, 31]","[0, 0]","[0, 0]",7
43,"[2, 1]",110.74999999999585,"[41, 52]","[5.1999999999999895, 0]","[0, 0]",7
44,"[2, 1]",112.09999999999577,"[43, 43]","[6.799999999999984, 0]","[0, 0]",7
45,"[0, 1]",71.44999999999808,"[42, 42]","[0, 0]","[0, 0]",7
46,"[2, 3]",143.84999999999846,"[44, 56]","[8.949999999999992, 0]","[0, 0]",7
47,"[0, 1]",75.94999999999783,"[45, 34]","[2.799999999999998, 0]","[2.799999999999998, 0]",7
48,"[0, 1]",77.29999999999775,"[47, 47]","[0, 0]","[0, 0]",7
49,"[2, 1]",115.1499999999956,"[46, 59]","[12.850000000000048, 0]","[0, 0]",7
50,"[0, 3]",106.54999999999609,"[48, 36]","[0, 0]","[0, 0]",7
51,"[2, 1]",118.79999999999539,"[49, 60]","[10.95000000000002, 0]","[0, 0]",7
52,"[0, 1]",82.39999999999746,"[50, 41]","[3.399999999999996, 0]","[3.399999999999996, 0]",7
53,"[2, 1]",123.19999999999514,"[51, 64]","[8.949999999999992, 0]","[0, 0]",7
54,"[0, 3]",109.49999999999592,"[52, 50]","[0, 0]","[0, 0]",7
55,"[2, 3]",151.70000000000024,"[53, 61]","[6.449999999999985, 0]","[0, 0]",7
56,"[0, 3]",110.24999999999588,"[54, 54]","[0, 0]","[0, 0]",7
57,"[2, 3]",152.90000000000052,"[55, 55]","[6.149999999999986, 0]","[0, 0]",7
58,"[0, 1]",80.0499999999976,"[56, 44]","[0, 0]","[0, 0]",7
59,"[0, 1]",82.24999999999747,"[58, 58]","[0, 0]","[0, 0]",7
60,"[0, 1]",88.99999999999709,"[59, 49]","[2.549999999999999, 0]","[2.549999999999999, 0]",7
61,"[0, 3]",120.24999999999531,"[60, 46]","[0, 0]","[0, 0]",7
62,"[2, 1]",113.74999999999568,"[57, 66]","[4.6499999999999915, 0]","[0, 0]",7
63,"[2, 3]",148.29999999999947,"[62, 67]","[5.399999999999989, 0]","[0, 0]",7
64,"[0, 1]",87.24999999999719,"[61, 51]","[0, 0]","[0, 0]",7
65,"[0, 1]",95.59999999999671,"[64, 53]","[1.850000000000001, 0]","[1.850000000000001, 0]",7
66,"[0, 1]",96.14999999999668,"[65, 65]","[0, 0]","[0, 0]",7
67,"[0, 3]",131.2999999999956,"[66, 57]","[0, 0]","[0, 0]",7
68,"[2, 1]",114.04999999999566,"[63, 72]","[3.5499999999999954, 0]","[0, 0]",7
69,"[2, 3]",152.25000000000037,"[68, 77]","[3.899999999999994, 0]","[0, 0]",7
70,"[0, 1]",98.24999999999656,"[67, 62]","[0, 0]","[0, 0]",7
71,"[2, 1]",121.24999999999525,"[69, 78]","[5.449999999999989, 0]","[0, 0]",7
72,"[0, 1]",97.5999999999966,"[70, 70]","[0, 0]","[0, 0]",7
73,"[0, 3]",129.64999999999523,"[72, 63]","[0, 0]","[0, 0]",7
74,"[2, 1]",118.5999999999954,"[71, 71]","[1.4000000000000006, 0]","[0, 0]",7
75,"[2, 1]",121.69999999999523,"[74, 74]","[1.7000000000000008, 0]","[0, 0]",7
76,"[2, 3]",155.15000000000103,"[75, 79]","[1.900000000000001, 0]","[0, 0]",7
77,"[0, 3]",124.79999999999505,"[73, 73]","[0, 0]","[0, 0]",7
78,"[0, 1]",97.34999999999661,"[77, 68]","[0, 0]","[0, 0]",7
79,"[0, 3]",130.49999999999542,"[78, 69]","[0, 0]","[0, 0]",7
0,"[2, 1]",36.45000000000007,"[-999, -999]","[0, 0]","[0, 0]",8
1,"[2, 1]",38.54999999999995,"[0, 0]","[0, 0]","[0, 0]",8
2,"[2, 1]",41.1499999999998,"[1, 1]","[0, 0]","[0, 0]",8
3,"[2, 1]",43.89999999999964,"[2, 2]","[0, 0]","[0, 0]",8
4,"[0, 3]",97.19999999999662,"[-999, 8]","[0, 0]","[0, 0]",8
5,"[2, 1]",43.699999999999655,"[3, 3]","[0, 0]","[0, 0]",8
6,"[2, 3]",71.74999999999807,"[5, -999]","[0, 0]","[0, 0]",8
7,"[2, 3]",75.19999999999787,"[6, 6]","[0, 0]","[0, 0]",8
8,"[2, 3]",77.64999999999773,"[7, 7]","[0, 0]","[0, 0]",8
9,"[0, 1]",67.79999999999829,"[4, 15]","[0, 0]","[0, 0]",8
10,"[0, 1]",84.04999999999737,"[9, 22]","[6.0499999999999865, 0]","[6.0499999999999865, 0]",8
11,"[2, 1]",41.599999999999774,"[8, 5]","[0, 0]","[0, 0]",8
12,"[2, 1]",44.24999999999962,"[11, 11]","[0, 0]","[0, 0]",8
13,"[0, 3]",108.149999999996,"[10, 18]","[0, 0]","[0, 0]",8
14,"[2, 1]",43.499999999999666,"[12, 12]","[0, 0]","[0, 0]",8
15,"[2, 1]",45.84999999999953,"[14, 14]","[0, 0]","[0, 0]",8
16,"[0, 3]",111.99999999999578,"[13, 24]","[2.3999999999999995, 0]","[2.3999999999999995, 0]",8
17,"[0, 1]",82.89999999999743,"[16, 23]","[0, 0]","[0, 0]",8
18,"[2, 3]",71.04999999999811,"[15, 4]","[0, 0]","[0, 0]",8
19,"[2, 1]",44.89999999999959,"[18, 9]","[0, 0]","[0, 0]",8
20,"[0, 3]",111.19999999999582,"[17, 25]","[0, 0]","[0, 0]",8
21,"[2, 1]",43.699999999999655,"[19, 19]","[0, 0]","[0, 0]",8
22,"[2, 1]",44.99999999999958,"[21, 21]","[0, 0]","[0, 0]",8
23,"[2, 1]",52.59999999999915,"[22, 10]","[0.9000000000000002, 0]","[0.9000000000000002, 0]",8
24,"[2, 3]",84.69999999999733,"[23, 13]","[2.799999999999998, 0]","[2.799999999999998, 0]",8
25,"[2, 3]",92.44999999999689,"[24, 16]","[6.449999999999985, 0]","[6.449999999999985, 0]",8
26,"[2, 1]",63.749999999998515,"[25, 17]","[11.000000000000021, 0]","[2.0500000000000007, 0]",8
27,"[2, 3]",97.99999999999658,"[26, 20]","[13.200000000000053, 0]","[0, 0]",8
28,"[0, 1]",67.6999999999983,"[20, 26]","[0, 0]","[0, 0]",8
29,"[2, 1]",70.09999999999816,"[27, 28]","[15.80000000000009, 0]","[0, 0]",8
30,"[2, 3]",106.49999999999609,"[29, 31]","[20.300000000000153, 0]","[0, 0]",8
31,"[0, 3]",97.4999999999966,"[28, 27]","[0, 0]","[0, 0]",8
32,"[2, 1]",73.19999999999798,"[30, 29]","[17.95000000000012, 0]","[0, 0]",8
33,"[2, 1]",76.59999999999779,"[32, 32]","[16.250000000000096, 0]","[0, 0]",8
34,"[2, 1]",84.59999999999734,"[33, 37]","[14.650000000000073, 0]","[0, 0]",8
35,"[2, 1]",91.29999999999696,"[34, 40]","[13.150000000000052, 0]","[0, 0]",8
36,"[2, 3]",122.1999999999952,"[35, 30]","[11.65000000000003, 0]","[0, 0]",8
37,"[0, 1]",71.34999999999809,"[31, 33]","[0, 0]","[0, 0]",8
38,"[2, 1]",92.54999999999688,"[36, 41]","[10.20000000000001, 0]","[0, 0]",8
39,"[2, 1]",95.64999999999671,"[38, 38]","[8.74999999999999, 0]","[0, 0]",8
40,"[0, 1]",72.59999999999802,"[37, 34]","[1.900000000000001, 0]","[1.900000000000001, 0]",8
41,"[0, 1]",78.84999999999766,"[40, 35]","[2.4499999999999993, 0]","[2.4499999999999993, 0]",8
42,"[0, 3]",112.59999999999575,"[41, 36]","[0, 0]","[0, 0]",8
43,"[0, 3]",115.2499999999956,"[42, 42]","[0, 0]","[0, 0]",8
44,"[2, 1]",93.49999999999683,"[39, 45]","[0.9000000000000002, 0]","[0, 0]",8
45,"[0, 1]",85.69999999999727,"[43, 39]","[0, 0]","[0, 0]",8
46,"[0, 1]",91.89999999999692,"[45, 44]","[2.3499999999999996, 0]","[2.3499999999999996, 0]",8
47,"[0, 1]",93.59999999999683,"[46, 46]","[0, 0]","[0, 0]",8
48,"[2, 3]",116.04999999999555,"[44, 43]","[0, 0]","[0, 0]",8
49,"[0, 3]",122.54999999999518,"[47, 48]","[0, 0]","[0, 0]",8
50,"[2, 1]",90.29999999999701,"[48, 47]","[0, 0]","[0, 0]",8
51,"[2, 3]",123.49999999999513,"[50, 49]","[0, 0]","[0, 0]",8
52,"[2, 1]",100.54999999999643,"[51, 57]","[1.4500000000000006, 0]","[0, 0]",8
53,"[2, 3]",131.2999999999956,"[52, 51]","[2.25, 0]","[0, 0]",8
54,"[0, 1]",84.39999999999735,"[49, 50]","[0, 0]","[0, 0]",8
55,"[2, 3]",132.49999999999588,"[53, 53]","[1.3000000000000005, 0]","[0, 0]",8
56,"[2, 1]",104.39999999999621,"[55, 61]","[5.14999999999999, 0]","[0, 0]",8
57,"[0, 1]",81.29999999999752,"[54, 54]","[0, 0]","[0, 0]",8
58,"[2, 3]",140.5499999999977,"[56, 67]","[3.999999999999994, 0]","[0, 0]",8
59,"[2, 1]",123.69999999999511,"[58, 72]","[7.199999999999982, 0]","[3.049999999999997, 0]",8
60,"[0, 1]",82.54999999999745,"[57, 52]","[2.4499999999999993, 0]","[2.4499999999999993, 0]",8
61,"[0, 1]",84.19999999999736,"[60, 60]","[0, 0]","[0, 0]",8
62,"[0, 3]",119.09999999999538,"[61, 55]","[0, 0]","[0, 0]",8
63,"[2, 3]",146.04999999999896,"[59, 58]","[2.6999999999999984, 0]","[0, 0]",8
64,"[2, 3]",149.7499999999998,"[63, 63]","[4.199999999999993, 0]","[0, 0]",8
65,"[2, 3]",163.4000000000029,"[64, 77]","[12.700000000000045, 0]","[6.5999999999999845, 0]",8
66,"[2, 3]",166.25000000000355,"[65, 65]","[6.999999999999983, 0]","[0, 0]",8
67,"[0, 3]",110.69999999999585,"[62, 62]","[0, 0]","[0, 0]",8
68,"[2, 1]",134.7499999999964,"[66, -999]","[6.0499999999999865, 0]","[0, 0]",8
69,"[2, 1]",138.09999999999715,"[68, 68]","[6.649999999999984, 0]","[0, 0]",8
70,"[0, 1]",76.84999999999778,"[67, 56]","[0, 0]","[0, 0]",8
71,"[0, 1]",79.24999999999764,"[70, 70]","[0, 0]","[0, 0]",8
72,"[0, 1]",81.59999999999751,"[71, 71]","[0, 0]","[0, 0]",8
73,"[2, 3]",163.3500000000029,"[69, 66]","[8.899999999999991, 0]","[0, 0]",8
74,"[0, 1]",86.09999999999725,"[72, 59]","[2.499999999999999, 0]","[2.499999999999999, 0]",8
75,"[0, 1]",87.59999999999717,"[74, 74]","[0, 0]","[0, 0]",8
76,"[0, 3]",122.39999999999519,"[75, 64]","[0, 0]","[0, 0]",8
77,"[0, 3]",124.94999999999504,"[76, 76]","[0, 0]","[0, 0]",8
78,"[2, 1]",125.39999999999502,"[73, 69]","[7.699999999999981, 0]","[0, 0]",8
79,"[2, 1]",129.0499999999951,"[78, 78]","[9.399999999999999, 0]","[0, 0]",8
0,"[0, 3]",101.69999999999636,"[-999, 9]","[0, 0]","[0, 0]",9
1,"[2, 1]",36.45000000000007,"[-999, -999]","[0, 0]","[0, 0]",9
2,"[0, 3]",101.49999999999638,"[0, 0]","[0, 0]","[0, 0]",9
3,"[2, 3]",67.94999999999828,"[1, -999]","[0, 0]","[0, 0]",9
4,"[0, 1]",69.24999999999821,"[2, 12]","[0, 0]","[0, 0]",9
5,"[0, 1]",81.7999999999975,"[4, 15]","[5.699999999999988, 0]","[5.699999999999988, 0]",9
6,"[0, 1]",86.79999999999721,"[5, 18]","[2.4499999999999993, 0]","[2.4499999999999993, 0]",9
7,"[2, 1]",36.500000000000064,"[3, -999]","[0, 0]","[0, 0]",9
8,"[2, 1]",38.69999999999994,"[7, 7]","[0, 0]","[0, 0]",9
9,"[2, 3]",70.09999999999816,"[8, 3]","[0, 0]","[0, 0]",9
10,"[2, 1]",41.34999999999979,"[9, 8]","[0, 0]","[0, 0]",9
11,"[0, 1]",77.29999999999775,"[6, 6]","[0, 0]","[0, 0]",9
12,"[2, 1]",41.399999999999785,"[10, 10]","[0, 0]","[0, 0]",9
13,"[2, 3]",76.14999999999782,"[12, 2]","[0, 0]","[0, 0]",9
14,"[2, 1]",46.64999999999949,"[13, 4]","[0, 0]","[0, 0]",9
15,"[2, 1]",48.54999999999938,"[14, 14]","[0, 0]","[0, 0]",9
16,"[0, 1]",68.29999999999826,"[11, 11]","[0, 0]","[0, 0]",9
17,"[0, 3]",101.99999999999635,"[16, 23]","[0, 0]","[0, 0]",9
18,"[2, 1]",50.24999999999928,"[15, 5]","[1.3000000000000005, 0]","[1.3000000000000005, 0]",9
19,"[0, 1]",70.69999999999813,"[17, 24]","[0, 0]","[0, 0]",9
20,"[2, 3]",76.59999999999779,"[18, 13]","[0, 0]","[0, 0]",9
21,"[0, 1]",74.94999999999789,"[19, 26]","[2.549999999999999, 0]","[2.549999999999999, 0]",9
22,"[2, 3]",77.29999999999775,"[20, 20]","[0, 0]","[0, 0]",9
23,"[2, 3]",80.09999999999759,"[22, 22]","[0, 0]","[0, 0]",9
24,"[2, 1]",51.99999999999918,"[23, 16]","[0, 0]","[0, 0]",9
25,"[0, 3]",99.44999999999649,"[21, 27]","[0, 0]","[0, 0]",9
26,"[2, 1]",56.84999999999891,"[24, 19]","[0, 0]","[0, 0]",9
27,"[2, 3]",87.69999999999716,"[26, 17]","[9.700000000000003, 0]","[0.25, 0]",9
28,"[0, 1]",68.19999999999827,"[25, 21]","[0, 0]","[0, 0]",9
29,"[2, 3]",94.0499999999968,"[27, 25]","[9.299999999999997, 0]","[0, 0]",9
30,"[2, 3]",96.44999999999666,"[29, 29]","[6.999999999999983, 0]","[0, 0]",9
31,"[2, 3]",99.04999999999652,"[30, 30]","[5.249999999999989, 0]","[0, 0]",9
32,"[0, 1]",67.79999999999829,"[28, 28]","[0, 0]","[0, 0]",9
33,"[0, 3]",101.44999999999638,"[32, 31]","[0, 0]","[0, 0]",9
34,"[0, 1]",77.74999999999773,"[33, 39]","[0, 0]","[0, 0]",9
35,"[0, 1]",79.54999999999762,"[34, 34]","[0, 0]","[0, 0]",9
36,"[2, 1]",63.34999999999854,"[31, 32]","[2.3499999999999996, 0]","[2.3499999999999996, 0]",9
37,"[0, 1]",83.89999999999738,"[35, 42]","[2.4499999999999993, 0]","[2.4499999999999993, 0]",9
38,"[0, 3]",114.99999999999561,"[37, 33]","[0, 0]","[0, 0]",9
39,"[2, 1]",59.04999999999878,"[36, 36]","[3.349999999999996, 0]","[3.349999999999996, 0]",9
40,"[0, 3]",115.84999999999556,"[38, 38]","[0, 0]","[0, 0]",9
41,"[0, 1]",86.74999999999721,"[40, 46]","[0, 0]","[0, 0]",9
42,"[2, 1]",66.59999999999836,"[39, 35]","[2.6499999999999986, 0]","[2.6499999999999986, 0]",9
43,"[0, 1]",90.79999999999698,"[41, 48]","[2.3999999999999995, 0]","[2.3999999999999995, 0]",9
44,"[0, 1]",96.94999999999663,"[43, 51]","[2.499999999999999, 0]","[2.499999999999999, 0]",9
45,"[2, 1]",66.74999999999835,"[42, 37]","[0, 0]","[0, 0]",9
46,"[2, 1]",67.39999999999831,"[45, 45]","[0, 0]","[0, 0]",9
47,"[0, 1]",97.5499999999966,"[44, 52]","[2.499999999999999, 0]","[2.499999999999999, 0]",9
48,"[2, 1]",72.949999999998,"[46, 41]","[18.60000000000013, 0]","[0, 0]",9
49,"[0, 1]",100.89999999999641,"[47, 55]","[2.549999999999999, 0]","[2.549999999999999, 0]",9
50,"[0, 1]",107.54999999999603,"[49, 57]","[2.6499999999999986, 0]","[2.6499999999999986, 0]",9
51,"[2, 1]",73.79999999999795,"[48, 43]","[11.450000000000028, 0]","[0, 0]",9
52,"[2, 1]",79.79999999999761,"[51, 44]","[10.100000000000009, 0]","[0, 0]",9
53,"[0, 1]",103.54999999999626,"[50, 50]","[0, 0]","[0, 0]",9
54,"[0, 1]",110.04999999999589,"[53, 60]","[2.4499999999999993, 0]","[2.4499999999999993, 0]",9
55,"[2, 1]",80.49999999999757,"[52, 47]","[4.399999999999992, 0]","[0, 0]",9
56,"[0, 1]",109.09999999999594,"[54, 54]","[0, 0]","[0, 0]",9
57,"[2, 1]",83.84999999999738,"[55, 49]","[1.1000000000000003, 0]","[0, 0]",9
58,"[0, 1]",113.4499999999957,"[56, 61]","[2.499999999999999, 0]","[2.499999999999999, 0]",9
59,"[2, 3]",112.24999999999577,"[57, -999]","[0, 0]","[0, 0]",9
60,"[2, 1]",89.24999999999707,"[59, 53]","[0, 0]","[0, 0]",9
61,"[2, 1]",101.59999999999637,"[60, 56]","[3.149999999999997, 0]","[3.149999999999997, 0]",9
62,"[0, 3]",136.34999999999675,"[58, 59]","[0, 0]","[0, 0]",9
63,"[0, 3]",139.94999999999757,"[62, 62]","[0, 0]","[0, 0]",9
64,"[2, 1]",101.74999999999636,"[61, 58]","[0.3, 0]","[0, 0]",9
65,"[0, 3]",140.0499999999976,"[63, 63]","[0.7000000000000001, 0]","[0, 0]",9
66,"[2, 1]",99.79999999999647,"[64, 64]","[0, 0]","[0, 0]",9
67,"[0, 1]",108.99999999999595,"[65, 68]","[1.1500000000000004, 0]","[0, 0]",9
68,"[2, 1]",99.79999999999647,"[66, 66]","[0, 0]","[0, 0]",9
69,"[0, 1]",108.54999999999598,"[67, 67]","[1.5500000000000007, 0]","[0, 0]",9
70,"[0, 1]",110.79999999999585,"[69, 69]","[1.800000000000001, 0]","[0, 0]",9
71,"[0, 3]",143.0999999999983,"[70, 65]","[2.2, 0]","[0, 0]",9
72,"[0, 1]",121.74999999999523,"[71, 75]","[5.599999999999988, 0]","[3.1999999999999966, 0]",9
73,"[2, 1]",108.89999999999596,"[68, 70]","[9.750000000000004, 0]","[9.750000000000004, 0]",9
74,"[0, 3]",151.4500000000002,"[72, 77]","[2.6999999999999984, 0]","[0, 0]",9
75,"[2, 1]",106.74999999999608,"[73, 73]","[2.3, 0]","[0, 0]",9
76,"[0, 1]",120.94999999999527,"[74, 72]","[2.9499999999999975, 0]","[0, 0]",9
77,"[2, 3]",136.84999999999687,"[75, 71]","[0, 0]","[0, 0]",9
78,"[2, 3]",146.199999999999,"[77, 74]","[0, 0]","[0, 0]",9
79,"[0, 1]",117.79999999999545,"[76, 76]","[3.099999999999997, 0]","[0, 0]",9
0,"[2, 1]",36.45000000000007,"[-999, -999]","[0, 0]","[0, 0]",10
1,"[2, 3]",68.94999999999823,"[0, -999]","[0, 0]","[0, 0]",10
2,"[2, 1]",39.89999999999987,"[1, 0]","[0, 0]","[0, 0]",10
3,"[2, 1]",42.649999999999714,"[2, 2]","[0, 0]","[0, 0]",10
4,"[2, 3]",74.89999999999789,"[3, 1]","[0, 0]","[0, 0]",10
5,"[2, 3]",78.34999999999769,"[4, 4]","[0, 0]","[0, 0]",10
6,"[2, 1]",45.34999999999956,"[5, 3]","[0, 0]","[0, 0]",10
7,"[2, 1]",48.39999999999939,"[6, 6]","[0, 0]","[0, 0]",10
8,"[2, 1]",50.199999999999285,"[7, 7]","[0, 0]","[0, 0]",10
9,"[0, 1]",70.19999999999816,"[0, 15]","[0, 0]","[0, 0]",10
10,"[0, 1]",71.84999999999806,"[9, 9]","[0, 0]","[0, 0]",10
11,"[2, 1]",46.3999999999995,"[8, 8]","[0, 0]","[0, 0]",10
12,"[2, 1]",48.34999999999939,"[11, 11]","[0, 0]","[0, 0]",10
13,"[2, 1]",50.199999999999285,"[12, 12]","[0, 0]","[0, 0]",10
14,"[0, 1]",68.09999999999827,"[10, 10]","[0, 0]","[0, 0]",10
15,"[2, 1]",49.149999999999345,"[13, 13]","[0, 0]","[0, 0]",10
16,"[0, 1]",68.89999999999823,"[14, 14]","[0, 0]","[0, 0]",10
17,"[2, 3]",77.54999999999774,"[15, 5]","[0, 0]","[0, 0]",10
18,"[2, 3]",81.7499999999975,"[17, 17]","[0, 0]","[0, 0]",10
19,"[0, 1]",71.89999999999806,"[16, 23]","[0, 0]","[0, 0]",10
20,"[2, 3]",82.44999999999746,"[18, 18]","[0, 0]","[0, 0]",10
21,"[2, 3]",85.64999999999728,"[20, 20]","[0, 0]","[0, 0]",10
22,"[0, 1]",72.899999999998,"[19, 24]","[2.1000000000000005, 0]","[2.1000000000000005, 0]",10
23,"[2, 1]",54.249999999999055,"[21, 16]","[2.1500000000000004, 0]","[0, 0]",10
24,"[2, 1]",63.09999999999855,"[23, 19]","[3.099999999999997, 0]","[0, 0]",10
25,"[0, 3]",100.54999999999643,"[22, 26]","[0, 0]","[0, 0]",10
26,"[2, 3]",91.19999999999696,"[24, 21]","[0, 0]","[0, 0]",10
27,"[2, 1]",64.29999999999849,"[26, 22]","[0, 0]","[0, 0]",10
28,"[2, 1]",67.5499999999983,"[27, 27]","[0, 0]","[0, 0]",10
29,"[0, 1]",71.2999999999981,"[25, 28]","[0, 0]","[0, 0]",10
30,"[2, 1]",73.79999999999795,"[28, 29]","[0, 0]","[0, 0]",10
31,"[2, 1]",80.84999999999755,"[30, 33]","[0, 0]","[0, 0]",10
32,"[2, 3]",119.89999999999533,"[31, 35]","[3.349999999999996, 0]","[3.349999999999996, 0]",10
33,"[0, 1]",69.69999999999818,"[29, 30]","[0, 0]","[0, 0]",10
34,"[0, 3]",102.14999999999634,"[33, 25]","[0, 0]","[0, 0]",10
35,"[0, 3]",105.69999999999614,"[34, 34]","[0, 0]","[0, 0]",10
36,"[0, 1]",78.49999999999768,"[35, 31]","[0, 0]","[0, 0]",10
37,"[0, 1]",80.79999999999755,"[36, 36]","[0, 0]","[0, 0]",10
38,"[0, 1]",83.14999999999742,"[37, 37]","[0, 0]","[0, 0]",10
39,"[0, 3]",117.59999999999546,"[38, 42]","[0, 0]","[0, 0]",10
40,"[2, 3]",103.54999999999626,"[32, 32]","[0, 0]","[0, 0]",10
41,"[0, 1]",87.44999999999717,"[39, 43]","[0, 0]","[0, 0]",10
42,"[2, 3]",103.79999999999625,"[40, 40]","[0, 0]","[0, 0]",10
43,"[2, 1]",75.24999999999787,"[42, 38]","[0, 0]","[0, 0]",10
44,"[2, 1]",84.59999999999734,"[43, 41]","[0, 0]","[0, 0]",10
45,"[2, 1]",85.94999999999726,"[44, 44]","[0, 0]","[0, 0]",10
46,"[2, 3]",120.4999999999953,"[45, 48]","[0.7500000000000001, 0]","[0, 0]",10
47,"[0, 3]",105.64999999999614,"[41, 39]","[0, 0]","[0, 0]",10
48,"[0, 3]",109.04999999999595,"[47, 47]","[0, 0]","[0, 0]",10
49,"[0, 1]",81.29999999999752,"[48, 45]","[0, 0]","[0, 0]",10
50,"[0, 3]",115.0999999999956,"[49, 46]","[0, 0]","[0, 0]",10
51,"[0, 1]",87.99999999999714,"[50, 54]","[0, 0]","[0, 0]",10
52,"[0, 1]",89.79999999999704,"[51, 51]","[0, 0]","[0, 0]",10
53,"[0, 3]",121.99999999999521,"[52, 50]","[0, 0]","[0, 0]",10
54,"[2, 1]",72.849999999998,"[46, 49]","[0, 0]","[0, 0]",10
55,"[0, 3]",122.79999999999517,"[53, 53]","[0, 0]","[0, 0]",10
56,"[2, 1]",84.89999999999732,"[54, 52]","[6.5999999999999845, 0]","[6.5999999999999845, 0]",10
57,"[0, 1]",92.69999999999688,"[55, 56]","[0, 0]","[0, 0]",10
58,"[0, 1]",95.04999999999674,"[57, 57]","[0, 0]","[0, 0]",10
59,"[0, 3]",127.5499999999949,"[58, 63]","[0, 0]","[0, 0]",10
60,"[0, 3]",130.94999999999553,"[59, 59]","[0, 0]","[0, 0]",10
61,"[0, 1]",102.59999999999631,"[60, 73]","[0, 0]","[0, 0]",10
62,"[0, 3]",136.74999999999685,"[61, 75]","[0, 0]","[0, 0]",10
63,"[2, 3]",106.74999999999608,"[56, 55]","[3.2499999999999964, 0]","[3.2499999999999964, 0]",10
64,"[0, 3]",136.4999999999968,"[62, 62]","[0, 0]","[0, 0]",10
65,"[0, 1]",109.7999999999959,"[64, 77]","[0, 0]","[0, 0]",10
66,"[0, 1]",117.74999999999545,"[65, 79]","[2.0500000000000007, 0]","[2.0500000000000007, 0]",10
67,"[0, 1]",118.34999999999542,"[66, 66]","[0, 0]","[0, 0]",10
68,"[0, 3]",149.89999999999984,"[67, 64]","[0, 0]","[0, 0]",10
69,"[2, 1]",70.59999999999813,"[63, 58]","[0, 0]","[0, 0]",10
70,"[0, 3]",150.75000000000003,"[68, 68]","[0, 0]","[0, 0]",10
71,"[0, 3]",153.60000000000068,"[70, 70]","[0, 0]","[0, 0]",10
72,"[0, 3]",156.20000000000127,"[71, 71]","[0, 0]","[0, 0]",10
73,"[2, 1]",63.549999999998526,"[69, 69]","[5.449999999999989, 0]","[0, 0]",10
74,"[0, 1]",125.49999999999501,"[72, -999]","[0, 0]","[0, 0]",10
75,"[2, 3]",95.44999999999672,"[73, 60]","[2.3499999999999996, 0]","[0, 0]",10
76,"[2, 1]",66.89999999999834,"[75, 61]","[0.8500000000000002, 0]","[0, 0]",10
77,"[2, 1]",70.14999999999816,"[76, 76]","[0, 0]","[0, 0]",10
78,"[0, 3]",149.94999999999985,"[74, 72]","[0, 0]","[0, 0]",10
79,"[2, 1]",76.3999999999978,"[77, 65]","[0, 0]","[0, 0]",10
0,"[2, 1]",36.45000000000007,"[-999, -999]","[0, 0]","[0, 0]",11
1,"[2, 1]",38.54999999999995,"[0, 0]","[0, 0]","[0, 0]",11
2,"[2, 1]",41.1499999999998,"[1, 1]","[0, 0]","[0, 0]",11
3,"[0, 1]",69.3999999999982,"[-999, 12]","[0, 0]","[0, 0]",11
4,"[2, 3]",68.69999999999824,"[2, -999]","[0, 0]","[0, 0]",11
5,"[2, 1]",38.14999999999997,"[4, 2]","[0, 0]","[0, 0]",11
6,"[2, 1]",40.699999999999825,"[5, 5]","[0, 0]","[0, 0]",11
7,"[0, 3]",97.29999999999661,"[3, 13]","[0, 0]","[0, 0]",11
8,"[0, 3]",105.64999999999614,"[7, 18]","[0, 0]","[0, 0]",11
9,"[2, 1]",37.10000000000003,"[6, 6]","[0, 0]","[0, 0]",11
10,"[2, 3]",69.94999999999817,"[9, 4]","[0, 0]","[0, 0]",11
11,"[0, 3]",107.54999999999603,"[8, 22]","[2.6499999999999986, 0]","[2.6499999999999986, 0]",11
12,"[2, 1]",36.95000000000004,"[10, 9]","[0, 0]","[0, 0]",11
13,"[2, 3]",70.54999999999814,"[12, 10]","[0, 0]","[0, 0]",11
14,"[0, 3]",104.14999999999623,"[11, 11]","[0, 0]","[0, 0]",11
15,"[2, 1]",39.84999999999987,"[13, 3]","[0, 0]","[0, 0]",11
16,"[2, 1]",42.34999999999973,"[15, 15]","[0, 0]","[0, 0]",11
17,"[0, 1]",68.44999999999825,"[14, 26]","[0, 0]","[0, 0]",11
18,"[2, 3]",72.79999999999801,"[16, 7]","[0, 0]","[0, 0]",11
19,"[0, 1]",72.54999999999802,"[17, 28]","[0, 0]","[0, 0]",11
20,"[0, 1]",74.34999999999792,"[19, 19]","[0, 0]","[0, 0]",11
21,"[0, 1]",80.94999999999754,"[20, 33]","[2.3, 0]","[2.3, 0]",11
22,"[2, 3]",71.99999999999805,"[18, 8]","[0, 0]","[0, 0]",11
23,"[0, 1]",93.9999999999968,"[21, 37]","[8.04999999999998, 0]","[8.04999999999998, 0]",11
24,"[2, 1]",36.75000000000005,"[22, -999]","[0, 0]","[0, 0]",11
25,"[0, 1]",91.84999999999692,"[23, 23]","[0, 0]","[0, 0]",11
26,"[2, 1]",36.80000000000005,"[24, 24]","[0, 0]","[0, 0]",11
27,"[0, 1]",95.7499999999967,"[25, 39]","[2.499999999999999, 0]","[2.499999999999999, 0]",11
28,"[2, 1]",43.04999999999969,"[26, 17]","[0, 0]","[0, 0]",11
29,"[0, 1]",94.54999999999677,"[27, 27]","[0, 0]","[0, 0]",11
30,"[0, 1]",96.69999999999665,"[29, 29]","[0, 0]","[0, 0]",11
31,"[0, 1]",103.84999999999624,"[30, 41]","[2.3999999999999995, 0]","[2.3999999999999995, 0]",11
32,"[0, 1]",105.49999999999615,"[31, 31]","[0, 0]","[0, 0]",11
33,"[2, 1]",43.04999999999969,"[28, 20]","[0, 0]","[0, 0]",11
34,"[2, 3]",73.24999999999798,"[33, 14]","[0, 0]","[0, 0]",11
35,"[2, 1]",46.99999999999947,"[34, 21]","[0, 0]","[0, 0]",11
36,"[2, 1]",48.599999999999376,"[35, 35]","[0, 0]","[0, 0]",11
37,"[2, 1]",49.9499999999993,"[36, 36]","[0, 0]","[0, 0]",11
38,"[0, 1]",98.34999999999656,"[32, 45]","[2.4499999999999993, 0]","[2.4499999999999993, 0]",11
39,"[2, 1]",59.149999999998776,"[37, 25]","[6.349999999999985, 0]","[6.349999999999985, 0]",11
40,"[0, 3]",129.14999999999512,"[38, 46]","[0, 0]","[0, 0]",11
41,"[2, 1]",72.74999999999801,"[39, 30]","[19.40000000000014, 0]","[12.450000000000042, 0]",11
42,"[2, 3]",102.59999999999631,"[41, -999]","[25.80000000000023, 0]","[1.5500000000000007, 0]",11
43,"[0, 1]",95.99999999999669,"[40, 38]","[0, 0]","[0, 0]",11
44,"[0, 1]",98.34999999999656,"[43, 43]","[0, 0]","[0, 0]",11
45,"[2, 1]",74.89999999999789,"[42, 32]","[22.000000000000178, 0]","[0, 0]",11
46,"[2, 3]",106.09999999999611,"[45, 42]","[28.850000000000275, 0]","[0.05, 0]",11
47,"[2, 3]",115.84999999999556,"[46, 40]","[29.85000000000029, 0]","[3.349999999999996, 0]",11
48,"[0, 3]",124.19999999999509,"[44, 49]","[0, 0]","[0, 0]",11
49,"[2, 3]",115.94999999999555,"[47, 47]","[24.40000000000021, 0]","[0, 0]",11
50,"[2, 3]",124.34999999999508,"[49, 48]","[26.000000000000234, 0]","[3.149999999999997, 0]",11
51,"[2, 3]",137.69999999999706,"[50, 54]","[28.200000000000266, 0]","[6.799999999999984, 0]",11
52,"[0, 1]",87.84999999999715,"[48, 44]","[0, 0]","[0, 0]",11
53,"[0, 3]",121.49999999999524,"[52, 50]","[0, 0]","[0, 0]",11
54,"[0, 3]",124.0499999999951,"[53, 53]","[0, 0]","[0, 0]",11
55,"[0, 1]",96.09999999999668,"[54, 52]","[0, 0]","[0, 0]",11
56,"[0, 1]",98.44999999999655,"[55, 55]","[0, 0]","[0, 0]",11
57,"[2, 1]",101.69999999999636,"[51, 56]","[11.450000000000028, 0]","[3.1999999999999966, 0]",11
58,"[0, 3]",128.2499999999949,"[56, 51]","[0, 0]","[0, 0]",11
59,"[2, 3]",137.29999999999697,"[57, 60]","[5.249999999999989, 0]","[0, 0]",11
60,"[0, 3]",128.89999999999506,"[58, 58]","[0, 0]","[0, 0]",11
61,"[0, 1]",101.44999999999638,"[60, 57]","[0, 0]","[0, 0]",11
62,"[2, 1]",120.19999999999531,"[59, 69]","[9.750000000000004, 0]","[9.750000000000004, 0]",11
63,"[0, 1]",100.9999999999964,"[61, 61]","[0, 0]","[0, 0]",11
64,"[0, 1]",103.29999999999627,"[63, 63]","[0, 0]","[0, 0]",11
65,"[2, 3]",147.24999999999923,"[62, 73]","[0, 0]","[0, 0]",11
66,"[2, 3]",150.54999999999998,"[65, 65]","[1.4000000000000006, 0]","[0, 0]",11
67,"[2, 1]",126.79999999999494,"[66, 77]","[2.8999999999999977, 0]","[0, 0]",11
68,"[2, 3]",157.6000000000016,"[67, 66]","[3.999999999999994, 0]","[0, 0]",11
69,"[0, 1]",94.59999999999677,"[64, 64]","[0, 0]","[0, 0]",11
70,"[2, 3]",158.90000000000188,"[68, 68]","[5.799999999999987, 0]","[0, 0]",11
71,"[2, 3]",162.20000000000263,"[70, 70]","[8.84999999999999, 0]","[0, 0]",11
72,"[2, 1]",133.69999999999615,"[71, 79]","[15.450000000000085, 0]","[0, 0]",11
73,"[0, 3]",118.6499999999954,"[69, 59]","[0, 0]","[0, 0]",11
74,"[0, 1]",92.14999999999691,"[73, 62]","[0, 0]","[0, 0]",11
75,"[0, 1]",94.34999999999678,"[74, 74]","[0, 0]","[0, 0]",11
76,"[2, 3]",160.05000000000214,"[72, 71]","[18.950000000000134, 0]","[0, 0]",11
77,"[0, 1]",93.9499999999968,"[75, 75]","[0, 0]","[0, 0]",11
78,"[2, 1]",130.04999999999532,"[76, 72]","[17.95000000000012, 0]","[0, 0]",11
79,"[0, 1]",97.94999999999658,"[77, 67]","[2.4499999999999993, 0]","[2.4499999999999993, 0]",11
0,"[0, 1]",68.69999999999824,"[-999, 9]","[0, 0]","[0, 0]",12
1,"[0, 3]",106.2499999999961,"[0, 11]","[2.6499999999999986, 0]","[2.6499999999999986, 0]",12
2,"[2, 3]",67.79999999999829,"[-999, -999]","[0, 0]","[0, 0]",12
3,"[2, 3]",71.2499999999981,"[2, 2]","[0, 0]","[0, 0]",12
4,"[2, 1]",38.79999999999993,"[3, -999]","[0, 0]","[0, 0]",12
5,"[0, 3]",100.34999999999644,"[1, 1]","[0, 0]","[0, 0]",12
6,"[0, 1]",72.34999999999803,"[5, -999]","[0, 0]","[0, 0]",12
7,"[0, 3]",109.59999999999592,"[6, 17]","[0, 0]","[0, 0]",12
8,"[0, 1]",80.34999999999758,"[7, 6]","[0, 0]","[0, 0]",12
9,"[2, 1]",36.500000000000064,"[4, 4]","[0, 0]","[0, 0]",12
10,"[2, 3]",69.54999999999819,"[9, 3]","[0, 0]","[0, 0]",12
11,"[2, 3]",73.049999999998,"[10, 10]","[0, 0]","[0, 0]",12
12,"[0, 1]",74.44999999999791,"[8, 8]","[0, 0]","[0, 0]",12
13,"[0, 1]",76.79999999999778,"[12, 12]","[0, 0]","[0, 0]",12
14,"[0, 1]",79.09999999999765,"[13, 13]","[0, 0]","[0, 0]",12
15,"[2, 3]",78.04999999999771,"[11, 5]","[2.3499999999999996, 0]","[2.3499999999999996, 0]",12
16,"[0, 3]",108.69999999999597,"[14, 24]","[0, 0]","[0, 0]",12
17,"[2, 3]",77.39999999999775,"[15, 15]","[0, 0]","[0, 0]",12
18,"[0, 1]",78.1499999999977,"[16, 25]","[0, 0]","[0, 0]",12
19,"[0, 3]",110.49999999999586,"[18, 16]","[0, 0]","[0, 0]",12
20,"[2, 3]",78.74999999999767,"[17, 7]","[3.099999999999997, 0]","[3.099999999999997, 0]",12
21,"[0, 1]",80.14999999999759,"[19, 26]","[0, 0]","[0, 0]",12
22,"[0, 1]",82.29999999999747,"[21, 21]","[0, 0]","[0, 0]",12
23,"[2, 3]",75.14999999999787,"[20, 20]","[0, 0]","[0, 0]",12
24,"[2, 3]",76.99999999999777,"[23, 23]","[0, 0]","[0, 0]",12
25,"[2, 1]",55.04999999999901,"[24, 14]","[6.749999999999984, 0]","[6.749999999999984, 0]",12
26,"[2, 1]",61.799999999998626,"[25, 18]","[0, 0]","[0, 0]",12
27,"[2, 1]",74.7499999999979,"[26, 22]","[6.749999999999984, 0]","[6.749999999999984, 0]",12
28,"[2, 3]",105.99999999999612,"[27, 19]","[25.60000000000023, 0]","[0.35, 0]",12
29,"[2, 3]",110.14999999999588,"[28, 28]","[25.65000000000023, 0]","[0, 0]",12
30,"[2, 1]",83.5999999999974,"[29, 33]","[23.300000000000196, 0]","[0, 0]",12
31,"[2, 3]",124.29999999999508,"[30, 38]","[23.850000000000204, 0]","[2.2, 0]",12
32,"[0, 1]",67.6999999999983,"[22, 27]","[0, 0]","[0, 0]",12
33,"[0, 1]",70.74999999999812,"[32, 32]","[0, 0]","[0, 0]",12
34,"[2, 3]",121.24999999999525,"[31, 31]","[20.05000000000015, 0]","[0, 0]",12
35,"[0, 3]",101.24999999999639,"[33, 29]","[0, 0]","[0, 0]",12
36,"[2, 3]",120.94999999999527,"[34, 34]","[18.400000000000126, 0]","[0, 0]",12
37,"[2, 1]",94.94999999999675,"[36, 45]","[16.900000000000105, 0]","[0, 0]",12
38,"[0, 3]",99.1999999999965,"[35, 35]","[0, 0]","[0, 0]",12
39,"[0, 1]",72.44999999999803,"[38, 30]","[0, 0]","[0, 0]",12
40,"[2, 3]",129.5499999999952,"[37, 48]","[14.900000000000077, 0]","[3.399999999999996, 0]",12
41,"[0, 1]",71.59999999999808,"[39, 39]","[0, 0]","[0, 0]",12
42,"[2, 1]",98.14999999999657,"[40, -999]","[8.249999999999982, 0]","[0, 0]",12
43,"[2, 1]",101.74999999999636,"[42, 42]","[6.999999999999983, 0]","[0, 0]",12
44,"[2, 1]",103.99999999999623,"[43, 43]","[5.699999999999988, 0]","[0, 0]",12
45,"[0, 1]",68.04999999999828,"[41, 41]","[0, 0]","[0, 0]",12
46,"[0, 3]",101.64999999999637,"[45, 36]","[0, 0]","[0, 0]",12
47,"[2, 1]",101.44999999999638,"[44, 44]","[1.5500000000000007, 0]","[0, 0]",12
48,"[0, 3]",101.89999999999635,"[46, 46]","[0, 0]","[0, 0]",12
49,"[2, 3]",132.39999999999586,"[47, 56]","[1.1000000000000003, 0]","[0, 0]",12
50,"[2, 1]",109.19999999999594,"[49, 63]","[2.6999999999999984, 0]","[0, 0]",12
51,"[2, 1]",110.79999999999585,"[50, 50]","[3.7499999999999947, 0]","[0, 0]",12
52,"[0, 3]",101.94999999999635,"[48, 40]","[0, 0]","[0, 0]",12
53,"[2, 1]",109.9499999999959,"[51, 51]","[4.449999999999992, 0]","[0, 0]",12
54,"[0, 3]",101.49999999999638,"[52, 52]","[0, 0]","[0, 0]",12
55,"[2, 1]",109.8999999999959,"[53, 53]","[3.949999999999994, 0]","[0, 0]",12
56,"[0, 3]",100.89999999999641,"[54, 54]","[0, 0]","[0, 0]",12
57,"[2, 3]",141.49999999999793,"[55, 71]","[6.649999999999984, 0]","[0, 0]",12
58,"[2, 1]",114.14999999999566,"[57, 72]","[10.100000000000009, 0]","[0, 0]",12
59,"[2, 3]",147.44999999999928,"[58, 57]","[12.550000000000043, 0]","[0, 0]",12
60,"[2, 3]",156.90000000000143,"[59, 76]","[13.900000000000063, 0]","[0, 0]",12
61,"[2, 3]",164.45000000000314,"[60, 79]","[14.650000000000073, 0]","[0, 0]",12
62,"[2, 1]",133.9499999999962,"[61, 78]","[15.700000000000088, 0]","[0, 0]",12
63,"[0, 1]",67.5999999999983,"[56, 47]","[0, 0]","[0, 0]",12
64,"[2, 1]",134.69999999999638,"[62, 62]","[17.400000000000112, 0]","[0, 0]",12
65,"[2, 3]",168.10000000000397,"[64, 61]","[18.65000000000013, 0]","[0, 0]",12
66,"[2, 1]",140.9999999999978,"[65, 64]","[20.10000000000015, 0]","[0, 0]",12
67,"[2, 3]",175.40000000000563,"[66, 65]","[21.40000000000017, 0]","[0, 0]",12
68,"[2, 3]",179.00000000000645,"[67, 67]","[22.20000000000018, 0]","[0, 0]",12
69,"[2, 1]",150.39999999999995,"[68, -999]","[21.650000000000173, 0]","[0, 0]",12
70,"[2, 1]",153.6500000000007,"[69, 69]","[21.150000000000166, 0]","[0, 0]",12
71,"[0, 3]",96.69999999999665,"[63, 49]","[0, 0]","[0, 0]",12
72,"[0, 1]",70.99999999999811,"[71, 55]","[0, 0]","[0, 0]",12
73,"[2, 1]",151.1000000000001,"[70, 70]","[21.000000000000163, 0]","[0, 0]",12
74,"[2, 1]",154.2000000000008,"[73, 73]","[20.900000000000162, 0]","[0, 0]",12
75,"[0, 1]",74.94999999999789,"[72, 58]","[3.1999999999999966, 0]","[3.1999999999999966, 0]",12
76,"[0, 3]",107.24999999999605,"[75, 59]","[0, 0]","[0, 0]",12
77,"[2, 1]",151.75000000000026,"[74, 74]","[21.050000000000164, 0]","[0, 0]",12
78,"[0, 1]",76.74999999999778,"[76, 75]","[0, 0]","[0, 0]",12
79,"[0, 3]",109.8499999999959,"[78, 60]","[0, 0]","[0, 0]",12
0,"[2, 3]",67.79999999999829,"[-999, -999]","[0, 0]","[0, 0]",13
1,"[2, 1]",37.6,"[0, -999]","[0, 0]","[0, 0]",13
2,"[2, 3]",70.69999999999813,"[1, 0]","[0, 0]","[0, 0]",13
3,"[0, 3]",96.94999999999663,"[-999, 8]","[0, 0]","[0, 0]",13
4,"[0, 1]",72.849999999998,"[3, 13]","[0, 0]","[0, 0]",13
5,"[0, 3]",105.39999999999615,"[4, 14]","[0, 0]","[0, 0]",13
6,"[0, 3]",108.149999999996,"[5, 5]","[0, 0]","[0, 0]",13
7,"[2, 3]",68.49999999999825,"[2, 2]","[0, 0]","[0, 0]",13
8,"[2, 3]",71.89999999999806,"[7, 7]","[0, 0]","[0, 0]",13
9,"[0, 1]",73.69999999999796,"[6, 19]","[0, 0]","[0, 0]",13
10,"[0, 3]",106.3999999999961,"[9, 6]","[0, 0]","[0, 0]",13
11,"[2, 1]",36.650000000000055,"[8, -999]","[0, 0]","[0, 0]",13
12,"[2, 1]",39.04999999999992,"[11, 11]","[0, 0]","[0, 0]",13
13,"[2, 1]",41.69999999999977,"[12, 12]","[0, 0]","[0, 0]",13
14,"[2, 3]",74.54999999999791,"[13, 3]","[0, 0]","[0, 0]",13
15,"[0, 1]",68.34999999999826,"[10, 24]","[0, 0]","[0, 0]",13
16,"[0, 3]",101.49999999999638,"[15, 10]","[0, 0]","[0, 0]",13
17,"[0, 3]",104.74999999999619,"[16, 16]","[0, 0]","[0, 0]",13
18,"[0, 3]",107.29999999999605,"[17, 17]","[0, 0]","[0, 0]",13
19,"[2, 1]",37.000000000000036,"[14, 4]","[0, 0]","[0, 0]",13
20,"[0, 1]",79.39999999999763,"[18, 32]","[2.0500000000000007, 0]","[2.0500000000000007, 0]",13
21,"[0, 3]",111.19999999999582,"[20, 18]","[0, 0]","[0, 0]",13
22,"[0, 1]",87.74999999999716,"[21, 37]","[0, 0]","[0, 0]",13
23,"[0, 1]",94.29999999999679,"[22, 38]","[2.3999999999999995, 0]","[2.3999999999999995, 0]",13
24,"[2, 1]",37.05000000000003,"[19, 9]","[0, 0]","[0, 0]",13
25,"[0, 3]",128.1999999999949,"[23, 42]","[2.8999999999999977, 0]","[2.8999999999999977, 0]",13
26,"[0, 3]",130.3999999999954,"[25, 25]","[0, 0]","[0, 0]",13
27,"[0, 1]",101.29999999999639,"[26, 46]","[0, 0]","[0, 0]",13
28,"[0, 1]",103.69999999999625,"[27, 27]","[0, 0]","[0, 0]",13
29,"[2, 1]",36.75000000000005,"[24, 15]","[0, 0]","[0, 0]",13
30,"[0, 1]",103.29999999999627,"[28, 28]","[0, 0]","[0, 0]",13
31,"[2, 1]",36.80000000000005,"[29, 29]","[0, 0]","[0, 0]",13
32,"[2, 1]",39.04999999999992,"[31, 31]","[0, 0]","[0, 0]",13
33,"[0, 1]",100.04999999999646,"[30, 30]","[0, 0]","[0, 0]",13
34,"[0, 1]",102.34999999999633,"[33, 33]","[0, 0]","[0, 0]",13
35,"[2, 1]",42.099999999999746,"[32, 20]","[0, 0]","[0, 0]",13
36,"[0, 3]",131.84999999999573,"[34, 48]","[0, 0]","[0, 0]",13
37,"[2, 1]",39.799999999999876,"[35, 35]","[0, 0]","[0, 0]",13
38,"[2, 1]",49.499999999999325,"[37, 22]","[1.5500000000000007, 0]","[1.5500000000000007, 0]",13
39,"[0, 3]",129.8999999999953,"[36, 36]","[0, 0]","[0, 0]",13
40,"[2, 3]",75.99999999999783,"[38, 21]","[0, 0]","[0, 0]",13
41,"[0, 3]",129.9999999999953,"[39, 39]","[0, 0]","[0, 0]",13
42,"[2, 3]",76.24999999999781,"[40, 40]","[0, 0]","[0, 0]",13
43,"[0, 1]",98.64999999999654,"[41, 53]","[0, 0]","[0, 0]",13
44,"[0, 1]",100.9999999999964,"[43, 43]","[0, 0]","[0, 0]",13
45,"[0, 1]",109.49999999999592,"[44, 54]","[1.4500000000000006, 0]","[1.4500000000000006, 0]",13
46,"[2, 1]",37.05000000000003,"[42, 23]","[0, 0]","[0, 0]",13
47,"[2, 3]",77.79999999999772,"[46, 26]","[3.4499999999999957, 0]","[3.4499999999999957, 0]",13
48,"[2, 3]",80.29999999999758,"[47, 47]","[0, 0]","[0, 0]",13
49,"[0, 1]",101.79999999999636,"[45, 45]","[0, 0]","[0, 0]",13
50,"[2, 1]",64.69999999999847,"[48, 34]","[9.750000000000004, 0]","[9.750000000000004, 0]",13
51,"[2, 1]",65.39999999999843,"[50, 50]","[0, 0]","[0, 0]",13
52,"[0, 1]",102.9499999999963,"[49, 63]","[2.499999999999999, 0]","[2.499999999999999, 0]",13
53,"[2, 1]",64.99999999999845,"[51, 51]","[0, 0]","[0, 0]",13
54,"[2, 1]",79.79999999999761,"[53, 44]","[22.25000000000018, 0]","[3.2499999999999964, 0]",13
55,"[0, 1]",104.84999999999619,"[52, 64]","[2.5999999999999988, 0]","[2.5999999999999988, 0]",13
56,"[0, 1]",105.39999999999615,"[55, 55]","[0, 0]","[0, 0]",13
57,"[0, 3]",136.5999999999968,"[56, 66]","[0, 0]","[0, 0]",13
58,"[0, 1]",109.64999999999591,"[57, 69]","[0, 0]","[0, 0]",13
59,"[0, 3]",143.44999999999837,"[58, 70]","[0.9500000000000003, 0]","[0, 0]",13
60,"[0, 1]",116.39999999999553,"[59, 72]","[1.4000000000000006, 0]","[0, 0]",13
61,"[0, 1]",118.19999999999543,"[60, 60]","[1.7500000000000009, 0]","[0, 0]",13
62,"[0, 1]",120.4499999999953,"[61, 61]","[2.1000000000000005, 0]","[0, 0]",13
63,"[2, 1]",69.09999999999822,"[54, 49]","[2.3, 0]","[2.3, 0]",13
64,"[2, 1]",74.7499999999979,"[63, 52]","[0, 0]","[0, 0]",13
65,"[0, 1]",122.04999999999521,"[62, 73]","[4.849999999999991, 0]","[2.4499999999999993, 0]",13
66,"[2, 3]",103.19999999999628,"[64, 41]","[0, 0]","[0, 0]",13
67,"[0, 3]",151.9500000000003,"[65, 78]","[2.6499999999999986, 0]","[0, 0]",13
68,"[0, 1]",124.34999999999508,"[67, 65]","[2.849999999999998, 0]","[0, 0]",13
69,"[2, 1]",73.69999999999796,"[66, 56]","[2.4499999999999993, 0]","[0, 0]",13
70,"[2, 3]",107.39999999999604,"[69, 57]","[17.400000000000112, 0]","[0, 0]",13
71,"[0, 1]",121.19999999999526,"[68, 68]","[3.049999999999997, 0]","[0, 0]",13
72,"[2, 1]",76.5499999999978,"[70, 58]","[15.050000000000079, 0]","[0, 0]",13
73,"[2, 1]",96.49999999999666,"[72, 62]","[23.400000000000198, 0]","[9.700000000000003, 0]",13
74,"[0, 1]",118.04999999999544,"[71, 71]","[3.2499999999999964, 0]","[0, 0]",13
75,"[0, 1]",120.29999999999531,"[74, 74]","[3.399999999999996, 0]","[0, 0]",13
76,"[0, 3]",152.60000000000045,"[75, 79]","[3.5499999999999954, 0]","[0, 0]",13
77,"[0, 1]",126.59999999999495,"[76, 75]","[3.999999999999994, 0]","[0, 0]",13
78,"[2, 3]",115.0999999999956,"[73, 59]","[2.499999999999999, 0]","[0, 0]",13
79,"[2, 3]",124.59999999999506,"[78, 67]","[1.6000000000000008, 0]","[0, 0]",13
0,"[2, 1]",36.45000000000007,"[-999, -999]","[0, 0]","[0, 0]",14
1,"[2, 3]",68.94999999999823,"[0, -999]","[0, 0]","[0, 0]",14
2,"[0, 3]",97.4999999999966,"[-999, 8]","[0, 0]","[0, 0]",14
3,"[2, 1]",36.75000000000005,"[1, 0]","[0, 0]","[0, 0]",14
4,"[2, 1]",39.14999999999991,"[3, 3]","[0, 0]","[0, 0]",14
5,"[2, 3]",70.39999999999814,"[4, 1]","[0, 0]","[0, 0]",14
6,"[2, 3]",73.79999999999795,"[5, 5]","[0, 0]","[0, 0]",14
7,"[0, 1]",67.6499999999983,"[2, 14]","[0, 0]","[0, 0]",14
8,"[2, 3]",73.74999999999795,"[6, 6]","[0, 0]","[0, 0]",14
9,"[0, 3]",99.69999999999648,"[7, 17]","[0, 0]","[0, 0]",14
10,"[0, 1]",72.59999999999802,"[9, 7]","[0, 0]","[0, 0]",14
11,"[2, 1]",36.80000000000005,"[8, -999]","[0, 0]","[0, 0]",14
12,"[2, 1]",39.3499999999999,"[11, 11]","[0, 0]","[0, 0]",14
13,"[0, 3]",109.04999999999595,"[10, 23]","[2.6999999999999984, 0]","[2.6999999999999984, 0]",14
14,"[2, 1]",38.34999999999996,"[12, 12]","[0, 0]","[0, 0]",14
15,"[0, 1]",86.79999999999721,"[13, 26]","[5.549999999999988, 0]","[5.549999999999988, 0]",14
16,"[2, 3]",68.69999999999824,"[14, 2]","[0, 0]","[0, 0]",14
17,"[2, 3]",71.99999999999805,"[16, 16]","[0, 0]","[0, 0]",14
18,"[0, 3]",110.89999999999584,"[15, 13]","[0, 0]","[0, 0]",14
19,"[0, 1]",84.04999999999737,"[18, 28]","[0, 0]","[0, 0]",14
20,"[0, 3]",118.24999999999542,"[19, 29]","[0, 0]","[0, 0]",14
21,"[2, 3]",71.89999999999806,"[17, 9]","[0, 0]","[0, 0]",14
22,"[2, 3]",74.09999999999793,"[21, 21]","[0, 0]","[0, 0]",14
23,"[2, 3]",76.29999999999781,"[22, 22]","[0, 0]","[0, 0]",14
24,"[2, 1]",46.849999999999476,"[23, 10]","[0, 0]","[0, 0]",14
25,"[2, 1]",49.149999999999345,"[24, 24]","[0, 0]","[0, 0]",14
26,"[2, 1]",51.04999999999924,"[25, 25]","[0, 0]","[0, 0]",14
27,"[0, 3]",104.29999999999622,"[20, 20]","[0, 0]","[0, 0]",14
28,"[2, 1]",55.09999999999901,"[26, 15]","[3.399999999999996, 0]","[3.399999999999996, 0]",14
29,"[2, 3]",87.64999999999716,"[28, 18]","[5.949999999999987, 0]","[2.5999999999999988, 0]",14
30,"[2, 1]",60.14999999999872,"[29, 19]","[9.950000000000006, 0]","[1.4500000000000006, 0]",14
31,"[2, 3]",98.34999999999656,"[30, 27]","[10.350000000000012, 0]","[0, 0]",14
32,"[2, 1]",68.09999999999827,"[31, 30]","[16.850000000000104, 0]","[0.05, 0]",14
33,"[2, 3]",99.74999999999648,"[32, 31]","[14.45000000000007, 0]","[0, 0]",14
34,"[2, 3]",102.7499999999963,"[33, 33]","[12.750000000000046, 0]","[0, 0]",14
35,"[2, 3]",105.59999999999614,"[34, 34]","[11.150000000000023, 0]","[0, 0]",14
36,"[2, 1]",76.94999999999777,"[35, -999]","[9.700000000000003, 0]","[0, 0]",14
37,"[2, 1]",91.74999999999693,"[36, 41]","[14.900000000000077, 0]","[6.649999999999984, 0]",14
38,"[0, 3]",102.7999999999963,"[27, 35]","[2.3999999999999995, 0]","[2.3999999999999995, 0]",14
39,"[2, 3]",122.69999999999517,"[37, 46]","[6.749999999999984, 0]","[0, 0]",14
40,"[0, 1]",72.64999999999802,"[38, 36]","[0, 0]","[0, 0]",14
41,"[0, 1]",74.5999999999979,"[40, 40]","[0, 0]","[0, 0]",14
42,"[2, 1]",88.19999999999713,"[39, 37]","[5.299999999999989, 0]","[0, 0]",14
43,"[2, 3]",123.19999999999514,"[42, 47]","[3.8499999999999943, 0]","[0, 0]",14
44,"[2, 3]",131.89999999999574,"[43, 51]","[5.599999999999988, 0]","[3.1999999999999966, 0]",14
45,"[2, 1]",108.99999999999595,"[44, 55]","[2.2, 0]","[0, 0]",14
46,"[0, 3]",97.34999999999661,"[41, 38]","[0, 0]","[0, 0]",14
47,"[0, 3]",106.14999999999611,"[46, 39]","[2.3499999999999996, 0]","[2.3499999999999996, 0]",14
48,"[2, 3]",136.69999999999683,"[45, 58]","[2.6999999999999984, 0]","[0, 0]",14
49,"[0, 1]",76.14999999999782,"[47, 42]","[0, 0]","[0, 0]",14
50,"[2, 3]",137.14999999999694,"[48, 48]","[4.99999999999999, 0]","[0, 0]",14
51,"[0, 3]",106.94999999999607,"[49, 43]","[0, 0]","[0, 0]",14
52,"[2, 1]",105.99999999999612,"[50, 63]","[6.249999999999986, 0]","[0, 0]",14
53,"[2, 1]",108.99999999999595,"[52, 52]","[13.200000000000053, 0]","[0, 0]",14
54,"[0, 1]",73.44999999999797,"[51, 49]","[0, 0]","[0, 0]",14
55,"[0, 1]",75.69999999999784,"[54, 54]","[0, 0]","[0, 0]",14
56,"[2, 1]",111.84999999999579,"[53, 69]","[10.15000000000001, 0]","[0, 0]",14
57,"[2, 1]",117.59999999999546,"[56, 73]","[9.349999999999998, 0]","[0, 0]",14
58,"[0, 3]",102.7499999999963,"[55, 44]","[0, 0]","[0, 0]",14
59,"[2, 1]",115.74999999999557,"[57, 57]","[7.79999999999998, 0]","[0, 0]",14
60,"[2, 3]",149.2499999999997,"[59, 74]","[8.349999999999984, 0]","[0, 0]",14
61,"[2, 1]",126.19999999999497,"[60, 77]","[8.499999999999986, 0]","[0, 0]",14
62,"[2, 3]",157.85000000000164,"[61, 60]","[7.699999999999981, 0]","[0, 0]",14
63,"[0, 1]",67.84999999999829,"[58, 45]","[0, 0]","[0, 0]",14
64,"[2, 3]",158.70000000000184,"[62, 62]","[7.99999999999998, 0]","[0, 0]",14
65,"[2, 3]",161.85000000000255,"[64, 64]","[10.050000000000008, 0]","[0, 0]",14
66,"[2, 1]",133.34999999999607,"[65, -999]","[12.700000000000045, 0]","[0, 0]",14
67,"[2, 1]",136.64999999999682,"[66, 66]","[14.000000000000064, 0]","[0, 0]",14
68,"[0, 3]",97.24999999999662,"[63, 50]","[0, 0]","[0, 0]",14
69,"[0, 1]",70.74999999999812,"[68, 53]","[0, 0]","[0, 0]",14
70,"[2, 3]",164.60000000000318,"[67, 65]","[14.950000000000077, 0]","[0, 0]",14
71,"[2, 1]",137.69999999999706,"[70, 67]","[15.650000000000087, 0]","[0, 0]",14
72,"[2, 3]",171.90000000000484,"[71, 70]","[16.200000000000095, 0]","[0, 0]",14
73,"[0, 1]",68.64999999999824,"[69, 56]","[0, 0]","[0, 0]",14
74,"[0, 3]",101.29999999999639,"[73, 68]","[0, 0]","[0, 0]",14
75,"[2, 1]",139.1999999999974,"[72, 71]","[16.700000000000102, 0]","[0, 0]",14
76,"[0, 1]",76.09999999999782,"[74, 59]","[0, 0]","[0, 0]",14
77,"[0, 1]",77.34999999999775,"[76, 76]","[0, 0]","[0, 0]",14
78,"[2, 1]",137.24999999999696,"[75, 75]","[15.300000000000082, 0]","[0, 0]",14
79,"[2, 3]",170.30000000000447,"[78, 72]","[15.350000000000083, 0]","[0, 0]",14
0,"[0, 3]",103.99999999999623,"[-999, 9]","[0, 0]","[2.6499999999999986, 0]",15
1,"[2, 3]",67.79999999999829,"[-999, -999]","[0, 0]","[0, 0]",15
2,"[2, 1]",37.6,"[1, -999]","[0, 0]","[0, 0]",15
3,"[0, 1]",68.34999999999826,"[0, 11]","[0, 0]","[0, 0]",15
4,"[2, 1]",36.95000000000004,"[2, 2]","[0, 0]","[0, 0]",15
5,"[2, 1]",39.24999999999991,"[4, 4]","[0, 0]","[0, 0]",15
6,"[2, 3]",70.24999999999815,"[5, 1]","[0, 0]","[0, 0]",15
7,"[2, 3]",73.74999999999795,"[6, 6]","[0, 0]","[0, 0]",15
8,"[0, 1]",71.54999999999808,"[3, 14]","[0, 0]","[0, 0]",15
9,"[2, 3]",73.64999999999796,"[7, 7]","[0, 0]","[0, 0]",15
10,"[0, 1]",75.74999999999784,"[8, 17]","[2.1500000000000004, 0]","[2.1500000000000004, 0]",15
11,"[2, 1]",41.049999999999805,"[9, -999]","[0, 0]","[0, 0]",15
12,"[2, 1]",49.8999999999993,"[11, 3]","[3.349999999999996, 0]","[3.349999999999996, 0]",15
13,"[0, 1]",71.2499999999981,"[10, 10]","[0, 0]","[0, 0]",15
14,"[2, 1]",49.34999999999933,"[12, 12]","[0, 0]","[0, 0]",15
15,"[0, 3]",100.69999999999642,"[13, 0]","[0, 0]","[0, 0]",15
16,"[0, 1]",73.54999999999797,"[15, 18]","[0, 0]","[0, 0]",15
17,"[2, 1]",52.499999999999154,"[14, 8]","[2.799999999999998, 0]","[2.799999999999998, 0]",15
18,"[2, 1]",63.549999999998526,"[17, 13]","[9.900000000000006, 0]","[9.900000000000006, 0]",15
19,"[2, 1]",71.49999999999808,"[18, 16]","[19.45000000000014, 0]","[5.4999999999999885, 0]",15
20,"[0, 3]",98.54999999999654,"[16, 15]","[0, 0]","[0, 0]",15
21,"[2, 1]",70.54999999999814,"[19, 19]","[16.800000000000104, 0]","[0, 0]",15
22,"[2, 3]",102.8999999999963,"[21, 20]","[20.15000000000015, 0]","[0, 0]",15
23,"[2, 3]",106.3499999999961,"[22, 22]","[23.400000000000198, 0]","[0, 0]",15
24,"[2, 1]",77.44999999999774,"[23, 21]","[21.050000000000164, 0]","[0, 0]",15
25,"[2, 1]",80.89999999999755,"[24, 24]","[19.45000000000014, 0]","[0, 0]",15
26,"[0, 3]",103.89999999999624,"[20, 23]","[2.799999999999998, 0]","[2.799999999999998, 0]",15
27,"[2, 1]",87.0999999999972,"[25, 29]","[17.85000000000012, 0]","[0, 0]",15
28,"[0, 3]",103.44999999999627,"[26, 26]","[0, 0]","[0, 0]",15
29,"[0, 1]",76.59999999999779,"[28, 25]","[0, 0]","[0, 0]",15
30,"[2, 1]",82.79999999999744,"[27, 27]","[13.00000000000005, 0]","[0, 0]",15
31,"[2, 1]",85.64999999999728,"[30, 30]","[11.750000000000032, 0]","[0, 0]",15
32,"[2, 3]",121.64999999999523,"[31, 38]","[10.300000000000011, 0]","[0, 0]",15
33,"[0, 3]",100.24999999999645,"[29, 28]","[0, 0]","[0, 0]",15
34,"[2, 1]",90.99999999999697,"[32, 39]","[8.449999999999985, 0]","[0, 0]",15
35,"[2, 3]",129.0499999999951,"[34, 42]","[6.999999999999983, 0]","[0, 0]",15
36,"[0, 3]",98.64999999999654,"[33, 33]","[0, 0]","[0, 0]",15
37,"[2, 1]",104.29999999999622,"[35, 44]","[7.7499999999999805, 0]","[3.2999999999999963, 0]",15
38,"[0, 3]",99.3999999999965,"[36, 36]","[0, 0]","[0, 0]",15
39,"[0, 1]",72.54999999999802,"[38, 31]","[0, 0]","[0, 0]",15
40,"[0, 3]",105.19999999999617,"[39, 32]","[0, 0]","[0, 0]",15
41,"[2, 3]",144.9499999999987,"[37, 51]","[9.600000000000001, 0]","[9.600000000000001, 0]",15
42,"[0, 3]",104.79999999999619,"[40, 40]","[0, 0]","[0, 0]",15
43,"[0, 1]",76.69999999999779,"[42, 34]","[0, 0]","[0, 0]",15
44,"[0, 1]",78.99999999999766,"[43, 43]","[0, 0]","[0, 0]",15
45,"[0, 3]",111.6499999999958,"[44, 35]","[0, 0]","[0, 0]",15
46,"[0, 3]",114.99999999999561,"[45, 45]","[0, 0]","[0, 0]",15
47,"[2, 1]",100.29999999999644,"[41, -999]","[0, 0]","[0, 0]",15
48,"[2, 1]",109.9499999999959,"[47, 53]","[0, 0]","[0, 0]",15
49,"[0, 3]",112.29999999999576,"[46, 46]","[0, 0]","[0, 0]",15
50,"[2, 3]",145.84999999999891,"[48, 57]","[3.2999999999999963, 0]","[3.2999999999999963, 0]",15
51,"[0, 3]",112.04999999999578,"[49, 49]","[0, 0]","[0, 0]",15
52,"[0, 3]",119.69999999999534,"[51, 41]","[2.4499999999999993, 0]","[2.4499999999999993, 0]",15
53,"[0, 1]",90.84999999999698,"[52, 47]","[0, 0]","[0, 0]",15
54,"[2, 1]",108.79999999999596,"[50, 59]","[0, 0]","[0, 0]",15
55,"[2, 1]",111.94999999999578,"[54, 54]","[0, 0]","[0, 0]",15
56,"[0, 3]",117.29999999999548,"[53, 52]","[0, 0]","[0, 0]",15
57,"[0, 3]",120.64999999999529,"[56, 56]","[0, 0]","[0, 0]",15
58,"[2, 3]",144.8999999999987,"[55, 71]","[0.8500000000000002, 0]","[0, 0]",15
59,"[0, 1]",90.39999999999701,"[57, 48]","[0, 0]","[0, 0]",15
60,"[2, 3]",154.1500000000008,"[58, 77]","[5.849999999999987, 0]","[2.6999999999999984, 0]",15
61,"[0, 3]",121.04999999999526,"[59, 50]","[0, 0]","[0, 0]",15
62,"[2, 1]",120.29999999999531,"[60, -999]","[5.699999999999988, 0]","[0, 0]",15
63,"[2, 3]",155.9000000000012,"[62, 78]","[10.25000000000001, 0]","[0, 0]",15
64,"[0, 3]",118.09999999999543,"[61, 61]","[0, 0]","[0, 0]",15
65,"[2, 1]",124.24999999999508,"[63, 62]","[15.750000000000089, 0]","[0, 0]",15
66,"[2, 1]",127.64999999999489,"[65, 65]","[16.950000000000106, 0]","[0, 0]",15
67,"[2, 1]",130.59999999999545,"[66, 66]","[18.950000000000134, 0]","[0, 0]",15
68,"[2, 3]",164.05000000000305,"[67, 63]","[20.400000000000155, 0]","[0, 0]",15
69,"[2, 3]",168.10000000000397,"[68, 68]","[21.300000000000168, 0]","[0, 0]",15
70,"[2, 3]",171.45000000000474,"[69, 69]","[22.350000000000183, 0]","[0, 0]",15
71,"[0, 3]",103.99999999999623,"[64, 64]","[0, 0]","[0, 0]",15
72,"[2, 3]",171.85000000000483,"[70, 70]","[22.20000000000018, 0]","[0, 0]",15
73,"[0, 3]",108.54999999999598,"[71, 58]","[2.549999999999999, 0]","[2.549999999999999, 0]",15
74,"[2, 3]",172.25000000000492,"[72, 72]","[22.400000000000183, 0]","[0, 0]",15
75,"[2, 3]",175.40000000000563,"[74, 74]","[22.90000000000019, 0]","[0, 0]",15
76,"[2, 1]",146.79999999999913,"[75, -999]","[22.350000000000183, 0]","[0, 0]",15
77,"[0, 3]",102.34999999999633,"[73, 73]","[0, 0]","[0, 0]",15
78,"[0, 3]",109.54999999999592,"[77, 60]","[2.499999999999999, 0]","[2.499999999999999, 0]",15
79,"[2, 3]",175.95000000000576,"[76, 75]","[18.55000000000013, 0]","[0, 0]",15
0,"[2, 3]",67.79999999999829,"[-999, -999]","[0, 0]","[0, 0]",16
1,"[0, 1]",67.44999999999831,"[-999, 8]","[0, 0]","[0, 0]",16
2,"[0, 3]",100.94999999999641,"[1, 10]","[0, 0]","[0, 0]",16
3,"[0, 3]",104.14999999999623,"[2, 2]","[0, 0]","[0, 0]",16
4,"[2, 1]",36.500000000000064,"[0, -999]","[0, 0]","[0, 0]",16
5,"[2, 3]",69.54999999999819,"[4, 0]","[0, 0]","[0, 0]",16
6,"[0, 3]",106.4499999999961,"[3, 14]","[2.7499999999999982, 0]","[2.7499999999999982, 0]",16
7,"[0, 1]",77.59999999999773,"[6, 15]","[0, 0]","[0, 0]",16
8,"[2, 1]",36.55000000000006,"[5, 4]","[0, 0]","[0, 0]",16
9,"[0, 1]",76.84999999999778,"[7, 7]","[0, 0]","[0, 0]",16
10,"[2, 3]",68.34999999999826,"[8, 5]","[0, 0]","[0, 0]",16
11,"[2, 1]",46.349999999999504,"[10, 1]","[3.5499999999999954, 0]","[3.5499999999999954, 0]",16
12,"[2, 1]",48.54999999999938,"[11, 11]","[0, 0]","[0, 0]",16
13,"[0, 3]",100.9999999999964,"[9, 6]","[0, 0]","[0, 0]",16
14,"[2, 3]",79.24999999999764,"[12, 3]","[0, 0]","[0, 0]",16
15,"[2, 1]",50.29999999999928,"[14, 12]","[0, 0]","[0, 0]",16
16,"[2, 1]",63.899999999998506,"[15, 9]","[2.9999999999999973, 0]","[2.9999999999999973, 0]",16
17,"[0, 3]",102.09999999999634,"[13, 18]","[0, 0]","[0, 0]",16
18,"[2, 3]",93.69999999999682,"[16, 13]","[0, 0]","[0, 0]",16
19,"[2, 1]",65.14999999999844,"[18, 16]","[17.95000000000012, 0]","[0.1, 0]",16
20,"[0, 3]",99.3499999999965,"[17, 17]","[0, 0]","[0, 0]",16
21,"[0, 3]",102.04999999999634,"[20, 20]","[0, 0]","[0, 0]",16
22,"[2, 1]",63.049999999998555,"[19, 19]","[14.40000000000007, 0]","[0, 0]",16
23,"[0, 1]",72.44999999999803,"[21, 25]","[0, 0]","[0, 0]",16
24,"[0, 3]",104.89999999999618,"[23, 21]","[0, 0]","[0, 0]",16
25,"[2, 1]",60.599999999998694,"[22, 22]","[7.249999999999982, 0]","[0, 0]",16
26,"[0, 1]",75.04999999999788,"[24, 28]","[0, 0]","[0, 0]",16
27,"[0, 1]",77.39999999999775,"[26, 26]","[0, 0]","[0, 0]",16
28,"[2, 1]",64.69999999999847,"[25, 23]","[4.149999999999993, 0]","[3.2499999999999964, 0]",16
29,"[2, 1]",83.14999999999742,"[28, 32]","[9.950000000000006, 0]","[9.950000000000006, 0]",16
30,"[2, 1]",83.69999999999739,"[29, 29]","[0, 0]","[0, 0]",16
31,"[2, 1]",102.9499999999963,"[30, 37]","[9.850000000000005, 0]","[9.850000000000005, 0]",16
32,"[0, 1]",68.44999999999825,"[27, 27]","[0, 0]","[0, 0]",16
33,"[0, 3]",101.34999999999638,"[32, 24]","[0, 0]","[0, 0]",16
34,"[0, 1]",78.64999999999768,"[33, 30]","[1.950000000000001, 0]","[1.950000000000001, 0]",16
35,"[0, 1]",80.64999999999756,"[34, 34]","[0, 0]","[0, 0]",16
36,"[2, 1]",92.54999999999688,"[31, 31]","[0, 0]","[0, 0]",16
37,"[0, 1]",80.14999999999759,"[35, 35]","[0, 0]","[0, 0]",16
38,"[2, 3]",122.69999999999517,"[36, 39]","[0, 0]","[0, 0]",16
39,"[0, 3]",109.54999999999592,"[37, 33]","[0, 0]","[0, 0]",16
40,"[2, 1]",96.99999999999663,"[38, 46]","[0, 0]","[0, 0]",16
41,"[2, 1]",109.44999999999592,"[40, 48]","[4.099999999999993, 0]","[2.8999999999999977, 0]",16
42,"[0, 1]",82.64999999999745,"[39, 36]","[3.099999999999997, 0]","[3.099999999999997, 0]",16
43,"[2, 1]",112.44999999999575,"[41, 49]","[2.7499999999999982, 0]","[0, 0]",16
44,"[2, 3]",143.1499999999983,"[43, 38]","[9.900000000000006, 0]","[0, 0]",16
45,"[2, 1]",120.4499999999953,"[44, 52]","[8.949999999999992, 0]","[0, 0]",16
46,"[0, 1]",75.69999999999784,"[42, 42]","[0, 0]","[0, 0]",16
47,"[0, 1]",82.14999999999748,"[46, 40]","[2.4499999999999993, 0]","[2.4499999999999993, 0]",16
48,"[0, 1]",83.94999999999737,"[47, 47]","[0, 0]","[0, 0]",16
49,"[0, 1]",91.09999999999697,"[48, 41]","[2.499999999999999, 0]","[2.499999999999999, 0]",16
50,"[0, 1]",97.74999999999659,"[49, 43]","[2.6999999999999984, 0]","[2.6999999999999984, 0]",16
51,"[2, 3]",137.69999999999706,"[45, 44]","[0, 0]","[0, 0]",16
52,"[0, 1]",96.39999999999667,"[50, 50]","[0, 0]","[0, 0]",16
53,"[2, 3]",138.94999999999735,"[51, 51]","[1.900000000000001, 0]","[0, 0]",16
54,"[2, 1]",110.89999999999584,"[53, 58]","[5.299999999999989, 0]","[0, 0]",16
55,"[2, 1]",113.99999999999567,"[54, 54]","[5.899999999999987, 0]","[0, 0]",16
56,"[2, 3]",148.19999999999945,"[55, 66]","[6.749999999999984, 0]","[0, 0]",16
57,"[0, 1]",91.89999999999692,"[52, 45]","[2.4499999999999993, 0]","[2.4499999999999993, 0]",16
58,"[0, 1]",93.69999999999682,"[57, 57]","[0, 0]","[0, 0]",16
59,"[2, 1]",119.29999999999536,"[56, 71]","[12.150000000000038, 0]","[0, 0]",16
60,"[2, 1]",120.19999999999531,"[59, 59]","[13.950000000000063, 0]","[0, 0]",16
61,"[2, 1]",128.44999999999496,"[60, 75]","[14.550000000000072, 0]","[0, 0]",16
62,"[0, 3]",120.14999999999532,"[58, 53]","[0, 0]","[0, 0]",16
63,"[2, 1]",127.09999999999492,"[61, 61]","[14.800000000000075, 0]","[0, 0]",16
64,"[2, 3]",160.85000000000232,"[63, 78]","[21.55000000000017, 0]","[0, 0]",16
65,"[2, 1]",133.54999999999612,"[64, 63]","[21.55000000000017, 0]","[0, 0]",16
66,"[0, 3]",114.44999999999564,"[62, 62]","[0, 0]","[0, 0]",16
67,"[2, 3]",165.00000000000327,"[65, 64]","[20.550000000000157, 0]","[0, 0]",16
68,"[2, 3]",168.90000000000416,"[67, 67]","[21.050000000000164, 0]","[0, 0]",16
69,"[0, 1]",82.24999999999747,"[66, 55]","[0, 0]","[0, 0]",16
70,"[2, 1]",137.8499999999971,"[68, -999]","[22.15000000000018, 0]","[0, 0]",16
71,"[0, 1]",81.14999999999753,"[69, 69]","[0, 0]","[0, 0]",16
72,"[0, 3]",113.24999999999571,"[71, 56]","[0, 0]","[0, 0]",16
73,"[2, 3]",166.4500000000036,"[70, 68]","[22.95000000000019, 0]","[0, 0]",16
74,"[2, 3]",170.25000000000446,"[73, 73]","[22.650000000000187, 0]","[0, 0]",16
75,"[0, 1]",86.34999999999724,"[72, 60]","[3.4999999999999956, 0]","[3.4999999999999956, 0]",16
76,"[2, 1]",139.1999999999974,"[74, -999]","[20.600000000000158, 0]","[0, 0]",16
77,"[2, 1]",142.54999999999816,"[76, 76]","[20.00000000000015, 0]","[0, 0]",16
78,"[0, 3]",110.64999999999586,"[75, 72]","[0, 0]","[0, 0]",16
79,"[2, 1]",142.84999999999823,"[77, 77]","[18.65000000000013, 0]","[0, 0]",16
0,"[2, 1]",36.45000000000007,"[-999, -999]","[0, 0]","[0, 0]",17
1,"[0, 1]",75.99999999999783,"[-999, 11]","[0, 0]","[3.599999999999995, 0]",17
2,"[2, 3]",67.94999999999828,"[0, -999]","[0, 0]","[0, 0]",17
3,"[0, 3]",103.54999999999626,"[1, 9]","[0, 0]","[0, 0]",17
4,"[0, 1]",81.49999999999751,"[3, 14]","[2.549999999999999, 0]","[2.549999999999999, 0]",17
5,"[0, 1]",88.04999999999714,"[4, 18]","[2.4499999999999993, 0]","[2.4499999999999993, 0]",17
6,"[0, 1]",89.64999999999705,"[5, 5]","[0, 0]","[0, 0]",17
7,"[0, 1]",91.84999999999692,"[6, 6]","[0, 0]","[0, 0]",17
8,"[0, 3]",130.4499999999954,"[7, 26]","[2.6499999999999986, 0]","[2.6499999999999986, 0]",17
9,"[2, 3]",68.09999999999827,"[2, 2]","[0, 0]","[0, 0]",17
10,"[2, 1]",37.65,"[9, -999]","[0, 0]","[0, 0]",17
11,"[2, 1]",40.199999999999854,"[10, 10]","[0, 0]","[0, 0]",17
12,"[2, 1]",50.44999999999927,"[11, 1]","[2.2, 0]","[2.2, 0]",17
13,"[0, 1]",89.89999999999704,"[8, 7]","[0, 0]","[0, 0]",17
14,"[2, 1]",48.64999999999937,"[12, 12]","[0, 0]","[0, 0]",17
15,"[0, 1]",94.59999999999677,"[13, 30]","[2.549999999999999, 0]","[2.549999999999999, 0]",17
16,"[0, 3]",127.3499999999949,"[15, 31]","[0, 0]","[0, 0]",17
17,"[0, 1]",99.44999999999649,"[16, 15]","[0, 0]","[0, 0]",17
18,"[2, 1]",48.74999999999937,"[14, 4]","[1.5000000000000007, 0]","[1.5000000000000007, 0]",17
19,"[2, 3]",78.04999999999771,"[18, 3]","[0, 0]","[0, 0]",17
20,"[0, 3]",126.99999999999493,"[17, 33]","[0, 0]","[0, 0]",17
21,"[2, 3]",78.69999999999767,"[19, 19]","[2.7499999999999982, 0]","[2.7499999999999982, 0]",17
22,"[0, 1]",96.04999999999669,"[20, 17]","[0, 0]","[0, 0]",17
23,"[0, 3]",129.0999999999951,"[22, 34]","[0, 0]","[0, 0]",17
24,"[0, 1]",100.89999999999641,"[23, 22]","[0, 0]","[0, 0]",17
25,"[2, 3]",73.09999999999799,"[21, 21]","[0, 0]","[0, 0]",17
26,"[2, 3]",75.54999999999785,"[25, 25]","[0, 0]","[0, 0]",17
27,"[2, 3]",83.24999999999741,"[26, 8]","[1.6000000000000008, 0]","[1.6000000000000008, 0]",17
28,"[0, 1]",94.94999999999675,"[24, 24]","[0, 0]","[0, 0]",17
29,"[0, 3]",129.0999999999951,"[28, 38]","[0, 0]","[0, 0]",17
30,"[2, 1]",49.699999999999314,"[27, 13]","[3.149999999999997, 0]","[3.149999999999997, 0]",17
31,"[2, 3]",80.09999999999759,"[30, 27]","[0, 0]","[0, 0]",17
32,"[0, 3]",126.09999999999498,"[29, 29]","[0, 0]","[0, 0]",17
33,"[2, 3]",86.04999999999725,"[31, 16]","[0, 0]","[0, 0]",17
34,"[2, 3]",93.64999999999682,"[33, 20]","[9.900000000000006, 0]","[1.0000000000000002, 0]",17
35,"[0, 1]",92.2499999999969,"[32, 39]","[0, 0]","[0, 0]",17
36,"[2, 3]",98.79999999999653,"[34, 23]","[12.250000000000039, 0]","[3.399999999999996, 0]",17
37,"[0, 1]",91.84999999999692,"[35, 35]","[0, 0]","[0, 0]",17
38,"[2, 3]",98.84999999999653,"[36, 36]","[13.00000000000005, 0]","[0, 0]",17
39,"[2, 1]",70.14999999999816,"[38, 28]","[10.750000000000018, 0]","[0, 0]",17
40,"[0, 1]",94.1499999999968,"[37, 42]","[2.6999999999999984, 0]","[2.6999999999999984, 0]",17
41,"[2, 3]",106.49999999999609,"[39, 32]","[7.84999999999998, 0]","[0, 0]",17
42,"[2, 1]",83.84999999999738,"[41, 37]","[6.399999999999985, 0]","[0, 0]",17
43,"[0, 3]",121.74999999999523,"[40, 44]","[0, 0]","[0, 0]",17
44,"[2, 3]",112.24999999999577,"[42, 41]","[3.699999999999995, 0]","[0, 0]",17
45,"[2, 1]",85.2499999999973,"[44, 40]","[2.3, 0]","[0, 0]",17
46,"[0, 3]",118.89999999999539,"[43, 43]","[0, 0]","[0, 0]",17
47,"[2, 3]",121.34999999999525,"[45, 46]","[0.7500000000000001, 0]","[0, 0]",17
48,"[2, 1]",90.649999999997,"[47, 45]","[2.2, 0]","[0, 0]",17
49,"[2, 1]",105.64999999999614,"[48, 53]","[6.099999999999986, 0]","[3.2999999999999963, 0]",17
50,"[0, 3]",117.84999999999545,"[46, 47]","[2.3999999999999995, 0]","[2.3999999999999995, 0]",17
51,"[0, 1]",89.84999999999704,"[50, 48]","[0, 0]","[0, 0]",17
52,"[2, 3]",143.69999999999843,"[49, 56]","[9.700000000000003, 0]","[6.549999999999985, 0]",17
53,"[0, 1]",88.54999999999711,"[51, 51]","[0, 0]","[0, 0]",17
54,"[0, 3]",120.69999999999528,"[53, 50]","[0, 0]","[0, 0]",17
55,"[0, 3]",124.24999999999508,"[54, 54]","[0, 0]","[0, 0]",17
56,"[0, 3]",127.04999999999492,"[55, 55]","[0, 0]","[0, 0]",17
57,"[0, 1]",99.3499999999965,"[56, 49]","[0, 0]","[0, 0]",17
58,"[2, 1]",107.69999999999602,"[52, 59]","[4.099999999999993, 0]","[3.2499999999999964, 0]",17
59,"[0, 1]",98.94999999999652,"[57, 57]","[0, 0]","[0, 0]",17
60,"[0, 3]",131.44999999999564,"[59, 52]","[0, 0]","[0, 0]",17
61,"[0, 3]",134.8499999999964,"[60, 60]","[0, 0]","[0, 0]",17
62,"[0, 1]",107.44999999999604,"[61, 65]","[0, 0]","[0, 0]",17
63,"[0, 1]",109.59999999999592,"[62, 62]","[0, 0]","[0, 0]",17
64,"[0, 1]",111.84999999999579,"[63, 63]","[0, 0]","[0, 0]",17
65,"[2, 1]",92.94999999999686,"[58, 58]","[0, 0]","[0, 0]",17
66,"[2, 3]",127.24999999999491,"[65, 61]","[0, 0]","[0, 0]",17
67,"[2, 3]",130.49999999999542,"[66, 66]","[0, 0]","[0, 0]",17
68,"[2, 3]",133.64999999999614,"[67, 67]","[0, 0]","[0, 0]",17
69,"[2, 3]",136.74999999999685,"[68, 68]","[1.1500000000000004, 0]","[0, 0]",17
70,"[0, 1]",100.39999999999644,"[64, 64]","[0, 0]","[0, 0]",17
71,"[0, 1]",102.64999999999631,"[70, 70]","[0, 0]","[0, 0]",17
72,"[2, 3]",140.29999999999765,"[69, 73]","[5.549999999999988, 0]","[2.849999999999998, 0]",17
73,"[0, 3]",131.6999999999957,"[71, 69]","[0, 0]","[0, 0]",17
74,"[0, 3]",139.94999999999757,"[73, 72]","[2.3999999999999995, 0]","[2.3999999999999995, 0]",17
75,"[2, 1]",104.39999999999621,"[72, 71]","[3.949999999999994, 0]","[0, 0]",17
76,"[2, 1]",119.39999999999536,"[75, 79]","[7.79999999999998, 0]","[3.099999999999997, 0]",17
77,"[0, 1]",105.64999999999614,"[74, 75]","[0, 0]","[0, 0]",17
78,"[2, 3]",147.0999999999992,"[76, 74]","[14.600000000000072, 0]","[0, 0]",17
79,"[0, 1]",104.84999999999619,"[77, 77]","[0, 0]","[0, 0]",17
0,"[2, 1]",36.45000000000007,"[-999, -999]","[0, 0]","[0, 0]",18
1,"[0, 1]",67.44999999999831,"[-999, 7]","[0, 0]","[0, 0]",18
2,"[2, 3]",67.94999999999828,"[0, -999]","[0, 0]","[0, 0]",18
3,"[0, 1]",72.24999999999804,"[1, 12]","[0, 0]","[0, 0]",18
4,"[0, 3]",104.29999999999622,"[3, 13]","[0, 0]","[0, 0]",18
5,"[0, 1]",76.19999999999781,"[4, 14]","[0, 0]","[0, 0]",18
6,"[0, 3]",109.54999999999592,"[5, 16]","[0, 0]","[0, 0]",18
7,"[2, 1]",36.500000000000064,"[2, -999]","[0, 0]","[0, 0]",18
8,"[2, 3]",69.54999999999819,"[7, 2]","[0, 0]","[0, 0]",18
9,"[0, 3]",106.49999999999609,"[6, 6]","[0, 0]","[0, 0]",18
10,"[0, 1]",83.99999999999737,"[9, 23]","[3.1999999999999966, 0]","[3.1999999999999966, 0]",18
11,"[2, 3]",69.14999999999822,"[8, 8]","[0, 0]","[0, 0]",18
12,"[2, 1]",40.84999999999982,"[11, 1]","[0, 0]","[0, 0]",18
13,"[2, 3]",73.19999999999798,"[12, 11]","[0, 0]","[0, 0]",18
14,"[2, 1]",45.999999999999524,"[13, 3]","[0, 0]","[0, 0]",18
15,"[0, 1]",73.69999999999796,"[10, 10]","[0, 0]","[0, 0]",18
16,"[2, 3]",76.69999999999779,"[14, 4]","[0, 0]","[0, 0]",18
17,"[2, 1]",48.99999999999935,"[16, 5]","[0, 0]","[0, 0]",18
18,"[0, 1]",69.64999999999819,"[15, 15]","[0, 0]","[0, 0]",18
19,"[2, 1]",48.1499999999994,"[17, 17]","[0, 0]","[0, 0]",18
20,"[0, 1]",69.14999999999822,"[18, 18]","[0, 0]","[0, 0]",18
21,"[0, 3]",101.99999999999635,"[20, 24]","[0, 0]","[0, 0]",18
22,"[0, 3]",105.39999999999615,"[21, 21]","[0, 0]","[0, 0]",18
23,"[2, 1]",40.549999999999834,"[19, 19]","[0, 0]","[0, 0]",18
24,"[2, 3]",73.29999999999798,"[23, 9]","[0, 0]","[0, 0]",18
25,"[0, 1]",71.2499999999981,"[22, 28]","[0, 0]","[0, 0]",18
26,"[0, 3]",104.09999999999623,"[25, 22]","[0, 0]","[0, 0]",18
27,"[2, 1]",56.349999999998936,"[24, 20]","[10.050000000000008, 0]","[10.050000000000008, 0]",18
28,"[2, 1]",57.34999999999888,"[27, 27]","[9.55, 0]","[2.7499999999999982, 0]",18
29,"[0, 1]",70.99999999999811,"[26, 32]","[0, 0]","[0, 0]",18
30,"[0, 3]",103.64999999999625,"[29, 26]","[0, 0]","[0, 0]",18
31,"[0, 1]",76.5499999999978,"[30, 34]","[0, 0]","[0, 0]",18
32,"[2, 1]",58.34999999999882,"[28, 25]","[6.399999999999985, 0]","[3.2999999999999963, 0]",18
33,"[0, 3]",107.54999999999603,"[31, 35]","[0, 0]","[0, 0]",18
34,"[2, 1]",63.199999999998546,"[32, 29]","[3.2499999999999964, 0]","[3.2499999999999964, 0]",18
35,"[2, 3]",96.29999999999667,"[34, 30]","[0, 0]","[0, 0]",18
36,"[0, 1]",74.94999999999789,"[33, 37]","[0, 0]","[0, 0]",18
37,"[2, 1]",65.29999999999843,"[35, 31]","[16.750000000000103, 0]","[0, 0]",18
38,"[2, 1]",74.99999999999788,"[37, 36]","[17.90000000000012, 0]","[3.349999999999996, 0]",18
39,"[2, 1]",81.54999999999751,"[38, 42]","[12.850000000000048, 0]","[0, 0]",18
40,"[2, 1]",88.04999999999714,"[39, 44]","[11.350000000000026, 0]","[0, 0]",18
41,"[2, 1]",94.19999999999679,"[40, 45]","[9.800000000000004, 0]","[0, 0]",18
42,"[0, 1]",68.09999999999827,"[36, 38]","[0, 0]","[0, 0]",18
43,"[2, 1]",97.89999999999658,"[41, 47]","[8.349999999999984, 0]","[0, 0]",18
44,"[0, 1]",71.94999999999806,"[42, 39]","[0, 0]","[0, 0]",18
45,"[0, 1]",78.2499999999977,"[44, 40]","[2.3499999999999996, 0]","[2.3499999999999996, 0]",18
46,"[2, 1]",100.64999999999642,"[43, 50]","[6.349999999999985, 0]","[2.9999999999999973, 0]",18
47,"[0, 1]",82.19999999999747,"[45, 41]","[2.5999999999999988, 0]","[2.5999999999999988, 0]",18
48,"[2, 3]",146.39999999999904,"[46, 59]","[9.55, 0]","[9.55, 0]",18
49,"[0, 3]",110.39999999999587,"[47, 33]","[0, 0]","[0, 0]",18
50,"[0, 1]",83.24999999999741,"[49, 43]","[0, 0]","[0, 0]",18
51,"[2, 3]",143.29999999999833,"[48, 48]","[0, 0]","[0, 0]",18
52,"[2, 3]",161.1500000000024,"[51, 68]","[10.650000000000016, 0]","[9.5, 0]",18
53,"[0, 3]",110.19999999999588,"[50, 49]","[0, 0]","[0, 0]",18
54,"[2, 3]",160.7000000000023,"[52, 52]","[1.3000000000000005, 0]","[0, 0]",18
55,"[0, 3]",110.89999999999584,"[53, 53]","[0, 0]","[0, 0]",18
56,"[2, 3]",165.75000000000344,"[54, 72]","[1.0000000000000002, 0]","[0, 0]",18
57,"[2, 3]",168.15000000000398,"[56, 56]","[5.349999999999989, 0]","[0, 0]",18
58,"[0, 3]",108.199999999996,"[55, 55]","[0, 0]","[0, 0]",18
59,"[0, 3]",110.74999999999585,"[58, 58]","[0, 0]","[0, 0]",18
60,"[2, 1]",133.69999999999615,"[57, 74]","[3.399999999999996, 0]","[0, 0]",18
61,"[0, 1]",79.9999999999976,"[59, -999]","[0, 0]","[0, 0]",18
62,"[0, 1]",82.29999999999747,"[61, 61]","[0, 0]","[0, 0]",18
63,"[2, 1]",131.34999999999562,"[60, 60]","[4.099999999999993, 0]","[0, 0]",18
64,"[2, 1]",134.49999999999633,"[63, 63]","[4.849999999999991, 0]","[0, 0]",18
65,"[0, 3]",109.8499999999959,"[62, 51]","[0, 0]","[0, 0]",18
66,"[2, 1]",134.69999999999638,"[64, 64]","[5.649999999999988, 0]","[0, 0]",18
67,"[0, 3]",109.44999999999592,"[65, 65]","[0, 0]","[0, 0]",18
68,"[0, 3]",111.79999999999579,"[67, 67]","[0, 0]","[0, 0]",18
69,"[2, 3]",163.25000000000287,"[66, 78]","[5.399999999999989, 0]","[0, 0]",18
70,"[0, 1]",80.89999999999755,"[68, -999]","[0, 0]","[0, 0]",18
71,"[2, 1]",133.34999999999607,"[69, 66]","[10.000000000000007, 0]","[0, 0]",18
72,"[0, 3]",116.54999999999552,"[70, 54]","[3.2999999999999963, 0]","[3.2999999999999963, 0]",18
73,"[0, 1]",87.34999999999718,"[72, 70]","[0, 0]","[0, 0]",18
74,"[0, 1]",89.74999999999704,"[73, 73]","[0, 0]","[0, 0]",18
75,"[0, 3]",123.9499999999951,"[74, 57]","[0, 0]","[0, 0]",18
76,"[2, 3]",156.45000000000132,"[71, 69]","[10.750000000000018, 0]","[0, 0]",18
77,"[0, 3]",123.64999999999512,"[75, 75]","[0, 0]","[0, 0]",18
78,"[0, 3]",126.04999999999498,"[77, 77]","[0, 0]","[0, 0]",18
79,"[2, 3]",154.90000000000097,"[76, 76]","[15.350000000000083, 0]","[0, 0]",18
0,"[0, 1]",68.74999999999824,"[-999, 9]","[0, 0]","[0, 0]",19
1,"[0, 1]",75.59999999999785,"[0, 11]","[2.5999999999999988, 0]","[2.5999999999999988, 0]",19
2,"[2, 3]",67.79999999999829,"[-999, -999]","[0, 0]","[0, 0]",19
3,"[2, 1]",37.6,"[2, -999]","[0, 0]","[0, 0]",19
4,"[2, 3]",71.2499999999981,"[3, 2]","[0, 0]","[0, 0]",19
5,"[2, 1]",39.74999999999988,"[4, 3]","[0, 0]","[0, 0]",19
6,"[0, 1]",76.4499999999978,"[1, 16]","[3.049999999999997, 0]","[3.049999999999997, 0]",19
7,"[0, 1]",82.89999999999743,"[6, 19]","[2.9499999999999975, 0]","[2.9499999999999975, 0]",19
8,"[0, 3]",112.59999999999575,"[7, 18]","[0, 0]","[0, 0]",19
9,"[2, 1]",36.60000000000006,"[5, 5]","[0, 0]","[0, 0]",19
10,"[0, 3]",113.3999999999957,"[8, 8]","[0, 0]","[0, 0]",19
11,"[2, 1]",43.699999999999655,"[9, 0]","[0, 0]","[0, 0]",19
12,"[2, 3]",73.29999999999798,"[11, 4]","[0, 0]","[0, 0]",19
13,"[2, 1]",46.99999999999947,"[12, 1]","[0, 0]","[0, 0]",19
14,"[0, 1]",82.29999999999747,"[10, 25]","[2.9499999999999975, 0]","[2.9499999999999975, 0]",19
15,"[0, 3]",113.99999999999567,"[14, 26]","[0, 0]","[0, 0]",19
16,"[2, 1]",42.099999999999746,"[13, 13]","[0, 0]","[0, 0]",19
17,"[0, 3]",113.89999999999567,"[15, 15]","[0, 0]","[0, 0]",19
18,"[2, 3]",70.69999999999813,"[16, 12]","[0, 0]","[0, 0]",19
19,"[2, 1]",43.499999999999666,"[18, 6]","[0, 0]","[0, 0]",19
20,"[2, 1]",51.19999999999923,"[19, 7]","[3.4999999999999956, 0]","[3.4999999999999956, 0]",19
21,"[0, 1]",77.34999999999775,"[17, 30]","[0, 0]","[0, 0]",19
22,"[0, 3]",111.24999999999582,"[21, 31]","[0, 0]","[0, 0]",19
23,"[0, 1]",84.24999999999736,"[22, 32]","[0, 0]","[0, 0]",19
24,"[2, 1]",44.14999999999963,"[20, 20]","[0, 0]","[0, 0]",19
25,"[2, 1]",46.59999999999949,"[24, 24]","[0, 0]","[0, 0]",19
26,"[2, 3]",77.79999999999772,"[25, 10]","[0, 0]","[0, 0]",19
27,"[0, 1]",77.59999999999773,"[23, 23]","[0, 0]","[0, 0]",19
28,"[2, 1]",48.29999999999939,"[26, 14]","[0, 0]","[0, 0]",19
29,"[0, 3]",110.09999999999589,"[27, 35]","[0, 0]","[0, 0]",19
30,"[2, 1]",47.749999999999424,"[28, 28]","[0, 0]","[0, 0]",19
31,"[2, 3]",81.04999999999754,"[30, 17]","[0, 0]","[0, 0]",19
32,"[2, 1]",53.04999999999912,"[31, 21]","[0, 0]","[0, 0]",19
33,"[2, 3]",87.24999999999719,"[32, 22]","[0, 0]","[0, 0]",19
34,"[0, 3]",101.49999999999638,"[29, 29]","[0, 0]","[0, 0]",19
35,"[2, 3]",87.84999999999715,"[33, 33]","[7.199999999999982, 0]","[0, 0]",19
36,"[0, 3]",100.9999999999964,"[34, 34]","[0, 0]","[0, 0]",19
37,"[2, 1]",56.699999999998916,"[35, 27]","[6.649999999999984, 0]","[0, 0]",19
38,"[0, 1]",72.29999999999804,"[36, 40]","[0, 0]","[0, 0]",19
39,"[2, 1]",57.09999999999889,"[37, 37]","[2.3, 0]","[0, 0]",19
40,"[2, 1]",60.09999999999872,"[39, 39]","[0.7500000000000001, 0]","[0, 0]",19
41,"[2, 1]",69.64999999999819,"[40, 38]","[3.149999999999997, 0]","[3.149999999999997, 0]",19
42,"[0, 3]",97.4999999999966,"[38, 36]","[0, 0]","[0, 0]",19
43,"[0, 1]",75.24999999999787,"[42, 45]","[0, 0]","[0, 0]",19
44,"[0, 3]",108.29999999999599,"[43, 47]","[0, 0]","[0, 0]",19
45,"[2, 1]",63.24999999999854,"[41, 41]","[0, 0]","[0, 0]",19
46,"[0, 1]",78.84999999999766,"[44, 49]","[0, 0]","[0, 0]",19
47,"[2, 3]",93.69999999999682,"[45, 42]","[0, 0]","[0, 0]",19
48,"[0, 1]",77.89999999999772,"[46, 46]","[0, 0]","[0, 0]",19
49,"[2, 1]",63.69999999999852,"[47, 43]","[0, 0]","[0, 0]",19
50,"[2, 1]",78.69999999999767,"[49, 48]","[2.9999999999999973, 0]","[2.9999999999999973, 0]",19
51,"[2, 3]",108.29999999999599,"[50, 44]","[0, 0]","[0, 0]",19
52,"[2, 3]",112.44999999999575,"[51, 51]","[0, 0]","[0, 0]",19
53,"[2, 1]",87.74999999999716,"[52, 58]","[0, 0]","[0, 0]",19
54,"[2, 3]",118.6999999999954,"[53, 52]","[0, 0]","[0, 0]",19
55,"[2, 3]",122.74999999999517,"[54, 54]","[0, 0]","[0, 0]",19
56,"[0, 1]",67.84999999999829,"[48, 50]","[0, 0]","[0, 0]",19
57,"[2, 3]",129.24999999999514,"[55, 65]","[3.2999999999999963, 0]","[3.2999999999999963, 0]",19
58,"[0, 1]",68.79999999999824,"[56, 56]","[0, 0]","[0, 0]",19
59,"[0, 1]",75.59999999999785,"[58, 53]","[1.7500000000000009, 0]","[1.7500000000000009, 0]",19
60,"[2, 1]",93.9999999999968,"[57, 64]","[0, 0]","[0, 0]",19
61,"[2, 3]",133.24999999999605,"[60, 67]","[0.8000000000000002, 0]","[0, 0]",19
62,"[2, 1]",109.64999999999591,"[61, 74]","[2.5999999999999988, 0]","[0, 0]",19
63,"[2, 3]",143.1999999999983,"[62, 75]","[4.6499999999999915, 0]","[0, 0]",19
64,"[0, 1]",68.04999999999828,"[59, 59]","[0, 0]","[0, 0]",19
65,"[0, 3]",101.34999999999638,"[64, 55]","[0, 0]","[0, 0]",19
66,"[0, 3]",109.8999999999959,"[65, 57]","[1.5000000000000007, 0]","[1.5000000000000007, 0]",19
67,"[0, 3]",112.09999999999577,"[66, 66]","[0, 0]","[0, 0]",19
68,"[0, 1]",82.59999999999745,"[67, 60]","[0, 0]","[0, 0]",19
69,"[2, 1]",105.99999999999612,"[63, 79]","[1.950000000000001, 0]","[0, 0]",19
70,"[2, 3]",136.9999999999969,"[69, 63]","[2.549999999999999, 0]","[0, 0]",19
71,"[2, 1]",110.29999999999588,"[70, 69]","[2.8999999999999977, 0]","[0, 0]",19
72,"[2, 1]",113.94999999999567,"[71, 71]","[3.149999999999997, 0]","[0, 0]",19
73,"[2, 3]",146.199999999999,"[72, 70]","[5.349999999999989, 0]","[0, 0]",19
74,"[0, 1]",71.04999999999811,"[68, 68]","[0, 0]","[0, 0]",19
75,"[0, 3]",103.79999999999625,"[74, 61]","[0, 0]","[0, 0]",19
76,"[0, 1]",76.84999999999778,"[75, 62]","[0, 0]","[0, 0]",19
77,"[2, 3]",141.99999999999804,"[73, 73]","[5.999999999999987, 0]","[0, 0]",19
78,"[2, 1]",113.89999999999567,"[77, 72]","[6.099999999999986, 0]","[0, 0]",19
79,"[0, 1]",73.34999999999798,"[76, 76]","[0, 0]","[0, 0]",19
0,"[2, 1]",36.45000000000007,"[-999, -999]","[0, 0]","[0, 0]",20
1,"[2, 1]",38.54999999999995,"[0, 0]","[0, 0]","[0, 0]",20
2,"[2, 3]",69.89999999999817,"[1, -999]","[0, 0]","[0, 0]",20
3,"[0, 1]",73.74999999999795,"[-999, 12]","[0, 0]","[2.799999999999998, 0]",20
4,"[2, 3]",70.69999999999813,"[2, 2]","[0, 0]","[0, 0]",20
5,"[2, 3]",73.34999999999798,"[4, 4]","[0, 0]","[0, 0]",20
6,"[2, 3]",75.74999999999784,"[5, 5]","[0, 0]","[0, 0]",20
7,"[2, 3]",77.99999999999771,"[6, 6]","[0, 0]","[0, 0]",20
8,"[0, 1]",68.79999999999824,"[3, 15]","[0, 0]","[0, 0]",20
9,"[2, 3]",77.39999999999775,"[7, 7]","[0, 0]","[0, 0]",20
10,"[0, 3]",99.2999999999965,"[8, 16]","[0, 0]","[0, 0]",20
11,"[2, 1]",40.349999999999845,"[9, -999]","[0, 0]","[0, 0]",20
12,"[2, 1]",43.29999999999968,"[11, 11]","[0, 0]","[0, 0]",20
13,"[0, 3]",102.59999999999631,"[10, 18]","[0, 0]","[0, 0]",20
14,"[0, 1]",74.5999999999979,"[13, 17]","[0, 0]","[0, 0]",20
15,"[2, 1]",46.24999999999951,"[12, 3]","[3.149999999999997, 0]","[3.149999999999997, 0]",20
16,"[2, 3]",76.19999999999781,"[15, 9]","[0, 0]","[0, 0]",20
17,"[2, 1]",49.64999999999932,"[16, 8]","[0, 0]","[0, 0]",20
18,"[2, 3]",83.29999999999741,"[17, 10]","[0, 0]","[0, 0]",20
19,"[0, 3]",98.29999999999656,"[14, 20]","[0, 0]","[0, 0]",20
20,"[2, 3]",88.6499999999971,"[18, 13]","[0, 0]","[0, 0]",20
21,"[2, 1]",59.99999999999873,"[20, 14]","[0, 0]","[0, 0]",20
22,"[2, 1]",62.89999999999856,"[21, 21]","[7.599999999999981, 0]","[0, 0]",20
23,"[2, 1]",65.9999999999984,"[22, 22]","[6.399999999999985, 0]","[0, 0]",20
24,"[2, 1]",69.14999999999822,"[23, 23]","[5.349999999999989, 0]","[0, 0]",20
25,"[2, 1]",72.09999999999805,"[24, 24]","[4.499999999999992, 0]","[0, 0]",20
26,"[0, 3]",96.79999999999664,"[19, 19]","[0, 0]","[0, 0]",20
27,"[0, 3]",100.89999999999641,"[26, 26]","[0, 0]","[0, 0]",20
28,"[0, 1]",76.3999999999978,"[27, 29]","[0, 0]","[0, 0]",20
29,"[2, 1]",66.89999999999834,"[25, 25]","[0.7500000000000001, 0]","[0, 0]",20
30,"[0, 1]",75.49999999999785,"[28, 28]","[0, 0]","[0, 0]",20
31,"[0, 3]",107.79999999999602,"[30, 27]","[0, 0]","[0, 0]",20
32,"[2, 1]",76.09999999999782,"[29, 30]","[6.549999999999985, 0]","[6.549999999999985, 0]",20
33,"[2, 1]",82.79999999999744,"[32, 34]","[0, 0]","[0, 0]",20
34,"[0, 1]",74.6999999999979,"[31, 32]","[0, 0]","[0, 0]",20
35,"[2, 1]",92.14999999999691,"[33, 41]","[3.149999999999997, 0]","[3.149999999999997, 0]",20
36,"[2, 1]",97.94999999999658,"[35, 42]","[0, 0]","[0, 0]",20
37,"[2, 1]",104.89999999999618,"[36, 44]","[0, 0]","[0, 0]",20
38,"[2, 3]",135.6499999999966,"[37, 43]","[0, 0]","[0, 0]",20
39,"[0, 1]",70.24999999999815,"[34, 33]","[0, 0]","[0, 0]",20
40,"[2, 1]",105.89999999999613,"[38, 45]","[0, 0]","[0, 0]",20
41,"[0, 1]",69.24999999999821,"[39, 39]","[0, 0]","[0, 0]",20
42,"[0, 1]",76.4999999999978,"[41, 35]","[2.3, 0]","[2.3, 0]",20
43,"[0, 3]",107.69999999999602,"[42, 31]","[0, 0]","[0, 0]",20
44,"[0, 1]",80.14999999999759,"[43, 36]","[0, 0]","[0, 0]",20
45,"[0, 1]",86.9499999999972,"[44, 37]","[2.499999999999999, 0]","[2.499999999999999, 0]",20
46,"[0, 3]",120.29999999999531,"[45, 38]","[0, 0]","[0, 0]",20
47,"[2, 1]",104.09999999999623,"[40, 51]","[7.94999999999998, 0]","[6.5999999999999845, 0]",20
48,"[0, 1]",90.94999999999698,"[46, 40]","[0, 0]","[0, 0]",20
49,"[2, 3]",139.74999999999753,"[47, 55]","[3.1999999999999966, 0]","[3.1999999999999966, 0]",20
50,"[2, 3]",148.09999999999943,"[49, 58]","[3.699999999999995, 0]","[3.399999999999996, 0]",20
51,"[0, 1]",86.9999999999972,"[48, 48]","[0, 0]","[0, 0]",20
52,"[2, 1]",116.39999999999553,"[50, 59]","[3.4499999999999957, 0]","[0, 0]",20
53,"[2, 3]",151.1000000000001,"[52, 61]","[5.249999999999989, 0]","[0, 0]",20
54,"[0, 3]",113.74999999999568,"[51, 46]","[0, 0]","[0, 0]",20
55,"[0, 3]",117.29999999999548,"[54, 54]","[0, 0]","[0, 0]",20
56,"[2, 1]",117.29999999999548,"[53, 65]","[6.799999999999984, 0]","[0, 0]",20
57,"[0, 1]",87.0999999999972,"[55, 47]","[0, 0]","[0, 0]",20
58,"[0, 3]",120.4499999999953,"[57, 49]","[0, 0]","[0, 0]",20
59,"[0, 1]",92.49999999999689,"[58, 57]","[0, 0]","[0, 0]",20
60,"[2, 3]",143.69999999999843,"[56, 66]","[4.149999999999993, 0]","[0, 0]",20
61,"[0, 3]",123.19999999999514,"[59, 50]","[0, 0]","[0, 0]",20
62,"[2, 3]",149.7999999999998,"[60, 69]","[5.09999999999999, 0]","[2.849999999999998, 0]",20
63,"[2, 1]",120.94999999999527,"[62, 70]","[3.099999999999997, 0]","[0, 0]",20
64,"[2, 3]",155.55000000000112,"[63, 71]","[6.0499999999999865, 0]","[0, 0]",20
65,"[0, 1]",87.24999999999719,"[61, 52]","[0, 0]","[0, 0]",20
66,"[0, 3]",121.04999999999526,"[65, 53]","[0, 0]","[0, 0]",20
67,"[2, 3]",158.6000000000018,"[64, 75]","[12.200000000000038, 0]","[3.149999999999997, 0]",20
68,"[0, 1]",91.04999999999697,"[66, 56]","[0, 0]","[0, 0]",20
69,"[0, 3]",124.79999999999505,"[68, 60]","[0, 0]","[0, 0]",20
70,"[0, 1]",96.69999999999665,"[69, 68]","[0, 0]","[0, 0]",20
71,"[0, 3]",130.4499999999954,"[70, 62]","[0, 0]","[0, 0]",20
72,"[0, 1]",102.69999999999631,"[71, 63]","[0, 0]","[0, 0]",20
73,"[2, 3]",147.64999999999932,"[67, 67]","[6.549999999999985, 0]","[0, 0]",20
74,"[2, 1]",118.89999999999539,"[73, 78]","[7.499999999999981, 0]","[0, 0]",20
75,"[0, 3]",130.94999999999553,"[72, 64]","[0, 0]","[0, 0]",20
76,"[0, 1]",102.7999999999963,"[75, 72]","[0, 0]","[0, 0]",20
77,"[2, 3]",147.39999999999927,"[74, 73]","[5.749999999999988, 0]","[0, 0]",20
78,"[0, 1]",102.34999999999633,"[76, 76]","[0, 0]","[0, 0]",20
79,"[2, 1]",117.34999999999548,"[77, 74]","[6.199999999999986, 0]","[0, 0]",20
0,"[0, 1]",67.49999999999831,"[-999, 8]","[0, 0]","[0, 0]",21
1,"[0, 1]",80.99999999999754,"[0, 13]","[6.349999999999985, 0]","[6.349999999999985, 0]",21
2,"[0, 3]",110.74999999999585,"[1, 10]","[0, 0]","[0, 0]",21
3,"[0, 1]",83.99999999999737,"[2, 14]","[0, 0]","[0, 0]",21
4,"[0, 1]",86.29999999999724,"[3, 3]","[0, 0]","[0, 0]",21
5,"[2, 1]",36.45000000000007,"[-999, -999]","[0, 0]","[0, 0]",21
6,"[0, 3]",115.94999999999555,"[4, 2]","[0, 0]","[0, 0]",21
7,"[0, 1]",89.09999999999708,"[6, 16]","[0, 0]","[0, 0]",21
8,"[2, 1]",36.60000000000006,"[5, 5]","[0, 0]","[0, 0]",21
9,"[0, 3]",120.14999999999532,"[7, 17]","[0, 0]","[0, 0]",21
10,"[2, 3]",67.94999999999828,"[8, -999]","[0, 0]","[0, 0]",21
11,"[0, 1]",90.449999999997,"[9, 18]","[0, 0]","[0, 0]",21
12,"[2, 1]",37.84999999999999,"[10, 0]","[0, 0]","[0, 0]",21
13,"[2, 1]",39.84999999999987,"[12, 12]","[0, 0]","[0, 0]",21
14,"[2, 1]",49.34999999999933,"[13, 1]","[3.4499999999999957, 0]","[3.4499999999999957, 0]",21
15,"[0, 1]",83.89999999999738,"[11, 11]","[0, 0]","[0, 0]",21
16,"[2, 1]",59.549999999998754,"[14, 4]","[6.849999999999984, 0]","[6.849999999999984, 0]",21
17,"[2, 3]",92.3499999999969,"[16, 6]","[0, 0]","[0, 0]",21
18,"[2, 1]",64.39999999999849,"[17, 7]","[0, 0]","[0, 0]",21
19,"[2, 3]",98.84999999999653,"[18, 9]","[16.6500000000001, 0]","[0, 0]",21
20,"[2, 3]",102.19999999999634,"[19, 19]","[18.70000000000013, 0]","[0, 0]",21
21,"[2, 1]",72.19999999999804,"[20, 15]","[16.300000000000097, 0]","[0, 0]",21
22,"[2, 3]",105.94999999999612,"[21, 20]","[14.650000000000073, 0]","[0, 0]",21
23,"[2, 3]",109.74999999999591,"[22, 22]","[13.05000000000005, 0]","[0, 0]",21
24,"[2, 1]",86.9999999999972,"[23, 27]","[11.55000000000003, 0]","[0, 0]",21
25,"[0, 1]",67.6999999999983,"[15, 21]","[0, 0]","[0, 0]",21
26,"[0, 1]",70.74999999999812,"[25, 25]","[0, 0]","[0, 0]",21
27,"[0, 1]",72.999999999998,"[26, 26]","[0, 0]","[0, 0]",21
28,"[2, 1]",85.44999999999729,"[24, 32]","[12.500000000000043, 0]","[3.1999999999999966, 0]",21
29,"[2, 1]",87.24999999999719,"[28, 28]","[7.89999999999998, 0]","[0, 0]",21
30,"[2, 1]",96.04999999999669,"[29, 36]","[6.449999999999985, 0]","[0, 0]",21
31,"[2, 3]",126.39999999999496,"[30, 35]","[4.94999999999999, 0]","[0, 0]",21
32,"[0, 1]",68.59999999999825,"[27, 24]","[0, 0]","[0, 0]",21
33,"[2, 3]",127.79999999999488,"[31, 31]","[3.4999999999999956, 0]","[0, 0]",21
34,"[2, 1]",99.69999999999648,"[33, 40]","[2.0500000000000007, 0]","[0, 0]",21
35,"[0, 3]",97.24999999999662,"[32, 23]","[0, 0]","[0, 0]",21
36,"[0, 1]",74.39999999999792,"[35, 29]","[0, 0]","[0, 0]",21
37,"[2, 3]",133.19999999999604,"[34, 42]","[0.8500000000000002, 0]","[0, 0]",21
38,"[2, 1]",104.44999999999621,"[37, 43]","[1.2500000000000004, 0]","[0, 0]",21
39,"[0, 1]",75.29999999999787,"[36, 30]","[2.549999999999999, 0]","[2.549999999999999, 0]",21
40,"[0, 1]",76.94999999999777,"[39, 39]","[0, 0]","[0, 0]",21
41,"[0, 3]",111.7499999999958,"[40, 33]","[0, 0]","[0, 0]",21
42,"[0, 3]",114.34999999999565,"[41, 41]","[0, 0]","[0, 0]",21
43,"[0, 1]",85.99999999999726,"[42, 34]","[0, 0]","[0, 0]",21
44,"[2, 1]",93.74999999999682,"[38, 38]","[0.39999999999999997, 0]","[0, 0]",21
45,"[2, 1]",102.69999999999631,"[44, 55]","[3.699999999999995, 0]","[0, 0]",21
46,"[2, 1]",108.59999999999597,"[45, 56]","[4.499999999999992, 0]","[0, 0]",21
47,"[2, 1]",109.8999999999959,"[46, 46]","[4.499999999999992, 0]","[0, 0]",21
48,"[0, 3]",108.34999999999599,"[43, 37]","[0, 0]","[0, 0]",21
49,"[2, 1]",116.69999999999551,"[47, 63]","[8.09999999999998, 0]","[3.2499999999999964, 0]",21
50,"[2, 1]",118.6999999999954,"[49, 49]","[7.4499999999999815, 0]","[0, 0]",21
51,"[2, 3]",152.8500000000005,"[50, 66]","[8.09999999999998, 0]","[0, 0]",21
52,"[0, 3]",102.54999999999632,"[48, 48]","[0, 0]","[0, 0]",21
53,"[2, 1]",126.69999999999494,"[51, 68]","[8.04999999999998, 0]","[0, 0]",21
54,"[2, 3]",171.00000000000463,"[53, 73]","[13.800000000000061, 0]","[6.5999999999999845, 0]",21
55,"[0, 1]",69.4499999999982,"[52, 44]","[0, 0]","[0, 0]",21
56,"[0, 1]",77.29999999999775,"[55, 45]","[2.6999999999999984, 0]","[2.6999999999999984, 0]",21
57,"[0, 3]",107.44999999999604,"[56, 52]","[0, 0]","[0, 0]",21
58,"[2, 1]",134.04999999999623,"[54, 74]","[7.89999999999998, 0]","[0, 0]",21
59,"[2, 1]",137.09999999999692,"[58, 58]","[7.79999999999998, 0]","[0, 0]",21
60,"[0, 3]",105.49999999999615,"[57, 57]","[0, 0]","[0, 0]",21
61,"[2, 3]",168.6000000000041,"[59, 76]","[5.349999999999989, 0]","[0, 0]",21
62,"[2, 3]",171.95000000000485,"[61, 61]","[5.09999999999999, 0]","[0, 0]",21
63,"[0, 1]",72.19999999999804,"[60, 47]","[0, 0]","[0, 0]",21
64,"[2, 1]",144.4499999999986,"[62, 79]","[6.149999999999986, 0]","[0, 0]",21
65,"[0, 3]",102.04999999999634,"[63, 60]","[0, 0]","[0, 0]",21
66,"[0, 3]",105.39999999999615,"[65, 65]","[0, 0]","[0, 0]",21
67,"[0, 1]",78.1499999999977,"[66, 50]","[0, 0]","[0, 0]",21
68,"[0, 1]",80.29999999999758,"[67, 67]","[0, 0]","[0, 0]",21
69,"[0, 3]",112.54999999999575,"[68, 51]","[0, 0]","[0, 0]",21
70,"[0, 3]",115.89999999999556,"[69, 69]","[0, 0]","[0, 0]",21
71,"[2, 1]",129.0999999999951,"[64, 64]","[4.249999999999993, 0]","[0, 0]",21
72,"[2, 1]",131.89999999999574,"[71, 71]","[8.84999999999999, 0]","[0, 0]",21
73,"[0, 3]",113.14999999999571,"[70, 70]","[0, 0]","[0, 0]",21
74,"[0, 1]",85.3499999999973,"[73, 53]","[0, 0]","[0, 0]",21
75,"[0, 3]",118.6499999999954,"[74, 54]","[0, 0]","[0, 0]",21
76,"[0, 3]",121.19999999999526,"[75, 75]","[0, 0]","[0, 0]",21
77,"[0, 1]",94.19999999999679,"[76, 59]","[0, 0]","[0, 0]",21
78,"[0, 1]",96.04999999999669,"[77, 77]","[0, 0]","[0, 0]",21
79,"[0, 1]",98.29999999999656,"[78, 78]","[0, 0]","[0, 0]",21
0,"[2, 3]",67.79999999999829,"[-999, -999]","[0, 0]","[0, 0]",22
1,"[2, 1]",37.6,"[0, -999]","[0, 0]","[0, 0]",22
2,"[0, 1]",67.44999999999831,"[-999, -999]","[0, 0]","[0, 0]",22
3,"[2, 1]",36.95000000000004,"[1, 1]","[0, 0]","[0, 0]",22
4,"[0, 3]",98.64999999999654,"[2, 11]","[0, 0]","[0, 0]",22
5,"[2, 3]",68.24999999999827,"[3, 0]","[0, 0]","[0, 0]",22
6,"[2, 3]",71.74999999999807,"[5, 5]","[0, 0]","[0, 0]",22
7,"[0, 1]",68.39999999999826,"[4, 12]","[0, 0]","[0, 0]",22
8,"[2, 3]",71.64999999999807,"[6, 6]","[0, 0]","[0, 0]",22
9,"[0, 3]",103.49999999999626,"[7, 15]","[0, 0]","[0, 0]",22
10,"[0, 1]",76.59999999999779,"[9, 16]","[0, 0]","[0, 0]",22
11,"[2, 3]",69.64999999999819,"[8, 8]","[0, 0]","[0, 0]",22
12,"[2, 1]",46.19999999999951,"[11, 2]","[3.349999999999996, 0]","[3.349999999999996, 0]",22
13,"[0, 3]",104.6499999999962,"[10, 18]","[0, 0]","[0, 0]",22
14,"[2, 3]",77.84999999999772,"[12, 4]","[3.2999999999999963, 0]","[3.2999999999999963, 0]",22
15,"[2, 3]",81.29999999999752,"[14, 14]","[0, 0]","[0, 0]",22
16,"[2, 1]",53.3999999999991,"[15, 7]","[0, 0]","[0, 0]",22
17,"[0, 1]",69.14999999999822,"[13, 10]","[0, 0]","[0, 0]",22
18,"[2, 3]",84.99999999999731,"[16, 9]","[5.449999999999989, 0]","[0, 0]",22
19,"[2, 3]",93.54999999999683,"[18, 13]","[7.599999999999981, 0]","[0, 0]",22
20,"[2, 3]",96.14999999999668,"[19, 19]","[5.1999999999999895, 0]","[0, 0]",22
21,"[2, 3]",98.99999999999652,"[20, 20]","[3.5499999999999954, 0]","[0, 0]",22
22,"[2, 1]",66.34999999999837,"[21, 17]","[2.000000000000001, 0]","[0, 0]",22
23,"[2, 3]",100.84999999999641,"[22, 21]","[0.35, 0]","[0, 0]",22
24,"[0, 1]",67.5999999999983,"[17, 22]","[0, 0]","[0, 0]",22
25,"[0, 1]",70.69999999999813,"[24, 24]","[0, 0]","[0, 0]",22
26,"[0, 1]",72.999999999998,"[25, 25]","[0, 0]","[0, 0]",22
27,"[2, 3]",96.19999999999668,"[23, 23]","[0, 0]","[0, 0]",22
28,"[2, 3]",99.49999999999649,"[27, 27]","[0, 0]","[0, 0]",22
29,"[0, 1]",69.79999999999818,"[26, 26]","[0, 0]","[0, 0]",22
30,"[2, 1]",72.04999999999805,"[28, 29]","[0, 0]","[0, 0]",22
31,"[2, 1]",79.8499999999976,"[30, 33]","[3.4999999999999956, 0]","[3.4999999999999956, 0]",22
32,"[2, 3]",111.24999999999582,"[31, 28]","[0, 0]","[0, 0]",22
33,"[0, 1]",68.19999999999827,"[29, 30]","[0, 0]","[0, 0]",22
34,"[2, 3]",118.44999999999541,"[32, 37]","[3.149999999999997, 0]","[3.149999999999997, 0]",22
35,"[2, 1]",89.84999999999704,"[34, 38]","[0, 0]","[0, 0]",22
36,"[0, 1]",70.79999999999812,"[33, 31]","[0, 0]","[0, 0]",22
37,"[0, 3]",104.04999999999623,"[36, 32]","[0, 0]","[0, 0]",22
38,"[0, 1]",76.79999999999778,"[37, 36]","[0, 0]","[0, 0]",22
39,"[2, 3]",116.14999999999554,"[35, 40]","[0, 0]","[0, 0]",22
40,"[0, 3]",107.49999999999604,"[38, 34]","[0, 0]","[0, 0]",22
41,"[0, 1]",79.74999999999761,"[40, 35]","[0, 0]","[0, 0]",22
42,"[0, 3]",113.54999999999569,"[41, 39]","[0, 0]","[0, 0]",22
43,"[0, 1]",85.44999999999729,"[42, 41]","[0, 0]","[0, 0]",22
44,"[0, 1]",87.79999999999715,"[43, 43]","[0, 0]","[0, 0]",22
45,"[0, 1]",90.14999999999702,"[44, 44]","[0, 0]","[0, 0]",22
46,"[2, 3]",108.24999999999599,"[39, 42]","[4.699999999999991, 0]","[3.1999999999999966, 0]",22
47,"[2, 3]",111.04999999999583,"[46, 46]","[2.4499999999999993, 0]","[0, 0]",22
48,"[2, 3]",114.04999999999566,"[47, 47]","[1.2500000000000004, 0]","[0, 0]",22
49,"[2, 1]",85.59999999999728,"[48, 45]","[0.8000000000000002, 0]","[0, 0]",22
50,"[0, 3]",114.29999999999565,"[45, 48]","[0, 0]","[0, 0]",22
51,"[2, 1]",92.1999999999969,"[49, 54]","[2.3499999999999996, 0]","[0, 0]",22
52,"[2, 3]",135.89999999999665,"[51, 59]","[6.349999999999985, 0]","[3.2999999999999963, 0]",22
53,"[2, 3]",143.39999999999836,"[52, 61]","[3.4999999999999956, 0]","[0, 0]",22
54,"[0, 1]",78.64999999999768,"[50, 49]","[0, 0]","[0, 0]",22
55,"[2, 3]",147.89999999999938,"[53, 64]","[4.299999999999993, 0]","[0, 0]",22
56,"[0, 3]",107.64999999999603,"[54, 50]","[0, 0]","[0, 0]",22
57,"[0, 3]",111.09999999999583,"[56, 56]","[0, 0]","[0, 0]",22
58,"[2, 3]",144.4499999999986,"[55, 55]","[0, 0]","[0, 0]",22
59,"[0, 3]",111.09999999999583,"[57, 57]","[0, 0]","[0, 0]",22
60,"[0, 1]",83.29999999999741,"[59, 51]","[0, 0]","[0, 0]",22
61,"[0, 3]",116.29999999999553,"[60, 52]","[0, 0]","[0, 0]",22
62,"[2, 1]",112.44999999999575,"[58, 72]","[0.7500000000000001, 0]","[0, 0]",22
63,"[2, 1]",124.34999999999508,"[62, 79]","[4.6499999999999915, 0]","[2.6999999999999984, 0]",22
64,"[0, 3]",118.34999999999542,"[61, 53]","[2.2, 0]","[2.2, 0]",22
65,"[2, 3]",151.20000000000013,"[63, 58]","[0.49999999999999994, 0]","[0, 0]",22
66,"[2, 1]",124.59999999999506,"[65, 63]","[2.2, 0]","[0, 0]",22
67,"[2, 1]",128.1999999999949,"[66, 66]","[3.349999999999996, 0]","[0, 0]",22
68,"[0, 1]",80.14999999999759,"[64, -999]","[0, 0]","[0, 0]",22
69,"[2, 3]",157.80000000000163,"[67, 65]","[4.449999999999992, 0]","[0, 0]",22
70,"[0, 1]",79.79999999999761,"[68, 68]","[0, 0]","[0, 0]",22
71,"[2, 1]",127.84999999999488,"[69, 67]","[7.99999999999998, 0]","[0, 0]",22
72,"[0, 1]",79.44999999999763,"[70, 70]","[0, 0]","[0, 0]",22
73,"[2, 1]",128.44999999999496,"[71, 71]","[11.60000000000003, 0]","[0, 0]",22
74,"[2, 3]",161.95000000000258,"[73, 69]","[12.450000000000042, 0]","[0, 0]",22
75,"[2, 3]",165.95000000000348,"[74, 74]","[13.350000000000055, 0]","[0, 0]",22
76,"[2, 3]",169.30000000000425,"[75, 75]","[20.05000000000015, 0]","[0, 0]",22
77,"[0, 1]",75.14999999999787,"[72, 62]","[2.3999999999999995, 0]","[2.3999999999999995, 0]",22
78,"[2, 3]",169.75000000000435,"[76, 76]","[22.400000000000183, 0]","[0, 0]",22
79,"[0, 1]",74.09999999999793,"[77, 77]","[0, 0]","[0, 0]",22
0,"[2, 3]",67.79999999999829,"[-999, -999]","[0, 0]","[0, 0]",23
1,"[2, 3]",71.2999999999981,"[0, 0]","[0, 0]","[0, 0]",23
2,"[0, 1]",76.29999999999781,"[-999, 11]","[0, 0]","[2.8999999999999977, 0]",23
3,"[2, 1]",36.850000000000044,"[1, -999]","[0, 0]","[0, 0]",23
4,"[0, 1]",78.49999999999768,"[2, 12]","[2.000000000000001, 0]","[2.000000000000001, 0]",23
5,"[0, 3]",109.69999999999591,"[4, -999]","[0, 0]","[0, 0]",23
6,"[2, 1]",36.60000000000006,"[3, 3]","[0, 0]","[0, 0]",23
7,"[0, 3]",110.49999999999586,"[5, 5]","[0, 0]","[0, 0]",23
8,"[2, 1]",36.80000000000005,"[6, 6]","[0, 0]","[0, 0]",23
9,"[2, 1]",39.04999999999992,"[8, 8]","[0, 0]","[0, 0]",23
10,"[2, 1]",41.749999999999766,"[9, 9]","[0, 0]","[0, 0]",23
11,"[2, 1]",44.49999999999961,"[10, 10]","[0, 0]","[0, 0]",23
12,"[2, 1]",53.14999999999912,"[11, 2]","[1.900000000000001, 0]","[1.900000000000001, 0]",23
13,"[0, 1]",69.94999999999817,"[7, 14]","[0, 0]","[0, 0]",23
14,"[2, 1]",56.39999999999893,"[12, 4]","[6.349999999999985, 0]","[6.349999999999985, 0]",23
15,"[2, 3]",94.1499999999968,"[14, 7]","[8.249999999999982, 0]","[0.05, 0]",23
16,"[0, 3]",102.29999999999633,"[13, 19]","[0, 0]","[0, 0]",23
17,"[0, 3]",104.74999999999619,"[16, 16]","[0, 0]","[0, 0]",23
18,"[0, 1]",76.4999999999978,"[17, 20]","[0, 0]","[0, 0]",23
19,"[2, 3]",88.6499999999971,"[15, 15]","[4.849999999999991, 0]","[0, 0]",23
20,"[2, 1]",59.74999999999874,"[19, 13]","[6.799999999999984, 0]","[0, 0]",23
21,"[2, 3]",98.84999999999653,"[20, 17]","[13.00000000000005, 0]","[0, 0]",23
22,"[2, 1]",77.59999999999773,"[21, 23]","[13.100000000000051, 0]","[2.4499999999999993, 0]",23
23,"[0, 1]",68.34999999999826,"[18, 18]","[0, 0]","[0, 0]",23
24,"[0, 1]",75.54999999999785,"[23, 22]","[1.7500000000000009, 0]","[1.7500000000000009, 0]",23
25,"[2, 1]",88.6499999999971,"[22, 30]","[16.4500000000001, 0]","[9.850000000000005, 0]",23
26,"[0, 1]",74.5999999999979,"[24, 24]","[0, 0]","[0, 0]",23
27,"[2, 1]",86.49999999999723,"[25, 25]","[3.149999999999997, 0]","[0, 0]",23
28,"[2, 1]",88.94999999999709,"[27, 27]","[1.800000000000001, 0]","[0, 0]",23
29,"[2, 1]",91.84999999999692,"[28, 28]","[0, 0]","[0, 0]",23
30,"[0, 1]",68.44999999999825,"[26, 26]","[0, 0]","[0, 0]",23
31,"[0, 3]",101.24999999999639,"[30, 21]","[0, 0]","[0, 0]",23
32,"[2, 1]",95.8999999999967,"[29, 38]","[3.1999999999999966, 0]","[3.1999999999999966, 0]",23
33,"[2, 1]",102.99999999999629,"[32, 43]","[0, 0]","[0, 0]",23
34,"[0, 3]",99.44999999999649,"[31, 31]","[0, 0]","[0, 0]",23
35,"[2, 3]",133.9499999999962,"[33, 44]","[0, 0]","[0, 0]",23
36,"[0, 3]",99.79999999999647,"[34, 34]","[0, 0]","[0, 0]",23
37,"[2, 1]",109.19999999999594,"[35, 46]","[0.5499999999999999, 0]","[0, 0]",23
38,"[0, 1]",74.39999999999792,"[36, 29]","[0, 0]","[0, 0]",23
39,"[2, 1]",107.09999999999606,"[37, 37]","[3.1999999999999966, 0]","[0, 0]",23
40,"[2, 1]",115.99999999999555,"[39, 49]","[8.14999999999998, 0]","[3.149999999999997, 0]",23
41,"[0, 3]",100.34999999999644,"[38, 36]","[0, 0]","[0, 0]",23
42,"[2, 3]",146.09999999999897,"[40, 50]","[5.799999999999987, 0]","[0, 0]",23
43,"[0, 1]",69.99999999999817,"[41, 32]","[0, 0]","[0, 0]",23
44,"[0, 3]",102.7999999999963,"[43, 41]","[0, 0]","[0, 0]",23
45,"[0, 1]",76.4499999999978,"[44, 33]","[0, 0]","[0, 0]",23
46,"[0, 1]",78.69999999999767,"[45, 45]","[0, 0]","[0, 0]",23
47,"[0, 3]",111.19999999999582,"[46, 35]","[0, 0]","[0, 0]",23
48,"[2, 1]",104.29999999999622,"[42, 51]","[3.7999999999999945, 0]","[0, 0]",23
49,"[0, 1]",85.69999999999727,"[47, 39]","[2.3499999999999996, 0]","[2.3499999999999996, 0]",23
50,"[0, 3]",117.29999999999548,"[49, 47]","[0, 0]","[0, 0]",23
51,"[0, 1]",90.69999999999699,"[50, 40]","[0, 0]","[0, 0]",23
52,"[2, 1]",115.99999999999555,"[48, 64]","[6.5999999999999845, 0]","[6.299999999999986, 0]",23
53,"[2, 3]",145.69999999999888,"[52, 54]","[1.800000000000001, 0]","[0, 0]",23
54,"[0, 3]",118.94999999999538,"[51, 42]","[0, 0]","[0, 0]",23
55,"[2, 3]",147.0999999999992,"[53, 53]","[3.4499999999999957, 0]","[0, 0]",23
56,"[0, 1]",89.04999999999708,"[54, 48]","[0, 0]","[0, 0]",23
57,"[2, 1]",120.3999999999953,"[55, 70]","[2.9999999999999973, 0]","[0, 0]",23
58,"[2, 1]",132.5999999999959,"[57, 73]","[6.499999999999985, 0]","[2.6499999999999986, 0]",23
59,"[0, 1]",85.39999999999729,"[56, 56]","[0, 0]","[0, 0]",23
60,"[2, 1]",135.49999999999656,"[58, 74]","[4.499999999999992, 0]","[0, 0]",23
61,"[2, 3]",168.6000000000041,"[60, 76]","[7.699999999999981, 0]","[0, 0]",23
62,"[2, 1]",140.39999999999768,"[61, 60]","[8.899999999999991, 0]","[0, 0]",23
63,"[2, 3]",174.55000000000544,"[62, 61]","[9.299999999999997, 0]","[0, 0]",23
64,"[0, 1]",76.64999999999779,"[59, 59]","[0, 0]","[0, 0]",23
65,"[2, 3]",175.60000000000568,"[63, 63]","[10.25000000000001, 0]","[0, 0]",23
66,"[0, 1]",81.14999999999753,"[64, 52]","[2.499999999999999, 0]","[2.499999999999999, 0]",23
67,"[2, 3]",176.1500000000058,"[65, 65]","[12.950000000000049, 0]","[0, 0]",23
68,"[0, 1]",79.9499999999976,"[66, 66]","[0, 0]","[0, 0]",23
69,"[2, 1]",144.9499999999987,"[67, -999]","[14.500000000000071, 0]","[0, 0]",23
70,"[0, 1]",79.39999999999763,"[68, 68]","[0, 0]","[0, 0]",23
71,"[2, 3]",176.75000000000594,"[69, 67]","[16.6500000000001, 0]","[0, 0]",23
72,"[0, 1]",83.34999999999741,"[70, 57]","[2.499999999999999, 0]","[2.499999999999999, 0]",23
73,"[0, 1]",85.09999999999731,"[72, 72]","[0, 0]","[0, 0]",23
74,"[0, 1]",92.1999999999969,"[73, 58]","[2.499999999999999, 0]","[2.499999999999999, 0]",23
75,"[2, 3]",172.10000000000488,"[71, 71]","[12.150000000000038, 0]","[0, 0]",23
76,"[0, 3]",120.5499999999953,"[74, 55]","[0, 0]","[0, 0]",23
77,"[2, 1]",140.69999999999774,"[75, -999]","[11.250000000000025, 0]","[0, 0]",23
78,"[2, 3]",174.30000000000538,"[77, 75]","[13.75000000000006, 0]","[0, 0]",23
79,"[2, 1]",147.0499999999992,"[78, 77]","[15.650000000000087, 0]","[0, 0]",23
0,"[2, 1]",36.45000000000007,"[-999, -999]","[0, 0]","[0, 0]",24
1,"[2, 1]",38.54999999999995,"[0, 0]","[0, 0]","[0, 0]",24
2,"[2, 1]",41.1499999999998,"[1, 1]","[0, 0]","[0, 0]",24
3,"[2, 3]",71.1499999999981,"[2, -999]","[0, 0]","[0, 0]",24
4,"[0, 3]",96.74999999999665,"[-999, 8]","[0, 0]","[0, 0]",24
5,"[0, 3]",100.89999999999641,"[4, 4]","[0, 0]","[0, 0]",24
6,"[0, 1]",74.34999999999792,"[5, 14]","[0, 0]","[0, 0]",24
7,"[0, 1]",86.04999999999725,"[6, 20]","[5.849999999999987, 0]","[5.849999999999987, 0]",24
8,"[2, 3]",68.49999999999825,"[3, 3]","[0, 0]","[0, 0]",24
9,"[0, 3]",114.49999999999564,"[7, 22]","[0, 0]","[0, 0]",24
10,"[0, 1]",86.39999999999723,"[9, 23]","[0, 0]","[0, 0]",24
11,"[0, 1]",88.7499999999971,"[10, 10]","[0, 0]","[0, 0]",24
12,"[2, 1]",36.500000000000064,"[8, -999]","[0, 0]","[0, 0]",24
13,"[0, 3]",118.44999999999541,"[11, 24]","[0, 0]","[0, 0]",24
14,"[2, 1]",36.80000000000005,"[12, 12]","[0, 0]","[0, 0]",24
15,"[0, 3]",119.04999999999538,"[13, 13]","[0, 0]","[0, 0]",24
16,"[0, 1]",91.59999999999694,"[15, 25]","[0, 0]","[0, 0]",24
17,"[0, 3]",124.99999999999504,"[16, 26]","[0, 0]","[0, 0]",24
18,"[2, 3]",70.74999999999812,"[14, 5]","[0, 0]","[0, 0]",24
19,"[2, 1]",42.799999999999706,"[18, 6]","[0, 0]","[0, 0]",24
20,"[2, 1]",44.5999999999996,"[19, 19]","[0, 0]","[0, 0]",24
21,"[0, 1]",89.34999999999707,"[17, 27]","[0, 0]","[0, 0]",24
22,"[2, 3]",72.34999999999803,"[20, 18]","[0, 0]","[0, 0]",24
23,"[2, 1]",45.69999999999954,"[22, 7]","[0, 0]","[0, 0]",24
24,"[2, 3]",78.84999999999766,"[23, 9]","[0, 0]","[0, 0]",24
25,"[2, 1]",56.44999999999893,"[24, 11]","[6.649999999999984, 0]","[6.649999999999984, 0]",24
26,"[2, 3]",94.79999999999676,"[25, 15]","[3.4499999999999957, 0]","[3.4499999999999957, 0]",24
27,"[2, 1]",66.39999999999837,"[26, 16]","[14.100000000000065, 0]","[0, 0]",24
28,"[0, 1]",74.7999999999979,"[21, 21]","[0, 0]","[0, 0]",24
29,"[2, 3]",97.89999999999658,"[27, 17]","[16.350000000000097, 0]","[0, 0]",24
30,"[2, 1]",74.44999999999791,"[29, 28]","[18.250000000000124, 0]","[0, 0]",24
31,"[0, 3]",101.69999999999636,"[28, 29]","[0, 0]","[0, 0]",24
32,"[2, 1]",72.69999999999801,"[30, 30]","[15.900000000000091, 0]","[0, 0]",24
33,"[2, 1]",82.39999999999746,"[32, 36]","[17.600000000000115, 0]","[3.399999999999996, 0]",24
34,"[2, 3]",113.79999999999568,"[33, 31]","[12.650000000000045, 0]","[0, 0]",24
35,"[2, 1]",90.99999999999697,"[34, 39]","[11.200000000000024, 0]","[0, 0]",24
36,"[0, 1]",67.84999999999829,"[31, 32]","[0, 0]","[0, 0]",24
37,"[2, 1]",105.69999999999614,"[35, 43]","[19.600000000000144, 0]","[9.850000000000005, 0]",24
38,"[0, 1]",73.24999999999798,"[36, 33]","[2.1000000000000005, 0]","[2.1000000000000005, 0]",24
39,"[0, 1]",75.09999999999788,"[38, 38]","[0, 0]","[0, 0]",24
40,"[0, 1]",81.6999999999975,"[39, 35]","[2.3999999999999995, 0]","[2.3999999999999995, 0]",24
41,"[0, 1]",83.4499999999974,"[40, 40]","[0, 0]","[0, 0]",24
42,"[2, 3]",127.19999999999492,"[37, 44]","[0, 0]","[0, 0]",24
43,"[0, 1]",82.94999999999743,"[41, 41]","[0, 0]","[0, 0]",24
44,"[0, 3]",115.0999999999956,"[43, 34]","[0, 0]","[0, 0]",24
45,"[0, 1]",88.39999999999712,"[44, 37]","[0, 0]","[0, 0]",24
46,"[0, 1]",90.649999999997,"[45, 45]","[0, 0]","[0, 0]",24
47,"[2, 1]",93.59999999999683,"[42, 46]","[0, 0]","[0, 0]",24
48,"[0, 3]",120.29999999999531,"[46, 42]","[0, 0]","[0, 0]",24
49,"[0, 3]",123.69999999999511,"[48, 48]","[0, 0]","[0, 0]",24
50,"[0, 3]",126.49999999999496,"[49, 49]","[0, 0]","[0, 0]",24
51,"[0, 1]",98.69999999999654,"[50, 47]","[0, 0]","[0, 0]",24
52,"[0, 3]",136.9499999999969,"[51, 56]","[2.8999999999999977, 0]","[2.8999999999999977, 0]",24
53,"[0, 1]",109.19999999999594,"[52, 57]","[0, 0]","[0, 0]",24
54,"[0, 3]",140.8999999999978,"[53, 52]","[0, 0]","[0, 0]",24
55,"[2, 3]",118.24999999999542,"[47, 50]","[2.6999999999999984, 0]","[2.6999999999999984, 0]",24
56,"[2, 3]",120.64999999999529,"[55, 55]","[0, 0]","[0, 0]",24
57,"[2, 1]",91.49999999999694,"[56, 51]","[1.0000000000000002, 0]","[0, 0]",24
58,"[0, 3]",136.0499999999967,"[54, 54]","[0, 0]","[0, 0]",24
59,"[2, 1]",97.69999999999659,"[57, 53]","[1.950000000000001, 0]","[0, 0]",24
60,"[2, 1]",98.49999999999655,"[59, 59]","[17.90000000000012, 0]","[0, 0]",24
61,"[2, 1]",101.34999999999638,"[60, 60]","[17.550000000000114, 0]","[0, 0]",24
62,"[0, 3]",130.54999999999544,"[58, 58]","[0, 0]","[0, 0]",24
63,"[0, 3]",133.049999999996,"[62, 62]","[0, 0]","[0, 0]",24
64,"[2, 3]",135.49999999999656,"[61, 63]","[13.100000000000051, 0]","[0, 0]",24
65,"[0, 1]",102.09999999999634,"[63, 61]","[0, 0]","[0, 0]",24
66,"[2, 1]",104.04999999999623,"[64, 65]","[9.850000000000005, 0]","[0, 0]",24
67,"[2, 3]",138.59999999999727,"[66, 69]","[8.79999999999999, 0]","[0, 0]",24
68,"[2, 1]",115.39999999999559,"[67, 72]","[9.299999999999997, 0]","[0, 0]",24
69,"[0, 3]",127.19999999999492,"[65, 64]","[0, 0]","[0, 0]",24
70,"[2, 1]",118.94999999999538,"[68, 73]","[8.549999999999986, 0]","[0, 0]",24
71,"[0, 1]",96.64999999999665,"[69, 66]","[0, 0]","[0, 0]",24
72,"[0, 1]",98.94999999999652,"[71, 71]","[0, 0]","[0, 0]",24
73,"[0, 1]",105.64999999999614,"[72, 68]","[2.4499999999999993, 0]","[2.4499999999999993, 0]",24
74,"[0, 1]",113.4999999999957,"[73, 70]","[2.1000000000000005, 0]","[2.1000000000000005, 0]",24
75,"[0, 1]",114.04999999999566,"[74, 74]","[0, 0]","[0, 0]",24
76,"[2, 3]",136.39999999999677,"[70, 67]","[3.699999999999995, 0]","[0, 0]",24
77,"[0, 1]",113.14999999999571,"[75, 75]","[0, 0]","[0, 0]",24
78,"[0, 1]",115.44999999999558,"[77, 77]","[0, 0]","[0, 0]",24
79,"[2, 3]",135.04999999999646,"[76, 76]","[2.1500000000000004, 0]","[0, 0]",24
0,"[2, 1]",36.45000000000007,"[-999, -999]","[0, 0]","[0, 0]",25
1,"[2, 1]",38.54999999999995,"[0, 0]","[0, 0]","[0, 0]",25
2,"[2, 1]",41.1499999999998,"[1, 1]","[0, 0]","[0, 0]",25
3,"[2, 1]",43.89999999999964,"[2, 2]","[0, 0]","[0, 0]",25
4,"[2, 3]",73.14999999999799,"[3, -999]","[0, 0]","[0, 0]",25
5,"[2, 1]",42.449999999999726,"[4, 3]","[0, 0]","[0, 0]",25
6,"[2, 3]",75.79999999999784,"[5, 4]","[0, 0]","[0, 0]",25
7,"[2, 3]",78.99999999999766,"[6, 6]","[0, 0]","[0, 0]",25
8,"[0, 1]",70.14999999999816,"[0, 14]","[0, 0]","[0, 0]",25
9,"[0, 1]",77.44999999999774,"[8, 16]","[2.6499999999999986, 0]","[2.6499999999999986, 0]",25
10,"[2, 3]",76.09999999999782,"[7, 7]","[0, 0]","[0, 0]",25
11,"[2, 1]",42.449999999999726,"[10, 5]","[0, 0]","[0, 0]",25
12,"[2, 1]",45.449999999999555,"[11, 11]","[0, 0]","[0, 0]",25
13,"[2, 1]",47.29999999999945,"[12, 12]","[0, 0]","[0, 0]",25
14,"[2, 1]",48.89999999999936,"[13, 13]","[0, 0]","[0, 0]",25
15,"[2, 3]",79.44999999999763,"[14, 10]","[0, 0]","[0, 0]",25
16,"[2, 1]",53.549999999999095,"[15, 8]","[0, 0]","[0, 0]",25
17,"[0, 1]",70.29999999999815,"[9, 21]","[0, 0]","[0, 0]",25
18,"[2, 1]",57.64999999999886,"[16, 9]","[2.9999999999999973, 0]","[2.9999999999999973, 0]",25
19,"[0, 3]",99.89999999999647,"[17, 15]","[0, 0]","[0, 0]",25
20,"[0, 1]",72.59999999999802,"[19, 24]","[0, 0]","[0, 0]",25
21,"[2, 1]",53.94999999999907,"[18, 18]","[0, 0]","[0, 0]",25
22,"[0, 3]",103.99999999999623,"[20, 25]","[0, 0]","[0, 0]",25
23,"[0, 1]",76.79999999999778,"[22, 26]","[0, 0]","[0, 0]",25
24,"[2, 1]",56.79999999999891,"[21, 17]","[2.5999999999999988, 0]","[0, 0]",25
25,"[2, 3]",89.99999999999703,"[24, 19]","[10.100000000000009, 0]","[0, 0]",25
26,"[2, 1]",61.74999999999863,"[25, 20]","[12.35000000000004, 0]","[0, 0]",25
27,"[0, 3]",100.79999999999642,"[23, 22]","[0, 0]","[0, 0]",25
28,"[0, 3]",104.24999999999622,"[27, 27]","[0, 0]","[0, 0]",25
29,"[0, 3]",106.99999999999606,"[28, 28]","[0, 0]","[0, 0]",25
30,"[2, 1]",62.849999999998566,"[26, 23]","[7.84999999999998, 0]","[0, 0]",25
31,"[2, 3]",106.99999999999606,"[30, 29]","[12.200000000000038, 0]","[6.399999999999985, 0]",25
32,"[2, 1]",75.99999999999783,"[31, -999]","[4.199999999999993, 0]","[0, 0]",25
33,"[2, 1]",86.29999999999724,"[32, 36]","[4.849999999999991, 0]","[2.25, 0]",25
34,"[2, 3]",115.89999999999556,"[33, 31]","[1.1000000000000003, 0]","[0, 0]",25
35,"[2, 3]",119.99999999999532,"[34, 34]","[0, 0]","[0, 0]",25
36,"[0, 1]",72.09999999999805,"[29, 32]","[2.25, 0]","[2.25, 0]",25
37,"[0, 1]",78.84999999999766,"[36, 33]","[2.3, 0]","[2.3, 0]",25
38,"[0, 1]",80.49999999999757,"[37, 37]","[0, 0]","[0, 0]",25
39,"[0, 3]",114.84999999999562,"[38, 35]","[0, 0]","[0, 0]",25
40,"[0, 1]",86.79999999999721,"[39, 38]","[0, 0]","[0, 0]",25
41,"[0, 3]",125.24999999999503,"[40, 43]","[2.9499999999999975, 0]","[2.9499999999999975, 0]",25
42,"[2, 3]",111.89999999999579,"[35, 39]","[2.7499999999999982, 0]","[0, 0]",25
43,"[2, 3]",114.29999999999565,"[42, 42]","[6.549999999999985, 0]","[0, 0]",25
44,"[0, 1]",92.1999999999969,"[41, 47]","[0, 0]","[0, 0]",25
45,"[0, 1]",93.74999999999682,"[44, 44]","[0, 0]","[0, 0]",25
46,"[0, 1]",95.99999999999669,"[45, 45]","[0, 0]","[0, 0]",25
47,"[2, 1]",76.69999999999779,"[43, 40]","[0, 0]","[0, 0]",25
48,"[2, 3]",111.89999999999579,"[47, 41]","[0, 0]","[0, 0]",25
49,"[2, 3]",114.99999999999561,"[48, 48]","[1.4500000000000006, 0]","[0, 0]",25
50,"[2, 3]",118.04999999999544,"[49, 49]","[2.3, 0]","[0, 0]",25
51,"[0, 3]",120.99999999999527,"[46, 50]","[0, 0]","[0, 0]",25
52,"[0, 1]",93.64999999999682,"[51, 54]","[0, 0]","[0, 0]",25
53,"[0, 3]",127.24999999999491,"[52, 55]","[0, 0]","[0, 0]",25
54,"[2, 1]",81.29999999999752,"[50, 46]","[0, 0]","[0, 0]",25
55,"[2, 3]",115.99999999999555,"[54, 51]","[0, 0]","[0, 0]",25
56,"[0, 3]",124.29999999999508,"[53, 53]","[0, 0]","[0, 0]",25
57,"[0, 1]",97.5999999999966,"[56, 62]","[0, 0]","[0, 0]",25
58,"[2, 1]",82.34999999999746,"[55, 52]","[0, 0]","[0, 0]",25
59,"[0, 3]",128.1999999999949,"[57, 63]","[0, 0]","[0, 0]",25
60,"[0, 3]",130.8499999999955,"[59, 59]","[0, 0]","[0, 0]",25
61,"[0, 3]",138.19999999999717,"[60, 67]","[2.3999999999999995, 0]","[2.3999999999999995, 0]",25
62,"[2, 1]",77.29999999999775,"[58, 58]","[0, 0]","[0, 0]",25
63,"[2, 3]",111.34999999999582,"[62, 56]","[0, 0]","[0, 0]",25
64,"[0, 3]",134.7499999999964,"[61, 61]","[0, 0]","[0, 0]",25
65,"[2, 1]",80.49999999999757,"[63, 57]","[0, 0]","[0, 0]",25
66,"[0, 1]",103.09999999999629,"[64, -999]","[0, 0]","[0, 0]",25
67,"[2, 3]",116.7999999999955,"[65, 60]","[0, 0]","[0, 0]",25
68,"[2, 3]",128.74999999999503,"[67, 64]","[6.499999999999985, 0]","[6.499999999999985, 0]",25
69,"[0, 1]",99.94999999999646,"[66, 66]","[0, 0]","[0, 0]",25
70,"[0, 1]",102.24999999999633,"[69, 69]","[0, 0]","[0, 0]",25
71,"[0, 3]",134.59999999999636,"[70, 68]","[0, 0]","[0, 0]",25
72,"[2, 1]",102.8999999999963,"[68, 70]","[6.699999999999984, 0]","[6.699999999999984, 0]",25
73,"[0, 1]",104.99999999999618,"[71, 72]","[0, 0]","[0, 0]",25
74,"[2, 3]",132.94999999999598,"[72, 71]","[0, 0]","[0, 0]",25
75,"[0, 1]",104.5999999999962,"[73, 73]","[0, 0]","[0, 0]",25
76,"[0, 1]",106.84999999999607,"[75, 75]","[0, 0]","[0, 0]",25
77,"[2, 3]",130.7999999999955,"[74, 74]","[0, 0]","[0, 0]",25
78,"[0, 3]",136.24999999999673,"[76, 77]","[0, 0]","[0, 0]",25
79,"[0, 3]",139.54999999999748,"[78, 78]","[0, 0]","[0, 0]",25
0,"[2, 3]",67.79999999999829,"[-999, -999]","[0, 0]","[0, 0]",26
1,"[2, 3]",71.2999999999981,"[0, 0]","[0, 0]","[0, 0]",26
2,"[0, 3]",101.59999999999637,"[-999, 11]","[0, 0]","[0, 0]",26
3,"[0, 1]",72.79999999999801,"[2, 12]","[0, 0]","[0, 0]",26
4,"[2, 3]",69.59999999999819,"[1, 1]","[0, 0]","[0, 0]",26
5,"[0, 3]",102.8999999999963,"[3, 2]","[0, 0]","[0, 0]",26
6,"[2, 1]",36.650000000000055,"[4, -999]","[0, 0]","[0, 0]",26
7,"[2, 3]",69.74999999999818,"[6, 4]","[0, 0]","[0, 0]",26
8,"[2, 1]",40.64999999999983,"[7, 6]","[0, 0]","[0, 0]",26
9,"[0, 1]",69.84999999999818,"[5, 17]","[0, 0]","[0, 0]",26
10,"[2, 1]",40.49999999999984,"[8, 8]","[0, 0]","[0, 0]",26
11,"[2, 3]",70.19999999999816,"[10, 7]","[0, 0]","[0, 0]",26
12,"[2, 1]",41.84999999999976,"[11, 10]","[0, 0]","[0, 0]",26
13,"[0, 3]",97.4999999999966,"[9, 20]","[0, 0]","[0, 0]",26
14,"[0, 3]",101.1999999999964,"[13, 13]","[0, 0]","[0, 0]",26
15,"[0, 1]",83.24999999999741,"[14, 25]","[5.299999999999989, 0]","[5.299999999999989, 0]",26
16,"[2, 1]",40.94999999999981,"[12, 3]","[0, 0]","[0, 0]",26
17,"[2, 1]",42.54999999999972,"[16, 16]","[0, 0]","[0, 0]",26
18,"[0, 3]",107.34999999999604,"[15, 14]","[0, 0]","[0, 0]",26
19,"[0, 1]",80.74999999999756,"[18, 27]","[0, 0]","[0, 0]",26
20,"[2, 3]",69.2999999999982,"[17, 5]","[0, 0]","[0, 0]",26
21,"[2, 1]",40.59999999999983,"[20, 9]","[0, 0]","[0, 0]",26
22,"[2, 1]",43.149999999999686,"[21, 21]","[0, 0]","[0, 0]",26
23,"[2, 1]",45.69999999999954,"[22, 22]","[0, 0]","[0, 0]",26
24,"[2, 1]",47.99999999999941,"[23, 23]","[0, 0]","[0, 0]",26
25,"[2, 1]",50.199999999999285,"[24, 24]","[0, 0]","[0, 0]",26
26,"[0, 1]",74.04999999999794,"[19, 30]","[3.2499999999999964, 0]","[3.2499999999999964, 0]",26
27,"[2, 1]",54.49999999999904,"[25, 15]","[1.5000000000000007, 0]","[1.5000000000000007, 0]",26
28,"[2, 3]",86.74999999999721,"[27, 18]","[3.4499999999999957, 0]","[3.4499999999999957, 0]",26
29,"[0, 1]",69.24999999999821,"[26, 26]","[0, 0]","[0, 0]",26
30,"[2, 1]",55.999999999998956,"[28, 19]","[0, 0]","[0, 0]",26
31,"[0, 1]",73.19999999999798,"[29, 32]","[0.7500000000000001, 0]","[0.7500000000000001, 0]",26
32,"[2, 1]",67.04999999999833,"[30, 29]","[9.800000000000004, 0]","[2.6499999999999986, 0]",26
33,"[2, 1]",72.999999999998,"[32, 31]","[14.200000000000067, 0]","[0, 0]",26
34,"[0, 3]",99.54999999999649,"[31, 28]","[0, 0]","[0, 0]",26
35,"[0, 1]",72.19999999999804,"[34, 33]","[0, 0]","[0, 0]",26
36,"[2, 1]",84.59999999999734,"[33, 39]","[25.70000000000023, 0]","[10.20000000000001, 0]",26
37,"[0, 1]",71.0999999999981,"[35, 35]","[0, 0]","[0, 0]",26
38,"[2, 3]",114.89999999999561,"[36, 40]","[11.300000000000026, 0]","[0, 0]",26
39,"[0, 1]",70.19999999999816,"[37, 37]","[0, 0]","[0, 0]",26
40,"[0, 3]",102.8499999999963,"[39, 34]","[0, 0]","[0, 0]",26
41,"[2, 1]",81.19999999999753,"[38, 42]","[4.699999999999991, 0]","[0, 0]",26
42,"[0, 1]",73.049999999998,"[40, 36]","[0, 0]","[0, 0]",26
43,"[0, 3]",106.84999999999607,"[42, 38]","[0, 0]","[0, 0]",26
44,"[2, 1]",85.2499999999973,"[41, 45]","[0, 0]","[0, 0]",26
45,"[0, 1]",77.04999999999777,"[43, 41]","[0, 0]","[0, 0]",26
46,"[0, 3]",108.89999999999596,"[45, 43]","[0, 0]","[0, 0]",26
47,"[2, 1]",81.6999999999975,"[44, 44]","[0, 0]","[0, 0]",26
48,"[2, 1]",90.599999999997,"[47, 50]","[0, 0]","[0, 0]",26
49,"[0, 3]",106.74999999999608,"[46, 46]","[0, 0]","[0, 0]",26
50,"[0, 1]",79.79999999999761,"[49, 47]","[0, 0]","[0, 0]",26
51,"[2, 3]",118.24999999999542,"[48, 53]","[3.2499999999999964, 0]","[0, 0]",26
52,"[2, 1]",96.54999999999666,"[51, 59]","[12.900000000000048, 0]","[3.349999999999996, 0]",26
53,"[0, 3]",106.2499999999961,"[50, 49]","[0, 0]","[0, 0]",26
54,"[2, 3]",126.99999999999493,"[52, 60]","[7.399999999999982, 0]","[0, 0]",26
55,"[2, 1]",98.74999999999653,"[54, 61]","[6.249999999999986, 0]","[0, 0]",26
56,"[2, 3]",133.39999999999608,"[55, 64]","[4.899999999999991, 0]","[0, 0]",26
57,"[2, 3]",136.69999999999683,"[56, 56]","[3.5499999999999954, 0]","[0, 0]",26
58,"[0, 1]",69.24999999999821,"[53, 48]","[0, 0]","[0, 0]",26
59,"[0, 1]",71.2499999999981,"[58, 58]","[0, 0]","[0, 0]",26
60,"[0, 3]",104.14999999999623,"[59, 51]","[0, 0]","[0, 0]",26
61,"[0, 1]",76.84999999999778,"[60, 52]","[0, 0]","[0, 0]",26
62,"[2, 1]",97.29999999999661,"[57, 67]","[0, 0]","[0, 0]",26
63,"[2, 1]",106.49999999999609,"[62, 69]","[0, 0]","[0, 0]",26
64,"[0, 3]",105.19999999999617,"[61, 54]","[0, 0]","[0, 0]",26
65,"[2, 1]",110.04999999999589,"[63, 70]","[2.25, 0]","[0, 0]",26
66,"[0, 1]",75.39999999999786,"[64, 55]","[0, 0]","[0, 0]",26
67,"[0, 1]",77.19999999999776,"[66, 66]","[0, 0]","[0, 0]",26
68,"[0, 3]",112.04999999999578,"[67, 57]","[0, 0]","[0, 0]",26
69,"[0, 1]",84.79999999999733,"[68, 62]","[0, 0]","[0, 0]",26
70,"[0, 1]",92.94999999999686,"[69, 63]","[1.6500000000000008, 0]","[1.6500000000000008, 0]",26
71,"[2, 3]",129.24999999999514,"[65, 73]","[1.7500000000000009, 0]","[0, 0]",26
72,"[2, 1]",105.94999999999612,"[71, 77]","[3.049999999999997, 0]","[0, 0]",26
73,"[0, 3]",117.04999999999549,"[70, 68]","[0, 0]","[0, 0]",26
74,"[0, 1]",90.14999999999702,"[73, 65]","[0, 0]","[0, 0]",26
75,"[2, 3]",131.2999999999956,"[72, 71]","[4.249999999999993, 0]","[0, 0]",26
76,"[2, 3]",135.34999999999653,"[75, 75]","[5.1999999999999895, 0]","[0, 0]",26
77,"[0, 1]",86.9999999999972,"[74, 74]","[0, 0]","[0, 0]",26
78,"[0, 1]",93.64999999999682,"[77, 72]","[2.4499999999999993, 0]","[2.4499999999999993, 0]",26
79,"[0, 1]",95.44999999999672,"[78, 78]","[0, 0]","[0, 0]",26
0,"[0, 3]",98.69999999999654,"[-999, 8]","[0, 0]","[0, 0]",27
1,"[2, 1]",36.45000000000007,"[-999, -999]","[0, 0]","[0, 0]",27
2,"[0, 1]",72.44999999999803,"[0, 11]","[0, 0]","[0, 0]",27
3,"[0, 1]",78.94999999999766,"[2, 12]","[2.3, 0]","[2.3, 0]",27
4,"[2, 3]",67.84999999999829,"[1, -999]","[0, 0]","[0, 0]",27
5,"[2, 1]",38.34999999999996,"[4, 1]","[0, 0]","[0, 0]",27
6,"[2, 3]",70.74999999999812,"[5, 4]","[0, 0]","[0, 0]",27
7,"[0, 3]",101.99999999999635,"[3, 0]","[0, 0]","[0, 0]",27
8,"[2, 3]",71.2499999999981,"[6, 6]","[0, 0]","[0, 0]",27
9,"[2, 1]",41.749999999999766,"[8, 5]","[0, 0]","[0, 0]",27
10,"[0, 1]",75.49999999999785,"[7, 14]","[2.9999999999999973, 0]","[2.9999999999999973, 0]",27
11,"[2, 1]",41.29999999999979,"[9, 9]","[0, 0]","[0, 0]",27
12,"[2, 1]",50.64999999999926,"[11, 2]","[1.950000000000001, 0]","[1.950000000000001, 0]",27
13,"[2, 1]",56.9999999999989,"[12, 3]","[6.549999999999985, 0]","[6.549999999999985, 0]",27
14,"[2, 1]",58.19999999999883,"[13, 13]","[8.999999999999993, 0]","[2.5999999999999988, 0]",27
15,"[2, 1]",66.49999999999837,"[14, 10]","[9.349999999999998, 0]","[0, 0]",27
16,"[0, 1]",68.04999999999828,"[10, 15]","[0, 0]","[0, 0]",27
17,"[0, 3]",100.84999999999641,"[16, 7]","[0, 0]","[0, 0]",27
18,"[0, 3]",104.19999999999622,"[17, 17]","[0, 0]","[0, 0]",27
19,"[0, 3]",106.64999999999608,"[18, 18]","[0, 0]","[0, 0]",27
20,"[0, 3]",108.79999999999596,"[19, 19]","[0, 0]","[0, 0]",27
21,"[0, 3]",110.74999999999585,"[20, 20]","[0, 0]","[0, 0]",27
22,"[2, 1]",57.249999999998884,"[15, 16]","[0, 0]","[0, 0]",27
23,"[0, 3]",109.9499999999959,"[21, 21]","[0, 0]","[0, 0]",27
24,"[0, 1]",81.34999999999752,"[23, 29]","[0, 0]","[0, 0]",27
25,"[2, 1]",53.14999999999912,"[22, 22]","[0, 0]","[0, 0]",27
26,"[2, 1]",55.649999999998975,"[25, 25]","[0, 0]","[0, 0]",27
27,"[0, 3]",109.04999999999595,"[24, 30]","[0, 0]","[0, 0]",27
28,"[0, 3]",116.24999999999554,"[27, 31]","[2.5999999999999988, 0]","[2.5999999999999988, 0]",27
29,"[2, 1]",52.999999999999126,"[26, 26]","[4.899999999999991, 0]","[0, 0]",27
30,"[2, 3]",95.7499999999967,"[29, 23]","[9.600000000000001, 0]","[3.5499999999999954, 0]",27
31,"[2, 3]",103.04999999999629,"[30, 27]","[3.699999999999995, 0]","[0, 0]",27
32,"[0, 1]",78.84999999999766,"[28, -999]","[0, 0]","[0, 0]",27
33,"[2, 3]",107.34999999999604,"[31, 28]","[1.6500000000000008, 0]","[0, 0]",27
34,"[0, 1]",78.49999999999768,"[32, 32]","[0, 0]","[0, 0]",27
35,"[2, 1]",81.49999999999751,"[33, 34]","[0, 0]","[0, 0]",27
36,"[2, 3]",112.14999999999577,"[35, 33]","[0, 0]","[0, 0]",27
37,"[0, 1]",80.74999999999756,"[34, 35]","[2.6999999999999984, 0]","[2.6999999999999984, 0]",27
38,"[0, 1]",82.04999999999748,"[37, 37]","[0, 0]","[0, 0]",27
39,"[2, 3]",110.74999999999585,"[36, 36]","[0, 0]","[0, 0]",27
40,"[0, 1]",81.34999999999752,"[38, 38]","[0, 0]","[0, 0]",27
41,"[2, 1]",83.4999999999974,"[39, 40]","[0, 0]","[0, 0]",27
42,"[0, 1]",85.1999999999973,"[40, 41]","[2.4499999999999993, 0]","[2.4499999999999993, 0]",27
43,"[2, 1]",87.64999999999716,"[41, 42]","[3.099999999999997, 0]","[0, 0]",27
44,"[0, 1]",90.549999999997,"[42, 43]","[1.6500000000000008, 0]","[1.6500000000000008, 0]",27
45,"[0, 1]",96.89999999999664,"[44, 46]","[2.2, 0]","[2.2, 0]",27
46,"[2, 1]",88.39999999999712,"[43, 44]","[3.999999999999994, 0]","[0, 0]",27
47,"[2, 3]",120.3499999999953,"[46, 39]","[3.4999999999999956, 0]","[0, 0]",27
48,"[0, 3]",124.29999999999508,"[45, 47]","[2.5999999999999988, 0]","[2.5999999999999988, 0]",27
49,"[0, 3]",132.39999999999586,"[48, 50]","[2.5999999999999988, 0]","[2.3999999999999995, 0]",27
50,"[2, 3]",124.59999999999506,"[47, 48]","[3.5499999999999954, 0]","[2.0500000000000007, 0]",27
51,"[0, 1]",100.94999999999641,"[49, 54]","[0, 0]","[0, 0]",27
52,"[0, 3]",132.84999999999596,"[51, 49]","[0, 0]","[0, 0]",27
53,"[0, 3]",136.24999999999673,"[52, 52]","[0, 0]","[0, 0]",27
54,"[2, 1]",86.14999999999725,"[50, 45]","[0, 0]","[0, 0]",27
55,"[0, 3]",136.19999999999672,"[53, 53]","[0, 0]","[0, 0]",27
56,"[0, 1]",108.24999999999599,"[55, 59]","[0, 0]","[0, 0]",27
57,"[0, 1]",110.59999999999586,"[56, 56]","[0, 0]","[0, 0]",27
58,"[2, 1]",87.29999999999718,"[54, 51]","[3.2499999999999964, 0]","[3.2499999999999964, 0]",27
59,"[2, 1]",88.94999999999709,"[58, 58]","[0, 0]","[0, 0]",27
60,"[0, 3]",137.74999999999707,"[57, 66]","[0, 0]","[0, 0]",27
61,"[2, 3]",124.99999999999504,"[59, 55]","[0, 0]","[0, 0]",27
62,"[0, 1]",106.64999999999608,"[60, 57]","[0, 0]","[0, 0]",27
63,"[0, 3]",139.6499999999975,"[62, 67]","[0, 0]","[0, 0]",27
64,"[0, 1]",111.6499999999958,"[63, 62]","[0, 0]","[0, 0]",27
65,"[0, 1]",113.94999999999567,"[64, 64]","[0, 0]","[0, 0]",27
66,"[2, 3]",116.34999999999553,"[61, 61]","[0.7000000000000001, 0]","[0, 0]",27
67,"[2, 3]",123.49999999999513,"[66, 60]","[0, 0]","[0, 0]",27
68,"[2, 3]",131.34999999999562,"[67, 63]","[3.949999999999994, 0]","[3.049999999999997, 0]",27
69,"[0, 3]",138.2999999999972,"[65, 68]","[0, 0]","[0, 0]",27
70,"[0, 3]",141.74999999999798,"[69, 69]","[0.39999999999999997, 0]","[0, 0]",27
71,"[2, 1]",103.44999999999627,"[68, 65]","[5.699999999999988, 0]","[3.1999999999999966, 0]",27
72,"[0, 3]",141.69999999999797,"[70, 70]","[1.1500000000000004, 0]","[0, 0]",27
73,"[2, 1]",102.49999999999632,"[71, 71]","[3.7499999999999947, 0]","[0, 0]",27
74,"[2, 1]",105.24999999999616,"[73, 73]","[3.949999999999994, 0]","[0, 0]",27
75,"[0, 1]",109.29999999999593,"[72, 74]","[1.5500000000000007, 0]","[0, 0]",27
76,"[0, 1]",117.29999999999548,"[75, 77]","[4.149999999999993, 0]","[2.1500000000000004, 0]",27
77,"[2, 1]",108.94999999999595,"[74, 75]","[0, 0]","[0, 0]",27
78,"[0, 3]",144.19999999999854,"[76, 72]","[1.7000000000000008, 0]","[0, 0]",27
79,"[0, 1]",118.14999999999543,"[78, 76]","[0.8500000000000002, 0]","[0, 0]",27
0,"[2, 3]",67.79999999999829,"[-999, -999]","[0, 0]","[0, 0]",28
1,"[2, 1]",37.6,"[0, -999]","[0, 0]","[0, 0]",28
2,"[0, 3]",96.74999999999665,"[-999, 5]","[0, 0]","[0, 0]",28
3,"[2, 1]",36.95000000000004,"[1, 1]","[0, 0]","[0, 0]",28
4,"[2, 1]",39.24999999999991,"[3, 3]","[0, 0]","[0, 0]",28
5,"[2, 3]",70.24999999999815,"[4, 0]","[0, 0]","[0, 0]",28
6,"[0, 3]",99.94999999999646,"[2, 13]","[0, 0]","[0, 0]",28
7,"[2, 1]",38.44999999999995,"[5, 4]","[0, 0]","[0, 0]",28
8,"[2, 1]",41.29999999999979,"[7, 7]","[0, 0]","[0, 0]",28
9,"[0, 1]",76.79999999999778,"[6, 16]","[2.5999999999999988, 0]","[2.5999999999999988, 0]",28
10,"[2, 1]",40.64999999999983,"[8, 8]","[0, 0]","[0, 0]",28
11,"[2, 1]",43.39999999999967,"[10, 10]","[0, 0]","[0, 0]",28
12,"[2, 1]",45.89999999999953,"[11, 11]","[0, 0]","[0, 0]",28
13,"[2, 3]",74.54999999999791,"[12, 2]","[0, 0]","[0, 0]",28
14,"[2, 1]",46.849999999999476,"[13, 12]","[0, 0]","[0, 0]",28
15,"[2, 1]",49.54999999999932,"[14, 14]","[0, 0]","[0, 0]",28
16,"[2, 1]",51.89999999999919,"[15, 15]","[0, 0]","[0, 0]",28
17,"[2, 3]",82.84999999999744,"[16, 6]","[0, 0]","[0, 0]",28
18,"[2, 3]",86.74999999999721,"[17, 17]","[0, 0]","[0, 0]",28
19,"[2, 1]",59.149999999998776,"[18, 9]","[0, 0]","[0, 0]",28
20,"[0, 3]",97.69999999999659,"[9, 22]","[0, 0]","[0, 0]",28
21,"[0, 1]",70.59999999999813,"[20, 23]","[0, 0]","[0, 0]",28
22,"[2, 3]",85.1499999999973,"[19, 18]","[0, 0]","[0, 0]",28
23,"[2, 1]",57.89999999999885,"[22, 19]","[8.14999999999998, 0]","[0.05, 0]",28
24,"[2, 1]",68.89999999999823,"[23, 21]","[10.400000000000013, 0]","[2.4499999999999993, 0]",28
25,"[0, 1]",69.3499999999982,"[21, 24]","[0, 0]","[0, 0]",28
26,"[0, 1]",71.0999999999981,"[25, 25]","[0, 0]","[0, 0]",28
27,"[2, 3]",93.04999999999686,"[24, 20]","[5.349999999999989, 0]","[0, 0]",28
28,"[2, 1]",71.1499999999981,"[27, 26]","[3.599999999999995, 0]","[0, 0]",28
29,"[0, 1]",72.34999999999803,"[26, 28]","[0, 0]","[0, 0]",28
30,"[2, 1]",74.94999999999789,"[28, 29]","[1.0500000000000003, 0]","[0, 0]",28
31,"[0, 3]",101.44999999999638,"[29, 27]","[0, 0]","[0, 0]",28
32,"[0, 3]",105.04999999999617,"[31, 31]","[0, 0]","[0, 0]",28
33,"[2, 1]",71.04999999999811,"[30, 30]","[0, 0]","[0, 0]",28
34,"[2, 1]",73.89999999999795,"[33, 33]","[0, 0]","[0, 0]",28
35,"[0, 3]",102.29999999999633,"[32, 32]","[0, 0]","[0, 0]",28
36,"[0, 3]",104.84999999999619,"[35, 35]","[0, 0]","[0, 0]",28
37,"[0, 3]",112.14999999999577,"[36, 39]","[2.25, 0]","[2.25, 0]",28
38,"[0, 1]",82.84999999999744,"[37, -999]","[0, 0]","[0, 0]",28
39,"[2, 3]",101.74999999999636,"[34, 36]","[0, 0]","[0, 0]",28
40,"[0, 1]",82.49999999999746,"[38, 38]","[0, 0]","[0, 0]",28
41,"[0, 3]",115.0499999999956,"[40, 43]","[0, 0]","[0, 0]",28
42,"[0, 1]",87.94999999999715,"[41, 45]","[0, 0]","[0, 0]",28
43,"[2, 3]",100.54999999999643,"[39, 37]","[0, 0]","[0, 0]",28
44,"[0, 1]",87.54999999999717,"[42, 42]","[0, 0]","[0, 0]",28
45,"[2, 1]",74.7499999999979,"[43, 40]","[3.1999999999999966, 0]","[3.1999999999999966, 0]",28
46,"[0, 1]",87.0499999999972,"[44, 44]","[0, 0]","[0, 0]",28
47,"[2, 1]",90.649999999997,"[45, 46]","[9.650000000000002, 0]","[9.650000000000002, 0]",28
48,"[2, 1]",96.29999999999667,"[47, 51]","[0, 0]","[0, 0]",28
49,"[2, 3]",134.49999999999633,"[48, 53]","[0, 0]","[0, 0]",28
50,"[2, 1]",106.3499999999961,"[49, 57]","[0, 0]","[0, 0]",28
51,"[0, 1]",83.24999999999741,"[46, 47]","[2.549999999999999, 0]","[2.549999999999999, 0]",28
52,"[0, 3]",114.34999999999565,"[51, 41]","[0, 0]","[0, 0]",28
53,"[0, 3]",117.94999999999544,"[52, 52]","[0, 0]","[0, 0]",28
54,"[2, 1]",100.94999999999641,"[50, 50]","[0, 0]","[0, 0]",28
55,"[2, 3]",135.39999999999654,"[54, 60]","[1.3000000000000005, 0]","[0, 0]",28
56,"[2, 1]",107.34999999999604,"[55, 61]","[1.0000000000000002, 0]","[0, 0]",28
57,"[0, 1]",82.44999999999746,"[53, 48]","[0, 0]","[0, 0]",28
58,"[0, 3]",115.49999999999558,"[57, 49]","[0, 0]","[0, 0]",28
59,"[2, 1]",116.69999999999551,"[56, 68]","[4.749999999999991, 0]","[2.849999999999998, 0]",28
60,"[0, 3]",115.44999999999558,"[58, 58]","[0, 0]","[0, 0]",28
61,"[0, 1]",88.44999999999712,"[60, 54]","[0, 0]","[0, 0]",28
62,"[2, 1]",111.6999999999958,"[59, 59]","[4.749999999999991, 0]","[0, 0]",28
63,"[2, 3]",144.59999999999863,"[62, 69]","[5.4999999999999885, 0]","[0, 0]",28
64,"[2, 1]",117.34999999999548,"[63, 70]","[19.150000000000137, 0]","[0, 0]",28
65,"[2, 3]",151.9000000000003,"[64, 71]","[18.55000000000013, 0]","[0, 0]",28
66,"[0, 3]",110.99999999999584,"[61, 55]","[0, 0]","[0, 0]",28
67,"[0, 1]",83.89999999999738,"[66, 56]","[0, 0]","[0, 0]",28
68,"[0, 1]",85.64999999999728,"[67, 67]","[0, 0]","[0, 0]",28
69,"[0, 3]",117.89999999999544,"[68, 66]","[0, 0]","[0, 0]",28
70,"[0, 1]",96.24999999999667,"[69, 62]","[2.9999999999999973, 0]","[2.9999999999999973, 0]",28
71,"[0, 3]",128.99999999999508,"[70, 63]","[0, 0]","[0, 0]",28
72,"[0, 1]",102.19999999999634,"[71, 64]","[0, 0]","[0, 0]",28
73,"[0, 1]",103.89999999999624,"[72, 72]","[0, 0]","[0, 0]",28
74,"[0, 1]",106.14999999999611,"[73, 73]","[0, 0]","[0, 0]",28
75,"[2, 3]",130.4499999999954,"[65, 65]","[0.7000000000000001, 0]","[0, 0]",28
76,"[2, 1]",105.49999999999615,"[75, 74]","[1.3000000000000005, 0]","[0, 0]",28
77,"[0, 1]",107.24999999999605,"[74, 76]","[2.4499999999999993, 0]","[2.4499999999999993, 0]",28
78,"[0, 1]",115.1499999999956,"[77, 79]","[2.1000000000000005, 0]","[2.1000000000000005, 0]",28
79,"[2, 1]",106.84999999999607,"[76, 77]","[0, 0]","[0, 0]",28
0,"[2, 3]",67.79999999999829,"[-999, -999]","[0, 0]","[0, 0]",29
1,"[2, 1]",37.6,"[0, -999]","[0, 0]","[0, 0]",29
2,"[2, 1]",40.14999999999986,"[1, 1]","[0, 0]","[0, 0]",29
3,"[2, 1]",42.8499999999997,"[2, 2]","[0, 0]","[0, 0]",29
4,"[0, 1]",67.5499999999983,"[-999, 12]","[0, 0]","[0, 0]",29
5,"[2, 3]",72.19999999999804,"[3, 0]","[0, 0]","[0, 0]",29
6,"[0, 1]",71.94999999999806,"[4, 13]","[0, 0]","[0, 0]",29
7,"[0, 1]",73.69999999999796,"[6, 6]","[0, 0]","[0, 0]",29
8,"[2, 1]",37.000000000000036,"[5, 3]","[0, 0]","[0, 0]",29
9,"[0, 3]",103.19999999999628,"[7, 5]","[0, 0]","[0, 0]",29
10,"[0, 1]",80.94999999999754,"[9, 16]","[2.499999999999999, 0]","[2.499999999999999, 0]",29
11,"[2, 1]",36.60000000000006,"[8, 8]","[0, 0]","[0, 0]",29
12,"[2, 1]",38.84999999999993,"[11, 11]","[0, 0]","[0, 0]",29
13,"[2, 1]",49.34999999999933,"[12, 4]","[1.7500000000000009, 0]","[1.7500000000000009, 0]",29
14,"[0, 3]",104.29999999999622,"[10, 9]","[0, 0]","[0, 0]",29
15,"[2, 1]",57.99999999999884,"[13, 7]","[9.900000000000006, 0]","[9.900000000000006, 0]",29
16,"[2, 1]",58.94999999999879,"[15, 15]","[0, 0]","[0, 0]",29
17,"[0, 1]",71.04999999999811,"[14, 18]","[0, 0]","[0, 0]",29
18,"[2, 1]",64.1499999999985,"[16, 10]","[0, 0]","[0, 0]",29
19,"[0, 1]",75.49999999999785,"[17, 20]","[2.6999999999999984, 0]","[2.6999999999999984, 0]",29
20,"[2, 1]",68.09999999999827,"[18, 17]","[10.650000000000016, 0]","[0, 0]",29
21,"[0, 3]",103.74999999999625,"[19, 14]","[0, 0]","[0, 0]",29
22,"[2, 1]",71.79999999999806,"[20, 19]","[14.45000000000007, 0]","[0, 0]",29
23,"[2, 1]",72.999999999998,"[22, 22]","[12.200000000000038, 0]","[0, 0]",29
24,"[0, 3]",101.74999999999636,"[21, 21]","[0, 0]","[0, 0]",29
25,"[2, 1]",73.19999999999798,"[23, 23]","[9.349999999999998, 0]","[0, 0]",29
26,"[2, 1]",81.24999999999753,"[25, 29]","[7.89999999999998, 0]","[0, 0]",29
27,"[2, 1]",82.24999999999747,"[26, 26]","[6.549999999999985, 0]","[0, 0]",29
28,"[2, 1]",91.04999999999697,"[27, 32]","[5.249999999999989, 0]","[0, 0]",29
29,"[0, 1]",67.79999999999829,"[24, 25]","[0, 0]","[0, 0]",29
30,"[0, 3]",100.94999999999641,"[29, 24]","[0, 0]","[0, 0]",29
31,"[2, 3]",117.69999999999546,"[28, 30]","[1.6000000000000008, 0]","[0, 0]",29
32,"[0, 1]",75.39999999999786,"[30, 27]","[0, 0]","[0, 0]",29
33,"[2, 1]",86.24999999999724,"[31, 38]","[0, 0]","[0, 0]",29
34,"[2, 1]",100.74999999999642,"[33, 43]","[7.699999999999981, 0]","[6.649999999999984, 0]",29
35,"[2, 1]",106.84999999999607,"[34, 45]","[1.950000000000001, 0]","[0, 0]",29
36,"[2, 3]",145.64999999999887,"[35, 48]","[5.549999999999988, 0]","[3.1999999999999966, 0]",29
37,"[2, 3]",148.54999999999953,"[36, 36]","[4.499999999999992, 0]","[0, 0]",29
38,"[0, 1]",67.99999999999828,"[32, 28]","[0, 0]","[0, 0]",29
39,"[2, 1]",122.39999999999519,"[37, 51]","[6.5999999999999845, 0]","[0, 0]",29
40,"[2, 1]",128.94999999999507,"[39, 54]","[8.249999999999982, 0]","[0, 0]",29
41,"[0, 1]",71.0999999999981,"[38, 33]","[0, 0]","[0, 0]",29
42,"[2, 1]",127.69999999999489,"[40, 40]","[9.700000000000003, 0]","[0, 0]",29
43,"[0, 1]",69.69999999999818,"[41, 41]","[0, 0]","[0, 0]",29
44,"[2, 3]",159.35000000000198,"[42, 57]","[10.550000000000015, 0]","[0, 0]",29
45,"[0, 1]",74.5999999999979,"[43, 34]","[2.5999999999999988, 0]","[2.5999999999999988, 0]",29
46,"[2, 3]",159.8500000000021,"[44, 44]","[11.200000000000024, 0]","[0, 0]",29
47,"[0, 3]",103.04999999999629,"[45, 31]","[0, 0]","[0, 0]",29
48,"[0, 3]",106.59999999999609,"[47, 47]","[0, 0]","[0, 0]",29
49,"[0, 1]",79.34999999999764,"[48, 35]","[0, 0]","[0, 0]",29
50,"[0, 1]",81.6499999999975,"[49, 49]","[0, 0]","[0, 0]",29
51,"[0, 1]",83.99999999999737,"[50, 50]","[0, 0]","[0, 0]",29
52,"[2, 3]",149.19999999999968,"[46, 46]","[4.249999999999993, 0]","[0, 0]",29
53,"[2, 3]",152.3500000000004,"[52, 52]","[6.5999999999999845, 0]","[0, 0]",29
54,"[0, 1]",85.2499999999973,"[51, 39]","[2.3999999999999995, 0]","[2.3999999999999995, 0]",29
55,"[0, 3]",116.64999999999552,"[54, 37]","[0, 0]","[0, 0]",29
56,"[2, 1]",120.09999999999532,"[53, 69]","[6.499999999999985, 0]","[0, 0]",29
57,"[0, 3]",117.44999999999547,"[55, 55]","[0, 0]","[0, 0]",29
58,"[2, 1]",119.89999999999533,"[56, 56]","[7.4499999999999815, 0]","[0, 0]",29
59,"[2, 3]",154.30000000000084,"[58, 72]","[10.050000000000008, 0]","[0, 0]",29
60,"[0, 1]",84.54999999999734,"[57, 42]","[0, 0]","[0, 0]",29
61,"[0, 1]",86.74999999999721,"[60, 60]","[0, 0]","[0, 0]",29
62,"[0, 1]",88.99999999999709,"[61, 61]","[0, 0]","[0, 0]",29
63,"[0, 1]",91.34999999999695,"[62, 62]","[0, 0]","[0, 0]",29
64,"[2, 3]",151.75000000000026,"[59, 77]","[8.14999999999998, 0]","[0, 0]",29
65,"[2, 3]",159.15000000000194,"[64, 78]","[9.45, 0]","[0, 0]",29
66,"[2, 3]",161.25000000000242,"[65, 65]","[9.850000000000005, 0]","[0, 0]",29
67,"[2, 1]",131.99999999999577,"[66, 79]","[9.800000000000004, 0]","[0, 0]",29
68,"[2, 1]",135.59999999999658,"[67, 67]","[9.650000000000002, 0]","[0, 0]",29
69,"[0, 1]",79.8499999999976,"[63, 63]","[0, 0]","[0, 0]",29
70,"[2, 1]",135.39999999999654,"[68, 68]","[10.300000000000011, 0]","[0, 0]",29
71,"[0, 3]",109.34999999999593,"[69, 53]","[0, 0]","[0, 0]",29
72,"[0, 3]",112.34999999999576,"[71, 71]","[0, 0]","[0, 0]",29
73,"[2, 3]",163.15000000000285,"[70, 66]","[12.30000000000004, 0]","[0, 0]",29
74,"[2, 3]",167.25000000000378,"[73, 73]","[13.70000000000006, 0]","[0, 0]",29
75,"[2, 1]",139.1499999999974,"[74, -999]","[13.850000000000062, 0]","[0, 0]",29
76,"[0, 1]",76.99999999999777,"[72, 58]","[0, 0]","[0, 0]",29
77,"[0, 3]",110.64999999999586,"[76, 59]","[0, 0]","[0, 0]",29
78,"[0, 3]",118.49999999999541,"[77, 64]","[2.5999999999999988, 0]","[2.5999999999999988, 0]",29
79,"[0, 1]",88.6499999999971,"[78, -999]","[0, 0]","[0, 0]",29
0,"[2, 3]",67.79999999999829,"[-999, -999]","[0, 0]","[0, 0]",30
1,"[2, 1]",37.6,"[0, -999]","[0, 0]","[0, 0]",30
2,"[0, 3]",96.74999999999665,"[-999, 4]","[0, 0]","[0, 0]",30
3,"[2, 3]",68.74999999999824,"[1, 0]","[0, 0]","[0, 0]",30
4,"[2, 3]",72.04999999999805,"[3, 3]","[0, 0]","[0, 0]",30
5,"[2, 1]",42.74999999999971,"[4, 1]","[0, 0]","[0, 0]",30
6,"[0, 1]",67.7499999999983,"[2, 12]","[0, 0]","[0, 0]",30
7,"[0, 1]",74.89999999999789,"[6, 16]","[1.7000000000000008, 0]","[1.7000000000000008, 0]",30
8,"[2, 1]",37.899999999999984,"[5, 5]","[0, 0]","[0, 0]",30
9,"[0, 1]",74.09999999999793,"[7, 7]","[0, 0]","[0, 0]",30
10,"[2, 1]",37.000000000000036,"[8, 8]","[0, 0]","[0, 0]",30
11,"[2, 1]",39.14999999999991,"[10, 10]","[0, 0]","[0, 0]",30
12,"[2, 1]",41.84999999999976,"[11, 11]","[0, 0]","[0, 0]",30
13,"[2, 3]",74.5999999999979,"[12, 2]","[0, 0]","[0, 0]",30
14,"[2, 3]",77.74999999999773,"[13, 13]","[0, 0]","[0, 0]",30
15,"[0, 3]",96.99999999999663,"[9, 20]","[0, 0]","[0, 0]",30
16,"[2, 1]",44.84999999999959,"[14, 6]","[0, 0]","[0, 0]",30
17,"[0, 1]",81.24999999999753,"[15, 29]","[6.8999999999999835, 0]","[6.8999999999999835, 0]",30
18,"[0, 1]",86.39999999999723,"[17, 32]","[2.799999999999998, 0]","[2.799999999999998, 0]",30
19,"[0, 1]",92.64999999999688,"[18, 34]","[2.549999999999999, 0]","[2.549999999999999, 0]",30
20,"[2, 3]",69.09999999999822,"[16, 14]","[0, 0]","[0, 0]",30
21,"[0, 1]",96.29999999999667,"[19, 37]","[2.499999999999999, 0]","[2.499999999999999, 0]",30
22,"[2, 1]",42.799999999999706,"[20, 9]","[0, 0]","[0, 0]",30
23,"[0, 3]",124.59999999999506,"[21, -999]","[0, 0]","[0, 0]",30
24,"[2, 1]",40.699999999999825,"[22, 22]","[0, 0]","[0, 0]",30
25,"[2, 1]",43.04999999999969,"[24, 24]","[0, 0]","[0, 0]",30
26,"[0, 1]",92.2499999999969,"[23, 39]","[1.6500000000000008, 0]","[0, 0]",30
27,"[0, 3]",126.49999999999496,"[26, 40]","[0, 0]","[0, 0]",30
28,"[2, 1]",38.09999999999997,"[25, 25]","[0, 0]","[0, 0]",30
29,"[2, 1]",40.29999999999985,"[28, 28]","[0, 0]","[0, 0]",30
30,"[0, 3]",123.59999999999512,"[27, 27]","[0, 0]","[0, 0]",30
31,"[0, 1]",95.49999999999672,"[30, 26]","[0, 0]","[0, 0]",30
32,"[2, 1]",42.999999999999694,"[29, 17]","[0, 0]","[0, 0]",30
33,"[0, 1]",95.09999999999674,"[31, 31]","[0, 0]","[0, 0]",30
34,"[2, 1]",47.84999999999942,"[32, 18]","[1.800000000000001, 0]","[1.800000000000001, 0]",30
35,"[0, 1]",94.69999999999676,"[33, 33]","[0, 0]","[0, 0]",30
36,"[0, 1]",96.99999999999663,"[35, 35]","[0, 0]","[0, 0]",30
37,"[2, 1]",48.69999999999937,"[34, 19]","[1.1500000000000004, 0]","[1.1500000000000004, 0]",30
38,"[0, 3]",126.49999999999496,"[36, 41]","[0, 0]","[0, 0]",30
39,"[2, 1]",51.99999999999918,"[37, 21]","[3.4499999999999957, 0]","[3.4499999999999957, 0]",30
40,"[2, 3]",84.89999999999732,"[39, 23]","[2.1500000000000004, 0]","[0.05, 0]",30
41,"[2, 3]",98.69999999999654,"[40, 30]","[9.45, 0]","[2.5999999999999988, 0]",30
42,"[2, 1]",86.84999999999721,"[41, 36]","[29.15000000000028, 0]","[9.900000000000006, 0]",30
43,"[0, 1]",88.94999999999709,"[38, 42]","[0, 0]","[0, 0]",30
44,"[0, 3]",122.44999999999519,"[43, 47]","[0, 0]","[0, 0]",30
45,"[0, 1]",95.09999999999674,"[44, 52]","[0, 0]","[0, 0]",30
46,"[0, 3]",127.04999999999492,"[45, 44]","[0, 0]","[0, 0]",30
47,"[2, 3]",108.39999999999598,"[42, 38]","[28.350000000000268, 0]","[0, 0]",30
48,"[0, 1]",97.4499999999966,"[46, 57]","[0, 0]","[0, 0]",30
49,"[0, 1]",99.79999999999647,"[48, 48]","[0, 0]","[0, 0]",30
50,"[0, 3]",132.1499999999958,"[49, 46]","[0, 0]","[0, 0]",30
51,"[0, 3]",135.6499999999966,"[50, 50]","[0, 0]","[0, 0]",30
52,"[2, 1]",69.24999999999821,"[47, 43]","[15.750000000000089, 0]","[0, 0]",30
53,"[0, 3]",135.6499999999966,"[51, 51]","[0, 0]","[0, 0]",30
54,"[0, 1]",107.64999999999603,"[53, 61]","[0, 0]","[0, 0]",30
55,"[0, 3]",140.8999999999978,"[54, 62]","[0, 0]","[0, 0]",30
56,"[0, 3]",143.44999999999837,"[55, 55]","[0, 0]","[0, 0]",30
57,"[2, 1]",67.6999999999983,"[52, 45]","[6.999999999999983, 0]","[3.149999999999997, 0]",30
58,"[0, 1]",113.79999999999568,"[56, 64]","[0, 0]","[0, 0]",30
59,"[0, 1]",115.64999999999557,"[58, 58]","[0, 0]","[0, 0]",30
60,"[2, 1]",75.79999999999784,"[57, 49]","[6.699999999999984, 0]","[6.699999999999984, 0]",30
61,"[2, 1]",76.99999999999777,"[60, 60]","[0, 0]","[0, 0]",30
62,"[2, 3]",116.19999999999554,"[61, 53]","[0, 0]","[0, 0]",30
63,"[2, 1]",87.59999999999717,"[62, 54]","[0, 0]","[0, 0]",30
64,"[2, 1]",90.649999999997,"[63, 63]","[0, 0]","[0, 0]",30
65,"[0, 3]",136.69999999999683,"[59, 68]","[0, 0]","[0, 0]",30
66,"[2, 3]",122.1499999999952,"[64, 56]","[0, 0]","[0, 0]",30
67,"[0, 3]",136.5499999999968,"[65, 65]","[0, 0]","[0, 0]",30
68,"[2, 3]",122.74999999999517,"[66, 66]","[0, 0]","[0, 0]",30
69,"[0, 3]",141.04999999999782,"[67, 76]","[2.3499999999999996, 0]","[2.3499999999999996, 0]",30
70,"[0, 1]",111.6499999999958,"[69, -999]","[0, 0]","[0, 0]",30
71,"[2, 1]",88.89999999999709,"[68, 59]","[0.7500000000000001, 0]","[0, 0]",30
72,"[0, 3]",142.59999999999818,"[70, 78]","[0, 0]","[0, 0]",30
73,"[0, 1]",114.29999999999565,"[72, 70]","[0, 0]","[0, 0]",30
74,"[0, 1]",116.64999999999552,"[73, 73]","[0, 0]","[0, 0]",30
75,"[0, 3]",149.09999999999965,"[74, 72]","[0, 0]","[0, 0]",30
76,"[2, 3]",116.9499999999955,"[71, 67]","[0, 0]","[0, 0]",30
77,"[0, 1]",120.24999999999531,"[75, 74]","[0, 0]","[0, 0]",30
78,"[2, 3]",121.14999999999526,"[76, 69]","[0, 0]","[0, 0]",30
79,"[0, 3]",150.09999999999988,"[77, 75]","[0, 0]","[0, 0]",30
0,"[2, 3]",67.79999999999829,"[-999, -999]","[0, 0]","[0, 0]",31
1,"[2, 1]",37.6,"[0, -999]","[0, 0]","[0, 0]",31
2,"[0, 1]",72.09999999999805,"[-999, 12]","[0, 0]","[2.499999999999999, 0]",31
3,"[2, 1]",36.95000000000004,"[1, 1]","[0, 0]","[0, 0]",31
4,"[2, 1]",39.24999999999991,"[3, 3]","[0, 0]","[0, 0]",31
5,"[2, 3]",71.94999999999806,"[4, 0]","[0, 0]","[0, 0]",31
6,"[0, 1]",69.79999999999818,"[2, 14]","[0, 0]","[0, 0]",31
7,"[2, 1]",38.049999999999976,"[5, 4]","[0, 0]","[0, 0]",31
8,"[0, 1]",69.09999999999822,"[6, 6]","[0, 0]","[0, 0]",31
9,"[0, 3]",100.44999999999644,"[8, 5]","[0, 0]","[0, 0]",31
10,"[0, 1]",74.89999999999789,"[9, 8]","[0, 0]","[0, 0]",31
11,"[0, 1]",83.24999999999741,"[10, 24]","[3.5499999999999954, 0]","[3.5499999999999954, 0]",31
12,"[2, 1]",36.500000000000064,"[7, 7]","[0, 0]","[0, 0]",31
13,"[0, 1]",81.14999999999753,"[11, 11]","[0, 0]","[0, 0]",31
14,"[2, 1]",43.99999999999964,"[12, 2]","[0, 0]","[0, 0]",31
15,"[0, 3]",110.14999999999588,"[13, 23]","[0, 0]","[0, 0]",31
16,"[0, 3]",113.69999999999568,"[15, 15]","[0, 0]","[0, 0]",31
17,"[0, 1]",84.59999999999734,"[16, 27]","[0, 0]","[0, 0]",31
18,"[0, 3]",117.19999999999548,"[17, 16]","[0, 0]","[0, 0]",31
19,"[0, 3]",120.5499999999953,"[18, 18]","[0, 0]","[0, 0]",31
20,"[0, 1]",91.29999999999696,"[19, 29]","[0, 0]","[0, 0]",31
21,"[0, 1]",98.19999999999656,"[20, 30]","[2.3999999999999995, 0]","[2.3999999999999995, 0]",31
22,"[0, 1]",104.29999999999622,"[21, 31]","[2.549999999999999, 0]","[2.549999999999999, 0]",31
23,"[2, 3]",69.2999999999982,"[5, 9]","[0, 0]","[0, 0]",31
24,"[2, 1]",39.49999999999989,"[23, 10]","[0, 0]","[0, 0]",31
25,"[0, 3]",130.09999999999533,"[22, 19]","[0, 0]","[0, 0]",31
26,"[2, 1]",51.29999999999922,"[24, 13]","[6.799999999999984, 0]","[6.799999999999984, 0]",31
27,"[2, 1]",52.39999999999916,"[26, 26]","[4.149999999999993, 0]","[2.9999999999999973, 0]",31
28,"[2, 1]",59.899999999998734,"[27, 17]","[5.04999999999999, 0]","[0, 0]",31
29,"[2, 1]",60.89999999999868,"[28, 28]","[12.050000000000036, 0]","[0.9000000000000002, 0]",31
30,"[2, 1]",69.59999999999819,"[29, 20]","[12.000000000000036, 0]","[0, 0]",31
31,"[2, 1]",75.59999999999785,"[30, 21]","[14.200000000000067, 0]","[0, 0]",31
32,"[2, 1]",81.7499999999975,"[31, 22]","[11.850000000000033, 0]","[0, 0]",31
33,"[2, 3]",114.84999999999562,"[32, 25]","[10.100000000000009, 0]","[0, 0]",31
34,"[0, 1]",81.44999999999752,"[25, 32]","[0, 0]","[0, 0]",31
35,"[0, 1]",83.5999999999974,"[34, 34]","[0, 0]","[0, 0]",31
36,"[2, 1]",86.24999999999724,"[33, 35]","[8.599999999999987, 0]","[0, 0]",31
37,"[0, 1]",87.64999999999716,"[35, 36]","[2.3999999999999995, 0]","[2.3999999999999995, 0]",31
38,"[2, 3]",114.24999999999565,"[36, 33]","[6.249999999999986, 0]","[0, 0]",31
39,"[2, 1]",91.64999999999694,"[38, 40]","[4.849999999999991, 0]","[0, 0]",31
40,"[0, 1]",83.89999999999738,"[37, 37]","[0, 0]","[0, 0]",31
41,"[0, 1]",90.39999999999701,"[40, 39]","[2.4499999999999993, 0]","[2.4499999999999993, 0]",31
42,"[2, 3]",117.09999999999549,"[39, 38]","[0, 0]","[0, 0]",31
43,"[2, 3]",121.09999999999526,"[42, 42]","[0.6, 0]","[0, 0]",31
44,"[0, 1]",86.64999999999722,"[41, 41]","[0, 0]","[0, 0]",31
45,"[0, 1]",88.89999999999709,"[44, 44]","[0, 0]","[0, 0]",31
46,"[2, 3]",118.99999999999538,"[43, 43]","[2.3999999999999995, 0]","[0, 0]",31
47,"[2, 1]",90.599999999997,"[46, 45]","[2.9999999999999973, 0]","[0, 0]",31
48,"[0, 3]",119.24999999999537,"[45, 46]","[0, 0]","[0, 0]",31
49,"[2, 3]",126.84999999999494,"[47, 51]","[1.900000000000001, 0]","[0, 0]",31
50,"[2, 3]",129.0499999999951,"[49, 49]","[3.2999999999999963, 0]","[0, 0]",31
51,"[0, 3]",116.19999999999554,"[48, 48]","[0, 0]","[0, 0]",31
52,"[2, 1]",96.69999999999665,"[50, 53]","[2.4499999999999993, 0]","[0, 0]",31
53,"[0, 1]",84.94999999999732,"[51, 47]","[0, 0]","[0, 0]",31
54,"[0, 3]",123.34999999999513,"[53, 50]","[3.2499999999999964, 0]","[3.2499999999999964, 0]",31
55,"[0, 1]",95.44999999999672,"[54, 52]","[0, 0]","[0, 0]",31
56,"[2, 1]",97.5999999999966,"[52, 55]","[4.049999999999994, 0]","[0, 0]",31
57,"[2, 1]",115.69999999999557,"[56, 66]","[14.350000000000069, 0]","[9.800000000000004, 0]",31
58,"[2, 1]",116.39999999999553,"[57, 57]","[3.7999999999999945, 0]","[0, 0]",31
59,"[2, 1]",124.59999999999506,"[58, 70]","[2.7499999999999982, 0]","[0, 0]",31
60,"[0, 3]",116.04999999999555,"[55, 54]","[0, 0]","[0, 0]",31
61,"[2, 1]",122.49999999999518,"[59, 59]","[2.0500000000000007, 0]","[0, 0]",31
62,"[0, 1]",85.59999999999728,"[60, 56]","[0, 0]","[0, 0]",31
63,"[2, 3]",152.95000000000053,"[61, 71]","[2.1500000000000004, 0]","[0, 0]",31
64,"[0, 1]",84.99999999999731,"[62, 62]","[0, 0]","[0, 0]",31
65,"[2, 3]",154.1000000000008,"[63, 63]","[2.6499999999999986, 0]","[0, 0]",31
66,"[0, 1]",84.59999999999734,"[64, 64]","[0, 0]","[0, 0]",31
67,"[0, 3]",116.8499999999955,"[66, 60]","[0, 0]","[0, 0]",31
68,"[2, 3]",151.9500000000003,"[65, 65]","[2.799999999999998, 0]","[0, 0]",31
69,"[0, 3]",117.59999999999546,"[67, 67]","[0, 0]","[0, 0]",31
70,"[0, 1]",88.54999999999711,"[69, 58]","[0, 0]","[0, 0]",31
71,"[0, 3]",121.24999999999525,"[70, 69]","[0, 0]","[0, 0]",31
72,"[0, 1]",98.54999999999654,"[71, 61]","[2.549999999999999, 0]","[2.549999999999999, 0]",31
73,"[0, 1]",100.39999999999644,"[72, 72]","[0, 0]","[0, 0]",31
74,"[2, 1]",109.8499999999959,"[68, 76]","[2.799999999999998, 0]","[0, 0]",31
75,"[2, 1]",112.94999999999573,"[74, 74]","[5.449999999999989, 0]","[0, 0]",31
76,"[0, 1]",97.14999999999662,"[73, 73]","[0, 0]","[0, 0]",31
77,"[2, 1]",113.24999999999571,"[75, 75]","[9.049999999999994, 0]","[0, 0]",31
78,"[0, 3]",130.19999999999536,"[76, 68]","[0, 0]","[0, 0]",31
79,"[2, 3]",144.0499999999985,"[77, 78]","[8.549999999999986, 0]","[0, 0]",31
0,"[0, 1]",67.44999999999831,"[-999, 5]","[0, 0]","[0, 0]",32
1,"[0, 3]",105.69999999999614,"[0, 11]","[2.0500000000000007, 0]","[2.0500000000000007, 0]",32
2,"[0, 1]",82.74999999999744,"[1, 13]","[3.149999999999997, 0]","[3.149999999999997, 0]",32
3,"[2, 1]",36.45000000000007,"[-999, -999]","[0, 0]","[0, 0]",32
4,"[0, 1]",84.94999999999732,"[2, 15]","[2.3499999999999996, 0]","[2.3499999999999996, 0]",32
5,"[2, 1]",36.80000000000005,"[3, 3]","[0, 0]","[0, 0]",32
6,"[2, 3]",68.99999999999822,"[5, -999]","[0, 0]","[0, 0]",32
7,"[0, 3]",110.69999999999585,"[4, 1]","[0, 0]","[0, 0]",32
8,"[2, 3]",69.99999999999817,"[6, 6]","[0, 0]","[0, 0]",32
9,"[0, 1]",81.09999999999754,"[7, 16]","[0, 0]","[0, 0]",32
10,"[2, 3]",70.24999999999815,"[8, 8]","[0, 0]","[0, 0]",32
11,"[2, 3]",72.899999999998,"[10, 10]","[0, 0]","[0, 0]",32
12,"[2, 1]",43.349999999999675,"[11, 0]","[0, 0]","[0, 0]",32
13,"[2, 1]",45.89999999999953,"[12, 12]","[0, 0]","[0, 0]",32
14,"[0, 3]",104.04999999999623,"[9, 18]","[0, 0]","[0, 0]",32
15,"[2, 1]",51.29999999999922,"[13, 2]","[1.2000000000000004, 0]","[1.2000000000000004, 0]",32
16,"[2, 1]",57.399999999998876,"[15, 4]","[6.649999999999984, 0]","[6.649999999999984, 0]",32
17,"[0, 3]",101.0499999999964,"[14, 14]","[0, 0]","[0, 0]",32
18,"[2, 3]",87.29999999999718,"[16, 7]","[7.89999999999998, 0]","[0.05, 0]",32
19,"[2, 1]",59.64999999999875,"[18, 9]","[12.800000000000047, 0]","[1.2000000000000004, 0]",32
20,"[2, 3]",97.74999999999659,"[19, 17]","[12.850000000000048, 0]","[0, 0]",32
21,"[0, 1]",67.79999999999829,"[17, 19]","[0, 0]","[0, 0]",32
22,"[2, 1]",71.2499999999981,"[20, 21]","[21.300000000000168, 0]","[3.2499999999999964, 0]",32
23,"[2, 1]",73.89999999999795,"[22, 22]","[15.650000000000087, 0]","[0, 0]",32
24,"[2, 1]",76.4999999999978,"[23, 23]","[13.900000000000063, 0]","[0, 0]",32
25,"[2, 1]",84.49999999999734,"[24, 29]","[12.35000000000004, 0]","[0, 0]",32
26,"[0, 3]",96.94999999999663,"[21, 20]","[0, 0]","[0, 0]",32
27,"[2, 3]",112.94999999999573,"[25, 26]","[10.85000000000002, 0]","[0, 0]",32
28,"[2, 1]",89.99999999999703,"[27, 33]","[9.349999999999998, 0]","[0, 0]",32
29,"[0, 1]",68.14999999999827,"[26, 24]","[0, 0]","[0, 0]",32
30,"[2, 1]",93.24999999999685,"[28, 37]","[7.399999999999982, 0]","[0, 0]",32
31,"[0, 1]",72.14999999999804,"[29, 25]","[0, 0]","[0, 0]",32
32,"[2, 3]",124.24999999999508,"[30, 38]","[3.899999999999994, 0]","[0, 0]",32
33,"[0, 1]",71.0999999999981,"[31, 31]","[0, 0]","[0, 0]",32
34,"[2, 3]",124.69999999999506,"[32, 32]","[2.0500000000000007, 0]","[0, 0]",32
35,"[2, 1]",102.04999999999634,"[34, 43]","[3.149999999999997, 0]","[0, 0]",32
36,"[2, 1]",108.39999999999598,"[35, 45]","[5.1999999999999895, 0]","[0, 0]",32
37,"[0, 1]",68.79999999999824,"[33, 28]","[0, 0]","[0, 0]",32
38,"[0, 3]",101.39999999999638,"[37, 27]","[0, 0]","[0, 0]",32
39,"[0, 1]",75.49999999999785,"[38, 30]","[0, 0]","[0, 0]",32
40,"[2, 1]",101.34999999999638,"[36, 36]","[4.799999999999991, 0]","[0, 0]",32
41,"[2, 1]",116.14999999999554,"[40, 56]","[12.30000000000004, 0]","[2.6499999999999986, 0]",32
42,"[0, 1]",72.29999999999804,"[39, 39]","[0, 0]","[0, 0]",32
43,"[0, 1]",74.54999999999791,"[42, 42]","[0, 0]","[0, 0]",32
44,"[2, 3]",140.14999999999762,"[41, 34]","[4.6499999999999915, 0]","[0, 0]",32
45,"[0, 1]",78.54999999999768,"[43, 35]","[2.3, 0]","[2.3, 0]",32
46,"[2, 3]",146.94999999999916,"[44, 58]","[2.5999999999999988, 0]","[0, 0]",32
47,"[2, 3]",154.50000000000088,"[46, 59]","[2.7499999999999982, 0]","[0, 0]",32
48,"[2, 3]",156.60000000000136,"[47, 47]","[3.1999999999999966, 0]","[0, 0]",32
49,"[2, 1]",127.3499999999949,"[48, 61]","[3.8499999999999943, 0]","[0, 0]",32
50,"[2, 1]",147.29999999999924,"[49, 68]","[15.350000000000083, 0]","[9.750000000000004, 0]",32
51,"[2, 1]",147.84999999999937,"[50, 50]","[9.45, 0]","[0, 0]",32
52,"[2, 3]",180.75000000000685,"[51, 69]","[12.500000000000043, 0]","[0, 0]",32
53,"[0, 1]",71.99999999999805,"[45, 40]","[2.0500000000000007, 0]","[2.0500000000000007, 0]",32
54,"[2, 1]",155.15000000000103,"[52, 72]","[15.400000000000084, 0]","[0, 0]",32
55,"[2, 3]",188.65000000000865,"[54, 74]","[16.700000000000102, 0]","[0, 0]",32
56,"[0, 1]",68.49999999999825,"[53, 53]","[0, 0]","[0, 0]",32
57,"[0, 1]",75.64999999999785,"[56, 41]","[1.7500000000000009, 0]","[1.7500000000000009, 0]",32
58,"[0, 3]",108.24999999999599,"[57, 44]","[0, 0]","[0, 0]",32
59,"[0, 3]",116.59999999999552,"[58, 46]","[2.3999999999999995, 0]","[2.3999999999999995, 0]",32
60,"[0, 1]",86.79999999999721,"[59, -999]","[0, 0]","[0, 0]",32
61,"[0, 1]",89.19999999999708,"[60, 60]","[0, 0]","[0, 0]",32
62,"[2, 1]",148.94999999999962,"[55, 79]","[14.350000000000069, 0]","[0, 0]",32
63,"[0, 3]",120.4999999999953,"[61, 48]","[0, 0]","[0, 0]",32
64,"[0, 1]",92.89999999999687,"[63, 49]","[0, 0]","[0, 0]",32
65,"[2, 1]",144.29999999999856,"[62, 62]","[16.950000000000106, 0]","[0, 0]",32
66,"[0, 1]",91.94999999999692,"[64, 64]","[0, 0]","[0, 0]",32
67,"[2, 3]",174.50000000000543,"[65, 55]","[18.150000000000123, 0]","[0, 0]",32
68,"[0, 1]",91.44999999999695,"[66, 66]","[0, 0]","[0, 0]",32
69,"[0, 3]",123.74999999999511,"[68, 63]","[0, 0]","[0, 0]",32
70,"[0, 1]",102.49999999999632,"[69, 51]","[3.2499999999999964, 0]","[3.2499999999999964, 0]",32
71,"[2, 3]",170.4000000000045,"[67, 67]","[12.900000000000048, 0]","[0, 0]",32
72,"[0, 1]",100.84999999999641,"[70, 70]","[0, 0]","[0, 0]",32
73,"[2, 1]",139.54999999999748,"[71, -999]","[14.100000000000065, 0]","[0, 0]",32
74,"[0, 3]",129.84999999999528,"[72, 52]","[0, 0]","[0, 0]",32
75,"[2, 3]",171.10000000000466,"[73, 71]","[15.300000000000082, 0]","[0, 0]",32
76,"[2, 3]",174.8000000000055,"[75, 75]","[16.5500000000001, 0]","[0, 0]",32
77,"[2, 1]",146.29999999999902,"[76, -999]","[17.100000000000108, 0]","[0, 0]",32
78,"[0, 1]",94.49999999999677,"[74, 54]","[0, 0]","[0, 0]",32
79,"[0, 1]",96.79999999999664,"[78, 78]","[0, 0]","[0, 0]",32
0,"[0, 3]",97.69999999999659,"[-999, 7]","[0, 0]","[0, 0]",33
1,"[2, 3]",67.79999999999829,"[-999, -999]","[0, 0]","[0, 0]",33
2,"[2, 1]",37.6,"[1, -999]","[0, 0]","[0, 0]",33
3,"[0, 1]",74.99999999999788,"[0, 12]","[2.5999999999999988, 0]","[2.5999999999999988, 0]",33
4,"[0, 1]",76.69999999999779,"[3, 3]","[0, 0]","[0, 0]",33
5,"[0, 1]",83.29999999999741,"[4, 16]","[2.3999999999999995, 0]","[2.3999999999999995, 0]",33
6,"[2, 3]",68.29999999999826,"[2, 1]","[0, 0]","[0, 0]",33
7,"[2, 3]",71.74999999999807,"[6, 6]","[0, 0]","[0, 0]",33
8,"[0, 1]",84.39999999999735,"[5, 18]","[2.5999999999999988, 0]","[2.5999999999999988, 0]",33
9,"[2, 1]",38.79999999999993,"[7, -999]","[0, 0]","[0, 0]",33
10,"[2, 3]",75.99999999999783,"[9, 0]","[0, 0]","[0, 0]",33
11,"[2, 1]",41.84999999999976,"[10, 9]","[0, 0]","[0, 0]",33
12,"[2, 1]",44.79999999999959,"[11, 11]","[0, 0]","[0, 0]",33
13,"[0, 3]",104.4999999999962,"[8, 15]","[0, 0]","[0, 0]",33
14,"[2, 3]",73.24999999999798,"[12, 10]","[0, 0]","[0, 0]",33
15,"[2, 3]",76.29999999999781,"[14, 14]","[0, 0]","[0, 0]",33
16,"[2, 1]",48.99999999999935,"[15, 4]","[0, 0]","[0, 0]",33
17,"[0, 1]",68.94999999999823,"[13, 19]","[0, 0]","[0, 0]",33
18,"[2, 1]",53.29999999999911,"[16, 5]","[2.7499999999999982, 0]","[2.7499999999999982, 0]",33
19,"[2, 1]",59.39999999999876,"[18, 8]","[6.549999999999985, 0]","[6.549999999999985, 0]",33
20,"[0, 1]",74.19999999999793,"[17, 24]","[3.399999999999996, 0]","[3.399999999999996, 0]",33
21,"[2, 3]",89.54999999999706,"[19, 13]","[9.349999999999998, 0]","[0.05, 0]",33
22,"[0, 3]",103.89999999999624,"[20, 25]","[0, 0]","[0, 0]",33
23,"[0, 1]",77.39999999999775,"[22, 30]","[0, 0]","[0, 0]",33
24,"[2, 1]",55.499999999998984,"[21, 17]","[9.249999999999996, 0]","[0.05, 0]",33
25,"[2, 3]",89.14999999999708,"[24, 21]","[11.800000000000033, 0]","[0.05, 0]",33
26,"[0, 1]",73.49999999999797,"[23, 23]","[0, 0]","[0, 0]",33
27,"[0, 1]",75.74999999999784,"[26, 26]","[0, 0]","[0, 0]",33
28,"[0, 1]",82.89999999999743,"[27, 32]","[2.4499999999999993, 0]","[2.4499999999999993, 0]",33
29,"[0, 1]",90.34999999999701,"[28, 33]","[2.7499999999999982, 0]","[2.7499999999999982, 0]",33
30,"[2, 1]",51.099999999999234,"[25, 20]","[0, 0]","[0, 0]",33
31,"[0, 3]",120.09999999999532,"[29, 35]","[0, 0]","[0, 0]",33
32,"[2, 1]",68.34999999999826,"[30, 27]","[6.399999999999985, 0]","[6.399999999999985, 0]",33
33,"[2, 1]",73.99999999999794,"[32, 28]","[0, 0]","[0, 0]",33
34,"[0, 3]",117.29999999999548,"[31, 31]","[0, 0]","[0, 0]",33
35,"[2, 3]",102.29999999999633,"[33, 22]","[0, 0]","[0, 0]",33
36,"[0, 3]",116.9999999999955,"[34, 34]","[0, 0]","[0, 0]",33
37,"[2, 1]",72.79999999999801,"[35, 29]","[0, 0]","[0, 0]",33
38,"[2, 1]",76.09999999999782,"[37, 37]","[0, 0]","[0, 0]",33
39,"[2, 3]",113.89999999999567,"[38, 36]","[0, 0]","[0, 0]",33
40,"[0, 1]",80.09999999999759,"[36, 38]","[0, 0]","[0, 0]",33
41,"[2, 3]",113.3999999999957,"[39, 39]","[0, 0]","[0, 0]",33
42,"[0, 1]",79.69999999999762,"[40, 40]","[0, 0]","[0, 0]",33
43,"[2, 1]",93.19999999999685,"[41, 47]","[10.600000000000016, 0]","[6.649999999999984, 0]",33
44,"[2, 1]",99.84999999999647,"[43, 51]","[11.350000000000026, 0]","[0, 0]",33
45,"[0, 1]",76.59999999999779,"[42, 42]","[0, 0]","[0, 0]",33
46,"[2, 1]",97.89999999999658,"[44, 44]","[9.099999999999994, 0]","[0, 0]",33
47,"[0, 1]",76.09999999999782,"[45, 45]","[0, 0]","[0, 0]",33
48,"[2, 1]",104.14999999999623,"[46, 54]","[5.849999999999987, 0]","[0, 0]",33
49,"[0, 3]",105.69999999999614,"[47, 41]","[0, 0]","[0, 0]",33
50,"[2, 3]",131.7499999999957,"[48, 53]","[2.549999999999999, 0]","[0, 0]",33
51,"[0, 1]",75.34999999999786,"[49, 43]","[0, 0]","[0, 0]",33
52,"[0, 3]",107.69999999999602,"[51, 49]","[0, 0]","[0, 0]",33
53,"[0, 3]",111.09999999999583,"[52, 52]","[0, 0]","[0, 0]",33
54,"[0, 1]",81.7999999999975,"[53, 46]","[0, 0]","[0, 0]",33
55,"[0, 1]",88.7999999999971,"[54, 48]","[2.549999999999999, 0]","[2.549999999999999, 0]",33
56,"[0, 3]",121.74999999999523,"[55, 50]","[0, 0]","[0, 0]",33
57,"[2, 3]",124.59999999999506,"[50, 56]","[0, 0]","[0, 0]",33
58,"[2, 3]",132.29999999999583,"[57, 60]","[0, 0]","[0, 0]",33
59,"[0, 1]",88.59999999999711,"[56, 55]","[0, 0]","[0, 0]",33
60,"[0, 3]",121.59999999999523,"[59, 57]","[0, 0]","[0, 0]",33
61,"[0, 1]",93.34999999999684,"[60, 59]","[0, 0]","[0, 0]",33
62,"[2, 3]",126.54999999999495,"[58, 58]","[0, 0]","[0, 0]",33
63,"[2, 1]",97.74999999999659,"[62, 64]","[0, 0]","[0, 0]",33
64,"[0, 1]",90.14999999999702,"[61, 61]","[0, 0]","[0, 0]",33
65,"[2, 1]",115.1499999999956,"[63, 70]","[13.00000000000005, 0]","[9.650000000000002, 0]",33
66,"[2, 1]",120.94999999999527,"[65, 71]","[4.449999999999992, 0]","[0, 0]",33
67,"[0, 3]",118.24999999999542,"[64, 62]","[0, 0]","[0, 0]",33
68,"[0, 1]",90.84999999999698,"[67, 63]","[0, 0]","[0, 0]",33
69,"[0, 1]",92.79999999999687,"[68, 68]","[0, 0]","[0, 0]",33
70,"[0, 1]",95.09999999999674,"[69, 69]","[0, 0]","[0, 0]",33
71,"[0, 1]",102.24999999999633,"[70, 65]","[2.4499999999999993, 0]","[2.4499999999999993, 0]",33
72,"[0, 1]",110.04999999999589,"[71, 66]","[1.950000000000001, 0]","[1.950000000000001, 0]",33
73,"[0, 3]",139.5999999999975,"[72, 67]","[0, 0]","[0, 0]",33
74,"[2, 1]",107.89999999999601,"[66, 72]","[1.850000000000001, 0]","[0, 0]",33
75,"[0, 1]",109.19999999999594,"[73, 74]","[0, 0]","[0, 0]",33
76,"[2, 1]",111.5499999999958,"[74, 75]","[0, 0]","[0, 0]",33
77,"[2, 3]",142.59999999999818,"[76, 73]","[0, 0]","[0, 0]",33
78,"[0, 1]",110.39999999999587,"[75, 76]","[2.4499999999999993, 0]","[2.4499999999999993, 0]",33
79,"[0, 1]",112.09999999999577,"[78, 78]","[0, 0]","[0, 0]",33
0,"[2, 1]",36.45000000000007,"[-999, -999]","[0, 0]","[0, 0]",34
1,"[2, 1]",38.54999999999995,"[0, 0]","[0, 0]","[0, 0]",34
2,"[0, 1]",67.7499999999983,"[-999, 9]","[0, 0]","[0, 0]",34
3,"[2, 1]",37.200000000000024,"[1, 1]","[0, 0]","[0, 0]",34
4,"[0, 1]",73.09999999999799,"[2, 11]","[1.950000000000001, 0]","[1.950000000000001, 0]",34
5,"[2, 1]",36.850000000000044,"[3, 3]","[0, 0]","[0, 0]",34
6,"[2, 3]",68.99999999999822,"[5, -999]","[0, 0]","[0, 0]",34
7,"[2, 3]",72.49999999999802,"[6, 6]","[0, 0]","[0, 0]",34
8,"[2, 1]",39.84999999999987,"[7, 5]","[0, 0]","[0, 0]",34
9,"[2, 1]",42.74999999999971,"[8, 8]","[0, 0]","[0, 0]",34
10,"[0, 3]",101.69999999999636,"[4, 13]","[0, 0]","[0, 0]",34
11,"[2, 1]",49.299999999999336,"[9, 2]","[3.349999999999996, 0]","[3.349999999999996, 0]",34
12,"[2, 1]",56.699999999998916,"[11, 4]","[3.349999999999996, 0]","[3.349999999999996, 0]",34
13,"[2, 3]",86.84999999999721,"[12, 7]","[0, 0]","[0, 0]",34
14,"[2, 1]",59.99999999999873,"[13, 12]","[10.050000000000008, 0]","[0.7000000000000001, 0]",34
15,"[2, 1]",63.199999999998546,"[14, 14]","[10.25000000000001, 0]","[0, 0]",34
16,"[0, 1]",67.6499999999983,"[10, 15]","[0, 0]","[0, 0]",34
17,"[0, 1]",70.74999999999812,"[16, 16]","[0, 0]","[0, 0]",34
18,"[2, 3]",92.1999999999969,"[15, 10]","[15.350000000000083, 0]","[0.05, 0]",34
19,"[2, 1]",71.74999999999807,"[18, 17]","[15.15000000000008, 0]","[2.1500000000000004, 0]",34
20,"[0, 1]",72.34999999999803,"[17, 19]","[0, 0]","[0, 0]",34
21,"[0, 1]",74.14999999999793,"[20, 20]","[0, 0]","[0, 0]",34
22,"[2, 1]",77.69999999999773,"[19, 21]","[13.650000000000059, 0]","[6.299999999999986, 0]",34
23,"[0, 1]",78.49999999999768,"[21, 22]","[2.3499999999999996, 0]","[2.3499999999999996, 0]",34
24,"[2, 1]",80.59999999999756,"[22, 23]","[3.999999999999994, 0]","[0, 0]",34
25,"[0, 1]",81.99999999999748,"[23, 24]","[2.549999999999999, 0]","[2.549999999999999, 0]",34
26,"[2, 3]",108.24999999999599,"[24, 18]","[0.39999999999999997, 0]","[0, 0]",34
27,"[2, 3]",117.64999999999546,"[26, 29]","[0, 0]","[0, 0]",34
28,"[2, 1]",89.24999999999707,"[27, 32]","[0, 0]","[0, 0]",34
29,"[0, 3]",106.54999999999609,"[25, 26]","[0, 0]","[0, 0]",34
30,"[2, 1]",101.1499999999964,"[28, 36]","[6.549999999999985, 0]","[6.549999999999985, 0]",34
31,"[2, 1]",108.099999999996,"[30, 43]","[0, 0]","[0, 0]",34
32,"[0, 1]",73.54999999999797,"[29, 25]","[0, 0]","[0, 0]",34
33,"[0, 3]",106.74999999999608,"[32, 27]","[0, 0]","[0, 0]",34
34,"[0, 1]",79.14999999999765,"[33, 28]","[0, 0]","[0, 0]",34
35,"[2, 1]",100.69999999999642,"[31, 31]","[0, 0]","[0, 0]",34
36,"[0, 1]",78.54999999999768,"[34, 34]","[0, 0]","[0, 0]",34
37,"[2, 3]",131.2999999999956,"[35, 44]","[7.499999999999981, 0]","[0, 0]",34
38,"[2, 1]",103.94999999999624,"[37, 45]","[11.350000000000026, 0]","[0, 0]",34
39,"[2, 1]",107.14999999999606,"[38, 38]","[10.20000000000001, 0]","[0, 0]",34
40,"[0, 3]",102.59999999999631,"[36, 33]","[0, 0]","[0, 0]",34
41,"[2, 1]",113.4499999999957,"[39, 51]","[8.499999999999986, 0]","[0, 0]",34
42,"[2, 3]",146.44999999999905,"[41, 54]","[7.94999999999998, 0]","[0, 0]",34
43,"[0, 1]",69.64999999999819,"[40, 30]","[0, 0]","[0, 0]",34
44,"[0, 3]",102.39999999999633,"[43, 40]","[0, 0]","[0, 0]",34
45,"[0, 1]",79.54999999999762,"[44, 35]","[2.1000000000000005, 0]","[2.1000000000000005, 0]",34
46,"[2, 3]",146.84999999999914,"[42, 56]","[2.2, 0]","[0, 0]",34
47,"[2, 1]",117.94999999999544,"[46, 58]","[3.949999999999994, 0]","[0, 0]",34
48,"[0, 3]",107.39999999999604,"[45, 37]","[0, 0]","[0, 0]",34
49,"[2, 1]",118.19999999999543,"[47, 47]","[5.4999999999999885, 0]","[0, 0]",34
50,"[0, 3]",107.44999999999604,"[48, 48]","[0, 0]","[0, 0]",34
51,"[0, 1]",80.84999999999755,"[50, 39]","[0, 0]","[0, 0]",34
52,"[2, 3]",151.20000000000013,"[49, 66]","[4.899999999999991, 0]","[0, 0]",34
53,"[2, 1]",120.59999999999529,"[52, 49]","[6.299999999999986, 0]","[0, 0]",34
54,"[0, 3]",106.89999999999607,"[51, 50]","[0, 0]","[0, 0]",34
55,"[0, 1]",79.79999999999761,"[54, 41]","[0, 0]","[0, 0]",34
56,"[0, 3]",113.74999999999568,"[55, 42]","[0, 0]","[0, 0]",34
57,"[2, 1]",115.74999999999557,"[53, 53]","[8.09999999999998, 0]","[0, 0]",34
58,"[0, 1]",83.04999999999742,"[56, 55]","[0, 0]","[0, 0]",34
59,"[2, 3]",147.39999999999927,"[57, 69]","[7.4499999999999815, 0]","[0, 0]",34
60,"[2, 3]",150.6,"[59, 59]","[6.749999999999984, 0]","[0, 0]",34
61,"[0, 3]",110.89999999999584,"[58, 46]","[0, 0]","[0, 0]",34
62,"[0, 3]",113.3499999999957,"[61, 61]","[0, 0]","[0, 0]",34
63,"[2, 1]",116.7999999999955,"[60, 74]","[4.449999999999992, 0]","[0, 0]",34
64,"[2, 3]",150.6,"[63, 60]","[5.349999999999989, 0]","[0, 0]",34
65,"[2, 1]",123.79999999999511,"[64, 63]","[6.699999999999984, 0]","[0, 0]",34
66,"[0, 3]",107.54999999999603,"[62, 62]","[0, 0]","[0, 0]",34
67,"[2, 3]",155.25000000000105,"[65, 64]","[8.599999999999987, 0]","[0, 0]",34
68,"[0, 3]",112.14999999999577,"[66, 52]","[2.3999999999999995, 0]","[2.3999999999999995, 0]",34
69,"[0, 3]",114.14999999999566,"[68, 68]","[0, 0]","[0, 0]",34
70,"[2, 3]",153.60000000000068,"[67, 67]","[10.300000000000011, 0]","[0, 0]",34
71,"[0, 1]",84.04999999999737,"[69, 57]","[0, 0]","[0, 0]",34
72,"[2, 3]",154.25000000000082,"[70, 70]","[11.60000000000003, 0]","[0, 0]",34
73,"[2, 1]",126.09999999999498,"[72, -999]","[12.900000000000048, 0]","[0, 0]",34
74,"[0, 1]",80.14999999999759,"[71, 71]","[0, 0]","[0, 0]",34
75,"[2, 1]",126.89999999999493,"[73, 73]","[16.150000000000095, 0]","[0, 0]",34
76,"[2, 1]",129.19999999999513,"[75, 75]","[18.150000000000123, 0]","[0, 0]",34
77,"[2, 1]",132.1999999999958,"[76, 76]","[18.75000000000013, 0]","[0, 0]",34
78,"[2, 3]",165.75000000000344,"[77, 72]","[18.55000000000013, 0]","[0, 0]",34
79,"[2, 3]",169.70000000000434,"[78, 78]","[18.150000000000123, 0]","[0, 0]",34
0,"[0, 1]",77.59999999999773,"[-999, 11]","[0, 0]","[6.099999999999986, 0]",35
1,"[2, 1]",36.45000000000007,"[-999, -999]","[0, 0]","[0, 0]",35
2,"[2, 3]",68.94999999999823,"[1, -999]","[0, 0]","[0, 0]",35
3,"[2, 3]",72.44999999999803,"[2, 2]","[0, 0]","[0, 0]",35
4,"[2, 1]",39.799999999999876,"[3, 1]","[0, 0]","[0, 0]",35
5,"[0, 1]",72.899999999998,"[0, 12]","[2.499999999999999, 0]","[2.499999999999999, 0]",35
6,"[0, 3]",105.84999999999613,"[5, 13]","[0, 0]","[0, 0]",35
7,"[0, 3]",108.64999999999597,"[6, 6]","[0, 0]","[0, 0]",35
8,"[0, 1]",80.44999999999757,"[7, 14]","[0, 0]","[0, 0]",35
9,"[0, 1]",82.74999999999744,"[8, 8]","[0, 0]","[0, 0]",35
10,"[2, 1]",36.500000000000064,"[4, 4]","[0, 0]","[0, 0]",35
11,"[2, 1]",38.69999999999994,"[10, 10]","[0, 0]","[0, 0]",35
12,"[2, 1]",48.64999999999937,"[11, 0]","[3.399999999999996, 0]","[3.399999999999996, 0]",35
13,"[2, 3]",80.14999999999759,"[12, 3]","[0, 0]","[0, 0]",35
14,"[2, 1]",53.74999999999908,"[13, 5]","[0, 0]","[0, 0]",35
15,"[2, 3]",91.84999999999692,"[14, 7]","[0, 0]","[0, 0]",35
16,"[2, 3]",94.1499999999968,"[15, 15]","[4.99999999999999, 0]","[0, 0]",35
17,"[0, 3]",102.14999999999634,"[9, 18]","[0, 0]","[0, 0]",35
18,"[2, 3]",93.9999999999968,"[16, 16]","[10.400000000000013, 0]","[0, 0]",35
19,"[2, 3]",102.24999999999633,"[18, 17]","[11.000000000000021, 0]","[2.9999999999999973, 0]",35
20,"[2, 1]",73.049999999998,"[19, -999]","[6.349999999999985, 0]","[0, 0]",35
21,"[2, 3]",105.19999999999617,"[20, 19]","[4.799999999999991, 0]","[0, 0]",35
22,"[2, 3]",108.54999999999598,"[21, 21]","[3.2499999999999964, 0]","[0, 0]",35
23,"[2, 1]",79.79999999999761,"[22, 20]","[1.800000000000001, 0]","[0, 0]",35
24,"[2, 1]",83.04999999999742,"[23, 23]","[0, 0]","[0, 0]",35
25,"[2, 1]",86.04999999999725,"[24, 24]","[0, 0]","[0, 0]",35
26,"[0, 3]",103.24999999999628,"[17, 22]","[2.8999999999999977, 0]","[2.8999999999999977, 0]",35
27,"[0, 3]",105.74999999999613,"[26, 26]","[0, 0]","[0, 0]",35
28,"[2, 3]",118.24999999999542,"[25, 31]","[1.3500000000000005, 0]","[0, 0]",35
29,"[0, 3]",105.34999999999616,"[27, 27]","[0, 0]","[0, 0]",35
30,"[2, 1]",93.54999999999683,"[28, 35]","[6.0499999999999865, 0]","[3.4499999999999957, 0]",35
31,"[0, 3]",104.99999999999618,"[29, 29]","[0, 0]","[0, 0]",35
32,"[2, 1]",98.24999999999656,"[30, 37]","[3.7499999999999947, 0]","[0, 0]",35
33,"[2, 3]",129.59999999999522,"[32, 36]","[5.04999999999999, 0]","[0, 0]",35
34,"[0, 1]",71.34999999999809,"[31, 25]","[0, 0]","[0, 0]",35
35,"[0, 1]",73.64999999999796,"[34, 34]","[0, 0]","[0, 0]",35
36,"[0, 3]",106.3499999999961,"[35, 28]","[0, 0]","[0, 0]",35
37,"[0, 1]",78.74999999999767,"[36, 30]","[0, 0]","[0, 0]",35
38,"[0, 1]",87.0999999999972,"[37, 32]","[2.25, 0]","[2.25, 0]",35
39,"[0, 1]",87.69999999999716,"[38, 38]","[0, 0]","[0, 0]",35
40,"[2, 3]",116.9499999999955,"[33, 33]","[0.7000000000000001, 0]","[0, 0]",35
41,"[0, 1]",86.79999999999721,"[39, 39]","[0, 0]","[0, 0]",35
42,"[0, 1]",93.34999999999684,"[41, 43]","[2.3999999999999995, 0]","[2.3999999999999995, 0]",35
43,"[2, 1]",86.34999999999724,"[40, 41]","[0, 0]","[0, 0]",35
44,"[0, 3]",122.04999999999521,"[42, 40]","[0, 0]","[0, 0]",35
45,"[2, 1]",90.14999999999702,"[43, 42]","[0, 0]","[0, 0]",35
46,"[0, 1]",92.44999999999689,"[44, 45]","[0, 0]","[0, 0]",35
47,"[0, 3]",126.19999999999497,"[46, 48]","[0, 0]","[0, 0]",35
48,"[2, 3]",117.64999999999546,"[45, 44]","[0, 0]","[0, 0]",35
49,"[2, 3]",126.24999999999497,"[48, 47]","[0, 0]","[0, 0]",35
50,"[0, 1]",92.89999999999687,"[47, 46]","[0, 0]","[0, 0]",35
51,"[2, 1]",106.69999999999608,"[49, 55]","[4.049999999999994, 0]","[3.1999999999999966, 0]",35
52,"[0, 1]",92.49999999999689,"[50, 50]","[0, 0]","[0, 0]",35
53,"[2, 1]",109.64999999999591,"[51, 57]","[1.900000000000001, 0]","[0, 0]",35
54,"[2, 1]",122.44999999999519,"[53, 64]","[4.449999999999992, 0]","[3.099999999999997, 0]",35
55,"[0, 1]",89.34999999999707,"[52, 52]","[0, 0]","[0, 0]",35
56,"[2, 1]",120.19999999999531,"[54, 54]","[1.1500000000000004, 0]","[0, 0]",35
57,"[0, 1]",93.84999999999681,"[55, 51]","[2.499999999999999, 0]","[2.499999999999999, 0]",35
58,"[2, 1]",126.14999999999498,"[56, 72]","[4.94999999999999, 0]","[3.1999999999999966, 0]",35
59,"[0, 3]",122.1499999999952,"[57, 49]","[0, 0]","[0, 0]",35
60,"[2, 3]",161.35000000000244,"[58, 78]","[0.9000000000000002, 0]","[0, 0]",35
61,"[0, 1]",91.99999999999692,"[59, 53]","[0, 0]","[0, 0]",35
62,"[2, 1]",130.24999999999537,"[60, 79]","[2.3499999999999996, 0]","[0, 0]",35
63,"[2, 1]",133.14999999999603,"[62, 62]","[3.399999999999996, 0]","[0, 0]",35
64,"[0, 1]",88.54999999999711,"[61, 61]","[0, 0]","[0, 0]",35
65,"[2, 1]",133.54999999999612,"[63, 63]","[5.14999999999999, 0]","[0, 0]",35
66,"[0, 3]",118.24999999999542,"[64, 59]","[0, 0]","[0, 0]",35
67,"[2, 3]",164.15000000000308,"[65, 60]","[4.94999999999999, 0]","[0, 0]",35
68,"[2, 3]",168.250000000004,"[67, 67]","[9.299999999999997, 0]","[0, 0]",35
69,"[2, 1]",140.0999999999976,"[68, -999]","[13.75000000000006, 0]","[0, 0]",35
70,"[2, 1]",143.44999999999837,"[69, 69]","[14.850000000000076, 0]","[0, 0]",35
71,"[2, 3]",176.95000000000599,"[70, 68]","[18.250000000000124, 0]","[0, 0]",35
72,"[0, 1]",82.29999999999747,"[66, 56]","[2.6499999999999986, 0]","[2.6499999999999986, 0]",35
73,"[2, 1]",147.1499999999992,"[71, 70]","[27.85000000000026, 0]","[0, 0]",35
74,"[2, 1]",150.80000000000004,"[73, 73]","[29.750000000000288, 0]","[0, 0]",35
75,"[2, 1]",153.2500000000006,"[74, 74]","[30.850000000000303, 0]","[0, 0]",35
76,"[0, 3]",105.44999999999615,"[72, 66]","[0, 0]","[0, 0]",35
77,"[2, 1]",153.55000000000067,"[75, 75]","[32.3500000000003, 0]","[0, 0]",35
78,"[0, 3]",106.19999999999611,"[76, 76]","[0, 0]","[0, 0]",35
79,"[0, 1]",78.84999999999766,"[78, 58]","[0, 0]","[0, 0]",35
0,"[0, 1]",67.49999999999831,"[-999, 8]","[0, 0]","[0, 0]",36
1,"[2, 1]",36.45000000000007,"[-999, -999]","[0, 0]","[0, 0]",36
2,"[0, 1]",68.69999999999824,"[0, 0]","[0, 0]","[0, 0]",36
3,"[2, 1]",36.80000000000005,"[1, 1]","[0, 0]","[0, 0]",36
4,"[2, 1]",39.04999999999992,"[3, 3]","[0, 0]","[0, 0]",36
5,"[2, 1]",41.749999999999766,"[4, 4]","[0, 0]","[0, 0]",36
6,"[0, 3]",97.29999999999661,"[2, 10]","[0, 0]","[0, 0]",36
7,"[2, 3]",68.99999999999822,"[5, -999]","[0, 0]","[0, 0]",36
8,"[2, 1]",38.34999999999996,"[7, 5]","[0, 0]","[0, 0]",36
9,"[2, 3]",71.84999999999806,"[8, 7]","[0, 0]","[0, 0]",36
10,"[2, 3]",75.04999999999788,"[9, 9]","[0, 0]","[0, 0]",36
11,"[2, 1]",50.14999999999929,"[10, 2]","[3.399999999999996, 0]","[3.399999999999996, 0]",36
12,"[2, 1]",52.649999999999146,"[11, 11]","[0, 0]","[0, 0]",36
13,"[0, 3]",102.09999999999634,"[6, 20]","[0, 0]","[0, 0]",36
14,"[2, 3]",81.94999999999749,"[12, 6]","[0, 0]","[0, 0]",36
15,"[2, 3]",85.2999999999973,"[14, 14]","[0, 0]","[0, 0]",36
16,"[0, 1]",68.29999999999826,"[13, 22]","[0, 0]","[0, 0]",36
17,"[0, 1]",75.49999999999785,"[16, 23]","[1.6000000000000008, 0]","[1.6000000000000008, 0]",36
18,"[0, 1]",77.29999999999775,"[17, 17]","[0, 0]","[0, 0]",36
19,"[0, 1]",83.99999999999737,"[18, 25]","[2.3999999999999995, 0]","[2.3999999999999995, 0]",36
20,"[2, 3]",77.29999999999775,"[15, 15]","[0, 0]","[0, 0]",36
21,"[0, 3]",114.34999999999565,"[19, 26]","[0, 0]","[0, 0]",36
22,"[2, 1]",46.3999999999995,"[20, -999]","[0, 0]","[0, 0]",36
23,"[2, 1]",55.54999999999898,"[22, 16]","[2.6499999999999986, 0]","[2.6499999999999986, 0]",36
24,"[2, 3]",85.49999999999729,"[23, 13]","[0, 0]","[0, 0]",36
25,"[2, 1]",63.549999999998526,"[24, 18]","[0, 0]","[0, 0]",36
26,"[2, 3]",94.0999999999968,"[25, 24]","[0, 0]","[0, 0]",36
27,"[0, 1]",72.899999999998,"[21, 19]","[0, 0]","[0, 0]",36
28,"[0, 3]",106.19999999999611,"[27, 29]","[0, 0]","[0, 0]",36
29,"[2, 3]",97.94999999999658,"[26, 21]","[12.850000000000048, 0]","[0, 0]",36
30,"[2, 1]",69.3499999999982,"[29, 27]","[10.700000000000017, 0]","[0, 0]",36
31,"[0, 1]",73.049999999998,"[28, 30]","[0, 0]","[0, 0]",36
32,"[2, 1]",75.94999999999783,"[30, 31]","[7.84999999999998, 0]","[0, 0]",36
33,"[2, 1]",83.69999999999739,"[32, 36]","[6.299999999999986, 0]","[0, 0]",36
34,"[2, 1]",101.79999999999636,"[33, 42]","[15.000000000000078, 0]","[10.15000000000001, 0]",36
35,"[2, 1]",102.7499999999963,"[34, 34]","[3.349999999999996, 0]","[0, 0]",36
36,"[0, 1]",69.59999999999819,"[31, 32]","[0, 0]","[0, 0]",36
37,"[0, 3]",102.09999999999634,"[36, 28]","[0, 0]","[0, 0]",36
38,"[2, 1]",105.39999999999615,"[35, 47]","[0, 0]","[0, 0]",36
39,"[2, 3]",136.0499999999967,"[38, 45]","[0, 0]","[0, 0]",36
40,"[0, 1]",69.4999999999982,"[37, 33]","[0, 0]","[0, 0]",36
41,"[0, 1]",71.49999999999808,"[40, 40]","[0, 0]","[0, 0]",36
42,"[0, 1]",73.44999999999797,"[41, 41]","[0, 0]","[0, 0]",36
43,"[2, 3]",142.49999999999815,"[39, 50]","[2.6999999999999984, 0]","[2.6999999999999984, 0]",36
44,"[0, 3]",103.29999999999627,"[42, 37]","[0, 0]","[0, 0]",36
45,"[0, 3]",106.84999999999607,"[44, 44]","[0, 0]","[0, 0]",36
46,"[2, 1]",108.24999999999599,"[43, 52]","[0, 0]","[0, 0]",36
47,"[0, 1]",74.89999999999789,"[45, 35]","[0, 0]","[0, 0]",36
48,"[0, 1]",81.8499999999975,"[47, 38]","[2.549999999999999, 0]","[2.549999999999999, 0]",36
49,"[0, 3]",115.1999999999956,"[48, 39]","[0, 0]","[0, 0]",36
50,"[0, 3]",117.84999999999545,"[49, 49]","[0, 0]","[0, 0]",36
51,"[2, 1]",111.7499999999958,"[46, 59]","[9.349999999999998, 0]","[6.699999999999984, 0]",36
52,"[0, 1]",86.9499999999972,"[50, 48]","[0, 0]","[0, 0]",36
53,"[2, 3]",147.29999999999924,"[51, 64]","[0, 0]","[0, 0]",36
54,"[0, 3]",117.69999999999546,"[52, 43]","[0, 0]","[0, 0]",36
55,"[2, 3]",152.45000000000041,"[53, 67]","[3.049999999999997, 0]","[0, 0]",36
56,"[0, 1]",86.69999999999722,"[54, 46]","[0, 0]","[0, 0]",36
57,"[2, 1]",121.09999999999526,"[55, 69]","[4.799999999999991, 0]","[0, 0]",36
58,"[2, 3]",160.15000000000217,"[57, 71]","[6.449999999999985, 0]","[0, 0]",36
59,"[0, 1]",83.5499999999974,"[56, 56]","[0, 0]","[0, 0]",36
60,"[2, 1]",126.84999999999494,"[58, 57]","[8.14999999999998, 0]","[0, 0]",36
61,"[0, 3]",113.14999999999571,"[59, 54]","[0, 0]","[0, 0]",36
62,"[2, 1]",127.59999999999489,"[60, 60]","[8.649999999999988, 0]","[0, 0]",36
63,"[2, 1]",142.2999999999981,"[62, 75]","[13.450000000000056, 0]","[3.049999999999997, 0]",36
64,"[0, 3]",111.14999999999583,"[61, 61]","[0, 0]","[0, 0]",36
65,"[0, 1]",83.79999999999738,"[64, 51]","[0, 0]","[0, 0]",36
66,"[2, 3]",166.4000000000036,"[63, 73]","[9.750000000000004, 0]","[0, 0]",36
67,"[0, 3]",114.19999999999565,"[65, 53]","[0, 0]","[0, 0]",36
68,"[2, 1]",141.64999999999796,"[66, 78]","[23.250000000000195, 0]","[0, 0]",36
69,"[0, 1]",83.3999999999974,"[67, 65]","[0, 0]","[0, 0]",36
70,"[0, 3]",116.59999999999552,"[69, 55]","[0, 0]","[0, 0]",36
71,"[0, 3]",119.19999999999537,"[70, 70]","[0, 0]","[0, 0]",36
72,"[0, 3]",126.64999999999495,"[71, 58]","[2.3999999999999995, 0]","[2.3999999999999995, 0]",36
73,"[0, 3]",128.599999999995,"[72, 72]","[0, 0]","[0, 0]",36
74,"[0, 1]",101.34999999999638,"[73, 62]","[0, 0]","[0, 0]",36
75,"[0, 1]",102.99999999999629,"[74, 74]","[0, 0]","[0, 0]",36
76,"[2, 1]",123.24999999999514,"[68, 68]","[15.550000000000086, 0]","[0, 0]",36
77,"[0, 1]",107.39999999999604,"[75, 63]","[2.499999999999999, 0]","[2.499999999999999, 0]",36
78,"[0, 1]",108.94999999999595,"[77, 77]","[0, 0]","[0, 0]",36
79,"[2, 3]",150.54999999999998,"[76, 66]","[12.850000000000048, 0]","[0, 0]",36
0,"[0, 3]",98.79999999999653,"[-999, 8]","[0, 0]","[0, 0]",37
1,"[2, 1]",36.45000000000007,"[-999, -999]","[0, 0]","[0, 0]",37
2,"[2, 1]",38.54999999999995,"[1, 1]","[0, 0]","[0, 0]",37
3,"[2, 1]",41.1499999999998,"[2, 2]","[0, 0]","[0, 0]",37
4,"[0, 3]",97.34999999999661,"[0, 0]","[0, 0]","[0, 0]",37
5,"[0, 1]",71.69999999999807,"[4, 12]","[0, 0]","[0, 0]",37
6,"[0, 1]",73.44999999999797,"[5, 5]","[0, 0]","[0, 0]",37
7,"[2, 3]",67.89999999999829,"[3, -999]","[0, 0]","[0, 0]",37
8,"[2, 3]",71.39999999999809,"[7, 7]","[0, 0]","[0, 0]",37
9,"[0, 1]",69.94999999999817,"[6, 6]","[0, 0]","[0, 0]",37
10,"[2, 1]",37.94999999999998,"[8, -999]","[0, 0]","[0, 0]",37
11,"[2, 1]",40.79999999999982,"[10, 10]","[0, 0]","[0, 0]",37
12,"[2, 1]",43.44999999999967,"[11, 11]","[0, 0]","[0, 0]",37
13,"[2, 3]",79.24999999999764,"[12, 4]","[3.599999999999995, 0]","[3.599999999999995, 0]",37
14,"[2, 3]",82.39999999999746,"[13, 13]","[0, 0]","[0, 0]",37
15,"[2, 1]",59.199999999998774,"[14, 9]","[0, 0]","[0, 0]",37
16,"[0, 3]",96.79999999999664,"[9, 14]","[0, 0]","[0, 0]",37
17,"[2, 1]",57.34999999999888,"[15, 15]","[0, 0]","[0, 0]",37
18,"[0, 3]",102.9499999999963,"[16, 23]","[0, 0]","[0, 0]",37
19,"[0, 3]",105.24999999999616,"[18, 18]","[0, 0]","[0, 0]",37
20,"[0, 1]",77.89999999999772,"[19, 27]","[0, 0]","[0, 0]",37
21,"[0, 3]",109.59999999999592,"[20, 19]","[0, 0]","[0, 0]",37
22,"[2, 1]",49.04999999999935,"[17, 17]","[0, 0]","[0, 0]",37
23,"[2, 3]",83.94999999999737,"[22, 16]","[0, 0]","[0, 0]",37
24,"[0, 1]",76.99999999999777,"[21, 28]","[0, 0]","[0, 0]",37
25,"[0, 1]",79.34999999999764,"[24, 24]","[0, 0]","[0, 0]",37
26,"[2, 1]",49.44999999999933,"[23, 22]","[0, 0]","[0, 0]",37
27,"[2, 1]",52.39999999999916,"[26, 26]","[0, 0]","[0, 0]",37
28,"[2, 1]",61.04999999999867,"[27, 20]","[0, 0]","[0, 0]",37
29,"[0, 1]",73.39999999999797,"[25, 25]","[0, 0]","[0, 0]",37
30,"[2, 3]",91.34999999999695,"[28, 21]","[0, 0]","[0, 0]",37
31,"[2, 3]",94.69999999999676,"[30, 30]","[10.25000000000001, 0]","[0, 0]",37
32,"[0, 3]",103.44999999999627,"[29, 33]","[0, 0]","[0, 0]",37
33,"[2, 3]",95.09999999999674,"[31, 31]","[7.599999999999981, 0]","[0, 0]",37
34,"[0, 1]",72.69999999999801,"[32, 29]","[0, 0]","[0, 0]",37
35,"[0, 1]",74.99999999999788,"[34, 34]","[0, 0]","[0, 0]",37
36,"[2, 3]",97.79999999999659,"[33, 32]","[2.2, 0]","[0, 0]",37
37,"[2, 1]",75.29999999999787,"[36, 35]","[1.6000000000000008, 0]","[0, 0]",37
38,"[0, 3]",102.19999999999634,"[35, 36]","[0, 0]","[0, 0]",37
39,"[0, 1]",74.39999999999792,"[38, 37]","[0, 0]","[0, 0]",37
40,"[0, 1]",76.4499999999978,"[39, 39]","[0, 0]","[0, 0]",37
41,"[2, 1]",79.8999999999976,"[37, 40]","[6.699999999999984, 0]","[6.699999999999984, 0]",37
42,"[2, 3]",112.69999999999574,"[41, 43]","[0, 0]","[0, 0]",37
43,"[0, 3]",103.44999999999627,"[40, 38]","[0, 0]","[0, 0]",37
44,"[0, 1]",76.5499999999978,"[43, 41]","[0, 0]","[0, 0]",37
45,"[0, 1]",78.84999999999766,"[44, 44]","[0, 0]","[0, 0]",37
46,"[2, 3]",107.79999999999602,"[42, 42]","[0, 0]","[0, 0]",37
47,"[2, 1]",85.1999999999973,"[46, 51]","[3.2499999999999964, 0]","[3.2499999999999964, 0]",37
48,"[2, 1]",94.19999999999679,"[47, 53]","[3.149999999999997, 0]","[3.149999999999997, 0]",37
49,"[2, 3]",124.09999999999509,"[48, 52]","[0, 0]","[0, 0]",37
50,"[2, 1]",97.09999999999663,"[49, 54]","[0, 0]","[0, 0]",37
51,"[0, 1]",68.09999999999827,"[45, 45]","[0, 0]","[0, 0]",37
52,"[0, 3]",101.39999999999638,"[51, 46]","[0, 0]","[0, 0]",37
53,"[0, 1]",73.99999999999794,"[52, 47]","[0, 0]","[0, 0]",37
54,"[0, 1]",81.99999999999748,"[53, 48]","[0.15000000000000002, 0]","[0.15000000000000002, 0]",37
55,"[0, 3]",114.14999999999566,"[54, 49]","[0, 0]","[0, 0]",37
56,"[2, 3]",122.0999999999952,"[50, 58]","[2.000000000000001, 0]","[0, 0]",37
57,"[2, 3]",124.24999999999508,"[56, 56]","[3.1999999999999966, 0]","[0, 0]",37
58,"[0, 3]",111.39999999999581,"[55, 55]","[0, 0]","[0, 0]",37
59,"[0, 1]",82.89999999999743,"[58, 50]","[0, 0]","[0, 0]",37
60,"[2, 3]",121.19999999999526,"[57, 57]","[0, 0]","[0, 0]",37
61,"[0, 1]",82.44999999999746,"[59, 59]","[0, 0]","[0, 0]",37
62,"[2, 1]",95.54999999999671,"[60, 68]","[0, 0]","[0, 0]",37
63,"[0, 1]",82.04999999999748,"[61, 61]","[0, 0]","[0, 0]",37
64,"[2, 1]",93.39999999999684,"[62, 62]","[0, 0]","[0, 0]",37
65,"[2, 3]",128.54999999999498,"[64, 73]","[0, 0]","[0, 0]",37
66,"[2, 1]",104.44999999999621,"[65, 76]","[2.1500000000000004, 0]","[0, 0]",37
67,"[2, 1]",111.19999999999582,"[66, 79]","[5.1999999999999895, 0]","[0, 0]",37
68,"[0, 1]",73.34999999999798,"[63, 63]","[0, 0]","[0, 0]",37
69,"[2, 1]",109.09999999999594,"[67, 67]","[7.099999999999983, 0]","[0, 0]",37
70,"[2, 1]",111.79999999999579,"[69, 69]","[7.4499999999999815, 0]","[0, 0]",37
71,"[0, 3]",100.54999999999643,"[68, 60]","[0, 0]","[0, 0]",37
72,"[2, 1]",112.04999999999578,"[70, 70]","[6.799999999999984, 0]","[0, 0]",37
73,"[0, 3]",100.94999999999641,"[71, 71]","[0, 0]","[0, 0]",37
74,"[2, 1]",112.29999999999576,"[72, 72]","[9.299999999999997, 0]","[0, 0]",37
75,"[0, 1]",69.84999999999818,"[73, 64]","[0, 0]","[0, 0]",37
76,"[0, 1]",71.79999999999806,"[75, 75]","[0, 0]","[0, 0]",37
77,"[2, 3]",140.34999999999766,"[74, 65]","[4.549999999999992, 0]","[0, 0]",37
78,"[2, 1]",113.3499999999957,"[77, 74]","[6.649999999999984, 0]","[0, 0]",37
79,"[0, 1]",72.949999999998,"[76, 66]","[0, 0]","[0, 0]",37
0,"[2, 3]",67.79999999999829,"[-999, -999]","[0, 0]","[0, 0]",38
1,"[2, 1]",37.6,"[0, -999]","[0, 0]","[0, 0]",38
2,"[0, 1]",75.59999999999785,"[-999, 12]","[0, 0]","[3.4999999999999956, 0]",38
3,"[2, 1]",36.95000000000004,"[1, 1]","[0, 0]","[0, 0]",38
4,"[2, 3]",69.99999999999817,"[3, 0]","[0, 0]","[0, 0]",38
5,"[2, 3]",73.39999999999797,"[4, 4]","[0, 0]","[0, 0]",38
6,"[0, 3]",98.09999999999657,"[2, 9]","[0, 0]","[0, 0]",38
7,"[2, 3]",73.34999999999798,"[5, 5]","[0, 0]","[0, 0]",38
8,"[0, 3]",99.2999999999965,"[6, 6]","[0, 0]","[0, 0]",38
9,"[2, 3]",72.999999999998,"[7, 7]","[0, 0]","[0, 0]",38
10,"[0, 1]",73.24999999999798,"[8, 18]","[0, 0]","[0, 0]",38
11,"[2, 1]",37.15000000000003,"[9, -999]","[0, 0]","[0, 0]",38
12,"[2, 1]",39.94999999999987,"[11, 11]","[0, 0]","[0, 0]",38
13,"[0, 3]",99.64999999999648,"[10, 21]","[0, 0]","[0, 0]",38
14,"[2, 1]",46.59999999999949,"[12, 2]","[3.2499999999999964, 0]","[3.2499999999999964, 0]",38
15,"[2, 1]",49.04999999999935,"[14, 14]","[0, 0]","[0, 0]",38
16,"[0, 3]",102.19999999999634,"[13, 22]","[0, 0]","[0, 0]",38
17,"[0, 1]",73.99999999999794,"[16, -999]","[0, 0]","[0, 0]",38
18,"[2, 1]",46.149999999999515,"[15, 15]","[0, 0]","[0, 0]",38
19,"[0, 3]",104.4999999999962,"[17, 24]","[0, 0]","[0, 0]",38
20,"[0, 1]",76.3499999999978,"[19, 17]","[0, 0]","[0, 0]",38
21,"[2, 3]",71.79999999999806,"[18, 8]","[0, 0]","[0, 0]",38
22,"[2, 3]",80.54999999999757,"[21, 13]","[3.2499999999999964, 0]","[3.2499999999999964, 0]",38
23,"[0, 1]",73.09999999999799,"[20, 20]","[0, 0]","[0, 0]",38
24,"[2, 3]",85.59999999999728,"[22, 16]","[3.4999999999999956, 0]","[3.4999999999999956, 0]",38
25,"[2, 3]",93.04999999999686,"[24, 19]","[9.850000000000005, 0]","[1.850000000000001, 0]",38
26,"[2, 1]",70.94999999999811,"[25, 23]","[17.95000000000012, 0]","[3.4999999999999956, 0]",38
27,"[2, 1]",72.49999999999802,"[26, 26]","[12.150000000000038, 0]","[0, 0]",38
28,"[2, 3]",101.79999999999636,"[27, 25]","[21.000000000000163, 0]","[0, 0]",38
29,"[2, 1]",74.7499999999979,"[28, 27]","[18.60000000000013, 0]","[0, 0]",38
30,"[2, 3]",115.34999999999559,"[29, 33]","[19.050000000000136, 0]","[2.1000000000000005, 0]",38
31,"[2, 1]",84.74999999999733,"[30, 29]","[15.400000000000084, 0]","[0, 0]",38
32,"[0, 3]",97.79999999999659,"[23, 28]","[0, 0]","[0, 0]",38
33,"[0, 3]",101.1999999999964,"[32, 32]","[0, 0]","[0, 0]",38
34,"[2, 1]",94.54999999999677,"[31, 38]","[17.20000000000011, 0]","[3.2999999999999963, 0]",38
35,"[0, 3]",106.69999999999608,"[33, 30]","[2.1500000000000004, 0]","[2.1500000000000004, 0]",38
36,"[0, 1]",78.1499999999977,"[35, 31]","[0, 0]","[0, 0]",38
37,"[2, 1]",94.44999999999678,"[34, 41]","[8.649999999999988, 0]","[0, 0]",38
38,"[0, 1]",77.29999999999775,"[36, 36]","[0, 0]","[0, 0]",38
39,"[2, 3]",124.64999999999506,"[37, 42]","[5.349999999999989, 0]","[0, 0]",38
40,"[2, 3]",127.99999999999487,"[39, 39]","[4.049999999999994, 0]","[0, 0]",38
41,"[0, 1]",80.09999999999759,"[38, 34]","[1.900000000000001, 0]","[1.900000000000001, 0]",38
42,"[0, 3]",109.64999999999591,"[41, 35]","[0, 0]","[0, 0]",38
43,"[0, 1]",82.84999999999744,"[42, 37]","[0, 0]","[0, 0]",38
44,"[0, 1]",85.1999999999973,"[43, 43]","[0, 0]","[0, 0]",38
45,"[0, 1]",87.44999999999717,"[44, 44]","[0, 0]","[0, 0]",38
46,"[0, 3]",119.64999999999534,"[45, 40]","[0, 0]","[0, 0]",38
47,"[2, 1]",86.9499999999972,"[40, 45]","[0, 0]","[0, 0]",38
48,"[0, 1]",89.59999999999705,"[46, 47]","[0, 0]","[0, 0]",38
49,"[2, 3]",117.69999999999546,"[47, 46]","[0, 0]","[0, 0]",38
50,"[2, 3]",120.99999999999527,"[49, 49]","[0, 0]","[0, 0]",38
51,"[0, 1]",86.44999999999723,"[48, 48]","[0, 0]","[0, 0]",38
52,"[2, 3]",126.49999999999496,"[50, 53]","[0, 0]","[0, 0]",38
53,"[0, 3]",118.39999999999542,"[51, 50]","[0, 0]","[0, 0]",38
54,"[2, 3]",126.24999999999497,"[52, 52]","[0, 0]","[0, 0]",38
55,"[2, 3]",129.0499999999951,"[54, 54]","[2.1000000000000005, 0]","[0, 0]",38
56,"[0, 1]",84.69999999999733,"[53, 51]","[0, 0]","[0, 0]",38
57,"[0, 1]",87.0499999999972,"[56, 56]","[0, 0]","[0, 0]",38
58,"[2, 1]",99.84999999999647,"[55, 63]","[0, 0]","[0, 0]",38
59,"[2, 1]",106.2499999999961,"[58, 65]","[4.749999999999991, 0]","[0, 0]",38
60,"[2, 3]",137.399999999997,"[59, 55]","[4.3499999999999925, 0]","[0, 0]",38
61,"[2, 3]",141.54999999999794,"[60, 60]","[3.349999999999996, 0]","[0, 0]",38
62,"[0, 1]",78.39999999999769,"[57, 57]","[0, 0]","[0, 0]",38
63,"[0, 1]",80.69999999999756,"[62, 62]","[0, 0]","[0, 0]",38
64,"[2, 1]",110.89999999999584,"[61, 70]","[1.2000000000000004, 0]","[0, 0]",38
65,"[0, 1]",84.69999999999733,"[63, 58]","[2.499999999999999, 0]","[2.499999999999999, 0]",38
66,"[2, 1]",115.0499999999956,"[64, 72]","[1.950000000000001, 0]","[0, 0]",38
67,"[0, 1]",89.89999999999704,"[65, 59]","[1.900000000000001, 0]","[1.900000000000001, 0]",38
68,"[2, 3]",143.0999999999983,"[66, 61]","[2.499999999999999, 0]","[0, 0]",38
69,"[0, 1]",87.74999999999716,"[67, 67]","[0, 0]","[0, 0]",38
70,"[0, 1]",89.54999999999706,"[69, 69]","[0, 0]","[0, 0]",38
71,"[2, 1]",110.74999999999585,"[68, 74]","[0.35, 0]","[0, 0]",38
72,"[0, 1]",93.49999999999683,"[70, 64]","[2.4499999999999993, 0]","[2.4499999999999993, 0]",38
73,"[2, 3]",146.6999999999991,"[71, 78]","[0, 0]","[0, 0]",38
74,"[0, 1]",98.34999999999656,"[72, 66]","[2.849999999999998, 0]","[2.849999999999998, 0]",38
75,"[2, 1]",113.2999999999957,"[73, 71]","[0, 0]","[0, 0]",38
76,"[0, 3]",127.74999999999488,"[74, 68]","[0, 0]","[0, 0]",38
77,"[2, 1]",114.04999999999566,"[75, 75]","[0, 0]","[0, 0]",38
78,"[0, 3]",127.74999999999488,"[76, 76]","[0, 0]","[0, 0]",38
79,"[0, 3]",135.09999999999647,"[78, 73]","[2.3999999999999995, 0]","[2.3999999999999995, 0]",38
0,"[0, 3]",96.79999999999664,"[-999, 4]","[0, 0]","[0, 0]",39
1,"[2, 1]",36.45000000000007,"[-999, -999]","[0, 0]","[0, 0]",39
2,"[2, 1]",38.54999999999995,"[1, 1]","[0, 0]","[0, 0]",39
3,"[2, 1]",41.1499999999998,"[2, 2]","[0, 0]","[0, 0]",39
4,"[2, 3]",71.1499999999981,"[3, -999]","[0, 0]","[0, 0]",39
5,"[2, 1]",42.799999999999706,"[4, 3]","[0, 0]","[0, 0]",39
6,"[2, 1]",45.49999999999955,"[5, 5]","[0, 0]","[0, 0]",39
7,"[2, 1]",48.099999999999405,"[6, 6]","[0, 0]","[0, 0]",39
8,"[2, 3]",80.94999999999754,"[7, 0]","[0, 0]","[0, 0]",39
9,"[0, 1]",74.34999999999792,"[0, 18]","[2.549999999999999, 0]","[2.549999999999999, 0]",39
10,"[0, 1]",79.24999999999764,"[9, 19]","[1.950000000000001, 0]","[1.950000000000001, 0]",39
11,"[2, 1]",42.099999999999746,"[8, 7]","[0, 0]","[0, 0]",39
12,"[2, 1]",45.099999999999575,"[11, 11]","[0, 0]","[0, 0]",39
13,"[0, 1]",75.49999999999785,"[10, 10]","[0, 0]","[0, 0]",39
14,"[2, 3]",73.14999999999799,"[12, 8]","[0, 0]","[0, 0]",39
15,"[2, 1]",41.599999999999774,"[14, 12]","[0, 0]","[0, 0]",39
16,"[2, 1]",44.549999999999606,"[15, 15]","[0, 0]","[0, 0]",39
17,"[0, 3]",99.79999999999647,"[13, 20]","[0, 0]","[0, 0]",39
18,"[2, 1]",43.54999999999966,"[16, 16]","[0, 0]","[0, 0]",39
19,"[2, 1]",51.14999999999923,"[18, 9]","[1.1000000000000003, 0]","[1.1000000000000003, 0]",39
20,"[2, 3]",80.54999999999757,"[19, 14]","[0, 0]","[0, 0]",39
21,"[0, 3]",101.24999999999639,"[17, 23]","[0, 0]","[0, 0]",39
22,"[2, 1]",56.59999999999892,"[20, 13]","[3.2499999999999964, 0]","[3.2499999999999964, 0]",39
23,"[2, 3]",89.89999999999704,"[22, 17]","[9.750000000000004, 0]","[0, 0]",39
24,"[2, 3]",98.79999999999653,"[23, 21]","[10.85000000000002, 0]","[3.2999999999999963, 0]",39
25,"[2, 1]",70.19999999999816,"[24, -999]","[21.800000000000175, 0]","[0.05, 0]",39
26,"[2, 3]",106.19999999999611,"[25, 27]","[19.45000000000014, 0]","[0, 0]",39
27,"[0, 3]",97.69999999999659,"[21, 24]","[0, 0]","[0, 0]",39
28,"[2, 1]",72.39999999999803,"[26, 25]","[17.700000000000117, 0]","[0, 0]",39
29,"[2, 3]",106.49999999999609,"[28, 26]","[16.150000000000095, 0]","[0, 0]",39
30,"[2, 1]",80.59999999999756,"[29, 33]","[14.600000000000072, 0]","[0, 0]",39
31,"[2, 3]",115.79999999999556,"[30, 35]","[13.150000000000052, 0]","[0, 0]",39
32,"[2, 1]",89.84999999999704,"[31, 38]","[11.700000000000031, 0]","[0, 0]",39
33,"[0, 1]",67.5999999999983,"[27, 28]","[0, 0]","[0, 0]",39
34,"[2, 3]",118.19999999999543,"[32, 31]","[10.20000000000001, 0]","[0, 0]",39
35,"[0, 3]",98.89999999999652,"[33, 29]","[0, 0]","[0, 0]",39
36,"[2, 1]",88.44999999999712,"[34, 32]","[8.74999999999999, 0]","[0, 0]",39
37,"[2, 1]",92.04999999999691,"[36, 36]","[7.549999999999981, 0]","[0, 0]",39
38,"[0, 1]",68.44999999999825,"[35, 30]","[0, 0]","[0, 0]",39
39,"[2, 3]",121.79999999999522,"[37, 42]","[6.499999999999985, 0]","[0, 0]",39
40,"[2, 1]",94.74999999999676,"[39, 45]","[5.299999999999989, 0]","[0, 0]",39
41,"[2, 1]",103.74999999999625,"[40, 47]","[3.949999999999994, 0]","[0, 0]",39
42,"[0, 3]",102.7999999999963,"[38, 34]","[2.9499999999999975, 0]","[2.9499999999999975, 0]",39
43,"[2, 1]",107.29999999999605,"[41, 48]","[2.3, 0]","[0, 0]",39
44,"[2, 3]",138.64999999999728,"[43, 46]","[1.5000000000000007, 0]","[0, 0]",39
45,"[0, 1]",76.89999999999777,"[42, 37]","[2.8999999999999977, 0]","[2.8999999999999977, 0]",39
46,"[0, 3]",108.89999999999596,"[45, 39]","[0, 0]","[0, 0]",39
47,"[0, 1]",82.19999999999747,"[46, 40]","[0, 0]","[0, 0]",39
48,"[0, 1]",90.14999999999702,"[47, 41]","[1.800000000000001, 0]","[1.800000000000001, 0]",39
49,"[2, 3]",131.84999999999573,"[44, 44]","[1.7000000000000008, 0]","[0, 0]",39
50,"[2, 3]",135.1999999999965,"[49, 49]","[2.3999999999999995, 0]","[0, 0]",39
51,"[2, 3]",148.8999999999996,"[50, 56]","[6.199999999999986, 0]","[2.5999999999999988, 0]",39
52,"[0, 1]",88.29999999999713,"[48, 43]","[2.2, 0]","[2.2, 0]",39
53,"[0, 1]",88.89999999999709,"[52, 52]","[0, 0]","[0, 0]",39
54,"[0, 1]",90.74999999999699,"[53, 53]","[0, 0]","[0, 0]",39
55,"[0, 3]",127.14999999999492,"[54, 50]","[2.0500000000000007, 0]","[2.0500000000000007, 0]",39
56,"[0, 3]",129.69999999999524,"[55, 55]","[0, 0]","[0, 0]",39
57,"[0, 1]",101.69999999999636,"[56, -999]","[0, 0]","[0, 0]",39
58,"[0, 1]",104.04999999999623,"[57, 57]","[0, 0]","[0, 0]",39
59,"[0, 1]",106.3999999999961,"[58, 58]","[0, 0]","[0, 0]",39
60,"[2, 3]",129.19999999999513,"[51, 51]","[1.800000000000001, 0]","[0, 0]",39
61,"[0, 3]",135.99999999999667,"[59, 60]","[0, 0]","[0, 0]",39
62,"[2, 1]",104.09999999999623,"[60, 59]","[5.599999999999988, 0]","[3.1999999999999966, 0]",39
63,"[2, 1]",122.79999999999517,"[62, 68]","[11.800000000000033, 0]","[9.800000000000004, 0]",39
64,"[2, 3]",152.45000000000041,"[63, 61]","[0.8000000000000002, 0]","[0, 0]",39
65,"[0, 1]",100.79999999999642,"[61, 62]","[0, 0]","[0, 0]",39
66,"[0, 1]",103.14999999999628,"[65, 65]","[0, 0]","[0, 0]",39
67,"[2, 3]",151.1000000000001,"[64, 64]","[1.6000000000000008, 0]","[0, 0]",39
68,"[0, 1]",102.69999999999631,"[66, 66]","[0, 0]","[0, 0]",39
69,"[0, 1]",109.8999999999959,"[68, 63]","[2.549999999999999, 0]","[2.549999999999999, 0]",39
70,"[0, 1]",111.44999999999581,"[69, 69]","[0, 0]","[0, 0]",39
71,"[0, 3]",145.99999999999895,"[70, 67]","[0, 0]","[0, 0]",39
72,"[0, 3]",148.64999999999955,"[71, 71]","[0, 0]","[0, 0]",39
73,"[0, 1]",121.74999999999523,"[72, 78]","[1.0000000000000002, 0]","[0, 0]",39
74,"[0, 3]",153.45000000000064,"[73, 72]","[2.3999999999999995, 0]","[0, 0]",39
75,"[0, 3]",156.85000000000142,"[74, 74]","[2.7499999999999982, 0]","[0, 0]",39
76,"[2, 1]",101.0499999999964,"[67, 70]","[0, 0]","[0, 0]",39
77,"[0, 3]",156.90000000000143,"[75, 75]","[2.4499999999999993, 0]","[0, 0]",39
78,"[2, 1]",101.39999999999638,"[76, 76]","[0, 0]","[0, 0]",39
79,"[2, 1]",110.29999999999588,"[78, 73]","[1.7500000000000009, 0]","[0, 0]",39
0,"[0, 3]",96.79999999999664,"[-999, 5]","[0, 0]","[0, 0]",40
1,"[2, 1]",36.45000000000007,"[-999, -999]","[0, 0]","[0, 0]",40
2,"[2, 1]",38.54999999999995,"[1, 1]","[0, 0]","[0, 0]",40
3,"[2, 1]",41.1499999999998,"[2, 2]","[0, 0]","[0, 0]",40
4,"[0, 1]",77.14999999999776,"[0, 12]","[2.849999999999998, 0]","[2.849999999999998, 0]",40
5,"[2, 3]",68.64999999999824,"[3, -999]","[0, 0]","[0, 0]",40
6,"[0, 3]",105.24999999999616,"[4, 13]","[0, 0]","[0, 0]",40
7,"[2, 1]",36.80000000000005,"[5, 3]","[0, 0]","[0, 0]",40
8,"[2, 1]",39.14999999999991,"[7, 7]","[0, 0]","[0, 0]",40
9,"[2, 1]",41.84999999999976,"[8, 8]","[0, 0]","[0, 0]",40
10,"[2, 1]",44.549999999999606,"[9, 9]","[0, 0]","[0, 0]",40
11,"[2, 1]",46.94999999999947,"[10, 10]","[0, 0]","[0, 0]",40
12,"[2, 1]",49.24999999999934,"[11, 11]","[0, 0]","[0, 0]",40
13,"[2, 3]",79.79999999999761,"[12, 0]","[0, 0]","[0, 0]",40
14,"[2, 1]",53.24999999999911,"[13, 4]","[0, 0]","[0, 0]",40
15,"[0, 1]",67.6499999999983,"[6, 22]","[0, 0]","[0, 0]",40
16,"[2, 3]",83.4999999999974,"[14, 6]","[0, 0]","[0, 0]",40
17,"[0, 1]",78.04999999999771,"[15, 27]","[2.6999999999999984, 0]","[2.6999999999999984, 0]",40
18,"[0, 1]",78.69999999999767,"[17, 17]","[0, 0]","[0, 0]",40
19,"[0, 1]",86.14999999999725,"[18, 30]","[2.799999999999998, 0]","[2.799999999999998, 0]",40
20,"[2, 3]",77.99999999999771,"[16, 16]","[0, 0]","[0, 0]",40
21,"[0, 3]",113.89999999999567,"[19, 29]","[0, 0]","[0, 0]",40
22,"[2, 1]",42.8999999999997,"[20, 14]","[0, 0]","[0, 0]",40
23,"[2, 3]",75.99999999999783,"[22, 20]","[0, 0]","[0, 0]",40
24,"[2, 1]",48.1999999999994,"[23, 15]","[0, 0]","[0, 0]",40
25,"[0, 1]",78.64999999999768,"[21, 31]","[0, 0]","[0, 0]",40
26,"[0, 3]",111.04999999999583,"[25, 21]","[0, 0]","[0, 0]",40
27,"[2, 1]",44.29999999999962,"[24, 24]","[0, 0]","[0, 0]",40
28,"[2, 3]",75.24999999999787,"[27, 23]","[0, 0]","[0, 0]",40
29,"[2, 3]",78.54999999999768,"[28, 28]","[0, 0]","[0, 0]",40
30,"[2, 1]",50.79999999999925,"[29, 18]","[0, 0]","[0, 0]",40
31,"[2, 1]",57.79999999999885,"[30, 19]","[3.4999999999999956, 0]","[3.4999999999999956, 0]",40
32,"[2, 1]",65.14999999999844,"[31, 25]","[0, 0]","[0, 0]",40
33,"[2, 1]",66.64999999999836,"[32, 32]","[0, 0]","[0, 0]",40
34,"[0, 3]",97.5499999999966,"[26, 26]","[0, 0]","[0, 0]",40
35,"[0, 1]",73.049999999998,"[34, 37]","[0, 0]","[0, 0]",40
36,"[0, 1]",75.24999999999787,"[35, 35]","[0, 0]","[0, 0]",40
37,"[2, 1]",61.19999999999866,"[33, 33]","[12.650000000000045, 0]","[0, 0]",40
38,"[2, 1]",76.14999999999782,"[37, 36]","[18.150000000000123, 0]","[2.8999999999999977, 0]",40
39,"[0, 1]",76.99999999999777,"[36, 38]","[2.5999999999999988, 0]","[2.5999999999999988, 0]",40
40,"[0, 3]",109.49999999999592,"[39, 43]","[0, 0]","[0, 0]",40
41,"[0, 1]",82.89999999999743,"[40, 47]","[0, 0]","[0, 0]",40
42,"[0, 1]",84.64999999999733,"[41, 41]","[0, 0]","[0, 0]",40
43,"[2, 3]",94.64999999999677,"[38, 34]","[3.049999999999997, 0]","[0, 0]",40
44,"[0, 1]",84.14999999999736,"[42, 42]","[0, 0]","[0, 0]",40
45,"[0, 1]",91.99999999999692,"[44, 48]","[2.499999999999999, 0]","[2.499999999999999, 0]",40
46,"[0, 3]",122.54999999999518,"[45, 40]","[0, 0]","[0, 0]",40
47,"[2, 1]",59.549999999998754,"[43, 39]","[0, 0]","[0, 0]",40
48,"[2, 1]",79.44999999999763,"[47, 44]","[9.900000000000006, 0]","[9.900000000000006, 0]",40
49,"[0, 1]",90.24999999999702,"[46, 50]","[0, 0]","[0, 0]",40
50,"[2, 1]",82.59999999999745,"[48, 45]","[0, 0]","[0, 0]",40
51,"[0, 3]",121.44999999999524,"[49, 52]","[0, 0]","[0, 0]",40
52,"[2, 3]",112.79999999999573,"[50, 46]","[0.8500000000000002, 0]","[0, 0]",40
53,"[2, 3]",126.74999999999494,"[52, 55]","[3.2499999999999964, 0]","[3.2499999999999964, 0]",40
54,"[2, 3]",134.19999999999627,"[53, 57]","[0, 0]","[0, 0]",40
55,"[0, 3]",115.74999999999557,"[51, 51]","[0, 0]","[0, 0]",40
56,"[0, 1]",87.79999999999715,"[55, 49]","[0, 0]","[0, 0]",40
57,"[0, 3]",120.89999999999527,"[56, 53]","[0, 0]","[0, 0]",40
58,"[0, 1]",92.49999999999689,"[57, 56]","[0, 0]","[0, 0]",40
59,"[0, 1]",94.79999999999676,"[58, 58]","[0, 0]","[0, 0]",40
60,"[0, 3]",127.3499999999949,"[59, 54]","[0, 0]","[0, 0]",40
61,"[0, 3]",130.74999999999548,"[60, 60]","[0, 0]","[0, 0]",40
62,"[2, 1]",92.54999999999688,"[54, 59]","[12.050000000000036, 0]","[3.1999999999999966, 0]",40
63,"[0, 1]",100.54999999999643,"[61, 62]","[0, 0]","[0, 0]",40
64,"[0, 3]",133.39999999999608,"[63, 66]","[0, 0]","[0, 0]",40
65,"[0, 3]",140.4999999999977,"[64, 67]","[2.3, 0]","[2.3, 0]",40
66,"[2, 3]",122.69999999999517,"[62, 61]","[0.8000000000000002, 0]","[0, 0]",40
67,"[2, 3]",130.19999999999536,"[66, 64]","[0, 0]","[0, 0]",40
68,"[2, 3]",136.9999999999969,"[67, 65]","[0, 0]","[0, 0]",40
69,"[0, 1]",102.8499999999963,"[65, -999]","[0, 0]","[0, 0]",40
70,"[2, 1]",104.84999999999619,"[68, 69]","[0, 0]","[0, 0]",40
71,"[0, 3]",133.74999999999616,"[69, 68]","[0, 0]","[0, 0]",40
72,"[2, 3]",136.69999999999683,"[70, 71]","[0, 0]","[0, 0]",40
73,"[0, 1]",103.14999999999628,"[71, 70]","[0, 0]","[0, 0]",40
74,"[2, 1]",110.69999999999585,"[72, 79]","[0.9000000000000002, 0]","[0, 0]",40
75,"[2, 1]",111.39999999999581,"[74, 74]","[2.549999999999999, 0]","[0, 0]",40
76,"[2, 1]",114.09999999999566,"[75, 75]","[4.449999999999992, 0]","[0, 0]",40
77,"[2, 1]",117.04999999999549,"[76, 76]","[5.849999999999987, 0]","[0, 0]",40
78,"[2, 1]",120.24999999999531,"[77, 77]","[9.349999999999998, 0]","[0, 0]",40
79,"[0, 1]",91.49999999999694,"[73, 73]","[0, 0]","[0, 0]",40
